-1	-1	0.000990736
-1	-0.959184	0.00199044
-1	-0.918367	0.00300755
-1	-0.877551	0.00404944
-1	-0.836735	0.00512202
-1	-0.795918	0.00622927
-1	-0.755102	0.00737298
-1	-0.714286	0.00855252
-1	-0.673469	0.00976475
-1	-0.632653	0.011004
-1	-0.591837	0.0122624
-1	-0.55102	0.0135295
-1	-0.510204	0.0147934
-1	-0.469388	0.0160404
-1	-0.428571	0.0172559
-1	-0.387755	0.0184245
-1	-0.346939	0.0195307
-1	-0.306122	0.0205591
-1	-0.265306	0.0214951
-1	-0.22449	0.022325
-1	-0.183673	0.0230365
-1	-0.142857	0.023619
-1	-0.102041	0.0240637
-1	-0.0612245	0.0243638
-1	-0.0204082	0.0245147
-1	0.0204082	0.0245142
-1	0.0612245	0.024362
-1	0.102041	0.0240604
-1	0.142857	0.0236139
-1	0.183673	0.023029
-1	0.22449	0.0223143
-1	0.265306	0.0214801
-1	0.306122	0.0205385
-1	0.346939	0.0195025
-1	0.387755	0.0183865
-1	0.428571	0.0172051
-1	0.469388	0.0159733
-1	0.510204	0.0147056
-1	0.55102	0.0134158
-1	0.591837	0.0121166
-1	0.632653	0.0108191
-1	0.673469	0.00953254
-1	0.714286	0.00826389
-1	0.755102	0.0070179
-1	0.795918	0.00579692
-1	0.836735	0.00460099
-1	0.877551	0.003428
-1	0.918367	0.00227398
-1	0.959184	0.00113348
-1	1	0
-0.959184	-1	0.00199044
-0.959184	-0.959184	0.0039989
-0.959184	-0.918367	0.00604231
-0.959184	-0.877551	0.00813553
-0.959184	-0.836735	0.0102904
-0.959184	-0.795918	0.0125149
-0.959184	-0.755102	0.0148126
-0.959184	-0.714286	0.0171824
-0.959184	-0.673469	0.0196178
-0.959184	-0.632653	0.0221075
-0.959184	-0.591837	0.0246355
-0.959184	-0.55102	0.0271812
-0.959184	-0.510204	0.0297204
-0.959184	-0.469388	0.0322257
-0.959184	-0.428571	0.0346677
-0.959184	-0.387755	0.0370155
-0.959184	-0.346939	0.0392378
-0.959184	-0.306122	0.0413039
-0.959184	-0.265306	0.0431842
-0.959184	-0.22449	0.0448515
-0.959184	-0.183673	0.0462809
-0.959184	-0.142857	0.0474512
-0.959184	-0.102041	0.0483445
-0.959184	-0.0612245	0.0489475
-0.959184	-0.0204082	0.0492507
-0.959184	0.0204082	0.0492495
-0.959184	0.0612245	0.0489438
-0.959184	0.102041	0.048338
-0.959184	0.142857	0.047441
-0.959184	0.183673	0.0462659
-0.959184	0.22449	0.04483
-0.959184	0.265306	0.0431542
-0.959184	0.306122	0.0412624
-0.959184	0.346939	0.0391812
-0.959184	0.387755	0.0369391
-0.959184	0.428571	0.0345657
-0.959184	0.469388	0.0320909
-0.959184	0.510204	0.029544
-0.959184	0.55102	0.0269528
-0.959184	0.591837	0.0243427
-0.959184	0.632653	0.021736
-0.959184	0.673469	0.0191512
-0.959184	0.714286	0.0166025
-0.959184	0.755102	0.0140993
-0.959184	0.795918	0.0116463
-0.959184	0.836735	0.00924359
-0.959184	0.877551	0.006887
-0.959184	0.918367	0.00456853
-0.959184	0.959184	0.00227721
-0.959184	1	0
-0.918367	-1	0.00300755
-0.918367	-0.959184	0.00604231
-0.918367	-0.918367	0.00912989
-0.918367	-0.877551	0.0122927
-0.918367	-0.836735	0.0155487
-0.918367	-0.795918	0.0189099
-0.918367	-0.755102	0.0223817
-0.918367	-0.714286	0.0259623
-0.918367	-0.673469	0.0296421
-0.918367	-0.632653	0.033404
-0.918367	-0.591837	0.0372237
-0.918367	-0.55102	0.0410702
-0.918367	-0.510204	0.0449067
-0.918367	-0.469388	0.0486922
-0.918367	-0.428571	0.0523818
-0.918367	-0.387755	0.0559292
-0.918367	-0.346939	0.059287
-0.918367	-0.306122	0.0624087
-0.918367	-0.265306	0.0652499
-0.918367	-0.22449	0.067769
-0.918367	-0.183673	0.0699288
-0.918367	-0.142857	0.071697
-0.918367	-0.102041	0.0730468
-0.918367	-0.0612245	0.0739578
-0.918367	-0.0204082	0.074416
-0.918367	0.0204082	0.0744142
-0.918367	0.0612245	0.0739523
-0.918367	0.102041	0.0730369
-0.918367	0.142857	0.0716816
-0.918367	0.183673	0.0699061
-0.918367	0.22449	0.0677366
-0.918367	0.265306	0.0652045
-0.918367	0.306122	0.062346
-0.918367	0.346939	0.0592014
-0.918367	0.387755	0.0558137
-0.918367	0.428571	0.0522277
-0.918367	0.469388	0.0484884
-0.918367	0.510204	0.0446401
-0.918367	0.55102	0.0407249
-0.918367	0.591837	0.0367812
-0.918367	0.632653	0.0328426
-0.918367	0.673469	0.0289371
-0.918367	0.714286	0.0250861
-0.918367	0.755102	0.0213037
-0.918367	0.795918	0.0175973
-0.918367	0.836735	0.0139669
-0.918367	0.877551	0.0104062
-0.918367	0.918367	0.00690299
-0.918367	0.959184	0.00344084
-0.918367	1	0
-0.877551	-1	0.00404944
-0.877551	-0.959184	0.00813553
-0.877551	-0.918367	0.0122927
-0.877551	-0.877551	0.0165512
-0.877551	-0.836735	0.0209351
-0.877551	-0.795918	0.0254606
-0.877551	-0.755102	0.0301351
-0.877551	-0.714286	0.034956
-0.877551	-0.673469	0.0399105
-0.877551	-0.632653	0.0449755
-0.877551	-0.591837	0.0501183
-0.877551	-0.55102	0.0552971
-0.877551	-0.510204	0.0604625
-0.877551	-0.469388	0.0655591
-0.877551	-0.428571	0.0705268
-0.877551	-0.387755	0.0753028
-0.877551	-0.346939	0.0798237
-0.877551	-0.306122	0.0840267
-0.877551	-0.265306	0.0878519
-0.877551	-0.22449	0.0912436
-0.877551	-0.183673	0.0941515
-0.877551	-0.142857	0.0965321
-0.877551	-0.102041	0.0983495
-0.877551	-0.0612245	0.0995759
-0.877551	-0.0204082	0.100193
-0.877551	0.0204082	0.10019
-0.877551	0.0612245	0.0995686
-0.877551	0.102041	0.0983362
-0.877551	0.142857	0.0965113
-0.877551	0.183673	0.0941209
-0.877551	0.22449	0.0911999
-0.877551	0.265306	0.0877908
-0.877551	0.306122	0.0839423
-0.877551	0.346939	0.0797085
-0.877551	0.387755	0.0751474
-0.877551	0.428571	0.0703192
-0.877551	0.469388	0.0652847
-0.877551	0.510204	0.0601035
-0.877551	0.55102	0.0548322
-0.877551	0.591837	0.0495224
-0.877551	0.632653	0.0442196
-0.877551	0.673469	0.0389612
-0.877551	0.714286	0.0337762
-0.877551	0.755102	0.0286837
-0.877551	0.795918	0.0236933
-0.877551	0.836735	0.0188053
-0.877551	0.877551	0.0140111
-0.877551	0.918367	0.00929433
-0.877551	0.959184	0.00463281
-0.877551	1	0
-0.836735	-1	0.00512202
-0.836735	-0.959184	0.0102904
-0.836735	-0.918367	0.0155487
-0.836735	-0.877551	0.0209351
-0.836735	-0.836735	0.02648
-0.836735	-0.795918	0.0322042
-0.836735	-0.755102	0.0381166
-0.836735	-0.714286	0.0442143
-0.836735	-0.673469	0.0504809
-0.836735	-0.632653	0.0568872
-0.836735	-0.591837	0.0633919
-0.836735	-0.55102	0.0699421
-0.836735	-0.510204	0.0764755
-0.836735	-0.469388	0.0829217
-0.836735	-0.428571	0.0892048
-0.836735	-0.387755	0.0952456
-0.836735	-0.346939	0.100964
-0.836735	-0.306122	0.10628
-0.836735	-0.265306	0.111118
-0.836735	-0.22449	0.115407
-0.836735	-0.183673	0.119085
-0.836735	-0.142857	0.122096
-0.836735	-0.102041	0.124395
-0.836735	-0.0612245	0.125946
-0.836735	-0.0204082	0.126726
-0.836735	0.0204082	0.126723
-0.836735	0.0612245	0.125937
-0.836735	0.102041	0.124378
-0.836735	0.142857	0.12207
-0.836735	0.183673	0.119047
-0.836735	0.22449	0.115352
-0.836735	0.265306	0.11104
-0.836735	0.306122	0.106173
-0.836735	0.346939	0.100818
-0.836735	0.387755	0.0950489
-0.836735	0.428571	0.0889422
-0.836735	0.469388	0.0825745
-0.836735	0.510204	0.0760213
-0.836735	0.55102	0.0693541
-0.836735	0.591837	0.0626382
-0.836735	0.632653	0.055931
-0.836735	0.673469	0.0492801
-0.836735	0.714286	0.0427219
-0.836735	0.755102	0.0362807
-0.836735	0.795918	0.0299687
-0.836735	0.836735	0.0237861
-0.836735	0.877551	0.0177221
-0.836735	0.918367	0.011756
-0.836735	0.959184	0.00585987
-0.836735	1	0
-0.795918	-1	0.00622927
-0.795918	-0.959184	0.0125149
-0.795918	-0.918367	0.0189099
-0.795918	-0.877551	0.0254606
-0.795918	-0.836735	0.0322042
-0.795918	-0.795918	0.0391655
-0.795918	-0.755102	0.046356
-0.795918	-0.714286	0.0537715
-0.795918	-0.673469	0.0613925
-0.795918	-0.632653	0.0691834
-0.795918	-0.591837	0.0770939
-0.795918	-0.55102	0.0850597
-0.795918	-0.510204	0.093005
-0.795918	-0.469388	0.100844
-0.795918	-0.428571	0.108485
-0.795918	-0.387755	0.115831
-0.795918	-0.346939	0.122785
-0.795918	-0.306122	0.12925
-0.795918	-0.265306	0.135133
-0.795918	-0.22449	0.14035
-0.795918	-0.183673	0.144823
-0.795918	-0.142857	0.148485
-0.795918	-0.102041	0.15128
-0.795918	-0.0612245	0.153166
-0.795918	-0.0204082	0.154115
-0.795918	0.0204082	0.154112
-0.795918	0.0612245	0.153155
-0.795918	0.102041	0.151259
-0.795918	0.142857	0.148453
-0.795918	0.183673	0.144776
-0.795918	0.22449	0.140283
-0.795918	0.265306	0.135039
-0.795918	0.306122	0.12912
-0.795918	0.346939	0.122608
-0.795918	0.387755	0.115592
-0.795918	0.428571	0.108166
-0.795918	0.469388	0.100422
-0.795918	0.510204	0.0924526
-0.795918	0.55102	0.0843444
-0.795918	0.591837	0.0761771
-0.795918	0.632653	0.0680204
-0.795918	0.673469	0.0599321
-0.795918	0.714286	0.0519564
-0.795918	0.755102	0.044123
-0.795918	0.795918	0.0364467
-0.795918	0.836735	0.0289277
-0.795918	0.877551	0.0215529
-0.795918	0.918367	0.0142973
-0.795918	0.959184	0.00712657
-0.795918	1	0
-0.755102	-1	0.00737298
-0.755102	-0.959184	0.0148126
-0.755102	-0.918367	0.0223817
-0.755102	-0.877551	0.0301351
-0.755102	-0.836735	0.0381166
-0.755102	-0.795918	0.046356
-0.755102	-0.755102	0.0548663
-0.755102	-0.714286	0.0636431
-0.755102	-0.673469	0.072663
-0.755102	-0.632653	0.0818839
-0.755102	-0.591837	0.0912463
-0.755102	-0.55102	0.100674
-0.755102	-0.510204	0.110078
-0.755102	-0.469388	0.119356
-0.755102	-0.428571	0.128399
-0.755102	-0.387755	0.137093
-0.755102	-0.346939	0.145323
-0.755102	-0.306122	0.152974
-0.755102	-0.265306	0.159938
-0.755102	-0.22449	0.166112
-0.755102	-0.183673	0.171406
-0.755102	-0.142857	0.175739
-0.755102	-0.102041	0.179047
-0.755102	-0.0612245	0.18128
-0.755102	-0.0204082	0.182403
-0.755102	0.0204082	0.182399
-0.755102	0.0612245	0.181267
-0.755102	0.102041	0.179023
-0.755102	0.142857	0.175701
-0.755102	0.183673	0.17135
-0.755102	0.22449	0.166032
-0.755102	0.265306	0.159826
-0.755102	0.306122	0.152821
-0.755102	0.346939	0.145113
-0.755102	0.387755	0.13681
-0.755102	0.428571	0.128021
-0.755102	0.469388	0.118856
-0.755102	0.510204	0.109424
-0.755102	0.55102	0.0998274
-0.755102	0.591837	0.0901611
-0.755102	0.632653	0.0805072
-0.755102	0.673469	0.0709342
-0.755102	0.714286	0.0614945
-0.755102	0.755102	0.0522232
-0.755102	0.795918	0.0431378
-0.755102	0.836735	0.0342385
-0.755102	0.877551	0.0255098
-0.755102	0.918367	0.0169221
-0.755102	0.959184	0.00843495
-0.755102	1	0
-0.714286	-1	0.00855252
-0.714286	-0.959184	0.0171824
-0.714286	-0.918367	0.0259623
-0.714286	-0.877551	0.034956
-0.714286	-0.836735	0.0442143
-0.714286	-0.795918	0.0537715
-0.714286	-0.755102	0.0636431
-0.714286	-0.714286	0.0738237
-0.714286	-0.673469	0.0842861
-0.714286	-0.632653	0.0949817
-0.714286	-0.591837	0.105841
-0.714286	-0.55102	0.116777
-0.714286	-0.510204	0.127684
-0.714286	-0.469388	0.138446
-0.714286	-0.428571	0.148935
-0.714286	-0.387755	0.15902
-0.714286	-0.346939	0.168566
-0.714286	-0.306122	0.17744
-0.714286	-0.265306	0.185517
-0.714286	-0.22449	0.192679
-0.714286	-0.183673	0.198818
-0.714286	-0.142857	0.203845
-0.714286	-0.102041	0.207682
-0.714286	-0.0612245	0.210272
-0.714286	-0.0204082	0.211574
-0.714286	0.0204082	0.211569
-0.714286	0.0612245	0.210256
-0.714286	0.102041	0.207654
-0.714286	0.142857	0.203801
-0.714286	0.183673	0.198754
-0.714286	0.22449	0.192586
-0.714286	0.265306	0.185388
-0.714286	0.306122	0.177262
-0.714286	0.346939	0.168322
-0.714286	0.387755	0.158691
-0.714286	0.428571	0.148496
-0.714286	0.469388	0.137866
-0.714286	0.510204	0.126925
-0.714286	0.55102	0.115795
-0.714286	0.591837	0.104582
-0.714286	0.632653	0.0933846
-0.714286	0.673469	0.0822806
-0.714286	0.714286	0.0713311
-0.714286	0.755102	0.0605769
-0.714286	0.795918	0.0500383
-0.714286	0.836735	0.0397155
-0.714286	0.877551	0.0295906
-0.714286	0.918367	0.0196292
-0.714286	0.959184	0.0097843
-0.714286	1	0
-0.673469	-1	0.00976475
-0.673469	-0.959184	0.0196178
-0.673469	-0.918367	0.0296421
-0.673469	-0.877551	0.0399105
-0.673469	-0.836735	0.0504809
-0.673469	-0.795918	0.0613925
-0.673469	-0.755102	0.072663
-0.673469	-0.714286	0.0842861
-0.673469	-0.673469	0.0962309
-0.673469	-0.632653	0.108442
-0.673469	-0.591837	0.12084
-0.673469	-0.55102	0.133325
-0.673469	-0.510204	0.145777
-0.673469	-0.469388	0.158064
-0.673469	-0.428571	0.170039
-0.673469	-0.387755	0.181552
-0.673469	-0.346939	0.19245
-0.673469	-0.306122	0.202582
-0.673469	-0.265306	0.211803
-0.673469	-0.22449	0.219979
-0.673469	-0.183673	0.226989
-0.673469	-0.142857	0.232727
-0.673469	-0.102041	0.237108
-0.673469	-0.0612245	0.240065
-0.673469	-0.0204082	0.241552
-0.673469	0.0204082	0.241546
-0.673469	0.0612245	0.240047
-0.673469	0.102041	0.237076
-0.673469	0.142857	0.232677
-0.673469	0.183673	0.226915
-0.673469	0.22449	0.219874
-0.673469	0.265306	0.211656
-0.673469	0.306122	0.202378
-0.673469	0.346939	0.192172
-0.673469	0.387755	0.181177
-0.673469	0.428571	0.169538
-0.673469	0.469388	0.157402
-0.673469	0.510204	0.144911
-0.673469	0.55102	0.132203
-0.673469	0.591837	0.119403
-0.673469	0.632653	0.106618
-0.673469	0.673469	0.093941
-0.673469	0.714286	0.08144
-0.673469	0.755102	0.0691619
-0.673469	0.795918	0.0571299
-0.673469	0.836735	0.0453443
-0.673469	0.877551	0.0337844
-0.673469	0.918367	0.0224112
-0.673469	0.959184	0.011171
-0.673469	1	0
-0.632653	-1	0.011004
-0.632653	-0.959184	0.0221075
-0.632653	-0.918367	0.033404
-0.632653	-0.877551	0.0449755
-0.632653	-0.836735	0.0568872
-0.632653	-0.795918	0.0691834
-0.632653	-0.755102	0.0818839
-0.632653	-0.714286	0.0949817
-0.632653	-0.673469	0.108442
-0.632653	-0.632653	0.122202
-0.632653	-0.591837	0.136173
-0.632653	-0.55102	0.150242
-0.632653	-0.510204	0.164274
-0.632653	-0.469388	0.178118
-0.632653	-0.428571	0.191613
-0.632653	-0.387755	0.204586
-0.632653	-0.346939	0.216867
-0.632653	-0.306122	0.228283
-0.632653	-0.265306	0.238674
-0.632653	-0.22449	0.247887
-0.632653	-0.183673	0.255786
-0.632653	-0.142857	0.262252
-0.632653	-0.102041	0.267189
-0.632653	-0.0612245	0.27052
-0.632653	-0.0204082	0.272196
-0.632653	0.0204082	0.272189
-0.632653	0.0612245	0.2705
-0.632653	0.102041	0.267152
-0.632653	0.142857	0.262196
-0.632653	0.183673	0.255703
-0.632653	0.22449	0.247768
-0.632653	0.265306	0.238508
-0.632653	0.306122	0.228054
-0.632653	0.346939	0.216553
-0.632653	0.387755	0.204163
-0.632653	0.428571	0.191048
-0.632653	0.469388	0.177372
-0.632653	0.510204	0.163297
-0.632653	0.55102	0.148977
-0.632653	0.591837	0.134553
-0.632653	0.632653	0.120147
-0.632653	0.673469	0.105861
-0.632653	0.714286	0.0917742
-0.632653	0.755102	0.0779383
-0.632653	0.795918	0.0643796
-0.632653	0.836735	0.0510985
-0.632653	0.877551	0.0380717
-0.632653	0.918367	0.0252553
-0.632653	0.959184	0.0125887
-0.632653	1	0
-0.591837	-1	0.0122624
-0.591837	-0.959184	0.0246355
-0.591837	-0.918367	0.0372237
-0.591837	-0.877551	0.0501183
-0.591837	-0.836735	0.0633919
-0.591837	-0.795918	0.0770939
-0.591837	-0.755102	0.0912463
-0.591837	-0.714286	0.105841
-0.591837	-0.673469	0.12084
-0.591837	-0.632653	0.136173
-0.591837	-0.591837	0.151741
-0.591837	-0.55102	0.167417
-0.591837	-0.510204	0.183053
-0.591837	-0.469388	0.19848
-0.591837	-0.428571	0.213516
-0.591837	-0.387755	0.227973
-0.591837	-0.346939	0.241656
-0.591837	-0.306122	0.254378
-0.591837	-0.265306	0.265956
-0.591837	-0.22449	0.276221
-0.591837	-0.183673	0.285023
-0.591837	-0.142857	0.292228
-0.591837	-0.102041	0.297729
-0.591837	-0.0612245	0.301441
-0.591837	-0.0204082	0.303308
-0.591837	0.0204082	0.303301
-0.591837	0.0612245	0.301419
-0.591837	0.102041	0.297688
-0.591837	0.142857	0.292165
-0.591837	0.183673	0.28493
-0.591837	0.22449	0.276089
-0.591837	0.265306	0.26577
-0.591837	0.306122	0.254122
-0.591837	0.346939	0.241307
-0.591837	0.387755	0.227501
-0.591837	0.428571	0.212887
-0.591837	0.469388	0.197648
-0.591837	0.510204	0.181965
-0.591837	0.55102	0.166008
-0.591837	0.591837	0.149935
-0.591837	0.632653	0.133883
-0.591837	0.673469	0.117964
-0.591837	0.714286	0.102267
-0.591837	0.755102	0.0868492
-0.591837	0.795918	0.0717404
-0.591837	0.836735	0.0569409
-0.591837	0.877551	0.0424248
-0.591837	0.918367	0.028143
-0.591837	0.959184	0.0140281
-0.591837	1	0
-0.55102	-1	0.0135295
-0.55102	-0.959184	0.0271812
-0.55102	-0.918367	0.0410702
-0.55102	-0.877551	0.0552971
-0.55102	-0.836735	0.0699421
-0.55102	-0.795918	0.0850597
-0.55102	-0.755102	0.100674
-0.55102	-0.714286	0.116777
-0.55102	-0.673469	0.133325
-0.55102	-0.632653	0.150242
-0.55102	-0.591837	0.167417
-0.55102	-0.55102	0.184713
-0.55102	-0.510204	0.201963
-0.55102	-0.469388	0.218983
-0.55102	-0.428571	0.235573
-0.55102	-0.387755	0.251522
-0.55102	-0.346939	0.266618
-0.55102	-0.306122	0.280654
-0.55102	-0.265306	0.293427
-0.55102	-0.22449	0.304753
-0.55102	-0.183673	0.314463
-0.55102	-0.142857	0.322413
-0.55102	-0.102041	0.328481
-0.55102	-0.0612245	0.332577
-0.55102	-0.0204082	0.334637
-0.55102	0.0204082	0.334629
-0.55102	0.0612245	0.332552
-0.55102	0.102041	0.328437
-0.55102	0.142857	0.322343
-0.55102	0.183673	0.314361
-0.55102	0.22449	0.304607
-0.55102	0.265306	0.293223
-0.55102	0.306122	0.280371
-0.55102	0.346939	0.266233
-0.55102	0.387755	0.251002
-0.55102	0.428571	0.234878
-0.55102	0.469388	0.218065
-0.55102	0.510204	0.200763
-0.55102	0.55102	0.183158
-0.55102	0.591837	0.165425
-0.55102	0.632653	0.147714
-0.55102	0.673469	0.130151
-0.55102	0.714286	0.112833
-0.55102	0.755102	0.0958224
-0.55102	0.795918	0.0791528
-0.55102	0.836735	0.0628243
-0.55102	0.877551	0.0468083
-0.55102	0.918367	0.0310509
-0.55102	0.959184	0.0154776
-0.55102	1	0
-0.510204	-1	0.0147934
-0.510204	-0.959184	0.0297204
-0.510204	-0.918367	0.0449067
-0.510204	-0.877551	0.0604625
-0.510204	-0.836735	0.0764755
-0.510204	-0.795918	0.093005
-0.510204	-0.755102	0.110078
-0.510204	-0.714286	0.127684
-0.510204	-0.673469	0.145777
-0.510204	-0.632653	0.164274
-0.510204	-0.591837	0.183053
-0.510204	-0.55102	0.201963
-0.510204	-0.510204	0.220824
-0.510204	-0.469388	0.239434
-0.510204	-0.428571	0.257571
-0.510204	-0.387755	0.275009
-0.510204	-0.346939	0.291515
-0.510204	-0.306122	0.306861
-0.510204	-0.265306	0.320827
-0.510204	-0.22449	0.33321
-0.510204	-0.183673	0.343826
-0.510204	-0.142857	0.352518
-0.510204	-0.102041	0.359153
-0.510204	-0.0612245	0.363631
-0.510204	-0.0204082	0.365883
-0.510204	0.0204082	0.365874
-0.510204	0.0612245	0.363604
-0.510204	0.102041	0.359104
-0.510204	0.142857	0.352442
-0.510204	0.183673	0.343714
-0.510204	0.22449	0.33305
-0.510204	0.265306	0.320603
-0.510204	0.306122	0.306552
-0.510204	0.346939	0.291094
-0.510204	0.387755	0.274441
-0.510204	0.428571	0.256812
-0.510204	0.469388	0.23843
-0.510204	0.510204	0.219511
-0.510204	0.55102	0.200263
-0.510204	0.591837	0.180874
-0.510204	0.632653	0.16151
-0.510204	0.673469	0.142307
-0.510204	0.714286	0.123371
-0.510204	0.755102	0.104772
-0.510204	0.795918	0.0865459
-0.510204	0.836735	0.0686924
-0.510204	0.877551	0.0511806
-0.510204	0.918367	0.0339513
-0.510204	0.959184	0.0169233
-0.510204	1	0
-0.469388	-1	0.0160404
-0.469388	-0.959184	0.0322257
-0.469388	-0.918367	0.0486922
-0.469388	-0.877551	0.0655591
-0.469388	-0.836735	0.0829217
-0.469388	-0.795918	0.100844
-0.469388	-0.755102	0.119356
-0.469388	-0.714286	0.138446
-0.469388	-0.673469	0.158064
-0.469388	-0.632653	0.178118
-0.469388	-0.591837	0.19848
-0.469388	-0.55102	0.218983
-0.469388	-0.510204	0.239434
-0.469388	-0.469388	0.25961
-0.469388	-0.428571	0.279276
-0.469388	-0.387755	0.298183
-0.469388	-0.346939	0.31608
-0.469388	-0.306122	0.332718
-0.469388	-0.265306	0.34786
-0.469388	-0.22449	0.361286
-0.469388	-0.183673	0.372797
-0.469388	-0.142857	0.382221
-0.469388	-0.102041	0.389415
-0.469388	-0.0612245	0.39427
-0.469388	-0.0204082	0.396712
-0.469388	0.0204082	0.396702
-0.469388	0.0612245	0.39424
-0.469388	0.102041	0.389362
-0.469388	0.142857	0.382138
-0.469388	0.183673	0.372676
-0.469388	0.22449	0.361113
-0.469388	0.265306	0.347617
-0.469388	0.306122	0.332382
-0.469388	0.346939	0.315622
-0.469388	0.387755	0.297566
-0.469388	0.428571	0.278452
-0.469388	0.469388	0.258522
-0.469388	0.510204	0.23801
-0.469388	0.55102	0.21714
-0.469388	0.591837	0.196117
-0.469388	0.632653	0.175121
-0.469388	0.673469	0.154301
-0.469388	0.714286	0.133769
-0.469388	0.755102	0.113603
-0.469388	0.795918	0.0938405
-0.469388	0.836735	0.0744823
-0.469388	0.877551	0.0554945
-0.469388	0.918367	0.036813
-0.469388	0.959184	0.0183498
-0.469388	1	0
-0.428571	-1	0.0172559
-0.428571	-0.959184	0.0346677
-0.428571	-0.918367	0.0523818
-0.428571	-0.877551	0.0705268
-0.428571	-0.836735	0.0892048
-0.428571	-0.795918	0.108485
-0.428571	-0.755102	0.128399
-0.428571	-0.714286	0.148935
-0.428571	-0.673469	0.170039
-0.428571	-0.632653	0.191613
-0.428571	-0.591837	0.213516
-0.428571	-0.55102	0.235573
-0.428571	-0.510204	0.257571
-0.428571	-0.469388	0.279276
-0.428571	-0.428571	0.300431
-0.428571	-0.387755	0.32077
-0.428571	-0.346939	0.340022
-0.428571	-0.306122	0.35792
-0.428571	-0.265306	0.374209
-0.428571	-0.22449	0.388651
-0.428571	-0.183673	0.401034
-0.428571	-0.142857	0.411171
-0.428571	-0.102041	0.41891
-0.428571	-0.0612245	0.424133
-0.428571	-0.0204082	0.426759
-0.428571	0.0204082	0.426749
-0.428571	0.0612245	0.424101
-0.428571	0.102041	0.418853
-0.428571	0.142857	0.411082
-0.428571	0.183673	0.400903
-0.428571	0.22449	0.388465
-0.428571	0.265306	0.373947
-0.428571	0.306122	0.357559
-0.428571	0.346939	0.33953
-0.428571	0.387755	0.320106
-0.428571	0.428571	0.299545
-0.428571	0.469388	0.278105
-0.428571	0.510204	0.256039
-0.428571	0.55102	0.233589
-0.428571	0.591837	0.210974
-0.428571	0.632653	0.188388
-0.428571	0.673469	0.16599
-0.428571	0.714286	0.143904
-0.428571	0.755102	0.12221
-0.428571	0.795918	0.10095
-0.428571	0.836735	0.0801257
-0.428571	0.877551	0.0596993
-0.428571	0.918367	0.0396023
-0.428571	0.959184	0.0197402
-0.428571	1	0
-0.387755	-1	0.0184245
-0.387755	-0.959184	0.0370155
-0.387755	-0.918367	0.0559292
-0.387755	-0.877551	0.0753028
-0.387755	-0.836735	0.0952456
-0.387755	-0.795918	0.115831
-0.387755	-0.755102	0.137093
-0.387755	-0.714286	0.15902
-0.387755	-0.673469	0.181552
-0.387755	-0.632653	0.204586
-0.387755	-0.591837	0.227973
-0.387755	-0.55102	0.251522
-0.387755	-0.510204	0.275009
-0.387755	-0.469388	0.298183
-0.387755	-0.428571	0.32077
-0.387755	-0.387755	0.342485
-0.387755	-0.346939	0.36304
-0.387755	-0.306122	0.382149
-0.387755	-0.265306	0.39954
-0.387755	-0.22449	0.41496
-0.387755	-0.183673	0.428181
-0.387755	-0.142857	0.439004
-0.387755	-0.102041	0.447266
-0.387755	-0.0612245	0.452843
-0.387755	-0.0204082	0.455647
-0.387755	0.0204082	0.455636
-0.387755	0.0612245	0.452809
-0.387755	0.102041	0.447206
-0.387755	0.142857	0.438909
-0.387755	0.183673	0.428041
-0.387755	0.22449	0.414761
-0.387755	0.265306	0.399261
-0.387755	0.306122	0.381764
-0.387755	0.346939	0.362514
-0.387755	0.387755	0.341776
-0.387755	0.428571	0.319824
-0.387755	0.469388	0.296932
-0.387755	0.510204	0.273373
-0.387755	0.55102	0.249404
-0.387755	0.591837	0.225258
-0.387755	0.632653	0.201143
-0.387755	0.673469	0.177229
-0.387755	0.714286	0.153647
-0.387755	0.755102	0.130485
-0.387755	0.795918	0.107786
-0.387755	0.836735	0.0855513
-0.387755	0.877551	0.0637418
-0.387755	0.918367	0.0422841
-0.387755	0.959184	0.0210769
-0.387755	1	0
-0.346939	-1	0.0195307
-0.346939	-0.959184	0.0392378
-0.346939	-0.918367	0.059287
-0.346939	-0.877551	0.0798237
-0.346939	-0.836735	0.100964
-0.346939	-0.795918	0.122785
-0.346939	-0.755102	0.145323
-0.346939	-0.714286	0.168566
-0.346939	-0.673469	0.19245
-0.346939	-0.632653	0.216867
-0.346939	-0.591837	0.241656
-0.346939	-0.55102	0.266618
-0.346939	-0.510204	0.291515
-0.346939	-0.469388	0.31608
-0.346939	-0.428571	0.340022
-0.346939	-0.387755	0.36304
-0.346939	-0.346939	0.384827
-0.346939	-0.306122	0.405083
-0.346939	-0.265306	0.423518
-0.346939	-0.22449	0.439863
-0.346939	-0.183673	0.453877
-0.346939	-0.142857	0.465349
-0.346939	-0.102041	0.474107
-0.346939	-0.0612245	0.480018
-0.346939	-0.0204082	0.482991
-0.346939	0.0204082	0.482979
-0.346939	0.0612245	0.479982
-0.346939	0.102041	0.474043
-0.346939	0.142857	0.465249
-0.346939	0.183673	0.453729
-0.346939	0.22449	0.439652
-0.346939	0.265306	0.423222
-0.346939	0.306122	0.404674
-0.346939	0.346939	0.38427
-0.346939	0.387755	0.362288
-0.346939	0.428571	0.339018
-0.346939	0.469388	0.314754
-0.346939	0.510204	0.289781
-0.346939	0.55102	0.264373
-0.346939	0.591837	0.238779
-0.346939	0.632653	0.213217
-0.346939	0.673469	0.187868
-0.346939	0.714286	0.16287
-0.346939	0.755102	0.138318
-0.346939	0.795918	0.114256
-0.346939	0.836735	0.090687
-0.346939	0.877551	0.0675683
-0.346939	0.918367	0.0448225
-0.346939	0.959184	0.0223422
-0.346939	1	0
-0.306122	-1	0.0205591
-0.306122	-0.959184	0.0413039
-0.306122	-0.918367	0.0624087
-0.306122	-0.877551	0.0840267
-0.306122	-0.836735	0.10628
-0.306122	-0.795918	0.12925
-0.306122	-0.755102	0.152974
-0.306122	-0.714286	0.17744
-0.306122	-0.673469	0.202582
-0.306122	-0.632653	0.228283
-0.306122	-0.591837	0.254378
-0.306122	-0.55102	0.280654
-0.306122	-0.510204	0.306861
-0.306122	-0.469388	0.332718
-0.306122	-0.428571	0.35792
-0.306122	-0.387755	0.382149
-0.306122	-0.346939	0.405083
-0.306122	-0.306122	0.426404
-0.306122	-0.265306	0.445809
-0.306122	-0.22449	0.463014
-0.306122	-0.183673	0.477766
-0.306122	-0.142857	0.489842
-0.306122	-0.102041	0.499061
-0.306122	-0.0612245	0.505282
-0.306122	-0.0204082	0.508411
-0.306122	0.0204082	0.508399
-0.306122	0.0612245	0.505245
-0.306122	0.102041	0.498993
-0.306122	0.142857	0.489736
-0.306122	0.183673	0.47761
-0.306122	0.22449	0.462792
-0.306122	0.265306	0.445498
-0.306122	0.306122	0.425974
-0.306122	0.346939	0.404496
-0.306122	0.387755	0.381358
-0.306122	0.428571	0.356863
-0.306122	0.469388	0.331322
-0.306122	0.510204	0.305035
-0.306122	0.55102	0.27829
-0.306122	0.591837	0.251349
-0.306122	0.632653	0.224441
-0.306122	0.673469	0.197758
-0.306122	0.714286	0.171445
-0.306122	0.755102	0.1456
-0.306122	0.795918	0.120272
-0.306122	0.836735	0.0954617
-0.306122	0.877551	0.0711259
-0.306122	0.918367	0.0471824
-0.306122	0.959184	0.0235186
-0.306122	1	0
-0.265306	-1	0.0214951
-0.265306	-0.959184	0.0431842
-0.265306	-0.918367	0.0652499
-0.265306	-0.877551	0.0878519
-0.265306	-0.836735	0.111118
-0.265306	-0.795918	0.135133
-0.265306	-0.755102	0.159938
-0.265306	-0.714286	0.185517
-0.265306	-0.673469	0.211803
-0.265306	-0.632653	0.238674
-0.265306	-0.591837	0.265956
-0.265306	-0.55102	0.293427
-0.265306	-0.510204	0.320827
-0.265306	-0.469388	0.34786
-0.265306	-0.428571	0.374209
-0.265306	-0.387755	0.39954
-0.265306	-0.346939	0.423518
-0.265306	-0.306122	0.445809
-0.265306	-0.265306	0.466097
-0.265306	-0.22449	0.484085
-0.265306	-0.183673	0.499507
-0.265306	-0.142857	0.512133
-0.265306	-0.102041	0.521771
-0.265306	-0.0612245	0.528276
-0.265306	-0.0204082	0.531547
-0.265306	0.0204082	0.531534
-0.265306	0.0612245	0.528236
-0.265306	0.102041	0.5217
-0.265306	0.142857	0.512022
-0.265306	0.183673	0.499344
-0.265306	0.22449	0.483852
-0.265306	0.265306	0.465771
-0.265306	0.306122	0.44536
-0.265306	0.346939	0.422904
-0.265306	0.387755	0.398713
-0.265306	0.428571	0.373104
-0.265306	0.469388	0.3464
-0.265306	0.510204	0.318918
-0.265306	0.55102	0.290956
-0.265306	0.591837	0.262788
-0.265306	0.632653	0.234656
-0.265306	0.673469	0.206759
-0.265306	0.714286	0.179248
-0.265306	0.755102	0.152227
-0.265306	0.795918	0.125747
-0.265306	0.836735	0.0998071
-0.265306	0.877551	0.0743636
-0.265306	0.918367	0.0493303
-0.265306	0.959184	0.0245892
-0.265306	1	0
-0.22449	-1	0.022325
-0.22449	-0.959184	0.0448515
-0.22449	-0.918367	0.067769
-0.22449	-0.877551	0.0912436
-0.22449	-0.836735	0.115407
-0.22449	-0.795918	0.14035
-0.22449	-0.755102	0.166112
-0.22449	-0.714286	0.192679
-0.22449	-0.673469	0.219979
-0.22449	-0.632653	0.247887
-0.22449	-0.591837	0.276221
-0.22449	-0.55102	0.304753
-0.22449	-0.510204	0.33321
-0.22449	-0.469388	0.361286
-0.22449	-0.428571	0.388651
-0.22449	-0.387755	0.41496
-0.22449	-0.346939	0.439863
-0.22449	-0.306122	0.463014
-0.22449	-0.265306	0.484085
-0.22449	-0.22449	0.502767
-0.22449	-0.183673	0.518784
-0.22449	-0.142857	0.531897
-0.22449	-0.102041	0.541907
-0.22449	-0.0612245	0.548663
-0.22449	-0.0204082	0.55206
-0.22449	0.0204082	0.552047
-0.22449	0.0612245	0.548622
-0.22449	0.102041	0.541833
-0.22449	0.142857	0.531782
-0.22449	0.183673	0.518615
-0.22449	0.22449	0.502525
-0.22449	0.265306	0.483747
-0.22449	0.306122	0.462547
-0.22449	0.346939	0.439226
-0.22449	0.387755	0.414101
-0.22449	0.428571	0.387504
-0.22449	0.469388	0.35977
-0.22449	0.510204	0.331227
-0.22449	0.55102	0.302186
-0.22449	0.591837	0.272932
-0.22449	0.632653	0.243714
-0.22449	0.673469	0.21474
-0.22449	0.714286	0.186168
-0.22449	0.755102	0.158104
-0.22449	0.795918	0.130601
-0.22449	0.836735	0.10366
-0.22449	0.877551	0.0772344
-0.22449	0.918367	0.0512346
-0.22449	0.959184	0.0255385
-0.22449	1	0
-0.183673	-1	0.0230365
-0.183673	-0.959184	0.0462809
-0.183673	-0.918367	0.0699288
-0.183673	-0.877551	0.0941515
-0.183673	-0.836735	0.119085
-0.183673	-0.795918	0.144823
-0.183673	-0.755102	0.171406
-0.183673	-0.714286	0.198818
-0.183673	-0.673469	0.226989
-0.183673	-0.632653	0.255786
-0.183673	-0.591837	0.285023
-0.183673	-0.55102	0.314463
-0.183673	-0.510204	0.343826
-0.183673	-0.469388	0.372797
-0.183673	-0.428571	0.401034
-0.183673	-0.387755	0.428181
-0.183673	-0.346939	0.453877
-0.183673	-0.306122	0.477766
-0.183673	-0.265306	0.499507
-0.183673	-0.22449	0.518784
-0.183673	-0.183673	0.535312
-0.183673	-0.142857	0.548842
-0.183673	-0.102041	0.559171
-0.183673	-0.0612245	0.566142
-0.183673	-0.0204082	0.569648
-0.183673	0.0204082	0.569634
-0.183673	0.0612245	0.566099
-0.183673	0.102041	0.559095
-0.183673	0.142857	0.548723
-0.183673	0.183673	0.535137
-0.183673	0.22449	0.518535
-0.183673	0.265306	0.499158
-0.183673	0.306122	0.477284
-0.183673	0.346939	0.453219
-0.183673	0.387755	0.427294
-0.183673	0.428571	0.39985
-0.183673	0.469388	0.371233
-0.183673	0.510204	0.34178
-0.183673	0.55102	0.311814
-0.183673	0.591837	0.281628
-0.183673	0.632653	0.25148
-0.183673	0.673469	0.221583
-0.183673	0.714286	0.1921
-0.183673	0.755102	0.163142
-0.183673	0.795918	0.134763
-0.183673	0.836735	0.106963
-0.183673	0.877551	0.0796957
-0.183673	0.918367	0.0528674
-0.183673	0.959184	0.0263523
-0.183673	1	0
-0.142857	-1	0.023619
-0.142857	-0.959184	0.0474512
-0.142857	-0.918367	0.071697
-0.142857	-0.877551	0.0965321
-0.142857	-0.836735	0.122096
-0.142857	-0.795918	0.148485
-0.142857	-0.755102	0.175739
-0.142857	-0.714286	0.203845
-0.142857	-0.673469	0.232727
-0.142857	-0.632653	0.262252
-0.142857	-0.591837	0.292228
-0.142857	-0.55102	0.322413
-0.142857	-0.510204	0.352518
-0.142857	-0.469388	0.382221
-0.142857	-0.428571	0.411171
-0.142857	-0.387755	0.439004
-0.142857	-0.346939	0.465349
-0.142857	-0.306122	0.489842
-0.142857	-0.265306	0.512133
-0.142857	-0.22449	0.531897
-0.142857	-0.183673	0.548842
-0.142857	-0.142857	0.562714
-0.142857	-0.102041	0.573304
-0.142857	-0.0612245	0.580451
-0.142857	-0.0204082	0.584046
-0.142857	0.0204082	0.584032
-0.142857	0.0612245	0.580408
-0.142857	0.102041	0.573226
-0.142857	0.142857	0.562592
-0.142857	0.183673	0.548663
-0.142857	0.22449	0.531641
-0.142857	0.265306	0.511775
-0.142857	0.306122	0.489348
-0.142857	0.346939	0.464675
-0.142857	0.387755	0.438095
-0.142857	0.428571	0.409957
-0.142857	0.469388	0.380617
-0.142857	0.510204	0.35042
-0.142857	0.55102	0.319697
-0.142857	0.591837	0.288748
-0.142857	0.632653	0.257837
-0.142857	0.673469	0.227184
-0.142857	0.714286	0.196957
-0.142857	0.755102	0.167266
-0.142857	0.795918	0.13817
-0.142857	0.836735	0.109668
-0.142857	0.877551	0.0817106
-0.142857	0.918367	0.0542041
-0.142857	0.959184	0.0270186
-0.142857	1	0
-0.102041	-1	0.0240637
-0.102041	-0.959184	0.0483445
-0.102041	-0.918367	0.0730468
-0.102041	-0.877551	0.0983495
-0.102041	-0.836735	0.124395
-0.102041	-0.795918	0.15128
-0.102041	-0.755102	0.179047
-0.102041	-0.714286	0.207682
-0.102041	-0.673469	0.237108
-0.102041	-0.632653	0.267189
-0.102041	-0.591837	0.297729
-0.102041	-0.55102	0.328481
-0.102041	-0.510204	0.359153
-0.102041	-0.469388	0.389415
-0.102041	-0.428571	0.41891
-0.102041	-0.387755	0.447266
-0.102041	-0.346939	0.474107
-0.102041	-0.306122	0.499061
-0.102041	-0.265306	0.521771
-0.102041	-0.22449	0.541907
-0.102041	-0.183673	0.559171
-0.102041	-0.142857	0.573304
-0.102041	-0.102041	0.584093
-0.102041	-0.0612245	0.591375
-0.102041	-0.0204082	0.595037
-0.102041	0.0204082	0.595023
-0.102041	0.0612245	0.591331
-0.102041	0.102041	0.584014
-0.102041	0.142857	0.57318
-0.102041	0.183673	0.558988
-0.102041	0.22449	0.541647
-0.102041	0.265306	0.521406
-0.102041	0.306122	0.498557
-0.102041	0.346939	0.473421
-0.102041	0.387755	0.44634
-0.102041	0.428571	0.417673
-0.102041	0.469388	0.38778
-0.102041	0.510204	0.357016
-0.102041	0.55102	0.325714
-0.102041	0.591837	0.294183
-0.102041	0.632653	0.262691
-0.102041	0.673469	0.231461
-0.102041	0.714286	0.200664
-0.102041	0.755102	0.170415
-0.102041	0.795918	0.140771
-0.102041	0.836735	0.111732
-0.102041	0.877551	0.0832489
-0.102041	0.918367	0.0552245
-0.102041	0.959184	0.0275273
-0.102041	1	0
-0.0612245	-1	0.0243638
-0.0612245	-0.959184	0.0489475
-0.0612245	-0.918367	0.0739578
-0.0612245	-0.877551	0.0995759
-0.0612245	-0.836735	0.125946
-0.0612245	-0.795918	0.153166
-0.0612245	-0.755102	0.18128
-0.0612245	-0.714286	0.210272
-0.0612245	-0.673469	0.240065
-0.0612245	-0.632653	0.27052
-0.0612245	-0.591837	0.301441
-0.0612245	-0.55102	0.332577
-0.0612245	-0.510204	0.363631
-0.0612245	-0.469388	0.39427
-0.0612245	-0.428571	0.424133
-0.0612245	-0.387755	0.452843
-0.0612245	-0.346939	0.480018
-0.0612245	-0.306122	0.505282
-0.0612245	-0.265306	0.528276
-0.0612245	-0.22449	0.548663
-0.0612245	-0.183673	0.566142
-0.0612245	-0.142857	0.580451
-0.0612245	-0.102041	0.591375
-0.0612245	-0.0612245	0.598747
-0.0612245	-0.0204082	0.602455
-0.0612245	0.0204082	0.60244
-0.0612245	0.0612245	0.598702
-0.0612245	0.102041	0.591294
-0.0612245	0.142857	0.580326
-0.0612245	0.183673	0.565957
-0.0612245	0.22449	0.548399
-0.0612245	0.265306	0.527906
-0.0612245	0.306122	0.504773
-0.0612245	0.346939	0.479323
-0.0612245	0.387755	0.451905
-0.0612245	0.428571	0.42288
-0.0612245	0.469388	0.392615
-0.0612245	0.510204	0.361467
-0.0612245	0.55102	0.329775
-0.0612245	0.591837	0.297851
-0.0612245	0.632653	0.265966
-0.0612245	0.673469	0.234347
-0.0612245	0.714286	0.203166
-0.0612245	0.755102	0.17254
-0.0612245	0.795918	0.142526
-0.0612245	0.836735	0.113126
-0.0612245	0.877551	0.084287
-0.0612245	0.918367	0.0559132
-0.0612245	0.959184	0.0278705
-0.0612245	1	0
-0.0204082	-1	0.0245147
-0.0204082	-0.959184	0.0492507
-0.0204082	-0.918367	0.074416
-0.0204082	-0.877551	0.100193
-0.0204082	-0.836735	0.126726
-0.0204082	-0.795918	0.154115
-0.0204082	-0.755102	0.182403
-0.0204082	-0.714286	0.211574
-0.0204082	-0.673469	0.241552
-0.0204082	-0.632653	0.272196
-0.0204082	-0.591837	0.303308
-0.0204082	-0.55102	0.334637
-0.0204082	-0.510204	0.365883
-0.0204082	-0.469388	0.396712
-0.0204082	-0.428571	0.426759
-0.0204082	-0.387755	0.455647
-0.0204082	-0.346939	0.482991
-0.0204082	-0.306122	0.508411
-0.0204082	-0.265306	0.531547
-0.0204082	-0.22449	0.55206
-0.0204082	-0.183673	0.569648
-0.0204082	-0.142857	0.584046
-0.0204082	-0.102041	0.595037
-0.0204082	-0.0612245	0.602455
-0.0204082	-0.0204082	0.606185
-0.0204082	0.0204082	0.606171
-0.0204082	0.0612245	0.60241
-0.0204082	0.102041	0.594956
-0.0204082	0.142857	0.583919
-0.0204082	0.183673	0.569462
-0.0204082	0.22449	0.551795
-0.0204082	0.265306	0.531176
-0.0204082	0.306122	0.507899
-0.0204082	0.346939	0.482291
-0.0204082	0.387755	0.454703
-0.0204082	0.428571	0.425499
-0.0204082	0.469388	0.395047
-0.0204082	0.510204	0.363705
-0.0204082	0.55102	0.331817
-0.0204082	0.591837	0.299695
-0.0204082	0.632653	0.267613
-0.0204082	0.673469	0.235798
-0.0204082	0.714286	0.204425
-0.0204082	0.755102	0.173609
-0.0204082	0.795918	0.143409
-0.0204082	0.836735	0.113826
-0.0204082	0.877551	0.0848091
-0.0204082	0.918367	0.0562595
-0.0204082	0.959184	0.0280432
-0.0204082	1	0
0.0204082	-1	0.0245142
0.0204082	-0.959184	0.0492495
0.0204082	-0.918367	0.0744142
0.0204082	-0.877551	0.10019
0.0204082	-0.836735	0.126723
0.0204082	-0.795918	0.154112
0.0204082	-0.755102	0.182399
0.0204082	-0.714286	0.211569
0.0204082	-0.673469	0.241546
0.0204082	-0.632653	0.272189
0.0204082	-0.591837	0.303301
0.0204082	-0.55102	0.334629
0.0204082	-0.510204	0.365874
0.0204082	-0.469388	0.396702
0.0204082	-0.428571	0.426749
0.0204082	-0.387755	0.455636
0.0204082	-0.346939	0.482979
0.0204082	-0.306122	0.508399
0.0204082	-0.265306	0.531534
0.0204082	-0.22449	0.552047
0.0204082	-0.183673	0.569634
0.0204082	-0.142857	0.584032
0.0204082	-0.102041	0.595023
0.0204082	-0.0612245	0.60244
0.0204082	-0.0204082	0.606171
0.0204082	0.0204082	0.606157
0.0204082	0.0612245	0.602395
0.0204082	0.102041	0.594942
0.0204082	0.142857	0.583905
0.0204082	0.183673	0.569448
0.0204082	0.22449	0.551782
0.0204082	0.265306	0.531163
0.0204082	0.306122	0.507887
0.0204082	0.346939	0.48228
0.0204082	0.387755	0.454693
0.0204082	0.428571	0.425489
0.0204082	0.469388	0.395037
0.0204082	0.510204	0.363697
0.0204082	0.55102	0.33181
0.0204082	0.591837	0.299688
0.0204082	0.632653	0.267607
0.0204082	0.673469	0.235793
0.0204082	0.714286	0.20442
0.0204082	0.755102	0.173605
0.0204082	0.795918	0.143406
0.0204082	0.836735	0.113824
0.0204082	0.877551	0.0848071
0.0204082	0.918367	0.0562582
0.0204082	0.959184	0.0280425
0.0204082	1	0
0.0612245	-1	0.024362
0.0612245	-0.959184	0.0489438
0.0612245	-0.918367	0.0739523
0.0612245	-0.877551	0.0995686
0.0612245	-0.836735	0.125937
0.0612245	-0.795918	0.153155
0.0612245	-0.755102	0.181267
0.0612245	-0.714286	0.210256
0.0612245	-0.673469	0.240047
0.0612245	-0.632653	0.2705
0.0612245	-0.591837	0.301419
0.0612245	-0.55102	0.332552
0.0612245	-0.510204	0.363604
0.0612245	-0.469388	0.39424
0.0612245	-0.428571	0.424101
0.0612245	-0.387755	0.452809
0.0612245	-0.346939	0.479982
0.0612245	-0.306122	0.505245
0.0612245	-0.265306	0.528236
0.0612245	-0.22449	0.548622
0.0612245	-0.183673	0.566099
0.0612245	-0.142857	0.580408
0.0612245	-0.102041	0.591331
0.0612245	-0.0612245	0.598702
0.0612245	-0.0204082	0.60241
0.0612245	0.0204082	0.602395
0.0612245	0.0612245	0.598658
0.0612245	0.102041	0.59125
0.0612245	0.142857	0.580282
0.0612245	0.183673	0.565915
0.0612245	0.22449	0.548358
0.0612245	0.265306	0.527867
0.0612245	0.306122	0.504735
0.0612245	0.346939	0.479287
0.0612245	0.387755	0.451871
0.0612245	0.428571	0.422849
0.0612245	0.469388	0.392586
0.0612245	0.510204	0.36144
0.0612245	0.55102	0.32975
0.0612245	0.591837	0.297828
0.0612245	0.632653	0.265946
0.0612245	0.673469	0.234329
0.0612245	0.714286	0.203151
0.0612245	0.755102	0.172527
0.0612245	0.795918	0.142516
0.0612245	0.836735	0.113117
0.0612245	0.877551	0.0842807
0.0612245	0.918367	0.055909
0.0612245	0.959184	0.0278685
0.0612245	1	0
0.102041	-1	0.0240604
0.102041	-0.959184	0.048338
0.102041	-0.918367	0.0730369
0.102041	-0.877551	0.0983362
0.102041	-0.836735	0.124378
0.102041	-0.795918	0.151259
0.102041	-0.755102	0.179023
0.102041	-0.714286	0.207654
0.102041	-0.673469	0.237076
0.102041	-0.632653	0.267152
0.102041	-0.591837	0.297688
0.102041	-0.55102	0.328437
0.102041	-0.510204	0.359104
0.102041	-0.469388	0.389362
0.102041	-0.428571	0.418853
0.102041	-0.387755	0.447206
0.102041	-0.346939	0.474043
0.102041	-0.306122	0.498993
0.102041	-0.265306	0.5217
0.102041	-0.22449	0.541833
0.102041	-0.183673	0.559095
0.102041	-0.142857	0.573226
0.102041	-0.102041	0.584014
0.102041	-0.0612245	0.591294
0.102041	-0.0204082	0.594956
0.102041	0.0204082	0.594942
0.102041	0.0612245	0.59125
0.102041	0.102041	0.583935
0.102041	0.142857	0.573102
0.102041	0.183673	0.558912
0.102041	0.22449	0.541573
0.102041	0.265306	0.521335
0.102041	0.306122	0.49849
0.102041	0.346939	0.473356
0.102041	0.387755	0.44628
0.102041	0.428571	0.417616
0.102041	0.469388	0.387728
0.102041	0.510204	0.356967
0.102041	0.55102	0.32567
0.102041	0.591837	0.294143
0.102041	0.632653	0.262655
0.102041	0.673469	0.231429
0.102041	0.714286	0.200637
0.102041	0.755102	0.170392
0.102041	0.795918	0.140752
0.102041	0.836735	0.111717
0.102041	0.877551	0.0832376
0.102041	0.918367	0.055217
0.102041	0.959184	0.0275235
0.102041	1	0
0.142857	-1	0.0236139
0.142857	-0.959184	0.047441
0.142857	-0.918367	0.0716816
0.142857	-0.877551	0.0965113
0.142857	-0.836735	0.12207
0.142857	-0.795918	0.148453
0.142857	-0.755102	0.175701
0.142857	-0.714286	0.203801
0.142857	-0.673469	0.232677
0.142857	-0.632653	0.262196
0.142857	-0.591837	0.292165
0.142857	-0.55102	0.322343
0.142857	-0.510204	0.352442
0.142857	-0.469388	0.382138
0.142857	-0.428571	0.411082
0.142857	-0.387755	0.438909
0.142857	-0.346939	0.465249
0.142857	-0.306122	0.489736
0.142857	-0.265306	0.512022
0.142857	-0.22449	0.531782
0.142857	-0.183673	0.548723
0.142857	-0.142857	0.562592
0.142857	-0.102041	0.57318
0.142857	-0.0612245	0.580326
0.142857	-0.0204082	0.583919
0.142857	0.0204082	0.583905
0.142857	0.0612245	0.580282
0.142857	0.102041	0.573102
0.142857	0.142857	0.562471
0.142857	0.183673	0.548544
0.142857	0.22449	0.531526
0.142857	0.265306	0.511664
0.142857	0.306122	0.489242
0.142857	0.346939	0.464575
0.142857	0.387755	0.438
0.142857	0.428571	0.409869
0.142857	0.469388	0.380535
0.142857	0.510204	0.350344
0.142857	0.55102	0.319628
0.142857	0.591837	0.288685
0.142857	0.632653	0.257782
0.142857	0.673469	0.227135
0.142857	0.714286	0.196914
0.142857	0.755102	0.16723
0.142857	0.795918	0.13814
0.142857	0.836735	0.109644
0.142857	0.877551	0.081693
0.142857	0.918367	0.0541924
0.142857	0.959184	0.0270128
0.142857	1	0
0.183673	-1	0.023029
0.183673	-0.959184	0.0462659
0.183673	-0.918367	0.0699061
0.183673	-0.877551	0.0941209
0.183673	-0.836735	0.119047
0.183673	-0.795918	0.144776
0.183673	-0.755102	0.17135
0.183673	-0.714286	0.198754
0.183673	-0.673469	0.226915
0.183673	-0.632653	0.255703
0.183673	-0.591837	0.28493
0.183673	-0.55102	0.314361
0.183673	-0.510204	0.343714
0.183673	-0.469388	0.372676
0.183673	-0.428571	0.400903
0.183673	-0.387755	0.428041
0.183673	-0.346939	0.453729
0.183673	-0.306122	0.47761
0.183673	-0.265306	0.499344
0.183673	-0.22449	0.518615
0.183673	-0.183673	0.535137
0.183673	-0.142857	0.548663
0.183673	-0.102041	0.558988
0.183673	-0.0612245	0.565957
0.183673	-0.0204082	0.569462
0.183673	0.0204082	0.569448
0.183673	0.0612245	0.565915
0.183673	0.102041	0.558912
0.183673	0.142857	0.548544
0.183673	0.183673	0.534962
0.183673	0.22449	0.518366
0.183673	0.265306	0.498995
0.183673	0.306122	0.477128
0.183673	0.346939	0.453072
0.183673	0.387755	0.427155
0.183673	0.428571	0.39972
0.183673	0.469388	0.371112
0.183673	0.510204	0.341669
0.183673	0.55102	0.311713
0.183673	0.591837	0.281536
0.183673	0.632653	0.251398
0.183673	0.673469	0.221511
0.183673	0.714286	0.192038
0.183673	0.755102	0.163089
0.183673	0.795918	0.134719
0.183673	0.836735	0.106929
0.183673	0.877551	0.0796698
0.183673	0.918367	0.0528502
0.183673	0.959184	0.0263438
0.183673	1	0
0.22449	-1	0.0223143
0.22449	-0.959184	0.04483
0.22449	-0.918367	0.0677366
0.22449	-0.877551	0.0911999
0.22449	-0.836735	0.115352
0.22449	-0.795918	0.140283
0.22449	-0.755102	0.166032
0.22449	-0.714286	0.192586
0.22449	-0.673469	0.219874
0.22449	-0.632653	0.247768
0.22449	-0.591837	0.276089
0.22449	-0.55102	0.304607
0.22449	-0.510204	0.33305
0.22449	-0.469388	0.361113
0.22449	-0.428571	0.388465
0.22449	-0.387755	0.414761
0.22449	-0.346939	0.439652
0.22449	-0.306122	0.462792
0.22449	-0.265306	0.483852
0.22449	-0.22449	0.502525
0.22449	-0.183673	0.518535
0.22449	-0.142857	0.531641
0.22449	-0.102041	0.541647
0.22449	-0.0612245	0.548399
0.22449	-0.0204082	0.551795
0.22449	0.0204082	0.551782
0.22449	0.0612245	0.548358
0.22449	0.102041	0.541573
0.22449	0.142857	0.531526
0.22449	0.183673	0.518366
0.22449	0.22449	0.502284
0.22449	0.265306	0.483514
0.22449	0.306122	0.462325
0.22449	0.346939	0.439015
0.22449	0.387755	0.413902
0.22449	0.428571	0.387318
0.22449	0.469388	0.359597
0.22449	0.510204	0.331068
0.22449	0.55102	0.302041
0.22449	0.591837	0.272801
0.22449	0.632653	0.243597
0.22449	0.673469	0.214637
0.22449	0.714286	0.186079
0.22449	0.755102	0.158028
0.22449	0.795918	0.130538
0.22449	0.836735	0.10361
0.22449	0.877551	0.0771974
0.22449	0.918367	0.0512101
0.22449	0.959184	0.0255262
0.22449	1	0
0.265306	-1	0.0214801
0.265306	-0.959184	0.0431542
0.265306	-0.918367	0.0652045
0.265306	-0.877551	0.0877908
0.265306	-0.836735	0.11104
0.265306	-0.795918	0.135039
0.265306	-0.755102	0.159826
0.265306	-0.714286	0.185388
0.265306	-0.673469	0.211656
0.265306	-0.632653	0.238508
0.265306	-0.591837	0.26577
0.265306	-0.55102	0.293223
0.265306	-0.510204	0.320603
0.265306	-0.469388	0.347617
0.265306	-0.428571	0.373947
0.265306	-0.387755	0.399261
0.265306	-0.346939	0.423222
0.265306	-0.306122	0.445498
0.265306	-0.265306	0.465771
0.265306	-0.22449	0.483747
0.265306	-0.183673	0.499158
0.265306	-0.142857	0.511775
0.265306	-0.102041	0.521406
0.265306	-0.0612245	0.527906
0.265306	-0.0204082	0.531176
0.265306	0.0204082	0.531163
0.265306	0.0612245	0.527867
0.265306	0.102041	0.521335
0.265306	0.142857	0.511664
0.265306	0.183673	0.498995
0.265306	0.22449	0.483514
0.265306	0.265306	0.465446
0.265306	0.306122	0.445048
0.265306	0.346939	0.422609
0.265306	0.387755	0.398434
0.265306	0.428571	0.372844
0.265306	0.469388	0.346159
0.265306	0.510204	0.318695
0.265306	0.55102	0.290753
0.265306	0.591837	0.262605
0.265306	0.632653	0.234493
0.265306	0.673469	0.206615
0.265306	0.714286	0.179124
0.265306	0.755102	0.152121
0.265306	0.795918	0.125659
0.265306	0.836735	0.0997376
0.265306	0.877551	0.0743118
0.265306	0.918367	0.0492959
0.265306	0.959184	0.0245721
0.265306	1	0
0.306122	-1	0.0205385
0.306122	-0.959184	0.0412624
0.306122	-0.918367	0.062346
0.306122	-0.877551	0.0839423
0.306122	-0.836735	0.106173
0.306122	-0.795918	0.12912
0.306122	-0.755102	0.152821
0.306122	-0.714286	0.177262
0.306122	-0.673469	0.202378
0.306122	-0.632653	0.228054
0.306122	-0.591837	0.254122
0.306122	-0.55102	0.280371
0.306122	-0.510204	0.306552
0.306122	-0.469388	0.332382
0.306122	-0.428571	0.357559
0.306122	-0.387755	0.381764
0.306122	-0.346939	0.404674
0.306122	-0.306122	0.425974
0.306122	-0.265306	0.44536
0.306122	-0.22449	0.462547
0.306122	-0.183673	0.477284
0.306122	-0.142857	0.489348
0.306122	-0.102041	0.498557
0.306122	-0.0612245	0.504773
0.306122	-0.0204082	0.507899
0.306122	0.0204082	0.507887
0.306122	0.0612245	0.504735
0.306122	0.102041	0.49849
0.306122	0.142857	0.489242
0.306122	0.183673	0.477128
0.306122	0.22449	0.462325
0.306122	0.265306	0.445048
0.306122	0.306122	0.425545
0.306122	0.346939	0.404089
0.306122	0.387755	0.380973
0.306122	0.428571	0.356504
0.306122	0.469388	0.330988
0.306122	0.510204	0.304728
0.306122	0.55102	0.27801
0.306122	0.591837	0.251095
0.306122	0.632653	0.224215
0.306122	0.673469	0.197559
0.306122	0.714286	0.171272
0.306122	0.755102	0.145453
0.306122	0.795918	0.120151
0.306122	0.836735	0.0953657
0.306122	0.877551	0.0710543
0.306122	0.918367	0.047135
0.306122	0.959184	0.0234949
0.306122	1	0
0.346939	-1	0.0195025
0.346939	-0.959184	0.0391812
0.346939	-0.918367	0.0592014
0.346939	-0.877551	0.0797085
0.346939	-0.836735	0.100818
0.346939	-0.795918	0.122608
0.346939	-0.755102	0.145113
0.346939	-0.714286	0.168322
0.346939	-0.673469	0.192172
0.346939	-0.632653	0.216553
0.346939	-0.591837	0.241307
0.346939	-0.55102	0.266233
0.346939	-0.510204	0.291094
0.346939	-0.469388	0.315622
0.346939	-0.428571	0.33953
0.346939	-0.387755	0.362514
0.346939	-0.346939	0.38427
0.346939	-0.306122	0.404496
0.346939	-0.265306	0.422904
0.346939	-0.22449	0.439226
0.346939	-0.183673	0.453219
0.346939	-0.142857	0.464675
0.346939	-0.102041	0.473421
0.346939	-0.0612245	0.479323
0.346939	-0.0204082	0.482291
0.346939	0.0204082	0.48228
0.346939	0.0612245	0.479287
0.346939	0.102041	0.473356
0.346939	0.142857	0.464575
0.346939	0.183673	0.453072
0.346939	0.22449	0.439015
0.346939	0.265306	0.422609
0.346939	0.306122	0.404089
0.346939	0.346939	0.383714
0.346939	0.387755	0.361764
0.346939	0.428571	0.338528
0.346939	0.469388	0.314298
0.346939	0.510204	0.289362
0.346939	0.55102	0.263991
0.346939	0.591837	0.238433
0.346939	0.632653	0.212908
0.346939	0.673469	0.187596
0.346939	0.714286	0.162635
0.346939	0.755102	0.138118
0.346939	0.795918	0.114091
0.346939	0.836735	0.0905561
0.346939	0.877551	0.0674708
0.346939	0.918367	0.0447578
0.346939	0.959184	0.02231
0.346939	1	0
0.387755	-1	0.0183865
0.387755	-0.959184	0.0369391
0.387755	-0.918367	0.0558137
0.387755	-0.877551	0.0751474
0.387755	-0.836735	0.0950489
0.387755	-0.795918	0.115592
0.387755	-0.755102	0.13681
0.387755	-0.714286	0.158691
0.387755	-0.673469	0.181177
0.387755	-0.632653	0.204163
0.387755	-0.591837	0.227501
0.387755	-0.55102	0.251002
0.387755	-0.510204	0.274441
0.387755	-0.469388	0.297566
0.387755	-0.428571	0.320106
0.387755	-0.387755	0.341776
0.387755	-0.346939	0.362288
0.387755	-0.306122	0.381358
0.387755	-0.265306	0.398713
0.387755	-0.22449	0.414101
0.387755	-0.183673	0.427294
0.387755	-0.142857	0.438095
0.387755	-0.102041	0.44634
0.387755	-0.0612245	0.451905
0.387755	-0.0204082	0.454703
0.387755	0.0204082	0.454693
0.387755	0.0612245	0.451871
0.387755	0.102041	0.44628
0.387755	0.142857	0.438
0.387755	0.183673	0.427155
0.387755	0.22449	0.413902
0.387755	0.265306	0.398434
0.387755	0.306122	0.380973
0.387755	0.346939	0.361764
0.387755	0.387755	0.341069
0.387755	0.428571	0.319162
0.387755	0.469388	0.296318
0.387755	0.510204	0.272808
0.387755	0.55102	0.248888
0.387755	0.591837	0.224792
0.387755	0.632653	0.200727
0.387755	0.673469	0.176863
0.387755	0.714286	0.15333
0.387755	0.755102	0.130215
0.387755	0.795918	0.107563
0.387755	0.836735	0.0853746
0.387755	0.877551	0.0636102
0.387755	0.918367	0.0421967
0.387755	0.959184	0.0210334
0.387755	1	0
0.428571	-1	0.0172051
0.428571	-0.959184	0.0345657
0.428571	-0.918367	0.0522277
0.428571	-0.877551	0.0703192
0.428571	-0.836735	0.0889422
0.428571	-0.795918	0.108166
0.428571	-0.755102	0.128021
0.428571	-0.714286	0.148496
0.428571	-0.673469	0.169538
0.428571	-0.632653	0.191048
0.428571	-0.591837	0.212887
0.428571	-0.55102	0.234878
0.428571	-0.510204	0.256812
0.428571	-0.469388	0.278452
0.428571	-0.428571	0.299545
0.428571	-0.387755	0.319824
0.428571	-0.346939	0.339018
0.428571	-0.306122	0.356863
0.428571	-0.265306	0.373104
0.428571	-0.22449	0.387504
0.428571	-0.183673	0.39985
0.428571	-0.142857	0.409957
0.428571	-0.102041	0.417673
0.428571	-0.0612245	0.42288
0.428571	-0.0204082	0.425499
0.428571	0.0204082	0.425489
0.428571	0.0612245	0.422849
0.428571	0.102041	0.417616
0.428571	0.142857	0.409869
0.428571	0.183673	0.39972
0.428571	0.22449	0.387318
0.428571	0.265306	0.372844
0.428571	0.306122	0.356504
0.428571	0.346939	0.338528
0.428571	0.387755	0.319162
0.428571	0.428571	0.298661
0.428571	0.469388	0.277285
0.428571	0.510204	0.255284
0.428571	0.55102	0.2329
0.428571	0.591837	0.210352
0.428571	0.632653	0.187833
0.428571	0.673469	0.165501
0.428571	0.714286	0.14348
0.428571	0.755102	0.12185
0.428571	0.795918	0.100653
0.428571	0.836735	0.0798897
0.428571	0.877551	0.0595235
0.428571	0.918367	0.0394857
0.428571	0.959184	0.019682
0.428571	1	0
0.469388	-1	0.0159733
0.469388	-0.959184	0.0320909
0.469388	-0.918367	0.0484884
0.469388	-0.877551	0.0652847
0.469388	-0.836735	0.0825745
0.469388	-0.795918	0.100422
0.469388	-0.755102	0.118856
0.469388	-0.714286	0.137866
0.469388	-0.673469	0.157402
0.469388	-0.632653	0.177372
0.469388	-0.591837	0.197648
0.469388	-0.55102	0.218065
0.469388	-0.510204	0.23843
0.469388	-0.469388	0.258522
0.469388	-0.428571	0.278105
0.469388	-0.387755	0.296932
0.469388	-0.346939	0.314754
0.469388	-0.306122	0.331322
0.469388	-0.265306	0.3464
0.469388	-0.22449	0.35977
0.469388	-0.183673	0.371233
0.469388	-0.142857	0.380617
0.469388	-0.102041	0.38778
0.469388	-0.0612245	0.392615
0.469388	-0.0204082	0.395047
0.469388	0.0204082	0.395037
0.469388	0.0612245	0.392586
0.469388	0.102041	0.387728
0.469388	0.142857	0.380535
0.469388	0.183673	0.371112
0.469388	0.22449	0.359597
0.469388	0.265306	0.346159
0.469388	0.306122	0.330988
0.469388	0.346939	0.314298
0.469388	0.387755	0.296318
0.469388	0.428571	0.277285
0.469388	0.469388	0.257437
0.469388	0.510204	0.237012
0.469388	0.55102	0.216229
0.469388	0.591837	0.195295
0.469388	0.632653	0.174387
0.469388	0.673469	0.153654
0.469388	0.714286	0.133209
0.469388	0.755102	0.113127
0.469388	0.795918	0.0934474
0.469388	0.836735	0.0741704
0.469388	0.877551	0.0552621
0.469388	0.918367	0.0366589
0.469388	0.959184	0.018273
0.469388	1	0
0.510204	-1	0.0147056
0.510204	-0.959184	0.029544
0.510204	-0.918367	0.0446401
0.510204	-0.877551	0.0601035
0.510204	-0.836735	0.0760213
0.510204	-0.795918	0.0924526
0.510204	-0.755102	0.109424
0.510204	-0.714286	0.126925
0.510204	-0.673469	0.144911
0.510204	-0.632653	0.163297
0.510204	-0.591837	0.181965
0.510204	-0.55102	0.200763
0.510204	-0.510204	0.219511
0.510204	-0.469388	0.23801
0.510204	-0.428571	0.256039
0.510204	-0.387755	0.273373
0.510204	-0.346939	0.289781
0.510204	-0.306122	0.305035
0.510204	-0.265306	0.318918
0.510204	-0.22449	0.331227
0.510204	-0.183673	0.34178
0.510204	-0.142857	0.35042
0.510204	-0.102041	0.357016
0.510204	-0.0612245	0.361467
0.510204	-0.0204082	0.363705
0.510204	0.0204082	0.363697
0.510204	0.0612245	0.36144
0.510204	0.102041	0.356967
0.510204	0.142857	0.350344
0.510204	0.183673	0.341669
0.510204	0.22449	0.331068
0.510204	0.265306	0.318695
0.510204	0.306122	0.304728
0.510204	0.346939	0.289362
0.510204	0.387755	0.272808
0.510204	0.428571	0.255284
0.510204	0.469388	0.237012
0.510204	0.510204	0.218206
0.510204	0.55102	0.199072
0.510204	0.591837	0.179799
0.510204	0.632653	0.16055
0.510204	0.673469	0.141461
0.510204	0.714286	0.122638
0.510204	0.755102	0.10415
0.510204	0.795918	0.0860318
0.510204	0.836735	0.0682844
0.510204	0.877551	0.0508766
0.510204	0.918367	0.0337496
0.510204	0.959184	0.0168228
0.510204	1	0
0.55102	-1	0.0134158
0.55102	-0.959184	0.0269528
0.55102	-0.918367	0.0407249
0.55102	-0.877551	0.0548322
0.55102	-0.836735	0.0693541
0.55102	-0.795918	0.0843444
0.55102	-0.755102	0.0998274
0.55102	-0.714286	0.115795
0.55102	-0.673469	0.132203
0.55102	-0.632653	0.148977
0.55102	-0.591837	0.166008
0.55102	-0.55102	0.183158
0.55102	-0.510204	0.200263
0.55102	-0.469388	0.21714
0.55102	-0.428571	0.233589
0.55102	-0.387755	0.249404
0.55102	-0.346939	0.264373
0.55102	-0.306122	0.27829
0.55102	-0.265306	0.290956
0.55102	-0.22449	0.302186
0.55102	-0.183673	0.311814
0.55102	-0.142857	0.319697
0.55102	-0.102041	0.325714
0.55102	-0.0612245	0.329775
0.55102	-0.0204082	0.331817
0.55102	0.0204082	0.33181
0.55102	0.0612245	0.32975
0.55102	0.102041	0.32567
0.55102	0.142857	0.319628
0.55102	0.183673	0.311713
0.55102	0.22449	0.302041
0.55102	0.265306	0.290753
0.55102	0.306122	0.27801
0.55102	0.346939	0.263991
0.55102	0.387755	0.248888
0.55102	0.428571	0.2329
0.55102	0.469388	0.216229
0.55102	0.510204	0.199072
0.55102	0.55102	0.181616
0.55102	0.591837	0.164033
0.55102	0.632653	0.146471
0.55102	0.673469	0.129056
0.55102	0.714286	0.111883
0.55102	0.755102	0.0950163
0.55102	0.795918	0.078487
0.55102	0.836735	0.0622959
0.55102	0.877551	0.0464147
0.55102	0.918367	0.0307898
0.55102	0.959184	0.0153474
0.55102	1	0
0.591837	-1	0.0121166
0.591837	-0.959184	0.0243427
0.591837	-0.918367	0.0367812
0.591837	-0.877551	0.0495224
0.591837	-0.836735	0.0626382
0.591837	-0.795918	0.0761771
0.591837	-0.755102	0.0901611
0.591837	-0.714286	0.104582
0.591837	-0.673469	0.119403
0.591837	-0.632653	0.134553
0.591837	-0.591837	0.149935
0.591837	-0.55102	0.165425
0.591837	-0.510204	0.180874
0.591837	-0.469388	0.196117
0.591837	-0.428571	0.210974
0.591837	-0.387755	0.225258
0.591837	-0.346939	0.238779
0.591837	-0.306122	0.251349
0.591837	-0.265306	0.262788
0.591837	-0.22449	0.272932
0.591837	-0.183673	0.281628
0.591837	-0.142857	0.288748
0.591837	-0.102041	0.294183
0.591837	-0.0612245	0.297851
0.591837	-0.0204082	0.299695
0.591837	0.0204082	0.299688
0.591837	0.0612245	0.297828
0.591837	0.102041	0.294143
0.591837	0.142857	0.288685
0.591837	0.183673	0.281536
0.591837	0.22449	0.272801
0.591837	0.265306	0.262605
0.591837	0.306122	0.251095
0.591837	0.346939	0.238433
0.591837	0.387755	0.224792
0.591837	0.428571	0.210352
0.591837	0.469388	0.195295
0.591837	0.510204	0.179799
0.591837	0.55102	0.164033
0.591837	0.591837	0.148151
0.591837	0.632653	0.132289
0.591837	0.673469	0.11656
0.591837	0.714286	0.10105
0.591837	0.755102	0.0858161
0.591837	0.795918	0.0708872
0.591837	0.836735	0.0562638
0.591837	0.877551	0.0419203
0.591837	0.918367	0.0278083
0.591837	0.959184	0.0138613
0.591837	1	0
0.632653	-1	0.0108191
0.632653	-0.959184	0.021736
0.632653	-0.918367	0.0328426
0.632653	-0.877551	0.0442196
0.632653	-0.836735	0.055931
0.632653	-0.795918	0.0680204
0.632653	-0.755102	0.0805072
0.632653	-0.714286	0.0933846
0.632653	-0.673469	0.106618
0.632653	-0.632653	0.120147
0.632653	-0.591837	0.133883
0.632653	-0.55102	0.147714
0.632653	-0.510204	0.16151
0.632653	-0.469388	0.175121
0.632653	-0.428571	0.188388
0.632653	-0.387755	0.201143
0.632653	-0.346939	0.213217
0.632653	-0.306122	0.224441
0.632653	-0.265306	0.234656
0.632653	-0.22449	0.243714
0.632653	-0.183673	0.25148
0.632653	-0.142857	0.257837
0.632653	-0.102041	0.262691
0.632653	-0.0612245	0.265966
0.632653	-0.0204082	0.267613
0.632653	0.0204082	0.267607
0.632653	0.0612245	0.265946
0.632653	0.102041	0.262655
0.632653	0.142857	0.257782
0.632653	0.183673	0.251398
0.632653	0.22449	0.243597
0.632653	0.265306	0.234493
0.632653	0.306122	0.224215
0.632653	0.346939	0.212908
0.632653	0.387755	0.200727
0.632653	0.428571	0.187833
0.632653	0.469388	0.174387
0.632653	0.510204	0.16055
0.632653	0.55102	0.146471
0.632653	0.591837	0.132289
0.632653	0.632653	0.118126
0.632653	0.673469	0.104081
0.632653	0.714286	0.0902308
0.632653	0.755102	0.0766277
0.632653	0.795918	0.0632971
0.632653	0.836735	0.0502394
0.632653	0.877551	0.0374317
0.632653	0.918367	0.0248307
0.632653	0.959184	0.0123771
0.632653	1	0
0.673469	-1	0.00953254
0.673469	-0.959184	0.0191512
0.673469	-0.918367	0.0289371
0.673469	-0.877551	0.0389612
0.673469	-0.836735	0.0492801
0.673469	-0.795918	0.0599321
0.673469	-0.755102	0.0709342
0.673469	-0.714286	0.0822806
0.673469	-0.673469	0.093941
0.673469	-0.632653	0.105861
0.673469	-0.591837	0.117964
0.673469	-0.55102	0.130151
0.673469	-0.510204	0.142307
0.673469	-0.469388	0.154301
0.673469	-0.428571	0.16599
0.673469	-0.387755	0.177229
0.673469	-0.346939	0.187868
0.673469	-0.306122	0.197758
0.673469	-0.265306	0.206759
0.673469	-0.22449	0.21474
0.673469	-0.183673	0.221583
0.673469	-0.142857	0.227184
0.673469	-0.102041	0.231461
0.673469	-0.0612245	0.234347
0.673469	-0.0204082	0.235798
0.673469	0.0204082	0.235793
0.673469	0.0612245	0.234329
0.673469	0.102041	0.231429
0.673469	0.142857	0.227135
0.673469	0.183673	0.221511
0.673469	0.22449	0.214637
0.673469	0.265306	0.206615
0.673469	0.306122	0.197559
0.673469	0.346939	0.187596
0.673469	0.387755	0.176863
0.673469	0.428571	0.165501
0.673469	0.469388	0.153654
0.673469	0.510204	0.141461
0.673469	0.55102	0.129056
0.673469	0.591837	0.11656
0.673469	0.632653	0.104081
0.673469	0.673469	0.0917053
0.673469	0.714286	0.079502
0.673469	0.755102	0.0675163
0.673469	0.795918	0.0557706
0.673469	0.836735	0.0442655
0.673469	0.877551	0.0329807
0.673469	0.918367	0.0218781
0.673469	0.959184	0.0109053
0.673469	1	0
0.714286	-1	0.00826389
0.714286	-0.959184	0.0166025
0.714286	-0.918367	0.0250861
0.714286	-0.877551	0.0337762
0.714286	-0.836735	0.0427219
0.714286	-0.795918	0.0519564
0.714286	-0.755102	0.0614945
0.714286	-0.714286	0.0713311
0.714286	-0.673469	0.08144
0.714286	-0.632653	0.0917742
0.714286	-0.591837	0.102267
0.714286	-0.55102	0.112833
0.714286	-0.510204	0.123371
0.714286	-0.469388	0.133769
0.714286	-0.428571	0.143904
0.714286	-0.387755	0.153647
0.714286	-0.346939	0.16287
0.714286	-0.306122	0.171445
0.714286	-0.265306	0.179248
0.714286	-0.22449	0.186168
0.714286	-0.183673	0.1921
0.714286	-0.142857	0.196957
0.714286	-0.102041	0.200664
0.714286	-0.0612245	0.203166
0.714286	-0.0204082	0.204425
0.714286	0.0204082	0.20442
0.714286	0.0612245	0.203151
0.714286	0.102041	0.200637
0.714286	0.142857	0.196914
0.714286	0.183673	0.192038
0.714286	0.22449	0.186079
0.714286	0.265306	0.179124
0.714286	0.306122	0.171272
0.714286	0.346939	0.162635
0.714286	0.387755	0.15333
0.714286	0.428571	0.14348
0.714286	0.469388	0.133209
0.714286	0.510204	0.122638
0.714286	0.55102	0.111883
0.714286	0.591837	0.10105
0.714286	0.632653	0.0902308
0.714286	0.673469	0.079502
0.714286	0.714286	0.0689225
0.714286	0.755102	0.0585316
0.714286	0.795918	0.0483489
0.714286	0.836735	0.0383748
0.714286	0.877551	0.0285916
0.714286	0.918367	0.0189665
0.714286	0.959184	0.00945402
0.714286	1	0
0.755102	-1	0.0070179
0.755102	-0.959184	0.0140993
0.755102	-0.918367	0.0213037
0.755102	-0.877551	0.0286837
0.755102	-0.836735	0.0362807
0.755102	-0.795918	0.044123
0.755102	-0.755102	0.0522232
0.755102	-0.714286	0.0605769
0.755102	-0.673469	0.0691619
0.755102	-0.632653	0.0779383
0.755102	-0.591837	0.0868492
0.755102	-0.55102	0.0958224
0.755102	-0.510204	0.104772
0.755102	-0.469388	0.113603
0.755102	-0.428571	0.12221
0.755102	-0.387755	0.130485
0.755102	-0.346939	0.138318
0.755102	-0.306122	0.1456
0.755102	-0.265306	0.152227
0.755102	-0.22449	0.158104
0.755102	-0.183673	0.163142
0.755102	-0.142857	0.167266
0.755102	-0.102041	0.170415
0.755102	-0.0612245	0.17254
0.755102	-0.0204082	0.173609
0.755102	0.0204082	0.173605
0.755102	0.0612245	0.172527
0.755102	0.102041	0.170392
0.755102	0.142857	0.16723
0.755102	0.183673	0.163089
0.755102	0.22449	0.158028
0.755102	0.265306	0.152121
0.755102	0.306122	0.145453
0.755102	0.346939	0.138118
0.755102	0.387755	0.130215
0.755102	0.428571	0.12185
0.755102	0.469388	0.113127
0.755102	0.510204	0.10415
0.755102	0.55102	0.0950163
0.755102	0.591837	0.0858161
0.755102	0.632653	0.0766277
0.755102	0.673469	0.0675163
0.755102	0.714286	0.0585316
0.755102	0.755102	0.0497071
0.755102	0.795918	0.0410596
0.755102	0.836735	0.0325891
0.755102	0.877551	0.0242809
0.755102	0.918367	0.016107
0.755102	0.959184	0.00802864
0.755102	1	0
0.795918	-1	0.00579692
0.795918	-0.959184	0.0116463
0.795918	-0.918367	0.0175973
0.795918	-0.877551	0.0236933
0.795918	-0.836735	0.0299687
0.795918	-0.795918	0.0364467
0.795918	-0.755102	0.0431378
0.795918	-0.714286	0.0500383
0.795918	-0.673469	0.0571299
0.795918	-0.632653	0.0643796
0.795918	-0.591837	0.0717404
0.795918	-0.55102	0.0791528
0.795918	-0.510204	0.0865459
0.795918	-0.469388	0.0938405
0.795918	-0.428571	0.10095
0.795918	-0.387755	0.107786
0.795918	-0.346939	0.114256
0.795918	-0.306122	0.120272
0.795918	-0.265306	0.125747
0.795918	-0.22449	0.130601
0.795918	-0.183673	0.134763
0.795918	-0.142857	0.13817
0.795918	-0.102041	0.140771
0.795918	-0.0612245	0.142526
0.795918	-0.0204082	0.143409
0.795918	0.0204082	0.143406
0.795918	0.0612245	0.142516
0.795918	0.102041	0.140752
0.795918	0.142857	0.13814
0.795918	0.183673	0.134719
0.795918	0.22449	0.130538
0.795918	0.265306	0.125659
0.795918	0.306122	0.120151
0.795918	0.346939	0.114091
0.795918	0.387755	0.107563
0.795918	0.428571	0.100653
0.795918	0.469388	0.0934474
0.795918	0.510204	0.0860318
0.795918	0.55102	0.078487
0.795918	0.591837	0.0708872
0.795918	0.632653	0.0632971
0.795918	0.673469	0.0557706
0.795918	0.714286	0.0483489
0.795918	0.755102	0.0410596
0.795918	0.795918	0.0339163
0.795918	0.836735	0.0269195
0.795918	0.877551	0.0200567
0.795918	0.918367	0.0133048
0.795918	0.959184	0.00663186
0.795918	1	0
0.836735	-1	0.00460099
0.836735	-0.959184	0.00924359
0.836735	-0.918367	0.0139669
0.836735	-0.877551	0.0188053
0.836735	-0.836735	0.0237861
0.836735	-0.795918	0.0289277
0.836735	-0.755102	0.0342385
0.836735	-0.714286	0.0397155
0.836735	-0.673469	0.0453443
0.836735	-0.632653	0.0510985
0.836735	-0.591837	0.0569409
0.836735	-0.55102	0.0628243
0.836735	-0.510204	0.0686924
0.836735	-0.469388	0.0744823
0.836735	-0.428571	0.0801257
0.836735	-0.387755	0.0855513
0.836735	-0.346939	0.090687
0.836735	-0.306122	0.0954617
0.836735	-0.265306	0.0998071
0.836735	-0.22449	0.10366
0.836735	-0.183673	0.106963
0.836735	-0.142857	0.109668
0.836735	-0.102041	0.111732
0.836735	-0.0612245	0.113126
0.836735	-0.0204082	0.113826
0.836735	0.0204082	0.113824
0.836735	0.0612245	0.113117
0.836735	0.102041	0.111717
0.836735	0.142857	0.109644
0.836735	0.183673	0.106929
0.836735	0.22449	0.10361
0.836735	0.265306	0.0997376
0.836735	0.306122	0.0953657
0.836735	0.346939	0.0905561
0.836735	0.387755	0.0853746
0.836735	0.428571	0.0798897
0.836735	0.469388	0.0741704
0.836735	0.510204	0.0682844
0.836735	0.55102	0.0622959
0.836735	0.591837	0.0562638
0.836735	0.632653	0.0502394
0.836735	0.673469	0.0442655
0.836735	0.714286	0.0383748
0.836735	0.755102	0.0325891
0.836735	0.795918	0.0269195
0.836735	0.836735	0.021366
0.836735	0.877551	0.015919
0.836735	0.918367	0.01056
0.836735	0.959184	0.0052637
0.836735	1	0
0.877551	-1	0.003428
0.877551	-0.959184	0.006887
0.877551	-0.918367	0.0104062
0.877551	-0.877551	0.0140111
0.877551	-0.836735	0.0177221
0.877551	-0.795918	0.0215529
0.877551	-0.755102	0.0255098
0.877551	-0.714286	0.0295906
0.877551	-0.673469	0.0337844
0.877551	-0.632653	0.0380717
0.877551	-0.591837	0.0424248
0.877551	-0.55102	0.0468083
0.877551	-0.510204	0.0511806
0.877551	-0.469388	0.0554945
0.877551	-0.428571	0.0596993
0.877551	-0.387755	0.0637418
0.877551	-0.346939	0.0675683
0.877551	-0.306122	0.0711259
0.877551	-0.265306	0.0743636
0.877551	-0.22449	0.0772344
0.877551	-0.183673	0.0796957
0.877551	-0.142857	0.0817106
0.877551	-0.102041	0.0832489
0.877551	-0.0612245	0.084287
0.877551	-0.0204082	0.0848091
0.877551	0.0204082	0.0848071
0.877551	0.0612245	0.0842807
0.877551	0.102041	0.0832376
0.877551	0.142857	0.081693
0.877551	0.183673	0.0796698
0.877551	0.22449	0.0771974
0.877551	0.265306	0.0743118
0.877551	0.306122	0.0710543
0.877551	0.346939	0.0674708
0.877551	0.387755	0.0636102
0.877551	0.428571	0.0595235
0.877551	0.469388	0.0552621
0.877551	0.510204	0.0508766
0.877551	0.55102	0.0464147
0.877551	0.591837	0.0419203
0.877551	0.632653	0.0374317
0.877551	0.673469	0.0329807
0.877551	0.714286	0.0285916
0.877551	0.755102	0.0242809
0.877551	0.795918	0.0200567
0.877551	0.836735	0.015919
0.877551	0.877551	0.0118606
0.877551	0.918367	0.00786783
0.877551	0.959184	0.00392177
0.877551	1	0
0.918367	-1	0.00227398
0.918367	-0.959184	0.00456853
0.918367	-0.918367	0.00690299
0.918367	-0.877551	0.00929433
0.918367	-0.836735	0.011756
0.918367	-0.795918	0.0142973
0.918367	-0.755102	0.0169221
0.918367	-0.714286	0.0196292
0.918367	-0.673469	0.0224112
0.918367	-0.632653	0.0252553
0.918367	-0.591837	0.028143
0.918367	-0.55102	0.0310509
0.918367	-0.510204	0.0339513
0.918367	-0.469388	0.036813
0.918367	-0.428571	0.0396023
0.918367	-0.387755	0.0422841
0.918367	-0.346939	0.0448225
0.918367	-0.306122	0.0471824
0.918367	-0.265306	0.0493303
0.918367	-0.22449	0.0512346
0.918367	-0.183673	0.0528674
0.918367	-0.142857	0.0542041
0.918367	-0.102041	0.0552245
0.918367	-0.0612245	0.0559132
0.918367	-0.0204082	0.0562595
0.918367	0.0204082	0.0562582
0.918367	0.0612245	0.055909
0.918367	0.102041	0.055217
0.918367	0.142857	0.0541924
0.918367	0.183673	0.0528502
0.918367	0.22449	0.0512101
0.918367	0.265306	0.0492959
0.918367	0.306122	0.047135
0.918367	0.346939	0.0447578
0.918367	0.387755	0.0421967
0.918367	0.428571	0.0394857
0.918367	0.469388	0.0366589
0.918367	0.510204	0.0337496
0.918367	0.55102	0.0307898
0.918367	0.591837	0.0278083
0.918367	0.632653	0.0248307
0.918367	0.673469	0.0218781
0.918367	0.714286	0.0189665
0.918367	0.755102	0.016107
0.918367	0.795918	0.0133048
0.918367	0.836735	0.01056
0.918367	0.877551	0.00786783
0.918367	0.918367	0.00521918
0.918367	0.959184	0.00260153
0.918367	1	0
0.959184	-1	0.00113348
0.959184	-0.959184	0.00227721
0.959184	-0.918367	0.00344084
0.959184	-0.877551	0.00463281
0.959184	-0.836735	0.00585987
0.959184	-0.795918	0.00712657
0.959184	-0.755102	0.00843495
0.959184	-0.714286	0.0097843
0.959184	-0.673469	0.011171
0.959184	-0.632653	0.0125887
0.959184	-0.591837	0.0140281
0.959184	-0.55102	0.0154776
0.959184	-0.510204	0.0169233
0.959184	-0.469388	0.0183498
0.959184	-0.428571	0.0197402
0.959184	-0.387755	0.0210769
0.959184	-0.346939	0.0223422
0.959184	-0.306122	0.0235186
0.959184	-0.265306	0.0245892
0.959184	-0.22449	0.0255385
0.959184	-0.183673	0.0263523
0.959184	-0.142857	0.0270186
0.959184	-0.102041	0.0275273
0.959184	-0.0612245	0.0278705
0.959184	-0.0204082	0.0280432
0.959184	0.0204082	0.0280425
0.959184	0.0612245	0.0278685
0.959184	0.102041	0.0275235
0.959184	0.142857	0.0270128
0.959184	0.183673	0.0263438
0.959184	0.22449	0.0255262
0.959184	0.265306	0.0245721
0.959184	0.306122	0.0234949
0.959184	0.346939	0.02231
0.959184	0.387755	0.0210334
0.959184	0.428571	0.019682
0.959184	0.469388	0.018273
0.959184	0.510204	0.0168228
0.959184	0.55102	0.0153474
0.959184	0.591837	0.0138613
0.959184	0.632653	0.0123771
0.959184	0.673469	0.0109053
0.959184	0.714286	0.00945402
0.959184	0.755102	0.00802864
0.959184	0.795918	0.00663186
0.959184	0.836735	0.0052637
0.959184	0.877551	0.00392177
0.959184	0.918367	0.00260153
0.959184	0.959184	0.00129675
0.959184	1	0
1	-1	0
1	-0.959184	0
1	-0.918367	0
1	-0.877551	0
1	-0.836735	0
1	-0.795918	0
1	-0.755102	0
1	-0.714286	0
1	-0.673469	0
1	-0.632653	0
1	-0.591837	0
1	-0.55102	0
1	-0.510204	0
1	-0.469388	0
1	-0.428571	0
1	-0.387755	0
1	-0.346939	0
1	-0.306122	0
1	-0.265306	0
1	-0.22449	0
1	-0.183673	0
1	-0.142857	0
1	-0.102041	0
1	-0.0612245	0
1	-0.0204082	0
1	0.0204082	0
1	0.0612245	0
1	0.102041	0
1	0.142857	0
1	0.183673	0
1	0.22449	0
1	0.265306	0
1	0.306122	0
1	0.346939	0
1	0.387755	0
1	0.428571	0
1	0.469388	0
1	0.510204	0
1	0.55102	0
1	0.591837	0
1	0.632653	0
1	0.673469	0
1	0.714286	0
1	0.755102	0
1	0.795918	0
1	0.836735	0
1	0.877551	0
1	0.918367	0
1	0.959184	0
1	1	0
