-1	-1	0.000219959
-1	-0.959184	0.000439056
-1	-0.918367	0.000656429
-1	-0.877551	0.000871227
-1	-0.836735	0.00108261
-1	-0.795918	0.00128973
-1	-0.755102	0.0014918
-1	-0.714286	0.00168801
-1	-0.673469	0.00187759
-1	-0.632653	0.0020598
-1	-0.591837	0.00223392
-1	-0.55102	0.00239925
-1	-0.510204	0.00255516
-1	-0.469388	0.00270103
-1	-0.428571	0.00283627
-1	-0.387755	0.00296035
-1	-0.346939	0.00307279
-1	-0.306122	0.00317313
-1	-0.265306	0.00326098
-1	-0.22449	0.00333598
-1	-0.183673	0.00339784
-1	-0.142857	0.00344631
-1	-0.102041	0.00348119
-1	-0.0612245	0.00350234
-1	-0.0204082	0.00350967
-1	0.0204082	0.00350315
-1	0.0612245	0.0034828
-1	0.102041	0.00344869
-1	0.142857	0.00340096
-1	0.183673	0.00333978
-1	0.22449	0.0032654
-1	0.265306	0.00317811
-1	0.306122	0.00307824
-1	0.346939	0.0029662
-1	0.387755	0.00284241
-1	0.428571	0.00270737
-1	0.469388	0.00256161
-1	0.510204	0.0024057
-1	0.55102	0.00224026
-1	0.591837	0.00206595
-1	0.632653	0.00188344
-1	0.673469	0.00169347
-1	0.714286	0.00149678
-1	0.755102	0.00129416
-1	0.795918	0.0010864
-1	0.836735	0.000874339
-1	0.877551	0.000658808
-1	0.918367	0.000440662
-1	0.959184	0.000220769
-1	1	0
-0.959184	-1	0.000439056
-0.959184	-0.959184	0.000876388
-0.959184	-0.918367	0.00131028
-0.959184	-0.877551	0.00173903
-0.959184	-0.836735	0.00216096
-0.959184	-0.795918	0.00257441
-0.959184	-0.755102	0.00297775
-0.959184	-0.714286	0.0033694
-0.959184	-0.673469	0.00374782
-0.959184	-0.632653	0.00411152
-0.959184	-0.591837	0.00445907
-0.959184	-0.55102	0.00478909
-0.959184	-0.510204	0.0051003
-0.959184	-0.469388	0.00539145
-0.959184	-0.428571	0.00566141
-0.959184	-0.387755	0.00590909
-0.959184	-0.346939	0.00613352
-0.959184	-0.306122	0.00633381
-0.959184	-0.265306	0.00650916
-0.959184	-0.22449	0.00665888
-0.959184	-0.183673	0.00678235
-0.959184	-0.142857	0.0068791
-0.959184	-0.102041	0.00694872
-0.959184	-0.0612245	0.00699094
-0.959184	-0.0204082	0.00700557
-0.959184	0.0204082	0.00699256
-0.959184	0.0612245	0.00695193
-0.959184	0.102041	0.00688385
-0.959184	0.142857	0.00678857
-0.959184	0.183673	0.00666646
-0.959184	0.22449	0.00651799
-0.959184	0.265306	0.00634375
-0.959184	0.306122	0.00614441
-0.959184	0.346939	0.00592076
-0.959184	0.387755	0.00567367
-0.959184	0.428571	0.00540412
-0.959184	0.469388	0.00511317
-0.959184	0.510204	0.00480197
-0.959184	0.55102	0.00447174
-0.959184	0.591837	0.00412378
-0.959184	0.632653	0.00375949
-0.959184	0.673469	0.00338029
-0.959184	0.714286	0.00298769
-0.959184	0.755102	0.00258324
-0.959184	0.795918	0.00216854
-0.959184	0.836735	0.00174525
-0.959184	0.877551	0.00131503
-0.959184	0.918367	0.000879596
-0.959184	0.959184	0.000440672
-0.959184	1	0
-0.918367	-1	0.000656429
-0.918367	-0.959184	0.00131028
-0.918367	-0.918367	0.00195899
-0.918367	-0.877551	0.00260002
-0.918367	-0.836735	0.00323084
-0.918367	-0.795918	0.00384898
-0.918367	-0.755102	0.00445201
-0.918367	-0.714286	0.00503757
-0.918367	-0.673469	0.00560334
-0.918367	-0.632653	0.0061471
-0.918367	-0.591837	0.00666672
-0.918367	-0.55102	0.00716014
-0.918367	-0.510204	0.00762542
-0.918367	-0.469388	0.00806073
-0.918367	-0.428571	0.00846433
-0.918367	-0.387755	0.00883464
-0.918367	-0.346939	0.00917019
-0.918367	-0.306122	0.00946964
-0.918367	-0.265306	0.00973181
-0.918367	-0.22449	0.00995564
-0.918367	-0.183673	0.0101403
-0.918367	-0.142857	0.0102849
-0.918367	-0.102041	0.010389
-0.918367	-0.0612245	0.0104521
-0.918367	-0.0204082	0.010474
-0.918367	0.0204082	0.0104545
-0.918367	0.0612245	0.0103938
-0.918367	0.102041	0.010292
-0.918367	0.142857	0.0101495
-0.918367	0.183673	0.00996698
-0.918367	0.22449	0.00974501
-0.918367	0.265306	0.0094845
-0.918367	0.306122	0.00918647
-0.918367	0.346939	0.00885209
-0.918367	0.387755	0.00848267
-0.918367	0.428571	0.00807967
-0.918367	0.469388	0.00764467
-0.918367	0.510204	0.00717939
-0.918367	0.55102	0.00668566
-0.918367	0.591837	0.00616544
-0.918367	0.632653	0.00562079
-0.918367	0.673469	0.00505385
-0.918367	0.714286	0.00446687
-0.918367	0.755102	0.00386218
-0.918367	0.795918	0.00324217
-0.918367	0.836735	0.00260931
-0.918367	0.877551	0.00196609
-0.918367	0.918367	0.00131508
-0.918367	0.959184	0.000658846
-0.918367	1	0
-0.877551	-1	0.000871227
-0.877551	-0.959184	0.00173903
-0.877551	-0.918367	0.00260002
-0.877551	-0.877551	0.0034508
-0.877551	-0.836735	0.00428804
-0.877551	-0.795918	0.00510845
-0.877551	-0.755102	0.00590881
-0.877551	-0.714286	0.00668596
-0.877551	-0.673469	0.00743687
-0.877551	-0.632653	0.00815857
-0.877551	-0.591837	0.00884821
-0.877551	-0.55102	0.00950309
-0.877551	-0.510204	0.0101206
-0.877551	-0.469388	0.0106984
-0.877551	-0.428571	0.011234
-0.877551	-0.387755	0.0117255
-0.877551	-0.346939	0.0121709
-0.877551	-0.306122	0.0125683
-0.877551	-0.265306	0.0129163
-0.877551	-0.22449	0.0132133
-0.877551	-0.183673	0.0134584
-0.877551	-0.142857	0.0136503
-0.877551	-0.102041	0.0137885
-0.877551	-0.0612245	0.0138723
-0.877551	-0.0204082	0.0139013
-0.877551	0.0204082	0.0138755
-0.877551	0.0612245	0.0137949
-0.877551	0.102041	0.0136598
-0.877551	0.142857	0.0134707
-0.877551	0.183673	0.0132284
-0.877551	0.22449	0.0129338
-0.877551	0.265306	0.012588
-0.877551	0.306122	0.0121925
-0.877551	0.346939	0.0117487
-0.877551	0.387755	0.0112584
-0.877551	0.428571	0.0107235
-0.877551	0.469388	0.0101462
-0.877551	0.510204	0.00952864
-0.877551	0.55102	0.00887335
-0.877551	0.591837	0.00818291
-0.877551	0.632653	0.00746003
-0.877551	0.673469	0.00670757
-0.877551	0.714286	0.00592853
-0.877551	0.755102	0.00512597
-0.877551	0.795918	0.00430308
-0.877551	0.836735	0.00346313
-0.877551	0.877551	0.00260944
-0.877551	0.918367	0.0017454
-0.877551	0.959184	0.000874434
-0.877551	1	0
-0.836735	-1	0.00108261
-0.836735	-0.959184	0.00216096
-0.836735	-0.918367	0.00323084
-0.836735	-0.877551	0.00428804
-0.836735	-0.836735	0.00532841
-0.836735	-0.795918	0.00634787
-0.836735	-0.755102	0.00734241
-0.836735	-0.714286	0.00830812
-0.836735	-0.673469	0.00924122
-0.836735	-0.632653	0.010138
-0.836735	-0.591837	0.010995
-0.836735	-0.55102	0.0118088
-0.836735	-0.510204	0.0125761
-0.836735	-0.469388	0.013294
-0.836735	-0.428571	0.0139597
-0.836735	-0.387755	0.0145704
-0.836735	-0.346939	0.0151238
-0.836735	-0.306122	0.0156177
-0.836735	-0.265306	0.01605
-0.836735	-0.22449	0.0164192
-0.836735	-0.183673	0.0167237
-0.836735	-0.142857	0.0169622
-0.836735	-0.102041	0.0171339
-0.836735	-0.0612245	0.017238
-0.836735	-0.0204082	0.0172741
-0.836735	0.0204082	0.017242
-0.836735	0.0612245	0.0171418
-0.836735	0.102041	0.0169739
-0.836735	0.142857	0.016739
-0.836735	0.183673	0.0164379
-0.836735	0.22449	0.0160718
-0.836735	0.265306	0.0156422
-0.836735	0.306122	0.0151506
-0.836735	0.346939	0.0145992
-0.836735	0.387755	0.0139899
-0.836735	0.428571	0.0133253
-0.836735	0.469388	0.0126078
-0.836735	0.510204	0.0118405
-0.836735	0.55102	0.0110262
-0.836735	0.591837	0.0101683
-0.836735	0.632653	0.00926999
-0.836735	0.673469	0.00833498
-0.836735	0.714286	0.00736691
-0.836735	0.755102	0.00636964
-0.836735	0.795918	0.0053471
-0.836735	0.836735	0.00430336
-0.836735	0.877551	0.00324255
-0.836735	0.918367	0.00216887
-0.836735	0.959184	0.00108659
-0.836735	1	0
-0.795918	-1	0.00128973
-0.795918	-0.959184	0.00257441
-0.795918	-0.918367	0.00384898
-0.795918	-0.877551	0.00510845
-0.795918	-0.836735	0.00634787
-0.795918	-0.795918	0.00756238
-0.795918	-0.755102	0.0087472
-0.795918	-0.714286	0.00989768
-0.795918	-0.673469	0.0110093
-0.795918	-0.632653	0.0120777
-0.795918	-0.591837	0.0130986
-0.795918	-0.55102	0.0140681
-0.795918	-0.510204	0.0149822
-0.795918	-0.469388	0.0158375
-0.795918	-0.428571	0.0166305
-0.795918	-0.387755	0.0173581
-0.795918	-0.346939	0.0180173
-0.795918	-0.306122	0.0186057
-0.795918	-0.265306	0.0191208
-0.795918	-0.22449	0.0195606
-0.795918	-0.183673	0.0199233
-0.795918	-0.142857	0.0202075
-0.795918	-0.102041	0.020412
-0.795918	-0.0612245	0.020536
-0.795918	-0.0204082	0.020579
-0.795918	0.0204082	0.0205408
-0.795918	0.0612245	0.0204214
-0.795918	0.102041	0.0202214
-0.795918	0.142857	0.0199416
-0.795918	0.183673	0.0195829
-0.795918	0.22449	0.0191467
-0.795918	0.265306	0.0186349
-0.795918	0.306122	0.0180493
-0.795918	0.346939	0.0173923
-0.795918	0.387755	0.0166665
-0.795918	0.428571	0.0158747
-0.795918	0.469388	0.01502
-0.795918	0.510204	0.0141059
-0.795918	0.55102	0.0131358
-0.795918	0.591837	0.0121137
-0.795918	0.632653	0.0110436
-0.795918	0.673469	0.00992966
-0.795918	0.714286	0.00877639
-0.795918	0.755102	0.00758831
-0.795918	0.795918	0.00637014
-0.795918	0.836735	0.0051267
-0.795918	0.877551	0.00386293
-0.795918	0.918367	0.00258383
-0.795918	0.959184	0.00129448
-0.795918	1	0
-0.755102	-1	0.0014918
-0.755102	-0.959184	0.00297775
-0.755102	-0.918367	0.00445201
-0.755102	-0.877551	0.00590881
-0.755102	-0.836735	0.00734241
-0.755102	-0.795918	0.0087472
-0.755102	-0.755102	0.0101176
-0.755102	-0.714286	0.0114484
-0.755102	-0.673469	0.0127342
-0.755102	-0.632653	0.0139699
-0.755102	-0.591837	0.0151508
-0.755102	-0.55102	0.0162721
-0.755102	-0.510204	0.0173295
-0.755102	-0.469388	0.0183188
-0.755102	-0.428571	0.019236
-0.755102	-0.387755	0.0200776
-0.755102	-0.346939	0.0208402
-0.755102	-0.306122	0.0215207
-0.755102	-0.265306	0.0221165
-0.755102	-0.22449	0.0226252
-0.755102	-0.183673	0.0230447
-0.755102	-0.142857	0.0233735
-0.755102	-0.102041	0.02361
-0.755102	-0.0612245	0.0237535
-0.755102	-0.0204082	0.0238032
-0.755102	0.0204082	0.023759
-0.755102	0.0612245	0.0236209
-0.755102	0.102041	0.0233896
-0.755102	0.142857	0.0230659
-0.755102	0.183673	0.022651
-0.755102	0.22449	0.0221465
-0.755102	0.265306	0.0215545
-0.755102	0.306122	0.0208772
-0.755102	0.346939	0.0201173
-0.755102	0.387755	0.0192777
-0.755102	0.428571	0.0183619
-0.755102	0.469388	0.0173733
-0.755102	0.510204	0.0163159
-0.755102	0.55102	0.0151938
-0.755102	0.591837	0.0140116
-0.755102	0.632653	0.0127738
-0.755102	0.673469	0.0114854
-0.755102	0.714286	0.0101514
-0.755102	0.755102	0.0087772
-0.755102	0.795918	0.00736817
-0.755102	0.836735	0.00592992
-0.755102	0.877551	0.00446814
-0.755102	0.918367	0.00298865
-0.755102	0.959184	0.00149729
-0.755102	1	0
-0.714286	-1	0.00168801
-0.714286	-0.959184	0.0033694
-0.714286	-0.918367	0.00503757
-0.714286	-0.877551	0.00668596
-0.714286	-0.836735	0.00830812
-0.714286	-0.795918	0.00989768
-0.714286	-0.755102	0.0114484
-0.714286	-0.714286	0.0129541
-0.714286	-0.673469	0.014409
-0.714286	-0.632653	0.0158073
-0.714286	-0.591837	0.0171435
-0.714286	-0.55102	0.0184123
-0.714286	-0.510204	0.0196088
-0.714286	-0.469388	0.0207282
-0.714286	-0.428571	0.0217661
-0.714286	-0.387755	0.0227183
-0.714286	-0.346939	0.0235812
-0.714286	-0.306122	0.0243512
-0.714286	-0.265306	0.0250254
-0.714286	-0.22449	0.025601
-0.714286	-0.183673	0.0260757
-0.714286	-0.142857	0.0264477
-0.714286	-0.102041	0.0267153
-0.714286	-0.0612245	0.0268777
-0.714286	-0.0204082	0.0269339
-0.714286	0.0204082	0.0268839
-0.714286	0.0612245	0.0267277
-0.714286	0.102041	0.0264659
-0.714286	0.142857	0.0260996
-0.714286	0.183673	0.0256301
-0.714286	0.22449	0.0250593
-0.714286	0.265306	0.0243894
-0.714286	0.306122	0.0236231
-0.714286	0.346939	0.0227632
-0.714286	0.387755	0.0218132
-0.714286	0.428571	0.0207769
-0.714286	0.469388	0.0196583
-0.714286	0.510204	0.0184618
-0.714286	0.55102	0.0171922
-0.714286	0.591837	0.0158545
-0.714286	0.632653	0.0144539
-0.714286	0.673469	0.012996
-0.714286	0.714286	0.0114866
-0.714286	0.755102	0.00993162
-0.714286	0.795918	0.00833727
-0.714286	0.836735	0.00670985
-0.714286	0.877551	0.00505582
-0.714286	0.918367	0.00338173
-0.714286	0.959184	0.00169423
-0.714286	1	0
-0.673469	-1	0.00187759
-0.673469	-0.959184	0.00374782
-0.673469	-0.918367	0.00560334
-0.673469	-0.877551	0.00743687
-0.673469	-0.836735	0.00924122
-0.673469	-0.795918	0.0110093
-0.673469	-0.755102	0.0127342
-0.673469	-0.714286	0.014409
-0.673469	-0.673469	0.0160273
-0.673469	-0.632653	0.0175826
-0.673469	-0.591837	0.0190689
-0.673469	-0.55102	0.0204802
-0.673469	-0.510204	0.0218111
-0.673469	-0.469388	0.0230562
-0.673469	-0.428571	0.0242106
-0.673469	-0.387755	0.0252698
-0.673469	-0.346939	0.0262296
-0.673469	-0.306122	0.0270861
-0.673469	-0.265306	0.027836
-0.673469	-0.22449	0.0284763
-0.673469	-0.183673	0.0290043
-0.673469	-0.142857	0.029418
-0.673469	-0.102041	0.0297158
-0.673469	-0.0612245	0.0298963
-0.673469	-0.0204082	0.0299589
-0.673469	0.0204082	0.0299032
-0.673469	0.0612245	0.0297295
-0.673469	0.102041	0.0294383
-0.673469	0.142857	0.0290309
-0.673469	0.183673	0.0285087
-0.673469	0.22449	0.0278738
-0.673469	0.265306	0.0271286
-0.673469	0.306122	0.0262762
-0.673469	0.346939	0.0253197
-0.673469	0.387755	0.0242631
-0.673469	0.428571	0.0231104
-0.673469	0.469388	0.0218661
-0.673469	0.510204	0.0205353
-0.673469	0.55102	0.0191231
-0.673469	0.591837	0.0176351
-0.673469	0.632653	0.0160772
-0.673469	0.673469	0.0144556
-0.673469	0.714286	0.0127766
-0.673469	0.755102	0.011047
-0.673469	0.795918	0.00927363
-0.673469	0.836735	0.00746344
-0.673469	0.877551	0.00562364
-0.673469	0.918367	0.00376153
-0.673469	0.959184	0.00188451
-0.673469	1	0
-0.632653	-1	0.0020598
-0.632653	-0.959184	0.00411152
-0.632653	-0.918367	0.0061471
-0.632653	-0.877551	0.00815857
-0.632653	-0.836735	0.010138
-0.632653	-0.795918	0.0120777
-0.632653	-0.755102	0.0139699
-0.632653	-0.714286	0.0158073
-0.632653	-0.673469	0.0175826
-0.632653	-0.632653	0.0192889
-0.632653	-0.591837	0.0209194
-0.632653	-0.55102	0.0224677
-0.632653	-0.510204	0.0239277
-0.632653	-0.469388	0.0252936
-0.632653	-0.428571	0.0265601
-0.632653	-0.387755	0.0277221
-0.632653	-0.346939	0.028775
-0.632653	-0.306122	0.0297147
-0.632653	-0.265306	0.0305373
-0.632653	-0.22449	0.0312397
-0.632653	-0.183673	0.031819
-0.632653	-0.142857	0.0322728
-0.632653	-0.102041	0.0325995
-0.632653	-0.0612245	0.0327975
-0.632653	-0.0204082	0.0328662
-0.632653	0.0204082	0.0328051
-0.632653	0.0612245	0.0326145
-0.632653	0.102041	0.0322951
-0.632653	0.142857	0.0318481
-0.632653	0.183673	0.0312752
-0.632653	0.22449	0.0305787
-0.632653	0.265306	0.0297613
-0.632653	0.306122	0.0288261
-0.632653	0.346939	0.0277768
-0.632653	0.387755	0.0266177
-0.632653	0.428571	0.0253531
-0.632653	0.469388	0.0239881
-0.632653	0.510204	0.0225281
-0.632653	0.55102	0.0209788
-0.632653	0.591837	0.0193465
-0.632653	0.632653	0.0176374
-0.632653	0.673469	0.0158584
-0.632653	0.714286	0.0140165
-0.632653	0.755102	0.0121191
-0.632653	0.795918	0.0101736
-0.632653	0.836735	0.00818772
-0.632653	0.877551	0.00616938
-0.632653	0.918367	0.00412657
-0.632653	0.959184	0.00206738
-0.632653	1	0
-0.591837	-1	0.00223392
-0.591837	-0.959184	0.00445907
-0.591837	-0.918367	0.00666672
-0.591837	-0.877551	0.00884821
-0.591837	-0.836735	0.010995
-0.591837	-0.795918	0.0130986
-0.591837	-0.755102	0.0151508
-0.591837	-0.714286	0.0171435
-0.591837	-0.673469	0.0190689
-0.591837	-0.632653	0.0209194
-0.591837	-0.591837	0.0226877
-0.591837	-0.55102	0.0243669
-0.591837	-0.510204	0.0259503
-0.591837	-0.469388	0.0274317
-0.591837	-0.428571	0.0288052
-0.591837	-0.387755	0.0300655
-0.591837	-0.346939	0.0312074
-0.591837	-0.306122	0.0322264
-0.591837	-0.265306	0.0331186
-0.591837	-0.22449	0.0338804
-0.591837	-0.183673	0.0345086
-0.591837	-0.142857	0.0350009
-0.591837	-0.102041	0.0353551
-0.591837	-0.0612245	0.0355699
-0.591837	-0.0204082	0.0356444
-0.591837	0.0204082	0.0355781
-0.591837	0.0612245	0.0353714
-0.591837	0.102041	0.035025
-0.591837	0.142857	0.0345402
-0.591837	0.183673	0.033919
-0.591837	0.22449	0.0331636
-0.591837	0.265306	0.032277
-0.591837	0.306122	0.0312628
-0.591837	0.346939	0.0301248
-0.591837	0.387755	0.0288677
-0.591837	0.428571	0.0274962
-0.591837	0.469388	0.0260158
-0.591837	0.510204	0.0244324
-0.591837	0.55102	0.0227522
-0.591837	0.591837	0.0209818
-0.591837	0.632653	0.0191283
-0.591837	0.673469	0.0171989
-0.591837	0.714286	0.0152014
-0.591837	0.755102	0.0131435
-0.591837	0.795918	0.0110336
-0.591837	0.836735	0.00887983
-0.591837	0.877551	0.00669088
-0.591837	0.918367	0.00447539
-0.591837	0.959184	0.00224214
-0.591837	1	0
-0.55102	-1	0.00239925
-0.55102	-0.959184	0.00478909
-0.55102	-0.918367	0.00716014
-0.55102	-0.877551	0.00950309
-0.55102	-0.836735	0.0118088
-0.55102	-0.795918	0.0140681
-0.55102	-0.755102	0.0162721
-0.55102	-0.714286	0.0184123
-0.55102	-0.673469	0.0204802
-0.55102	-0.632653	0.0224677
-0.55102	-0.591837	0.0243669
-0.55102	-0.55102	0.0261704
-0.55102	-0.510204	0.027871
-0.55102	-0.469388	0.029462
-0.55102	-0.428571	0.0309372
-0.55102	-0.387755	0.0322907
-0.55102	-0.346939	0.0335171
-0.55102	-0.306122	0.0346116
-0.55102	-0.265306	0.0355698
-0.55102	-0.22449	0.036388
-0.55102	-0.183673	0.0370627
-0.55102	-0.142857	0.0375914
-0.55102	-0.102041	0.0379719
-0.55102	-0.0612245	0.0382025
-0.55102	-0.0204082	0.0382825
-0.55102	0.0204082	0.0382114
-0.55102	0.0612245	0.0379894
-0.55102	0.102041	0.0376173
-0.55102	0.142857	0.0370967
-0.55102	0.183673	0.0364294
-0.55102	0.22449	0.0356181
-0.55102	0.265306	0.0346659
-0.55102	0.306122	0.0335766
-0.55102	0.346939	0.0323545
-0.55102	0.387755	0.0310042
-0.55102	0.428571	0.0295313
-0.55102	0.469388	0.0279413
-0.55102	0.510204	0.0262407
-0.55102	0.55102	0.0244362
-0.55102	0.591837	0.0225347
-0.55102	0.632653	0.020544
-0.55102	0.673469	0.0184719
-0.55102	0.714286	0.0163264
-0.55102	0.755102	0.0141163
-0.55102	0.795918	0.0118502
-0.55102	0.836735	0.00953705
-0.55102	0.877551	0.00718609
-0.55102	0.918367	0.00480662
-0.55102	0.959184	0.00240809
-0.55102	1	0
-0.510204	-1	0.00255516
-0.510204	-0.959184	0.0051003
-0.510204	-0.918367	0.00762542
-0.510204	-0.877551	0.0101206
-0.510204	-0.836735	0.0125761
-0.510204	-0.795918	0.0149822
-0.510204	-0.755102	0.0173295
-0.510204	-0.714286	0.0196088
-0.510204	-0.673469	0.0218111
-0.510204	-0.632653	0.0239277
-0.510204	-0.591837	0.0259503
-0.510204	-0.55102	0.027871
-0.510204	-0.510204	0.0296821
-0.510204	-0.469388	0.0313765
-0.510204	-0.428571	0.0329476
-0.510204	-0.387755	0.034389
-0.510204	-0.346939	0.0356951
-0.510204	-0.306122	0.0368607
-0.510204	-0.265306	0.0378812
-0.510204	-0.22449	0.0387525
-0.510204	-0.183673	0.0394711
-0.510204	-0.142857	0.0400342
-0.510204	-0.102041	0.0404393
-0.510204	-0.0612245	0.040685
-0.510204	-0.0204082	0.0407702
-0.510204	0.0204082	0.0406944
-0.510204	0.0612245	0.040458
-0.510204	0.102041	0.0400618
-0.510204	0.142857	0.0395073
-0.510204	0.183673	0.0387966
-0.510204	0.22449	0.0379326
-0.510204	0.265306	0.0369186
-0.510204	0.306122	0.0357585
-0.510204	0.346939	0.0344569
-0.510204	0.387755	0.033019
-0.510204	0.428571	0.0314503
-0.510204	0.469388	0.029757
-0.510204	0.510204	0.0279459
-0.510204	0.55102	0.0260241
-0.510204	0.591837	0.0239991
-0.510204	0.632653	0.021879
-0.510204	0.673469	0.0196722
-0.510204	0.714286	0.0173874
-0.510204	0.755102	0.0150336
-0.510204	0.795918	0.0126202
-0.510204	0.836735	0.0101568
-0.510204	0.877551	0.00765305
-0.510204	0.918367	0.00511897
-0.510204	0.959184	0.00256457
-0.510204	1	0
-0.469388	-1	0.00270103
-0.469388	-0.959184	0.00539145
-0.469388	-0.918367	0.00806073
-0.469388	-0.877551	0.0106984
-0.469388	-0.836735	0.013294
-0.469388	-0.795918	0.0158375
-0.469388	-0.755102	0.0183188
-0.469388	-0.714286	0.0207282
-0.469388	-0.673469	0.0230562
-0.469388	-0.632653	0.0252936
-0.469388	-0.591837	0.0274317
-0.469388	-0.55102	0.029462
-0.469388	-0.510204	0.0313765
-0.469388	-0.469388	0.0331677
-0.469388	-0.428571	0.0348284
-0.469388	-0.387755	0.0363521
-0.469388	-0.346939	0.0377328
-0.469388	-0.306122	0.038965
-0.469388	-0.265306	0.0400437
-0.469388	-0.22449	0.0409647
-0.469388	-0.183673	0.0417244
-0.469388	-0.142857	0.0423195
-0.469388	-0.102041	0.0427478
-0.469388	-0.0612245	0.0430076
-0.469388	-0.0204082	0.0430976
-0.469388	0.0204082	0.0430175
-0.469388	0.0612245	0.0427676
-0.469388	0.102041	0.0423487
-0.469388	0.142857	0.0417626
-0.469388	0.183673	0.0410114
-0.469388	0.22449	0.040098
-0.469388	0.265306	0.0390261
-0.469388	0.306122	0.0377998
-0.469388	0.346939	0.0364239
-0.469388	0.387755	0.0349039
-0.469388	0.428571	0.0332456
-0.469388	0.469388	0.0314557
-0.469388	0.510204	0.0295412
-0.469388	0.55102	0.0275097
-0.469388	0.591837	0.0253691
-0.469388	0.632653	0.023128
-0.469388	0.673469	0.0207952
-0.469388	0.714286	0.0183799
-0.469388	0.755102	0.0158918
-0.469388	0.795918	0.0133407
-0.469388	0.836735	0.0107366
-0.469388	0.877551	0.00808993
-0.469388	0.918367	0.00541119
-0.469388	0.959184	0.00271097
-0.469388	1	0
-0.428571	-1	0.00283627
-0.428571	-0.959184	0.00566141
-0.428571	-0.918367	0.00846433
-0.428571	-0.877551	0.011234
-0.428571	-0.836735	0.0139597
-0.428571	-0.795918	0.0166305
-0.428571	-0.755102	0.019236
-0.428571	-0.714286	0.0217661
-0.428571	-0.673469	0.0242106
-0.428571	-0.632653	0.0265601
-0.428571	-0.591837	0.0288052
-0.428571	-0.55102	0.0309372
-0.428571	-0.510204	0.0329476
-0.428571	-0.469388	0.0348284
-0.428571	-0.428571	0.0365723
-0.428571	-0.387755	0.0381723
-0.428571	-0.346939	0.0396221
-0.428571	-0.306122	0.040916
-0.428571	-0.265306	0.0420487
-0.428571	-0.22449	0.0430159
-0.428571	-0.183673	0.0438135
-0.428571	-0.142857	0.0444385
-0.428571	-0.102041	0.0448883
-0.428571	-0.0612245	0.045161
-0.428571	-0.0204082	0.0452555
-0.428571	0.0204082	0.0451714
-0.428571	0.0612245	0.044909
-0.428571	0.102041	0.0444692
-0.428571	0.142857	0.0438537
-0.428571	0.183673	0.0430648
-0.428571	0.22449	0.0421058
-0.428571	0.265306	0.0409802
-0.428571	0.306122	0.0396925
-0.428571	0.346939	0.0382477
-0.428571	0.387755	0.0366515
-0.428571	0.428571	0.0349102
-0.428571	0.469388	0.0330307
-0.428571	0.510204	0.0310204
-0.428571	0.55102	0.0288871
-0.428571	0.591837	0.0266393
-0.428571	0.632653	0.024286
-0.428571	0.673469	0.0218364
-0.428571	0.714286	0.0193002
-0.428571	0.755102	0.0166875
-0.428571	0.795918	0.0140086
-0.428571	0.836735	0.0112742
-0.428571	0.877551	0.008495
-0.428571	0.918367	0.00568213
-0.428571	0.959184	0.00284671
-0.428571	1	0
-0.387755	-1	0.00296035
-0.387755	-0.959184	0.00590909
-0.387755	-0.918367	0.00883464
-0.387755	-0.877551	0.0117255
-0.387755	-0.836735	0.0145704
-0.387755	-0.795918	0.0173581
-0.387755	-0.755102	0.0200776
-0.387755	-0.714286	0.0227183
-0.387755	-0.673469	0.0252698
-0.387755	-0.632653	0.0277221
-0.387755	-0.591837	0.0300655
-0.387755	-0.55102	0.0322907
-0.387755	-0.510204	0.034389
-0.387755	-0.469388	0.0363521
-0.387755	-0.428571	0.0381723
-0.387755	-0.387755	0.0398423
-0.387755	-0.346939	0.0413556
-0.387755	-0.306122	0.042706
-0.387755	-0.265306	0.0438883
-0.387755	-0.22449	0.0448978
-0.387755	-0.183673	0.0457303
-0.387755	-0.142857	0.0463827
-0.387755	-0.102041	0.0468521
-0.387755	-0.0612245	0.0471367
-0.387755	-0.0204082	0.0472354
-0.387755	0.0204082	0.0471476
-0.387755	0.0612245	0.0468737
-0.387755	0.102041	0.0464147
-0.387755	0.142857	0.0457722
-0.387755	0.183673	0.0449489
-0.387755	0.22449	0.0439479
-0.387755	0.265306	0.042773
-0.387755	0.306122	0.041429
-0.387755	0.346939	0.039921
-0.387755	0.387755	0.038255
-0.387755	0.428571	0.0364375
-0.387755	0.469388	0.0344758
-0.387755	0.510204	0.0323775
-0.387755	0.55102	0.0301509
-0.387755	0.591837	0.0278048
-0.387755	0.632653	0.0253485
-0.387755	0.673469	0.0227918
-0.387755	0.714286	0.0201446
-0.387755	0.755102	0.0174176
-0.387755	0.795918	0.0146215
-0.387755	0.836735	0.0117674
-0.387755	0.877551	0.00886665
-0.387755	0.918367	0.00593072
-0.387755	0.959184	0.00297125
-0.387755	1	0
-0.346939	-1	0.00307279
-0.346939	-0.959184	0.00613352
-0.346939	-0.918367	0.00917019
-0.346939	-0.877551	0.0121709
-0.346939	-0.836735	0.0151238
-0.346939	-0.795918	0.0180173
-0.346939	-0.755102	0.0208402
-0.346939	-0.714286	0.0235812
-0.346939	-0.673469	0.0262296
-0.346939	-0.632653	0.028775
-0.346939	-0.591837	0.0312074
-0.346939	-0.55102	0.0335171
-0.346939	-0.510204	0.0356951
-0.346939	-0.469388	0.0377328
-0.346939	-0.428571	0.0396221
-0.346939	-0.387755	0.0413556
-0.346939	-0.346939	0.0429263
-0.346939	-0.306122	0.044328
-0.346939	-0.265306	0.0455552
-0.346939	-0.22449	0.046603
-0.346939	-0.183673	0.0474672
-0.346939	-0.142857	0.0481443
-0.346939	-0.102041	0.0486316
-0.346939	-0.0612245	0.048927
-0.346939	-0.0204082	0.0490294
-0.346939	0.0204082	0.0489383
-0.346939	0.0612245	0.048654
-0.346939	0.102041	0.0481775
-0.346939	0.142857	0.0475107
-0.346939	0.183673	0.0466561
-0.346939	0.22449	0.045617
-0.346939	0.265306	0.0443976
-0.346939	0.306122	0.0430025
-0.346939	0.346939	0.0414372
-0.346939	0.387755	0.039708
-0.346939	0.428571	0.0378215
-0.346939	0.469388	0.0357852
-0.346939	0.510204	0.0336072
-0.346939	0.55102	0.031296
-0.346939	0.591837	0.0288609
-0.346939	0.632653	0.0263113
-0.346939	0.673469	0.0236574
-0.346939	0.714286	0.0209097
-0.346939	0.755102	0.0180791
-0.346939	0.795918	0.0151768
-0.346939	0.836735	0.0122144
-0.346939	0.877551	0.00920341
-0.346939	0.918367	0.00615597
-0.346939	0.959184	0.0030841
-0.346939	1	0
-0.306122	-1	0.00317313
-0.306122	-0.959184	0.00633381
-0.306122	-0.918367	0.00946964
-0.306122	-0.877551	0.0125683
-0.306122	-0.836735	0.0156177
-0.306122	-0.795918	0.0186057
-0.306122	-0.755102	0.0215207
-0.306122	-0.714286	0.0243512
-0.306122	-0.673469	0.0270861
-0.306122	-0.632653	0.0297147
-0.306122	-0.591837	0.0322264
-0.306122	-0.55102	0.0346116
-0.306122	-0.510204	0.0368607
-0.306122	-0.469388	0.038965
-0.306122	-0.428571	0.040916
-0.306122	-0.387755	0.042706
-0.306122	-0.346939	0.044328
-0.306122	-0.306122	0.0457756
-0.306122	-0.265306	0.0470429
-0.306122	-0.22449	0.0481249
-0.306122	-0.183673	0.0490173
-0.306122	-0.142857	0.0497165
-0.306122	-0.102041	0.0502196
-0.306122	-0.0612245	0.0505247
-0.306122	-0.0204082	0.0506305
-0.306122	0.0204082	0.0505364
-0.306122	0.0612245	0.0502428
-0.306122	0.102041	0.0497508
-0.306122	0.142857	0.0490622
-0.306122	0.183673	0.0481796
-0.306122	0.22449	0.0471067
-0.306122	0.265306	0.0458474
-0.306122	0.306122	0.0444067
-0.306122	0.346939	0.0427904
-0.306122	0.387755	0.0410046
-0.306122	0.428571	0.0390565
-0.306122	0.469388	0.0369538
-0.306122	0.510204	0.0347046
-0.306122	0.55102	0.032318
-0.306122	0.591837	0.0298033
-0.306122	0.632653	0.0271705
-0.306122	0.673469	0.0244299
-0.306122	0.714286	0.0215925
-0.306122	0.755102	0.0186695
-0.306122	0.795918	0.0156724
-0.306122	0.836735	0.0126132
-0.306122	0.877551	0.00950395
-0.306122	0.918367	0.00635699
-0.306122	0.959184	0.00318481
-0.306122	1	0
-0.265306	-1	0.00326098
-0.265306	-0.959184	0.00650916
-0.265306	-0.918367	0.00973181
-0.265306	-0.877551	0.0129163
-0.265306	-0.836735	0.01605
-0.265306	-0.795918	0.0191208
-0.265306	-0.755102	0.0221165
-0.265306	-0.714286	0.0250254
-0.265306	-0.673469	0.027836
-0.265306	-0.632653	0.0305373
-0.265306	-0.591837	0.0331186
-0.265306	-0.55102	0.0355698
-0.265306	-0.510204	0.0378812
-0.265306	-0.469388	0.0400437
-0.265306	-0.428571	0.0420487
-0.265306	-0.387755	0.0438883
-0.265306	-0.346939	0.0455552
-0.265306	-0.306122	0.0470429
-0.265306	-0.265306	0.0483452
-0.265306	-0.22449	0.0494572
-0.265306	-0.183673	0.0503743
-0.265306	-0.142857	0.0510929
-0.265306	-0.102041	0.05161
-0.265306	-0.0612245	0.0519235
-0.265306	-0.0204082	0.0520322
-0.265306	0.0204082	0.0519355
-0.265306	0.0612245	0.0516338
-0.265306	0.102041	0.0511281
-0.265306	0.142857	0.0504204
-0.265306	0.183673	0.0495135
-0.265306	0.22449	0.0484108
-0.265306	0.265306	0.0471167
-0.265306	0.306122	0.0456361
-0.265306	0.346939	0.043975
-0.265306	0.387755	0.0421398
-0.265306	0.428571	0.0401378
-0.265306	0.469388	0.0379768
-0.265306	0.510204	0.0356654
-0.265306	0.55102	0.0332127
-0.265306	0.591837	0.0306284
-0.265306	0.632653	0.0279227
-0.265306	0.673469	0.0251063
-0.265306	0.714286	0.0221903
-0.265306	0.755102	0.0191864
-0.265306	0.795918	0.0161063
-0.265306	0.836735	0.0129624
-0.265306	0.877551	0.00976707
-0.265306	0.918367	0.00653299
-0.265306	0.959184	0.00327298
-0.265306	1	0
-0.22449	-1	0.00333598
-0.22449	-0.959184	0.00665888
-0.22449	-0.918367	0.00995564
-0.22449	-0.877551	0.0132133
-0.22449	-0.836735	0.0164192
-0.22449	-0.795918	0.0195606
-0.22449	-0.755102	0.0226252
-0.22449	-0.714286	0.025601
-0.22449	-0.673469	0.0284763
-0.22449	-0.632653	0.0312397
-0.22449	-0.591837	0.0338804
-0.22449	-0.55102	0.036388
-0.22449	-0.510204	0.0387525
-0.22449	-0.469388	0.0409647
-0.22449	-0.428571	0.0430159
-0.22449	-0.387755	0.0448978
-0.22449	-0.346939	0.046603
-0.22449	-0.306122	0.0481249
-0.22449	-0.265306	0.0494572
-0.22449	-0.22449	0.0505947
-0.22449	-0.183673	0.0515329
-0.22449	-0.142857	0.052268
-0.22449	-0.102041	0.052797
-0.22449	-0.0612245	0.0531178
-0.22449	-0.0204082	0.053229
-0.22449	0.0204082	0.0531301
-0.22449	0.0612245	0.0528214
-0.22449	0.102041	0.0523041
-0.22449	0.142857	0.0515801
-0.22449	0.183673	0.0506523
-0.22449	0.22449	0.0495243
-0.22449	0.265306	0.0482004
-0.22449	0.306122	0.0466858
-0.22449	0.346939	0.0449865
-0.22449	0.387755	0.0431091
-0.22449	0.428571	0.041061
-0.22449	0.469388	0.0388503
-0.22449	0.510204	0.0364858
-0.22449	0.55102	0.0339766
-0.22449	0.591837	0.0313329
-0.22449	0.632653	0.0285649
-0.22449	0.673469	0.0256837
-0.22449	0.714286	0.0227007
-0.22449	0.755102	0.0196277
-0.22449	0.795918	0.0164768
-0.22449	0.836735	0.0132605
-0.22449	0.877551	0.00999172
-0.22449	0.918367	0.00668325
-0.22449	0.959184	0.00334827
-0.22449	1	0
-0.183673	-1	0.00339784
-0.183673	-0.959184	0.00678235
-0.183673	-0.918367	0.0101403
-0.183673	-0.877551	0.0134584
-0.183673	-0.836735	0.0167237
-0.183673	-0.795918	0.0199233
-0.183673	-0.755102	0.0230447
-0.183673	-0.714286	0.0260757
-0.183673	-0.673469	0.0290043
-0.183673	-0.632653	0.031819
-0.183673	-0.591837	0.0345086
-0.183673	-0.55102	0.0370627
-0.183673	-0.510204	0.0394711
-0.183673	-0.469388	0.0417244
-0.183673	-0.428571	0.0438135
-0.183673	-0.387755	0.0457303
-0.183673	-0.346939	0.0474672
-0.183673	-0.306122	0.0490173
-0.183673	-0.265306	0.0503743
-0.183673	-0.22449	0.0515329
-0.183673	-0.183673	0.0524885
-0.183673	-0.142857	0.0532372
-0.183673	-0.102041	0.053776
-0.183673	-0.0612245	0.0541028
-0.183673	-0.0204082	0.054216
-0.183673	0.0204082	0.0541153
-0.183673	0.0612245	0.0538009
-0.183673	0.102041	0.053274
-0.183673	0.142857	0.0525366
-0.183673	0.183673	0.0515916
-0.183673	0.22449	0.0504426
-0.183673	0.265306	0.0490942
-0.183673	0.306122	0.0475515
-0.183673	0.346939	0.0458207
-0.183673	0.387755	0.0439085
-0.183673	0.428571	0.0418224
-0.183673	0.469388	0.0395707
-0.183673	0.510204	0.0371623
-0.183673	0.55102	0.0346067
-0.183673	0.591837	0.0319139
-0.183673	0.632653	0.0290946
-0.183673	0.673469	0.02616
-0.183673	0.714286	0.0231217
-0.183673	0.755102	0.0199916
-0.183673	0.795918	0.0167823
-0.183673	0.836735	0.0135064
-0.183673	0.877551	0.010177
-0.183673	0.918367	0.00680718
-0.183673	0.959184	0.00341035
-0.183673	1	0
-0.142857	-1	0.00344631
-0.142857	-0.959184	0.0068791
-0.142857	-0.918367	0.0102849
-0.142857	-0.877551	0.0136503
-0.142857	-0.836735	0.0169622
-0.142857	-0.795918	0.0202075
-0.142857	-0.755102	0.0233735
-0.142857	-0.714286	0.0264477
-0.142857	-0.673469	0.029418
-0.142857	-0.632653	0.0322728
-0.142857	-0.591837	0.0350009
-0.142857	-0.55102	0.0375914
-0.142857	-0.510204	0.0400342
-0.142857	-0.469388	0.0423195
-0.142857	-0.428571	0.0444385
-0.142857	-0.387755	0.0463827
-0.142857	-0.346939	0.0481443
-0.142857	-0.306122	0.0497165
-0.142857	-0.265306	0.0510929
-0.142857	-0.22449	0.052268
-0.142857	-0.183673	0.0532372
-0.142857	-0.142857	0.0539966
-0.142857	-0.102041	0.0545431
-0.142857	-0.0612245	0.0548745
-0.142857	-0.0204082	0.0549894
-0.142857	0.0204082	0.0548872
-0.142857	0.0612245	0.0545683
-0.142857	0.102041	0.0540339
-0.142857	0.142857	0.053286
-0.142857	0.183673	0.0523275
-0.142857	0.22449	0.0511622
-0.142857	0.265306	0.0497945
-0.142857	0.306122	0.0482298
-0.142857	0.346939	0.0464743
-0.142857	0.387755	0.0445348
-0.142857	0.428571	0.042419
-0.142857	0.469388	0.0401352
-0.142857	0.510204	0.0376924
-0.142857	0.55102	0.0351003
-0.142857	0.591837	0.0323691
-0.142857	0.632653	0.0295096
-0.142857	0.673469	0.0265331
-0.142857	0.714286	0.0234515
-0.142857	0.755102	0.0202768
-0.142857	0.795918	0.0170217
-0.142857	0.836735	0.0136991
-0.142857	0.877551	0.0103222
-0.142857	0.918367	0.00690428
-0.142857	0.959184	0.003459
-0.142857	1	0
-0.102041	-1	0.00348119
-0.102041	-0.959184	0.00694872
-0.102041	-0.918367	0.010389
-0.102041	-0.877551	0.0137885
-0.102041	-0.836735	0.0171339
-0.102041	-0.795918	0.020412
-0.102041	-0.755102	0.02361
-0.102041	-0.714286	0.0267153
-0.102041	-0.673469	0.0297158
-0.102041	-0.632653	0.0325995
-0.102041	-0.591837	0.0353551
-0.102041	-0.55102	0.0379719
-0.102041	-0.510204	0.0404393
-0.102041	-0.469388	0.0427478
-0.102041	-0.428571	0.0448883
-0.102041	-0.387755	0.0468521
-0.102041	-0.346939	0.0486316
-0.102041	-0.306122	0.0502196
-0.102041	-0.265306	0.05161
-0.102041	-0.22449	0.052797
-0.102041	-0.183673	0.053776
-0.102041	-0.142857	0.0545431
-0.102041	-0.102041	0.0550952
-0.102041	-0.0612245	0.0554299
-0.102041	-0.0204082	0.0555459
-0.102041	0.0204082	0.0554427
-0.102041	0.0612245	0.0551206
-0.102041	0.102041	0.0545808
-0.102041	0.142857	0.0538253
-0.102041	0.183673	0.0528571
-0.102041	0.22449	0.05168
-0.102041	0.265306	0.0502984
-0.102041	0.306122	0.0487179
-0.102041	0.346939	0.0469446
-0.102041	0.387755	0.0449855
-0.102041	0.428571	0.0428483
-0.102041	0.469388	0.0405414
-0.102041	0.510204	0.0380739
-0.102041	0.55102	0.0354556
-0.102041	0.591837	0.0326967
-0.102041	0.632653	0.0298083
-0.102041	0.673469	0.0268017
-0.102041	0.714286	0.0236888
-0.102041	0.755102	0.020482
-0.102041	0.795918	0.017194
-0.102041	0.836735	0.0138378
-0.102041	0.877551	0.0104266
-0.102041	0.918367	0.00697415
-0.102041	0.959184	0.00349401
-0.102041	1	0
-0.0612245	-1	0.00350234
-0.0612245	-0.959184	0.00699094
-0.0612245	-0.918367	0.0104521
-0.0612245	-0.877551	0.0138723
-0.0612245	-0.836735	0.017238
-0.0612245	-0.795918	0.020536
-0.0612245	-0.755102	0.0237535
-0.0612245	-0.714286	0.0268777
-0.0612245	-0.673469	0.0298963
-0.0612245	-0.632653	0.0327975
-0.0612245	-0.591837	0.0355699
-0.0612245	-0.55102	0.0382025
-0.0612245	-0.510204	0.040685
-0.0612245	-0.469388	0.0430076
-0.0612245	-0.428571	0.045161
-0.0612245	-0.387755	0.0471367
-0.0612245	-0.346939	0.048927
-0.0612245	-0.306122	0.0505247
-0.0612245	-0.265306	0.0519235
-0.0612245	-0.22449	0.0531178
-0.0612245	-0.183673	0.0541028
-0.0612245	-0.142857	0.0548745
-0.0612245	-0.102041	0.0554299
-0.0612245	-0.0612245	0.0557666
-0.0612245	-0.0204082	0.0558834
-0.0612245	0.0204082	0.0557795
-0.0612245	0.0612245	0.0554555
-0.0612245	0.102041	0.0549124
-0.0612245	0.142857	0.0541523
-0.0612245	0.183673	0.0531783
-0.0612245	0.22449	0.0519939
-0.0612245	0.265306	0.050604
-0.0612245	0.306122	0.0490139
-0.0612245	0.346939	0.0472298
-0.0612245	0.387755	0.0452588
-0.0612245	0.428571	0.0431086
-0.0612245	0.469388	0.0407877
-0.0612245	0.510204	0.0383052
-0.0612245	0.55102	0.035671
-0.0612245	0.591837	0.0328954
-0.0612245	0.632653	0.0299894
-0.0612245	0.673469	0.0269645
-0.0612245	0.714286	0.0238327
-0.0612245	0.755102	0.0206065
-0.0612245	0.795918	0.0172984
-0.0612245	0.836735	0.0139218
-0.0612245	0.877551	0.01049
-0.0612245	0.918367	0.00701653
-0.0612245	0.959184	0.00351524
-0.0612245	1	0
-0.0204082	-1	0.00350967
-0.0204082	-0.959184	0.00700557
-0.0204082	-0.918367	0.010474
-0.0204082	-0.877551	0.0139013
-0.0204082	-0.836735	0.0172741
-0.0204082	-0.795918	0.020579
-0.0204082	-0.755102	0.0238032
-0.0204082	-0.714286	0.0269339
-0.0204082	-0.673469	0.0299589
-0.0204082	-0.632653	0.0328662
-0.0204082	-0.591837	0.0356444
-0.0204082	-0.55102	0.0382825
-0.0204082	-0.510204	0.0407702
-0.0204082	-0.469388	0.0430976
-0.0204082	-0.428571	0.0452555
-0.0204082	-0.387755	0.0472354
-0.0204082	-0.346939	0.0490294
-0.0204082	-0.306122	0.0506305
-0.0204082	-0.265306	0.0520322
-0.0204082	-0.22449	0.053229
-0.0204082	-0.183673	0.054216
-0.0204082	-0.142857	0.0549894
-0.0204082	-0.102041	0.0555459
-0.0204082	-0.0612245	0.0558834
-0.0204082	-0.0204082	0.0560003
-0.0204082	0.0204082	0.0558963
-0.0204082	0.0612245	0.0555715
-0.0204082	0.102041	0.0550273
-0.0204082	0.142857	0.0542657
-0.0204082	0.183673	0.0532896
-0.0204082	0.22449	0.0521028
-0.0204082	0.265306	0.0507099
-0.0204082	0.306122	0.0491165
-0.0204082	0.346939	0.0473287
-0.0204082	0.387755	0.0453536
-0.0204082	0.428571	0.0431989
-0.0204082	0.469388	0.0408731
-0.0204082	0.510204	0.0383854
-0.0204082	0.55102	0.0357456
-0.0204082	0.591837	0.0329642
-0.0204082	0.632653	0.0300522
-0.0204082	0.673469	0.027021
-0.0204082	0.714286	0.0238826
-0.0204082	0.755102	0.0206496
-0.0204082	0.795918	0.0173347
-0.0204082	0.836735	0.013951
-0.0204082	0.877551	0.0105119
-0.0204082	0.918367	0.00703121
-0.0204082	0.959184	0.00352259
-0.0204082	1	0
0.0204082	-1	0.00350315
0.0204082	-0.959184	0.00699256
0.0204082	-0.918367	0.0104545
0.0204082	-0.877551	0.0138755
0.0204082	-0.836735	0.017242
0.0204082	-0.795918	0.0205408
0.0204082	-0.755102	0.023759
0.0204082	-0.714286	0.0268839
0.0204082	-0.673469	0.0299032
0.0204082	-0.632653	0.0328051
0.0204082	-0.591837	0.0355781
0.0204082	-0.55102	0.0382114
0.0204082	-0.510204	0.0406944
0.0204082	-0.469388	0.0430175
0.0204082	-0.428571	0.0451714
0.0204082	-0.387755	0.0471476
0.0204082	-0.346939	0.0489383
0.0204082	-0.306122	0.0505364
0.0204082	-0.265306	0.0519355
0.0204082	-0.22449	0.0531301
0.0204082	-0.183673	0.0541153
0.0204082	-0.142857	0.0548872
0.0204082	-0.102041	0.0554427
0.0204082	-0.0612245	0.0557795
0.0204082	-0.0204082	0.0558963
0.0204082	0.0204082	0.0557924
0.0204082	0.0612245	0.0554683
0.0204082	0.102041	0.0549251
0.0204082	0.142857	0.0541648
0.0204082	0.183673	0.0531905
0.0204082	0.22449	0.052006
0.0204082	0.265306	0.0506157
0.0204082	0.306122	0.0490252
0.0204082	0.346939	0.0472407
0.0204082	0.387755	0.0452693
0.0204082	0.428571	0.0431186
0.0204082	0.469388	0.0407971
0.0204082	0.510204	0.0383141
0.0204082	0.55102	0.0356792
0.0204082	0.591837	0.032903
0.0204082	0.632653	0.0299963
0.0204082	0.673469	0.0269708
0.0204082	0.714286	0.0238382
0.0204082	0.755102	0.0206112
0.0204082	0.795918	0.0173024
0.0204082	0.836735	0.013925
0.0204082	0.877551	0.0104924
0.0204082	0.918367	0.00701815
0.0204082	0.959184	0.00351605
0.0204082	1	0
0.0612245	-1	0.0034828
0.0612245	-0.959184	0.00695193
0.0612245	-0.918367	0.0103938
0.0612245	-0.877551	0.0137949
0.0612245	-0.836735	0.0171418
0.0612245	-0.795918	0.0204214
0.0612245	-0.755102	0.0236209
0.0612245	-0.714286	0.0267277
0.0612245	-0.673469	0.0297295
0.0612245	-0.632653	0.0326145
0.0612245	-0.591837	0.0353714
0.0612245	-0.55102	0.0379894
0.0612245	-0.510204	0.040458
0.0612245	-0.469388	0.0427676
0.0612245	-0.428571	0.044909
0.0612245	-0.387755	0.0468737
0.0612245	-0.346939	0.048654
0.0612245	-0.306122	0.0502428
0.0612245	-0.265306	0.0516338
0.0612245	-0.22449	0.0528214
0.0612245	-0.183673	0.0538009
0.0612245	-0.142857	0.0545683
0.0612245	-0.102041	0.0551206
0.0612245	-0.0612245	0.0554555
0.0612245	-0.0204082	0.0555715
0.0612245	0.0204082	0.0554683
0.0612245	0.0612245	0.055146
0.0612245	0.102041	0.054606
0.0612245	0.142857	0.0538502
0.0612245	0.183673	0.0528815
0.0612245	0.22449	0.0517038
0.0612245	0.265306	0.0503216
0.0612245	0.306122	0.0487404
0.0612245	0.346939	0.0469663
0.0612245	0.387755	0.0450063
0.0612245	0.428571	0.0428681
0.0612245	0.469388	0.0405601
0.0612245	0.510204	0.0380915
0.0612245	0.55102	0.0354719
0.0612245	0.591837	0.0327118
0.0612245	0.632653	0.0298221
0.0612245	0.673469	0.0268141
0.0612245	0.714286	0.0236998
0.0612245	0.755102	0.0204915
0.0612245	0.795918	0.0172019
0.0612245	0.836735	0.0138441
0.0612245	0.877551	0.0104314
0.0612245	0.918367	0.00697737
0.0612245	0.959184	0.00349562
0.0612245	1	0
0.102041	-1	0.00344869
0.102041	-0.959184	0.00688385
0.102041	-0.918367	0.010292
0.102041	-0.877551	0.0136598
0.102041	-0.836735	0.0169739
0.102041	-0.795918	0.0202214
0.102041	-0.755102	0.0233896
0.102041	-0.714286	0.0264659
0.102041	-0.673469	0.0294383
0.102041	-0.632653	0.0322951
0.102041	-0.591837	0.035025
0.102041	-0.55102	0.0376173
0.102041	-0.510204	0.0400618
0.102041	-0.469388	0.0423487
0.102041	-0.428571	0.0444692
0.102041	-0.387755	0.0464147
0.102041	-0.346939	0.0481775
0.102041	-0.306122	0.0497508
0.102041	-0.265306	0.0511281
0.102041	-0.22449	0.0523041
0.102041	-0.183673	0.053274
0.102041	-0.142857	0.0540339
0.102041	-0.102041	0.0545808
0.102041	-0.0612245	0.0549124
0.102041	-0.0204082	0.0550273
0.102041	0.0204082	0.0549251
0.102041	0.0612245	0.054606
0.102041	0.102041	0.0540712
0.102041	0.142857	0.0533228
0.102041	0.183673	0.0523636
0.102041	0.22449	0.0511975
0.102041	0.265306	0.0498288
0.102041	0.306122	0.0482631
0.102041	0.346939	0.0465063
0.102041	0.387755	0.0445655
0.102041	0.428571	0.0424483
0.102041	0.469388	0.0401629
0.102041	0.510204	0.0377184
0.102041	0.55102	0.0351245
0.102041	0.591837	0.0323915
0.102041	0.632653	0.02953
0.102041	0.673469	0.0265515
0.102041	0.714286	0.0234677
0.102041	0.755102	0.0202908
0.102041	0.795918	0.0170335
0.102041	0.836735	0.0137086
0.102041	0.877551	0.0103293
0.102041	0.918367	0.00690904
0.102041	0.959184	0.00346139
0.102041	1	0
0.142857	-1	0.00340096
0.142857	-0.959184	0.00678857
0.142857	-0.918367	0.0101495
0.142857	-0.877551	0.0134707
0.142857	-0.836735	0.016739
0.142857	-0.795918	0.0199416
0.142857	-0.755102	0.0230659
0.142857	-0.714286	0.0260996
0.142857	-0.673469	0.0290309
0.142857	-0.632653	0.0318481
0.142857	-0.591837	0.0345402
0.142857	-0.55102	0.0370967
0.142857	-0.510204	0.0395073
0.142857	-0.469388	0.0417626
0.142857	-0.428571	0.0438537
0.142857	-0.387755	0.0457722
0.142857	-0.346939	0.0475107
0.142857	-0.306122	0.0490622
0.142857	-0.265306	0.0504204
0.142857	-0.22449	0.0515801
0.142857	-0.183673	0.0525366
0.142857	-0.142857	0.053286
0.142857	-0.102041	0.0538253
0.142857	-0.0612245	0.0541523
0.142857	-0.0204082	0.0542657
0.142857	0.0204082	0.0541648
0.142857	0.0612245	0.0538502
0.142857	0.102041	0.0533228
0.142857	0.142857	0.0525847
0.142857	0.183673	0.0516389
0.142857	0.22449	0.0504888
0.142857	0.265306	0.0491391
0.142857	0.306122	0.047595
0.142857	0.346939	0.0458626
0.142857	0.387755	0.0439487
0.142857	0.428571	0.0418607
0.142857	0.469388	0.039607
0.142857	0.510204	0.0371964
0.142857	0.55102	0.0346384
0.142857	0.591837	0.0319431
0.142857	0.632653	0.0291213
0.142857	0.673469	0.026184
0.142857	0.714286	0.0231428
0.142857	0.755102	0.0200099
0.142857	0.795918	0.0167977
0.142857	0.836735	0.0135188
0.142857	0.877551	0.0101863
0.142857	0.918367	0.00681341
0.142857	0.959184	0.00341348
0.142857	1	0
0.183673	-1	0.00333978
0.183673	-0.959184	0.00666646
0.183673	-0.918367	0.00996698
0.183673	-0.877551	0.0132284
0.183673	-0.836735	0.0164379
0.183673	-0.795918	0.0195829
0.183673	-0.755102	0.022651
0.183673	-0.714286	0.0256301
0.183673	-0.673469	0.0285087
0.183673	-0.632653	0.0312752
0.183673	-0.591837	0.033919
0.183673	-0.55102	0.0364294
0.183673	-0.510204	0.0387966
0.183673	-0.469388	0.0410114
0.183673	-0.428571	0.0430648
0.183673	-0.387755	0.0449489
0.183673	-0.346939	0.0466561
0.183673	-0.306122	0.0481796
0.183673	-0.265306	0.0495135
0.183673	-0.22449	0.0506523
0.183673	-0.183673	0.0515916
0.183673	-0.142857	0.0523275
0.183673	-0.102041	0.0528571
0.183673	-0.0612245	0.0531783
0.183673	-0.0204082	0.0532896
0.183673	0.0204082	0.0531905
0.183673	0.0612245	0.0528815
0.183673	0.102041	0.0523636
0.183673	0.142857	0.0516389
0.183673	0.183673	0.05071
0.183673	0.22449	0.0495807
0.183673	0.265306	0.0482552
0.183673	0.306122	0.0467389
0.183673	0.346939	0.0450377
0.183673	0.387755	0.0431581
0.183673	0.428571	0.0411077
0.183673	0.469388	0.0388946
0.183673	0.510204	0.0365273
0.183673	0.55102	0.0340153
0.183673	0.591837	0.0313685
0.183673	0.632653	0.0285974
0.183673	0.673469	0.025713
0.183673	0.714286	0.0227265
0.183673	0.755102	0.01965
0.183673	0.795918	0.0164955
0.183673	0.836735	0.0132756
0.183673	0.877551	0.0100031
0.183673	0.918367	0.00669086
0.183673	0.959184	0.00335208
0.183673	1	0
0.22449	-1	0.0032654
0.22449	-0.959184	0.00651799
0.22449	-0.918367	0.00974501
0.22449	-0.877551	0.0129338
0.22449	-0.836735	0.0160718
0.22449	-0.795918	0.0191467
0.22449	-0.755102	0.0221465
0.22449	-0.714286	0.0250593
0.22449	-0.673469	0.0278738
0.22449	-0.632653	0.0305787
0.22449	-0.591837	0.0331636
0.22449	-0.55102	0.0356181
0.22449	-0.510204	0.0379326
0.22449	-0.469388	0.040098
0.22449	-0.428571	0.0421058
0.22449	-0.387755	0.0439479
0.22449	-0.346939	0.045617
0.22449	-0.306122	0.0471067
0.22449	-0.265306	0.0484108
0.22449	-0.22449	0.0495243
0.22449	-0.183673	0.0504426
0.22449	-0.142857	0.0511622
0.22449	-0.102041	0.05168
0.22449	-0.0612245	0.0519939
0.22449	-0.0204082	0.0521028
0.22449	0.0204082	0.052006
0.22449	0.0612245	0.0517038
0.22449	0.102041	0.0511975
0.22449	0.142857	0.0504888
0.22449	0.183673	0.0495807
0.22449	0.22449	0.0484765
0.22449	0.265306	0.0471806
0.22449	0.306122	0.045698
0.22449	0.346939	0.0440347
0.22449	0.387755	0.042197
0.22449	0.428571	0.0401923
0.22449	0.469388	0.0380283
0.22449	0.510204	0.0357138
0.22449	0.55102	0.0332578
0.22449	0.591837	0.0306699
0.22449	0.632653	0.0279606
0.22449	0.673469	0.0251403
0.22449	0.714286	0.0222204
0.22449	0.755102	0.0192124
0.22449	0.795918	0.0161282
0.22449	0.836735	0.01298
0.22449	0.877551	0.00978032
0.22449	0.918367	0.00654185
0.22449	0.959184	0.00327742
0.22449	1	0
0.265306	-1	0.00317811
0.265306	-0.959184	0.00634375
0.265306	-0.918367	0.0094845
0.265306	-0.877551	0.012588
0.265306	-0.836735	0.0156422
0.265306	-0.795918	0.0186349
0.265306	-0.755102	0.0215545
0.265306	-0.714286	0.0243894
0.265306	-0.673469	0.0271286
0.265306	-0.632653	0.0297613
0.265306	-0.591837	0.032277
0.265306	-0.55102	0.0346659
0.265306	-0.510204	0.0369186
0.265306	-0.469388	0.0390261
0.265306	-0.428571	0.0409802
0.265306	-0.387755	0.042773
0.265306	-0.346939	0.0443976
0.265306	-0.306122	0.0458474
0.265306	-0.265306	0.0471167
0.265306	-0.22449	0.0482004
0.265306	-0.183673	0.0490942
0.265306	-0.142857	0.0497945
0.265306	-0.102041	0.0502984
0.265306	-0.0612245	0.050604
0.265306	-0.0204082	0.0507099
0.265306	0.0204082	0.0506157
0.265306	0.0612245	0.0503216
0.265306	0.102041	0.0498288
0.265306	0.142857	0.0491391
0.265306	0.183673	0.0482552
0.265306	0.22449	0.0471806
0.265306	0.265306	0.0459193
0.265306	0.306122	0.0444764
0.265306	0.346939	0.0428575
0.265306	0.387755	0.0410689
0.265306	0.428571	0.0391178
0.265306	0.469388	0.0370118
0.265306	0.510204	0.0347591
0.265306	0.55102	0.0323687
0.265306	0.591837	0.0298501
0.265306	0.632653	0.0272131
0.265306	0.673469	0.0244683
0.265306	0.714286	0.0216264
0.265306	0.755102	0.0186988
0.265306	0.795918	0.015697
0.265306	0.836735	0.012633
0.265306	0.877551	0.00951886
0.265306	0.918367	0.00636697
0.265306	0.959184	0.00318981
0.265306	1	0
0.306122	-1	0.00307824
0.306122	-0.959184	0.00614441
0.306122	-0.918367	0.00918647
0.306122	-0.877551	0.0121925
0.306122	-0.836735	0.0151506
0.306122	-0.795918	0.0180493
0.306122	-0.755102	0.0208772
0.306122	-0.714286	0.0236231
0.306122	-0.673469	0.0262762
0.306122	-0.632653	0.0288261
0.306122	-0.591837	0.0312628
0.306122	-0.55102	0.0335766
0.306122	-0.510204	0.0357585
0.306122	-0.469388	0.0377998
0.306122	-0.428571	0.0396925
0.306122	-0.387755	0.041429
0.306122	-0.346939	0.0430025
0.306122	-0.306122	0.0444067
0.306122	-0.265306	0.0456361
0.306122	-0.22449	0.0466858
0.306122	-0.183673	0.0475515
0.306122	-0.142857	0.0482298
0.306122	-0.102041	0.0487179
0.306122	-0.0612245	0.0490139
0.306122	-0.0204082	0.0491165
0.306122	0.0204082	0.0490252
0.306122	0.0612245	0.0487404
0.306122	0.102041	0.0482631
0.306122	0.142857	0.047595
0.306122	0.183673	0.0467389
0.306122	0.22449	0.045698
0.306122	0.265306	0.0444764
0.306122	0.306122	0.0430788
0.306122	0.346939	0.0415108
0.306122	0.387755	0.0397785
0.306122	0.428571	0.0378886
0.306122	0.469388	0.0358487
0.306122	0.510204	0.0336669
0.306122	0.55102	0.0313516
0.306122	0.591837	0.0289121
0.306122	0.632653	0.026358
0.306122	0.673469	0.0236994
0.306122	0.714286	0.0209468
0.306122	0.755102	0.0181112
0.306122	0.795918	0.0152038
0.306122	0.836735	0.012236
0.306122	0.877551	0.00921975
0.306122	0.918367	0.0061669
0.306122	0.959184	0.00308958
0.306122	1	0
0.346939	-1	0.0029662
0.346939	-0.959184	0.00592076
0.346939	-0.918367	0.00885209
0.346939	-0.877551	0.0117487
0.346939	-0.836735	0.0145992
0.346939	-0.795918	0.0173923
0.346939	-0.755102	0.0201173
0.346939	-0.714286	0.0227632
0.346939	-0.673469	0.0253197
0.346939	-0.632653	0.0277768
0.346939	-0.591837	0.0301248
0.346939	-0.55102	0.0323545
0.346939	-0.510204	0.0344569
0.346939	-0.469388	0.0364239
0.346939	-0.428571	0.0382477
0.346939	-0.387755	0.039921
0.346939	-0.346939	0.0414372
0.346939	-0.306122	0.0427904
0.346939	-0.265306	0.043975
0.346939	-0.22449	0.0449865
0.346939	-0.183673	0.0458207
0.346939	-0.142857	0.0464743
0.346939	-0.102041	0.0469446
0.346939	-0.0612245	0.0472298
0.346939	-0.0204082	0.0473287
0.346939	0.0204082	0.0472407
0.346939	0.0612245	0.0469663
0.346939	0.102041	0.0465063
0.346939	0.142857	0.0458626
0.346939	0.183673	0.0450377
0.346939	0.22449	0.0440347
0.346939	0.265306	0.0428575
0.346939	0.306122	0.0415108
0.346939	0.346939	0.0399998
0.346939	0.387755	0.0383305
0.346939	0.428571	0.0365095
0.346939	0.469388	0.0345439
0.346939	0.510204	0.0324414
0.346939	0.55102	0.0302104
0.346939	0.591837	0.0278597
0.346939	0.632653	0.0253986
0.346939	0.673469	0.0228368
0.346939	0.714286	0.0201844
0.346939	0.755102	0.017452
0.346939	0.795918	0.0146504
0.346939	0.836735	0.0117907
0.346939	0.877551	0.00888416
0.346939	0.918367	0.00594243
0.346939	0.959184	0.00297712
0.346939	1	0
0.387755	-1	0.00284241
0.387755	-0.959184	0.00567367
0.387755	-0.918367	0.00848267
0.387755	-0.877551	0.0112584
0.387755	-0.836735	0.0139899
0.387755	-0.795918	0.0166665
0.387755	-0.755102	0.0192777
0.387755	-0.714286	0.0218132
0.387755	-0.673469	0.0242631
0.387755	-0.632653	0.0266177
0.387755	-0.591837	0.0288677
0.387755	-0.55102	0.0310042
0.387755	-0.510204	0.033019
0.387755	-0.469388	0.0349039
0.387755	-0.428571	0.0366515
0.387755	-0.387755	0.038255
0.387755	-0.346939	0.039708
0.387755	-0.306122	0.0410046
0.387755	-0.265306	0.0421398
0.387755	-0.22449	0.0431091
0.387755	-0.183673	0.0439085
0.387755	-0.142857	0.0445348
0.387755	-0.102041	0.0449855
0.387755	-0.0612245	0.0452588
0.387755	-0.0204082	0.0453536
0.387755	0.0204082	0.0452693
0.387755	0.0612245	0.0450063
0.387755	0.102041	0.0445655
0.387755	0.142857	0.0439487
0.387755	0.183673	0.0431581
0.387755	0.22449	0.042197
0.387755	0.265306	0.0410689
0.387755	0.306122	0.0397785
0.387755	0.346939	0.0383305
0.387755	0.387755	0.0367309
0.387755	0.428571	0.0349859
0.387755	0.469388	0.0331023
0.387755	0.510204	0.0310876
0.387755	0.55102	0.0289497
0.387755	0.591837	0.0266971
0.387755	0.632653	0.0243386
0.387755	0.673469	0.0218837
0.387755	0.714286	0.0193421
0.387755	0.755102	0.0167237
0.387755	0.795918	0.014039
0.387755	0.836735	0.0112986
0.387755	0.877551	0.00851341
0.387755	0.918367	0.00569444
0.387755	0.959184	0.00285288
0.387755	1	0
0.428571	-1	0.00270737
0.428571	-0.959184	0.00540412
0.428571	-0.918367	0.00807967
0.428571	-0.877551	0.0107235
0.428571	-0.836735	0.0133253
0.428571	-0.795918	0.0158747
0.428571	-0.755102	0.0183619
0.428571	-0.714286	0.0207769
0.428571	-0.673469	0.0231104
0.428571	-0.632653	0.0253531
0.428571	-0.591837	0.0274962
0.428571	-0.55102	0.0295313
0.428571	-0.510204	0.0314503
0.428571	-0.469388	0.0332456
0.428571	-0.428571	0.0349102
0.428571	-0.387755	0.0364375
0.428571	-0.346939	0.0378215
0.428571	-0.306122	0.0390565
0.428571	-0.265306	0.0401378
0.428571	-0.22449	0.041061
0.428571	-0.183673	0.0418224
0.428571	-0.142857	0.042419
0.428571	-0.102041	0.0428483
0.428571	-0.0612245	0.0431086
0.428571	-0.0204082	0.0431989
0.428571	0.0204082	0.0431186
0.428571	0.0612245	0.0428681
0.428571	0.102041	0.0424483
0.428571	0.142857	0.0418607
0.428571	0.183673	0.0411077
0.428571	0.22449	0.0401923
0.428571	0.265306	0.0391178
0.428571	0.306122	0.0378886
0.428571	0.346939	0.0365095
0.428571	0.387755	0.0349859
0.428571	0.428571	0.0333237
0.428571	0.469388	0.0315296
0.428571	0.510204	0.0296106
0.428571	0.55102	0.0275743
0.428571	0.591837	0.0254287
0.428571	0.632653	0.0231823
0.428571	0.673469	0.0208441
0.428571	0.714286	0.0184231
0.428571	0.755102	0.0159292
0.428571	0.795918	0.013372
0.428571	0.836735	0.0107618
0.428571	0.877551	0.00810894
0.428571	0.918367	0.0054239
0.428571	0.959184	0.00271734
0.428571	1	0
0.469388	-1	0.00256161
0.469388	-0.959184	0.00511317
0.469388	-0.918367	0.00764467
0.469388	-0.877551	0.0101462
0.469388	-0.836735	0.0126078
0.469388	-0.795918	0.01502
0.469388	-0.755102	0.0173733
0.469388	-0.714286	0.0196583
0.469388	-0.673469	0.0218661
0.469388	-0.632653	0.0239881
0.469388	-0.591837	0.0260158
0.469388	-0.55102	0.0279413
0.469388	-0.510204	0.029757
0.469388	-0.469388	0.0314557
0.469388	-0.428571	0.0330307
0.469388	-0.387755	0.0344758
0.469388	-0.346939	0.0357852
0.469388	-0.306122	0.0369538
0.469388	-0.265306	0.0379768
0.469388	-0.22449	0.0388503
0.469388	-0.183673	0.0395707
0.469388	-0.142857	0.0401352
0.469388	-0.102041	0.0405414
0.469388	-0.0612245	0.0407877
0.469388	-0.0204082	0.0408731
0.469388	0.0204082	0.0407971
0.469388	0.0612245	0.0405601
0.469388	0.102041	0.0401629
0.469388	0.142857	0.039607
0.469388	0.183673	0.0388946
0.469388	0.22449	0.0380283
0.469388	0.265306	0.0370118
0.469388	0.306122	0.0358487
0.469388	0.346939	0.0345439
0.469388	0.387755	0.0331023
0.469388	0.428571	0.0315296
0.469388	0.469388	0.0298321
0.469388	0.510204	0.0280164
0.469388	0.55102	0.0260897
0.469388	0.591837	0.0240597
0.469388	0.632653	0.0219342
0.469388	0.673469	0.0197218
0.469388	0.714286	0.0174313
0.469388	0.755102	0.0150716
0.469388	0.795918	0.0126521
0.469388	0.836735	0.0101824
0.469388	0.877551	0.00767237
0.469388	0.918367	0.00513188
0.469388	0.959184	0.00257104
0.469388	1	0
0.510204	-1	0.0024057
0.510204	-0.959184	0.00480197
0.510204	-0.918367	0.00717939
0.510204	-0.877551	0.00952864
0.510204	-0.836735	0.0118405
0.510204	-0.795918	0.0141059
0.510204	-0.755102	0.0163159
0.510204	-0.714286	0.0184618
0.510204	-0.673469	0.0205353
0.510204	-0.632653	0.0225281
0.510204	-0.591837	0.0244324
0.510204	-0.55102	0.0262407
0.510204	-0.510204	0.0279459
0.510204	-0.469388	0.0295412
0.510204	-0.428571	0.0310204
0.510204	-0.387755	0.0323775
0.510204	-0.346939	0.0336072
0.510204	-0.306122	0.0347046
0.510204	-0.265306	0.0356654
0.510204	-0.22449	0.0364858
0.510204	-0.183673	0.0371623
0.510204	-0.142857	0.0376924
0.510204	-0.102041	0.0380739
0.510204	-0.0612245	0.0383052
0.510204	-0.0204082	0.0383854
0.510204	0.0204082	0.0383141
0.510204	0.0612245	0.0380915
0.510204	0.102041	0.0377184
0.510204	0.142857	0.0371964
0.510204	0.183673	0.0365273
0.510204	0.22449	0.0357138
0.510204	0.265306	0.0347591
0.510204	0.306122	0.0336669
0.510204	0.346939	0.0324414
0.510204	0.387755	0.0310876
0.510204	0.428571	0.0296106
0.510204	0.469388	0.0280164
0.510204	0.510204	0.0263112
0.510204	0.55102	0.0245018
0.510204	0.591837	0.0225953
0.510204	0.632653	0.0205992
0.510204	0.673469	0.0185215
0.510204	0.714286	0.0163703
0.510204	0.755102	0.0141542
0.510204	0.795918	0.011882
0.510204	0.836735	0.00956268
0.510204	0.877551	0.0072054
0.510204	0.918367	0.00481954
0.510204	0.959184	0.00241456
0.510204	1	0
0.55102	-1	0.00224026
0.55102	-0.959184	0.00447174
0.55102	-0.918367	0.00668566
0.55102	-0.877551	0.00887335
0.55102	-0.836735	0.0110262
0.55102	-0.795918	0.0131358
0.55102	-0.755102	0.0151938
0.55102	-0.714286	0.0171922
0.55102	-0.673469	0.0191231
0.55102	-0.632653	0.0209788
0.55102	-0.591837	0.0227522
0.55102	-0.55102	0.0244362
0.55102	-0.510204	0.0260241
0.55102	-0.469388	0.0275097
0.55102	-0.428571	0.0288871
0.55102	-0.387755	0.0301509
0.55102	-0.346939	0.031296
0.55102	-0.306122	0.032318
0.55102	-0.265306	0.0332127
0.55102	-0.22449	0.0339766
0.55102	-0.183673	0.0346067
0.55102	-0.142857	0.0351003
0.55102	-0.102041	0.0354556
0.55102	-0.0612245	0.035671
0.55102	-0.0204082	0.0357456
0.55102	0.0204082	0.0356792
0.55102	0.0612245	0.0354719
0.55102	0.102041	0.0351245
0.55102	0.142857	0.0346384
0.55102	0.183673	0.0340153
0.55102	0.22449	0.0332578
0.55102	0.265306	0.0323687
0.55102	0.306122	0.0313516
0.55102	0.346939	0.0302104
0.55102	0.387755	0.0289497
0.55102	0.428571	0.0275743
0.55102	0.469388	0.0260897
0.55102	0.510204	0.0245018
0.55102	0.55102	0.0228168
0.55102	0.591837	0.0210414
0.55102	0.632653	0.0191826
0.55102	0.673469	0.0172478
0.55102	0.714286	0.0152445
0.55102	0.755102	0.0131809
0.55102	0.795918	0.0110649
0.55102	0.836735	0.00890505
0.55102	0.877551	0.00670989
0.55102	0.918367	0.0044881
0.55102	0.959184	0.00224851
0.55102	1	0
0.591837	-1	0.00206595
0.591837	-0.959184	0.00412378
0.591837	-0.918367	0.00616544
0.591837	-0.877551	0.00818291
0.591837	-0.836735	0.0101683
0.591837	-0.795918	0.0121137
0.591837	-0.755102	0.0140116
0.591837	-0.714286	0.0158545
0.591837	-0.673469	0.0176351
0.591837	-0.632653	0.0193465
0.591837	-0.591837	0.0209818
0.591837	-0.55102	0.0225347
0.591837	-0.510204	0.0239991
0.591837	-0.469388	0.0253691
0.591837	-0.428571	0.0266393
0.591837	-0.387755	0.0278048
0.591837	-0.346939	0.0288609
0.591837	-0.306122	0.0298033
0.591837	-0.265306	0.0306284
0.591837	-0.22449	0.0313329
0.591837	-0.183673	0.0319139
0.591837	-0.142857	0.0323691
0.591837	-0.102041	0.0326967
0.591837	-0.0612245	0.0328954
0.591837	-0.0204082	0.0329642
0.591837	0.0204082	0.032903
0.591837	0.0612245	0.0327118
0.591837	0.102041	0.0323915
0.591837	0.142857	0.0319431
0.591837	0.183673	0.0313685
0.591837	0.22449	0.0306699
0.591837	0.265306	0.0298501
0.591837	0.306122	0.0289121
0.591837	0.346939	0.0278597
0.591837	0.387755	0.0266971
0.591837	0.428571	0.0254287
0.591837	0.469388	0.0240597
0.591837	0.510204	0.0225953
0.591837	0.55102	0.0210414
0.591837	0.591837	0.0194042
0.591837	0.632653	0.01769
0.591837	0.673469	0.0159057
0.591837	0.714286	0.0140583
0.591837	0.755102	0.0121552
0.591837	0.795918	0.0102039
0.591837	0.836735	0.00821214
0.591837	0.877551	0.00618778
0.591837	0.918367	0.00413888
0.591837	0.959184	0.00207355
0.591837	1	0
0.632653	-1	0.00188344
0.632653	-0.959184	0.00375949
0.632653	-0.918367	0.00562079
0.632653	-0.877551	0.00746003
0.632653	-0.836735	0.00926999
0.632653	-0.795918	0.0110436
0.632653	-0.755102	0.0127738
0.632653	-0.714286	0.0144539
0.632653	-0.673469	0.0160772
0.632653	-0.632653	0.0176374
0.632653	-0.591837	0.0191283
0.632653	-0.55102	0.020544
0.632653	-0.510204	0.021879
0.632653	-0.469388	0.023128
0.632653	-0.428571	0.024286
0.632653	-0.387755	0.0253485
0.632653	-0.346939	0.0263113
0.632653	-0.306122	0.0271705
0.632653	-0.265306	0.0279227
0.632653	-0.22449	0.0285649
0.632653	-0.183673	0.0290946
0.632653	-0.142857	0.0295096
0.632653	-0.102041	0.0298083
0.632653	-0.0612245	0.0299894
0.632653	-0.0204082	0.0300522
0.632653	0.0204082	0.0299963
0.632653	0.0612245	0.0298221
0.632653	0.102041	0.02953
0.632653	0.142857	0.0291213
0.632653	0.183673	0.0285974
0.632653	0.22449	0.0279606
0.632653	0.265306	0.0272131
0.632653	0.306122	0.026358
0.632653	0.346939	0.0253986
0.632653	0.387755	0.0243386
0.632653	0.428571	0.0231823
0.632653	0.469388	0.0219342
0.632653	0.510204	0.0205992
0.632653	0.55102	0.0191826
0.632653	0.591837	0.01769
0.632653	0.632653	0.0161273
0.632653	0.673469	0.0145006
0.632653	0.714286	0.0128164
0.632653	0.755102	0.0110814
0.632653	0.795918	0.00930251
0.632653	0.836735	0.00748668
0.632653	0.877551	0.00564115
0.632653	0.918367	0.00377325
0.632653	0.959184	0.00189037
0.632653	1	0
0.673469	-1	0.00169347
0.673469	-0.959184	0.00338029
0.673469	-0.918367	0.00505385
0.673469	-0.877551	0.00670757
0.673469	-0.836735	0.00833498
0.673469	-0.795918	0.00992966
0.673469	-0.755102	0.0114854
0.673469	-0.714286	0.012996
0.673469	-0.673469	0.0144556
0.673469	-0.632653	0.0158584
0.673469	-0.591837	0.0171989
0.673469	-0.55102	0.0184719
0.673469	-0.510204	0.0196722
0.673469	-0.469388	0.0207952
0.673469	-0.428571	0.0218364
0.673469	-0.387755	0.0227918
0.673469	-0.346939	0.0236574
0.673469	-0.306122	0.0244299
0.673469	-0.265306	0.0251063
0.673469	-0.22449	0.0256837
0.673469	-0.183673	0.02616
0.673469	-0.142857	0.0265331
0.673469	-0.102041	0.0268017
0.673469	-0.0612245	0.0269645
0.673469	-0.0204082	0.027021
0.673469	0.0204082	0.0269708
0.673469	0.0612245	0.0268141
0.673469	0.102041	0.0265515
0.673469	0.142857	0.026184
0.673469	0.183673	0.025713
0.673469	0.22449	0.0251403
0.673469	0.265306	0.0244683
0.673469	0.306122	0.0236994
0.673469	0.346939	0.0228368
0.673469	0.387755	0.0218837
0.673469	0.428571	0.0208441
0.673469	0.469388	0.0197218
0.673469	0.510204	0.0185215
0.673469	0.55102	0.0172478
0.673469	0.591837	0.0159057
0.673469	0.632653	0.0145006
0.673469	0.673469	0.013038
0.673469	0.714286	0.0115237
0.673469	0.755102	0.00996372
0.673469	0.795918	0.00836421
0.673469	0.836735	0.00673154
0.673469	0.877551	0.00507216
0.673469	0.918367	0.00339266
0.673469	0.959184	0.0016997
0.673469	1	0
0.714286	-1	0.00149678
0.714286	-0.959184	0.00298769
0.714286	-0.918367	0.00446687
0.714286	-0.877551	0.00592853
0.714286	-0.836735	0.00736691
0.714286	-0.795918	0.00877639
0.714286	-0.755102	0.0101514
0.714286	-0.714286	0.0114866
0.714286	-0.673469	0.0127766
0.714286	-0.632653	0.0140165
0.714286	-0.591837	0.0152014
0.714286	-0.55102	0.0163264
0.714286	-0.510204	0.0173874
0.714286	-0.469388	0.0183799
0.714286	-0.428571	0.0193002
0.714286	-0.387755	0.0201446
0.714286	-0.346939	0.0209097
0.714286	-0.306122	0.0215925
0.714286	-0.265306	0.0221903
0.714286	-0.22449	0.0227007
0.714286	-0.183673	0.0231217
0.714286	-0.142857	0.0234515
0.714286	-0.102041	0.0236888
0.714286	-0.0612245	0.0238327
0.714286	-0.0204082	0.0238826
0.714286	0.0204082	0.0238382
0.714286	0.0612245	0.0236998
0.714286	0.102041	0.0234677
0.714286	0.142857	0.0231428
0.714286	0.183673	0.0227265
0.714286	0.22449	0.0222204
0.714286	0.265306	0.0216264
0.714286	0.306122	0.0209468
0.714286	0.346939	0.0201844
0.714286	0.387755	0.0193421
0.714286	0.428571	0.0184231
0.714286	0.469388	0.0174313
0.714286	0.510204	0.0163703
0.714286	0.55102	0.0152445
0.714286	0.591837	0.0140583
0.714286	0.632653	0.0128164
0.714286	0.673469	0.0115237
0.714286	0.714286	0.0101853
0.714286	0.755102	0.00880649
0.714286	0.795918	0.00739276
0.714286	0.836735	0.00594971
0.714286	0.877551	0.00448306
0.714286	0.918367	0.00299862
0.714286	0.959184	0.00150229
0.714286	1	0
0.755102	-1	0.00129416
0.755102	-0.959184	0.00258324
0.755102	-0.918367	0.00386218
0.755102	-0.877551	0.00512597
0.755102	-0.836735	0.00636964
0.755102	-0.795918	0.00758831
0.755102	-0.755102	0.0087772
0.755102	-0.714286	0.00993162
0.755102	-0.673469	0.011047
0.755102	-0.632653	0.0121191
0.755102	-0.591837	0.0131435
0.755102	-0.55102	0.0141163
0.755102	-0.510204	0.0150336
0.755102	-0.469388	0.0158918
0.755102	-0.428571	0.0166875
0.755102	-0.387755	0.0174176
0.755102	-0.346939	0.0180791
0.755102	-0.306122	0.0186695
0.755102	-0.265306	0.0191864
0.755102	-0.22449	0.0196277
0.755102	-0.183673	0.0199916
0.755102	-0.142857	0.0202768
0.755102	-0.102041	0.020482
0.755102	-0.0612245	0.0206065
0.755102	-0.0204082	0.0206496
0.755102	0.0204082	0.0206112
0.755102	0.0612245	0.0204915
0.755102	0.102041	0.0202908
0.755102	0.142857	0.0200099
0.755102	0.183673	0.01965
0.755102	0.22449	0.0192124
0.755102	0.265306	0.0186988
0.755102	0.306122	0.0181112
0.755102	0.346939	0.017452
0.755102	0.387755	0.0167237
0.755102	0.428571	0.0159292
0.755102	0.469388	0.0150716
0.755102	0.510204	0.0141542
0.755102	0.55102	0.0131809
0.755102	0.591837	0.0121552
0.755102	0.632653	0.0110814
0.755102	0.673469	0.00996372
0.755102	0.714286	0.00880649
0.755102	0.755102	0.00761433
0.755102	0.795918	0.00639198
0.755102	0.836735	0.00514428
0.755102	0.877551	0.00387617
0.755102	0.918367	0.00259269
0.755102	0.959184	0.00129892
0.755102	1	0
0.795918	-1	0.0010864
0.795918	-0.959184	0.00216854
0.795918	-0.918367	0.00324217
0.795918	-0.877551	0.00430308
0.795918	-0.836735	0.0053471
0.795918	-0.795918	0.00637014
0.795918	-0.755102	0.00736817
0.795918	-0.714286	0.00833727
0.795918	-0.673469	0.00927363
0.795918	-0.632653	0.0101736
0.795918	-0.591837	0.0110336
0.795918	-0.55102	0.0118502
0.795918	-0.510204	0.0126202
0.795918	-0.469388	0.0133407
0.795918	-0.428571	0.0140086
0.795918	-0.387755	0.0146215
0.795918	-0.346939	0.0151768
0.795918	-0.306122	0.0156724
0.795918	-0.265306	0.0161063
0.795918	-0.22449	0.0164768
0.795918	-0.183673	0.0167823
0.795918	-0.142857	0.0170217
0.795918	-0.102041	0.017194
0.795918	-0.0612245	0.0172984
0.795918	-0.0204082	0.0173347
0.795918	0.0204082	0.0173024
0.795918	0.0612245	0.0172019
0.795918	0.102041	0.0170335
0.795918	0.142857	0.0167977
0.795918	0.183673	0.0164955
0.795918	0.22449	0.0161282
0.795918	0.265306	0.015697
0.795918	0.306122	0.0152038
0.795918	0.346939	0.0146504
0.795918	0.387755	0.014039
0.795918	0.428571	0.013372
0.795918	0.469388	0.0126521
0.795918	0.510204	0.011882
0.795918	0.55102	0.0110649
0.795918	0.591837	0.0102039
0.795918	0.632653	0.00930251
0.795918	0.673469	0.00836421
0.795918	0.714286	0.00739276
0.795918	0.755102	0.00639198
0.795918	0.795918	0.00536586
0.795918	0.836735	0.00431846
0.795918	0.877551	0.00325392
0.795918	0.918367	0.00217648
0.795918	0.959184	0.0010904
0.795918	1	0
0.836735	-1	0.000874339
0.836735	-0.959184	0.00174525
0.836735	-0.918367	0.00260931
0.836735	-0.877551	0.00346313
0.836735	-0.836735	0.00430336
0.836735	-0.795918	0.0051267
0.836735	-0.755102	0.00592992
0.836735	-0.714286	0.00670985
0.836735	-0.673469	0.00746344
0.836735	-0.632653	0.00818772
0.836735	-0.591837	0.00887983
0.836735	-0.55102	0.00953705
0.836735	-0.510204	0.0101568
0.836735	-0.469388	0.0107366
0.836735	-0.428571	0.0112742
0.836735	-0.387755	0.0117674
0.836735	-0.346939	0.0122144
0.836735	-0.306122	0.0126132
0.836735	-0.265306	0.0129624
0.836735	-0.22449	0.0132605
0.836735	-0.183673	0.0135064
0.836735	-0.142857	0.0136991
0.836735	-0.102041	0.0138378
0.836735	-0.0612245	0.0139218
0.836735	-0.0204082	0.013951
0.836735	0.0204082	0.013925
0.836735	0.0612245	0.0138441
0.836735	0.102041	0.0137086
0.836735	0.142857	0.0135188
0.836735	0.183673	0.0132756
0.836735	0.22449	0.01298
0.836735	0.265306	0.012633
0.836735	0.306122	0.012236
0.836735	0.346939	0.0117907
0.836735	0.387755	0.0112986
0.836735	0.428571	0.0107618
0.836735	0.469388	0.0101824
0.836735	0.510204	0.00956268
0.836735	0.55102	0.00890505
0.836735	0.591837	0.00821214
0.836735	0.632653	0.00748668
0.836735	0.673469	0.00673154
0.836735	0.714286	0.00594971
0.836735	0.755102	0.00514428
0.836735	0.795918	0.00431846
0.836735	0.836735	0.0034755
0.836735	0.877551	0.00261876
0.836735	0.918367	0.00175164
0.836735	0.959184	0.000877558
0.836735	1	0
0.877551	-1	0.000658808
0.877551	-0.959184	0.00131503
0.877551	-0.918367	0.00196609
0.877551	-0.877551	0.00260944
0.877551	-0.836735	0.00324255
0.877551	-0.795918	0.00386293
0.877551	-0.755102	0.00446814
0.877551	-0.714286	0.00505582
0.877551	-0.673469	0.00562364
0.877551	-0.632653	0.00616938
0.877551	-0.591837	0.00669088
0.877551	-0.55102	0.00718609
0.877551	-0.510204	0.00765305
0.877551	-0.469388	0.00808993
0.877551	-0.428571	0.008495
0.877551	-0.387755	0.00886665
0.877551	-0.346939	0.00920341
0.877551	-0.306122	0.00950395
0.877551	-0.265306	0.00976707
0.877551	-0.22449	0.00999172
0.877551	-0.183673	0.010177
0.877551	-0.142857	0.0103222
0.877551	-0.102041	0.0104266
0.877551	-0.0612245	0.01049
0.877551	-0.0204082	0.0105119
0.877551	0.0204082	0.0104924
0.877551	0.0612245	0.0104314
0.877551	0.102041	0.0103293
0.877551	0.142857	0.0101863
0.877551	0.183673	0.0100031
0.877551	0.22449	0.00978032
0.877551	0.265306	0.00951886
0.877551	0.306122	0.00921975
0.877551	0.346939	0.00888416
0.877551	0.387755	0.00851341
0.877551	0.428571	0.00810894
0.877551	0.469388	0.00767237
0.877551	0.510204	0.0072054
0.877551	0.55102	0.00670989
0.877551	0.591837	0.00618778
0.877551	0.632653	0.00564115
0.877551	0.673469	0.00507216
0.877551	0.714286	0.00448306
0.877551	0.755102	0.00387617
0.877551	0.795918	0.00325392
0.877551	0.836735	0.00261876
0.877551	0.877551	0.00197322
0.877551	0.918367	0.00131984
0.877551	0.959184	0.000661233
0.877551	1	0
0.918367	-1	0.000440662
0.918367	-0.959184	0.000879596
0.918367	-0.918367	0.00131508
0.918367	-0.877551	0.0017454
0.918367	-0.836735	0.00216887
0.918367	-0.795918	0.00258383
0.918367	-0.755102	0.00298865
0.918367	-0.714286	0.00338173
0.918367	-0.673469	0.00376153
0.918367	-0.632653	0.00412657
0.918367	-0.591837	0.00447539
0.918367	-0.55102	0.00480662
0.918367	-0.510204	0.00511897
0.918367	-0.469388	0.00541119
0.918367	-0.428571	0.00568213
0.918367	-0.387755	0.00593072
0.918367	-0.346939	0.00615597
0.918367	-0.306122	0.00635699
0.918367	-0.265306	0.00653299
0.918367	-0.22449	0.00668325
0.918367	-0.183673	0.00680718
0.918367	-0.142857	0.00690428
0.918367	-0.102041	0.00697415
0.918367	-0.0612245	0.00701653
0.918367	-0.0204082	0.00703121
0.918367	0.0204082	0.00701815
0.918367	0.0612245	0.00697737
0.918367	0.102041	0.00690904
0.918367	0.142857	0.00681341
0.918367	0.183673	0.00669086
0.918367	0.22449	0.00654185
0.918367	0.265306	0.00636697
0.918367	0.306122	0.0061669
0.918367	0.346939	0.00594243
0.918367	0.387755	0.00569444
0.918367	0.428571	0.0054239
0.918367	0.469388	0.00513188
0.918367	0.510204	0.00481954
0.918367	0.55102	0.0044881
0.918367	0.591837	0.00413888
0.918367	0.632653	0.00377325
0.918367	0.673469	0.00339266
0.918367	0.714286	0.00299862
0.918367	0.755102	0.00259269
0.918367	0.795918	0.00217648
0.918367	0.836735	0.00175164
0.918367	0.877551	0.00131984
0.918367	0.918367	0.000882815
0.918367	0.959184	0.000442285
0.918367	1	0
0.959184	-1	0.000220769
0.959184	-0.959184	0.000440672
0.959184	-0.918367	0.000658846
0.959184	-0.877551	0.000874434
0.959184	-0.836735	0.00108659
0.959184	-0.795918	0.00129448
0.959184	-0.755102	0.00149729
0.959184	-0.714286	0.00169423
0.959184	-0.673469	0.00188451
0.959184	-0.632653	0.00206738
0.959184	-0.591837	0.00224214
0.959184	-0.55102	0.00240809
0.959184	-0.510204	0.00256457
0.959184	-0.469388	0.00271097
0.959184	-0.428571	0.00284671
0.959184	-0.387755	0.00297125
0.959184	-0.346939	0.0030841
0.959184	-0.306122	0.00318481
0.959184	-0.265306	0.00327298
0.959184	-0.22449	0.00334827
0.959184	-0.183673	0.00341035
0.959184	-0.142857	0.003459
0.959184	-0.102041	0.00349401
0.959184	-0.0612245	0.00351524
0.959184	-0.0204082	0.00352259
0.959184	0.0204082	0.00351605
0.959184	0.0612245	0.00349562
0.959184	0.102041	0.00346139
0.959184	0.142857	0.00341348
0.959184	0.183673	0.00335208
0.959184	0.22449	0.00327742
0.959184	0.265306	0.00318981
0.959184	0.306122	0.00308958
0.959184	0.346939	0.00297712
0.959184	0.387755	0.00285288
0.959184	0.428571	0.00271734
0.959184	0.469388	0.00257104
0.959184	0.510204	0.00241456
0.959184	0.55102	0.00224851
0.959184	0.591837	0.00207355
0.959184	0.632653	0.00189037
0.959184	0.673469	0.0016997
0.959184	0.714286	0.00150229
0.959184	0.755102	0.00129892
0.959184	0.795918	0.0010904
0.959184	0.836735	0.000877558
0.959184	0.877551	0.000661233
0.959184	0.918367	0.000442285
0.959184	0.959184	0.000221582
0.959184	1	0
1	-1	0
1	-0.959184	0
1	-0.918367	0
1	-0.877551	0
1	-0.836735	0
1	-0.795918	0
1	-0.755102	0
1	-0.714286	0
1	-0.673469	0
1	-0.632653	0
1	-0.591837	0
1	-0.55102	0
1	-0.510204	0
1	-0.469388	0
1	-0.428571	0
1	-0.387755	0
1	-0.346939	0
1	-0.306122	0
1	-0.265306	0
1	-0.22449	0
1	-0.183673	0
1	-0.142857	0
1	-0.102041	0
1	-0.0612245	0
1	-0.0204082	0
1	0.0204082	0
1	0.0612245	0
1	0.102041	0
1	0.142857	0
1	0.183673	0
1	0.22449	0
1	0.265306	0
1	0.306122	0
1	0.346939	0
1	0.387755	0
1	0.428571	0
1	0.469388	0
1	0.510204	0
1	0.55102	0
1	0.591837	0
1	0.632653	0
1	0.673469	0
1	0.714286	0
1	0.755102	0
1	0.795918	0
1	0.836735	0
1	0.877551	0
1	0.918367	0
1	0.959184	0
1	1	0
