-1	-1	0.00019095
-1	-0.959184	0.000381149
-1	-0.918367	0.000569851
-1	-0.877551	0.000756315
-1	-0.836735	0.000939807
-1	-0.795918	0.00111961
-1	-0.755102	0.00129501
-1	-0.714286	0.00146532
-1	-0.673469	0.00162987
-1	-0.632653	0.00178801
-1	-0.591837	0.00193912
-1	-0.55102	0.00208261
-1	-0.510204	0.0022179
-1	-0.469388	0.00234447
-1	-0.428571	0.00246181
-1	-0.387755	0.00256947
-1	-0.346939	0.002667
-1	-0.306122	0.00275404
-1	-0.265306	0.00283022
-1	-0.22449	0.00289525
-1	-0.183673	0.00294888
-1	-0.142857	0.00299087
-1	-0.102041	0.00302108
-1	-0.0612245	0.00303936
-1	-0.0204082	0.00304566
-1	0.0204082	0.00303993
-1	0.0612245	0.0030222
-1	0.102041	0.00299254
-1	0.142857	0.00295106
-1	0.183673	0.00289792
-1	0.22449	0.00283332
-1	0.265306	0.00275753
-1	0.306122	0.00267083
-1	0.346939	0.00257357
-1	0.387755	0.00246612
-1	0.428571	0.00234892
-1	0.469388	0.00222242
-1	0.510204	0.00208713
-1	0.55102	0.00194357
-1	0.591837	0.00179232
-1	0.632653	0.00163397
-1	0.673469	0.00146914
-1	0.714286	0.0012985
-1	0.755102	0.00112271
-1	0.795918	0.00094247
-1	0.836735	0.000758498
-1	0.877551	0.000571519
-1	0.918367	0.000382276
-1	0.959184	0.000191518
-1	1	0
-0.959184	-1	0.000381149
-0.959184	-0.959184	0.000760801
-0.959184	-0.918367	0.00113746
-0.959184	-0.877551	0.00150966
-0.959184	-0.836735	0.00187592
-0.959184	-0.795918	0.00223481
-0.959184	-0.755102	0.00258492
-0.959184	-0.714286	0.00292487
-0.959184	-0.673469	0.00325333
-0.959184	-0.632653	0.00356899
-0.959184	-0.591837	0.00387062
-0.959184	-0.55102	0.00415703
-0.959184	-0.510204	0.00442709
-0.959184	-0.469388	0.00467973
-0.959184	-0.428571	0.00491396
-0.959184	-0.387755	0.00512884
-0.959184	-0.346939	0.00532353
-0.959184	-0.306122	0.00549725
-0.959184	-0.265306	0.00564932
-0.959184	-0.22449	0.00577914
-0.959184	-0.183673	0.00588617
-0.959184	-0.142857	0.00597
-0.959184	-0.102041	0.00603029
-0.959184	-0.0612245	0.00606679
-0.959184	-0.0204082	0.00607935
-0.959184	0.0204082	0.00606792
-0.959184	0.0612245	0.00603254
-0.959184	0.102041	0.00597333
-0.959184	0.142857	0.00589053
-0.959184	0.183673	0.00578445
-0.959184	0.22449	0.00565552
-0.959184	0.265306	0.00550422
-0.959184	0.306122	0.00533116
-0.959184	0.346939	0.00513702
-0.959184	0.387755	0.00492256
-0.959184	0.428571	0.00468861
-0.959184	0.469388	0.00443612
-0.959184	0.510204	0.00416606
-0.959184	0.55102	0.00387951
-0.959184	0.591837	0.00357759
-0.959184	0.632653	0.00326151
-0.959184	0.673469	0.00293251
-0.959184	0.714286	0.00259189
-0.959184	0.755102	0.002241
-0.959184	0.795918	0.00188124
-0.959184	0.836735	0.00151402
-0.959184	0.877551	0.00114079
-0.959184	0.918367	0.00076305
-0.959184	0.959184	0.000382283
-0.959184	1	0
-0.918367	-1	0.000569851
-0.918367	-0.959184	0.00113746
-0.918367	-0.918367	0.00170061
-0.918367	-0.877551	0.00225707
-0.918367	-0.836735	0.00280467
-0.918367	-0.795918	0.00334124
-0.918367	-0.755102	0.00386469
-0.918367	-0.714286	0.00437294
-0.918367	-0.673469	0.00486401
-0.918367	-0.632653	0.00533596
-0.918367	-0.591837	0.00578692
-0.918367	-0.55102	0.00621513
-0.918367	-0.510204	0.00661889
-0.918367	-0.469388	0.00699661
-0.918367	-0.428571	0.00734679
-0.918367	-0.387755	0.00766806
-0.918367	-0.346939	0.00795914
-0.918367	-0.306122	0.00821887
-0.918367	-0.265306	0.00844623
-0.918367	-0.22449	0.00864031
-0.918367	-0.183673	0.00880034
-0.918367	-0.142857	0.00892567
-0.918367	-0.102041	0.00901581
-0.918367	-0.0612245	0.00907038
-0.918367	-0.0204082	0.00908916
-0.918367	0.0204082	0.00907208
-0.918367	0.0612245	0.00901917
-0.918367	0.102041	0.00893065
-0.918367	0.142857	0.00880685
-0.918367	0.183673	0.00864826
-0.918367	0.22449	0.00845549
-0.918367	0.265306	0.00822929
-0.918367	0.306122	0.00797056
-0.918367	0.346939	0.0076803
-0.918367	0.387755	0.00735965
-0.918367	0.428571	0.00700989
-0.918367	0.469388	0.00663238
-0.918367	0.510204	0.00622862
-0.918367	0.55102	0.0058002
-0.918367	0.591837	0.00534882
-0.918367	0.632653	0.00487625
-0.918367	0.673469	0.00438436
-0.918367	0.714286	0.00387511
-0.918367	0.755102	0.0033505
-0.918367	0.795918	0.00281262
-0.918367	0.836735	0.00226359
-0.918367	0.877551	0.00170559
-0.918367	0.918367	0.00114083
-0.918367	0.959184	0.000571546
-0.918367	1	0
-0.877551	-1	0.000756315
-0.877551	-0.959184	0.00150966
-0.877551	-0.918367	0.00225707
-0.877551	-0.877551	0.00299562
-0.877551	-0.836735	0.00372239
-0.877551	-0.795918	0.00443454
-0.877551	-0.755102	0.00512927
-0.877551	-0.714286	0.00580383
-0.877551	-0.673469	0.00645559
-0.877551	-0.632653	0.00708196
-0.877551	-0.591837	0.00768049
-0.877551	-0.55102	0.00824881
-0.877551	-0.510204	0.00878468
-0.877551	-0.469388	0.009286
-0.877551	-0.428571	0.00975077
-0.877551	-0.387755	0.0101772
-0.877551	-0.346939	0.0105635
-0.877551	-0.306122	0.0109082
-0.877551	-0.265306	0.01121
-0.877551	-0.22449	0.0114675
-0.877551	-0.183673	0.0116799
-0.877551	-0.142857	0.0118463
-0.877551	-0.102041	0.0119659
-0.877551	-0.0612245	0.0120383
-0.877551	-0.0204082	0.0120633
-0.877551	0.0204082	0.0120406
-0.877551	0.0612245	0.0119704
-0.877551	0.102041	0.0118529
-0.877551	0.142857	0.0116886
-0.877551	0.183673	0.0114781
-0.877551	0.22449	0.0112222
-0.877551	0.265306	0.010922
-0.877551	0.306122	0.0105786
-0.877551	0.346939	0.0101934
-0.877551	0.387755	0.00976784
-0.877551	0.428571	0.00930362
-0.877551	0.469388	0.00880259
-0.877551	0.510204	0.00826672
-0.877551	0.55102	0.00769811
-0.877551	0.591837	0.00709903
-0.877551	0.632653	0.00647182
-0.877551	0.673469	0.00581899
-0.877551	0.714286	0.0051431
-0.877551	0.755102	0.00444683
-0.877551	0.795918	0.00373294
-0.877551	0.836735	0.00300426
-0.877551	0.877551	0.00226368
-0.877551	0.918367	0.00151412
-0.877551	0.959184	0.000758564
-0.877551	1	0
-0.836735	-1	0.000939807
-0.836735	-0.959184	0.00187592
-0.836735	-0.918367	0.00280467
-0.836735	-0.877551	0.00372239
-0.836735	-0.836735	0.0046255
-0.836735	-0.795918	0.00551042
-0.836735	-0.755102	0.0063737
-0.836735	-0.714286	0.00721192
-0.836735	-0.673469	0.00802179
-0.836735	-0.632653	0.00880013
-0.836735	-0.591837	0.00954387
-0.836735	-0.55102	0.0102501
-0.836735	-0.510204	0.010916
-0.836735	-0.469388	0.0115389
-0.836735	-0.428571	0.0121164
-0.836735	-0.387755	0.0126463
-0.836735	-0.346939	0.0131263
-0.836735	-0.306122	0.0135547
-0.836735	-0.265306	0.0139296
-0.836735	-0.22449	0.0142497
-0.836735	-0.183673	0.0145136
-0.836735	-0.142857	0.0147203
-0.836735	-0.102041	0.014869
-0.836735	-0.0612245	0.014959
-0.836735	-0.0204082	0.01499
-0.836735	0.0204082	0.0149618
-0.836735	0.0612245	0.0148745
-0.836735	0.102041	0.0147286
-0.836735	0.142857	0.0145244
-0.836735	0.183673	0.0142628
-0.836735	0.22449	0.0139449
-0.836735	0.265306	0.0135719
-0.836735	0.306122	0.0131452
-0.836735	0.346939	0.0126665
-0.836735	0.387755	0.0121376
-0.836735	0.428571	0.0115608
-0.836735	0.469388	0.0109382
-0.836735	0.510204	0.0102723
-0.836735	0.55102	0.00956578
-0.836735	0.591837	0.00882134
-0.836735	0.632653	0.00804197
-0.836735	0.673469	0.00723075
-0.836735	0.714286	0.00639088
-0.836735	0.755102	0.00552569
-0.836735	0.795918	0.0046386
-0.836735	0.836735	0.00373314
-0.836735	0.877551	0.00281288
-0.836735	0.918367	0.00188147
-0.836735	0.959184	0.000942602
-0.836735	1	0
-0.795918	-1	0.00111961
-0.795918	-0.959184	0.00223481
-0.795918	-0.918367	0.00334124
-0.795918	-0.877551	0.00443454
-0.795918	-0.836735	0.00551042
-0.795918	-0.795918	0.00656465
-0.795918	-0.755102	0.00759308
-0.795918	-0.714286	0.00859167
-0.795918	-0.673469	0.00955649
-0.795918	-0.632653	0.0104837
-0.795918	-0.591837	0.0113698
-0.795918	-0.55102	0.0122111
-0.795918	-0.510204	0.0130044
-0.795918	-0.469388	0.0137465
-0.795918	-0.428571	0.0144345
-0.795918	-0.387755	0.0150657
-0.795918	-0.346939	0.0156376
-0.795918	-0.306122	0.0161479
-0.795918	-0.265306	0.0165946
-0.795918	-0.22449	0.0169759
-0.795918	-0.183673	0.0172903
-0.795918	-0.142857	0.0175366
-0.795918	-0.102041	0.0177137
-0.795918	-0.0612245	0.0178209
-0.795918	-0.0204082	0.0178578
-0.795918	0.0204082	0.0178242
-0.795918	0.0612245	0.0177203
-0.795918	0.102041	0.0175463
-0.795918	0.142857	0.0173031
-0.795918	0.183673	0.0169915
-0.795918	0.22449	0.0166128
-0.795918	0.265306	0.0161684
-0.795918	0.306122	0.01566
-0.795918	0.346939	0.0150897
-0.795918	0.387755	0.0144598
-0.795918	0.428571	0.0137726
-0.795918	0.469388	0.0130309
-0.795918	0.510204	0.0122376
-0.795918	0.55102	0.0113959
-0.795918	0.591837	0.010509
-0.795918	0.632653	0.00958052
-0.795918	0.673469	0.0086141
-0.795918	0.714286	0.00761355
-0.795918	0.755102	0.00658284
-0.795918	0.795918	0.00552604
-0.795918	0.836735	0.00444734
-0.795918	0.877551	0.00335102
-0.795918	0.918367	0.00224142
-0.795918	0.959184	0.00112294
-0.795918	1	0
-0.755102	-1	0.00129501
-0.755102	-0.959184	0.00258492
-0.755102	-0.918367	0.00386469
-0.755102	-0.877551	0.00512927
-0.755102	-0.836735	0.0063737
-0.755102	-0.795918	0.00759308
-0.755102	-0.755102	0.00878263
-0.755102	-0.714286	0.00993765
-0.755102	-0.673469	0.0110536
-0.755102	-0.632653	0.0121261
-0.755102	-0.591837	0.013151
-0.755102	-0.55102	0.0141241
-0.755102	-0.510204	0.0150416
-0.755102	-0.469388	0.0159
-0.755102	-0.428571	0.0166958
-0.755102	-0.387755	0.0174259
-0.755102	-0.346939	0.0180874
-0.755102	-0.306122	0.0186777
-0.755102	-0.265306	0.0191943
-0.755102	-0.22449	0.0196354
-0.755102	-0.183673	0.0199991
-0.755102	-0.142857	0.0202839
-0.755102	-0.102041	0.0204887
-0.755102	-0.0612245	0.0206127
-0.755102	-0.0204082	0.0206554
-0.755102	0.0204082	0.0206166
-0.755102	0.0612245	0.0204964
-0.755102	0.102041	0.0202952
-0.755102	0.142857	0.0200139
-0.755102	0.183673	0.0196535
-0.755102	0.22449	0.0192154
-0.755102	0.265306	0.0187013
-0.755102	0.306122	0.0181133
-0.755102	0.346939	0.0174537
-0.755102	0.387755	0.016725
-0.755102	0.428571	0.0159302
-0.755102	0.469388	0.0150723
-0.755102	0.510204	0.0141547
-0.755102	0.55102	0.0131811
-0.755102	0.591837	0.0121554
-0.755102	0.632653	0.0110814
-0.755102	0.673469	0.0099636
-0.755102	0.714286	0.0088063
-0.755102	0.755102	0.00761412
-0.755102	0.795918	0.00639176
-0.755102	0.836735	0.00514407
-0.755102	0.877551	0.003876
-0.755102	0.918367	0.00259257
-0.755102	0.959184	0.00129886
-0.755102	1	0
-0.714286	-1	0.00146532
-0.714286	-0.959184	0.00292487
-0.714286	-0.918367	0.00437294
-0.714286	-0.877551	0.00580383
-0.714286	-0.836735	0.00721192
-0.714286	-0.795918	0.00859167
-0.714286	-0.755102	0.00993765
-0.714286	-0.714286	0.0112446
-0.714286	-0.673469	0.0125073
-0.714286	-0.632653	0.0137209
-0.714286	-0.591837	0.0148805
-0.714286	-0.55102	0.0159816
-0.714286	-0.510204	0.0170198
-0.714286	-0.469388	0.0179911
-0.714286	-0.428571	0.0188915
-0.714286	-0.387755	0.0197176
-0.714286	-0.346939	0.0204661
-0.714286	-0.306122	0.021134
-0.714286	-0.265306	0.0217186
-0.714286	-0.22449	0.0222177
-0.714286	-0.183673	0.0226292
-0.714286	-0.142857	0.0229515
-0.714286	-0.102041	0.0231832
-0.714286	-0.0612245	0.0233236
-0.714286	-0.0204082	0.0233719
-0.714286	0.0204082	0.0233279
-0.714286	0.0612245	0.0231919
-0.714286	0.102041	0.0229643
-0.714286	0.142857	0.0226459
-0.714286	0.183673	0.0222381
-0.714286	0.22449	0.0217424
-0.714286	0.265306	0.0211608
-0.714286	0.306122	0.0204955
-0.714286	0.346939	0.0197491
-0.714286	0.387755	0.0189246
-0.714286	0.428571	0.0180252
-0.714286	0.469388	0.0170545
-0.714286	0.510204	0.0160163
-0.714286	0.55102	0.0149146
-0.714286	0.591837	0.0137539
-0.714286	0.632653	0.0125388
-0.714286	0.673469	0.0112739
-0.714286	0.714286	0.00996444
-0.714286	0.755102	0.00861547
-0.714286	0.795918	0.00723236
-0.714286	0.836735	0.00582058
-0.714286	0.877551	0.00438574
-0.714286	0.918367	0.00293352
-0.714286	0.959184	0.00146967
-0.714286	1	0
-0.673469	-1	0.00162987
-0.673469	-0.959184	0.00325333
-0.673469	-0.918367	0.00486401
-0.673469	-0.877551	0.00645559
-0.673469	-0.836735	0.00802179
-0.673469	-0.795918	0.00955649
-0.673469	-0.755102	0.0110536
-0.673469	-0.714286	0.0125073
-0.673469	-0.673469	0.0139118
-0.673469	-0.632653	0.0152617
-0.673469	-0.591837	0.0165515
-0.673469	-0.55102	0.0177763
-0.673469	-0.510204	0.0189311
-0.673469	-0.469388	0.0200114
-0.673469	-0.428571	0.021013
-0.673469	-0.387755	0.0219319
-0.673469	-0.346939	0.0227644
-0.673469	-0.306122	0.0235073
-0.673469	-0.265306	0.0241576
-0.673469	-0.22449	0.0247127
-0.673469	-0.183673	0.0251704
-0.673469	-0.142857	0.0255288
-0.673469	-0.102041	0.0257866
-0.673469	-0.0612245	0.0259427
-0.673469	-0.0204082	0.0259965
-0.673469	0.0204082	0.0259476
-0.673469	0.0612245	0.0257963
-0.673469	0.102041	0.0255431
-0.673469	0.142857	0.025189
-0.673469	0.183673	0.0247354
-0.673469	0.22449	0.024184
-0.673469	0.265306	0.0235371
-0.673469	0.306122	0.0227971
-0.673469	0.346939	0.0219669
-0.673469	0.387755	0.0210498
-0.673469	0.428571	0.0200494
-0.673469	0.469388	0.0189697
-0.673469	0.510204	0.0178149
-0.673469	0.55102	0.0165895
-0.673469	0.591837	0.0152985
-0.673469	0.632653	0.0139468
-0.673469	0.673469	0.01254
-0.673469	0.714286	0.0110834
-0.673469	0.755102	0.00958296
-0.673469	0.795918	0.00804453
-0.673469	0.836735	0.00647422
-0.673469	0.877551	0.00487825
-0.673469	0.918367	0.00326295
-0.673469	0.959184	0.00163471
-0.673469	1	0
-0.632653	-1	0.00178801
-0.632653	-0.959184	0.00356899
-0.632653	-0.918367	0.00533596
-0.632653	-0.877551	0.00708196
-0.632653	-0.836735	0.00880013
-0.632653	-0.795918	0.0104837
-0.632653	-0.755102	0.0121261
-0.632653	-0.714286	0.0137209
-0.632653	-0.673469	0.0152617
-0.632653	-0.632653	0.0167425
-0.632653	-0.591837	0.0181575
-0.632653	-0.55102	0.0195011
-0.632653	-0.510204	0.0207679
-0.632653	-0.469388	0.0219531
-0.632653	-0.428571	0.0230518
-0.632653	-0.387755	0.0240599
-0.632653	-0.346939	0.0249732
-0.632653	-0.306122	0.0257882
-0.632653	-0.265306	0.0265015
-0.632653	-0.22449	0.0271105
-0.632653	-0.183673	0.0276126
-0.632653	-0.142857	0.0280059
-0.632653	-0.102041	0.0282887
-0.632653	-0.0612245	0.0284599
-0.632653	-0.0204082	0.0285188
-0.632653	0.0204082	0.0284652
-0.632653	0.0612245	0.0282992
-0.632653	0.102041	0.0280215
-0.632653	0.142857	0.027633
-0.632653	0.183673	0.0271354
-0.632653	0.22449	0.0265306
-0.632653	0.265306	0.0258208
-0.632653	0.306122	0.025009
-0.632653	0.346939	0.0240983
-0.632653	0.387755	0.0230922
-0.632653	0.428571	0.0219948
-0.632653	0.469388	0.0208103
-0.632653	0.510204	0.0195434
-0.632653	0.55102	0.0181992
-0.632653	0.591837	0.0167828
-0.632653	0.632653	0.0153001
-0.632653	0.673469	0.0137567
-0.632653	0.714286	0.0121588
-0.632653	0.755102	0.0105128
-0.632653	0.795918	0.00882507
-0.632653	0.836735	0.0071024
-0.632653	0.877551	0.00535158
-0.632653	0.918367	0.00357954
-0.632653	0.959184	0.00179333
-0.632653	1	0
-0.591837	-1	0.00193912
-0.591837	-0.959184	0.00387062
-0.591837	-0.918367	0.00578692
-0.591837	-0.877551	0.00768049
-0.591837	-0.836735	0.00954387
-0.591837	-0.795918	0.0113698
-0.591837	-0.755102	0.013151
-0.591837	-0.714286	0.0148805
-0.591837	-0.673469	0.0165515
-0.591837	-0.632653	0.0181575
-0.591837	-0.591837	0.019692
-0.591837	-0.55102	0.0211492
-0.591837	-0.510204	0.0225231
-0.591837	-0.469388	0.0238084
-0.591837	-0.428571	0.0250001
-0.591837	-0.387755	0.0260933
-0.591837	-0.346939	0.0270838
-0.591837	-0.306122	0.0279676
-0.591837	-0.265306	0.0287413
-0.591837	-0.22449	0.0294017
-0.591837	-0.183673	0.0299463
-0.591837	-0.142857	0.0303728
-0.591837	-0.102041	0.0306795
-0.591837	-0.0612245	0.0308652
-0.591837	-0.0204082	0.0309291
-0.591837	0.0204082	0.0308709
-0.591837	0.0612245	0.0306909
-0.591837	0.102041	0.0303897
-0.591837	0.142857	0.0299684
-0.591837	0.183673	0.0294288
-0.591837	0.22449	0.0287728
-0.591837	0.265306	0.0280031
-0.591837	0.306122	0.0271226
-0.591837	0.346939	0.0261349
-0.591837	0.387755	0.0250438
-0.591837	0.428571	0.0238536
-0.591837	0.469388	0.022569
-0.591837	0.510204	0.0211951
-0.591837	0.55102	0.0197372
-0.591837	0.591837	0.0182012
-0.591837	0.632653	0.0165932
-0.591837	0.673469	0.0149193
-0.591837	0.714286	0.0131864
-0.591837	0.755102	0.0114013
-0.591837	0.795918	0.00957092
-0.591837	0.836735	0.00770265
-0.591837	0.877551	0.00580386
-0.591837	0.918367	0.00388207
-0.591837	0.959184	0.00194489
-0.591837	1	0
-0.55102	-1	0.00208261
-0.55102	-0.959184	0.00415703
-0.55102	-0.918367	0.00621513
-0.55102	-0.877551	0.00824881
-0.55102	-0.836735	0.0102501
-0.55102	-0.795918	0.0122111
-0.55102	-0.755102	0.0141241
-0.55102	-0.714286	0.0159816
-0.55102	-0.673469	0.0177763
-0.55102	-0.632653	0.0195011
-0.55102	-0.591837	0.0211492
-0.55102	-0.55102	0.0227141
-0.55102	-0.510204	0.0241897
-0.55102	-0.469388	0.0255701
-0.55102	-0.428571	0.02685
-0.55102	-0.387755	0.0280241
-0.55102	-0.346939	0.0290879
-0.55102	-0.306122	0.0300371
-0.55102	-0.265306	0.030868
-0.55102	-0.22449	0.0315773
-0.55102	-0.183673	0.0321622
-0.55102	-0.142857	0.0326202
-0.55102	-0.102041	0.0329496
-0.55102	-0.0612245	0.0331491
-0.55102	-0.0204082	0.0332177
-0.55102	0.0204082	0.0331553
-0.55102	0.0612245	0.0329619
-0.55102	0.102041	0.0326384
-0.55102	0.142857	0.032186
-0.55102	0.183673	0.0316064
-0.55102	0.22449	0.0309019
-0.55102	0.265306	0.0300752
-0.55102	0.306122	0.0291296
-0.55102	0.346939	0.0280688
-0.55102	0.387755	0.026897
-0.55102	0.428571	0.0256187
-0.55102	0.469388	0.024239
-0.55102	0.510204	0.0227634
-0.55102	0.55102	0.0211977
-0.55102	0.591837	0.0195481
-0.55102	0.632653	0.017821
-0.55102	0.673469	0.0160233
-0.55102	0.714286	0.0141622
-0.55102	0.755102	0.0122449
-0.55102	0.795918	0.0102791
-0.55102	0.836735	0.00827261
-0.55102	0.877551	0.00623332
-0.55102	0.918367	0.00416932
-0.55102	0.959184	0.0020888
-0.55102	1	0
-0.510204	-1	0.0022179
-0.510204	-0.959184	0.00442709
-0.510204	-0.918367	0.00661889
-0.510204	-0.877551	0.00878468
-0.510204	-0.836735	0.010916
-0.510204	-0.795918	0.0130044
-0.510204	-0.755102	0.0150416
-0.510204	-0.714286	0.0170198
-0.510204	-0.673469	0.0189311
-0.510204	-0.632653	0.0207679
-0.510204	-0.591837	0.0225231
-0.510204	-0.55102	0.0241897
-0.510204	-0.510204	0.0257612
-0.510204	-0.469388	0.0272313
-0.510204	-0.428571	0.0285942
-0.510204	-0.387755	0.0298446
-0.510204	-0.346939	0.0309775
-0.510204	-0.306122	0.0319884
-0.510204	-0.265306	0.0328733
-0.510204	-0.22449	0.0336287
-0.510204	-0.183673	0.0342515
-0.510204	-0.142857	0.0347393
-0.510204	-0.102041	0.0350902
-0.510204	-0.0612245	0.0353026
-0.510204	-0.0204082	0.0353757
-0.510204	0.0204082	0.0353092
-0.510204	0.0612245	0.0351032
-0.510204	0.102041	0.0347587
-0.510204	0.142857	0.0342769
-0.510204	0.183673	0.0336596
-0.510204	0.22449	0.0329094
-0.510204	0.265306	0.032029
-0.510204	0.306122	0.031022
-0.510204	0.346939	0.0298923
-0.510204	0.387755	0.0286443
-0.510204	0.428571	0.027283
-0.510204	0.469388	0.0258137
-0.510204	0.510204	0.0242422
-0.510204	0.55102	0.0225748
-0.510204	0.591837	0.020818
-0.510204	0.632653	0.0189787
-0.510204	0.673469	0.0170642
-0.510204	0.714286	0.0150822
-0.510204	0.755102	0.0130404
-0.510204	0.795918	0.0109469
-0.510204	0.836735	0.00881004
-0.510204	0.877551	0.00663826
-0.510204	0.918367	0.00444018
-0.510204	0.959184	0.0022245
-0.510204	1	0
-0.469388	-1	0.00234447
-0.469388	-0.959184	0.00467973
-0.469388	-0.918367	0.00699661
-0.469388	-0.877551	0.009286
-0.469388	-0.836735	0.0115389
-0.469388	-0.795918	0.0137465
-0.469388	-0.755102	0.0159
-0.469388	-0.714286	0.0179911
-0.469388	-0.673469	0.0200114
-0.469388	-0.632653	0.0219531
-0.469388	-0.591837	0.0238084
-0.469388	-0.55102	0.0255701
-0.469388	-0.510204	0.0272313
-0.469388	-0.469388	0.0287853
-0.469388	-0.428571	0.030226
-0.469388	-0.387755	0.0315478
-0.469388	-0.346939	0.0327453
-0.469388	-0.306122	0.0338139
-0.469388	-0.265306	0.0347493
-0.469388	-0.22449	0.0355478
-0.469388	-0.183673	0.0362062
-0.469388	-0.142857	0.0367218
-0.469388	-0.102041	0.0370926
-0.469388	-0.0612245	0.0373172
-0.469388	-0.0204082	0.0373944
-0.469388	0.0204082	0.0373241
-0.469388	0.0612245	0.0371065
-0.469388	0.102041	0.0367423
-0.469388	0.142857	0.036233
-0.469388	0.183673	0.0355805
-0.469388	0.22449	0.0347874
-0.469388	0.265306	0.0338568
-0.469388	0.306122	0.0327923
-0.469388	0.346939	0.0315981
-0.469388	0.387755	0.0302789
-0.469388	0.428571	0.0288399
-0.469388	0.469388	0.0272868
-0.469388	0.510204	0.0256257
-0.469388	0.55102	0.0238631
-0.469388	0.591837	0.022006
-0.469388	0.632653	0.0200617
-0.469388	0.673469	0.018038
-0.469388	0.714286	0.0159429
-0.469388	0.755102	0.0137845
-0.469388	0.795918	0.0115716
-0.469388	0.836735	0.0093128
-0.469388	0.877551	0.00701709
-0.469388	0.918367	0.00469357
-0.469388	0.959184	0.00235144
-0.469388	1	0
-0.428571	-1	0.00246181
-0.428571	-0.959184	0.00491396
-0.428571	-0.918367	0.00734679
-0.428571	-0.877551	0.00975077
-0.428571	-0.836735	0.0121164
-0.428571	-0.795918	0.0144345
-0.428571	-0.755102	0.0166958
-0.428571	-0.714286	0.0188915
-0.428571	-0.673469	0.021013
-0.428571	-0.632653	0.0230518
-0.428571	-0.591837	0.0250001
-0.428571	-0.55102	0.02685
-0.428571	-0.510204	0.0285942
-0.428571	-0.469388	0.030226
-0.428571	-0.428571	0.0317389
-0.428571	-0.387755	0.0331268
-0.428571	-0.346939	0.0343843
-0.428571	-0.306122	0.0355063
-0.428571	-0.265306	0.0364885
-0.428571	-0.22449	0.037327
-0.428571	-0.183673	0.0380183
-0.428571	-0.142857	0.0385598
-0.428571	-0.102041	0.0389492
-0.428571	-0.0612245	0.0391849
-0.428571	-0.0204082	0.0392661
-0.428571	0.0204082	0.0391922
-0.428571	0.0612245	0.0389637
-0.428571	0.102041	0.0385813
-0.428571	0.142857	0.0380465
-0.428571	0.183673	0.0373613
-0.428571	0.22449	0.0365285
-0.428571	0.265306	0.0355513
-0.428571	0.306122	0.0344336
-0.428571	0.346939	0.0331796
-0.428571	0.387755	0.0317944
-0.428571	0.428571	0.0302834
-0.428571	0.469388	0.0286525
-0.428571	0.510204	0.0269083
-0.428571	0.55102	0.0250574
-0.428571	0.591837	0.0231074
-0.428571	0.632653	0.0210659
-0.428571	0.673469	0.0189409
-0.428571	0.714286	0.0167408
-0.428571	0.755102	0.0144745
-0.428571	0.795918	0.0121508
-0.428571	0.836735	0.00977891
-0.428571	0.877551	0.0073683
-0.428571	0.918367	0.00492848
-0.428571	0.959184	0.00246913
-0.428571	1	0
-0.387755	-1	0.00256947
-0.387755	-0.959184	0.00512884
-0.387755	-0.918367	0.00766806
-0.387755	-0.877551	0.0101772
-0.387755	-0.836735	0.0126463
-0.387755	-0.795918	0.0150657
-0.387755	-0.755102	0.0174259
-0.387755	-0.714286	0.0197176
-0.387755	-0.673469	0.0219319
-0.387755	-0.632653	0.0240599
-0.387755	-0.591837	0.0260933
-0.387755	-0.55102	0.0280241
-0.387755	-0.510204	0.0298446
-0.387755	-0.469388	0.0315478
-0.387755	-0.428571	0.0331268
-0.387755	-0.387755	0.0345754
-0.387755	-0.346939	0.0358878
-0.387755	-0.306122	0.037059
-0.387755	-0.265306	0.0380842
-0.387755	-0.22449	0.0389593
-0.387755	-0.183673	0.0396808
-0.387755	-0.142857	0.0402459
-0.387755	-0.102041	0.0406524
-0.387755	-0.0612245	0.0408984
-0.387755	-0.0204082	0.0409831
-0.387755	0.0204082	0.0409061
-0.387755	0.0612245	0.0406675
-0.387755	0.102041	0.0402684
-0.387755	0.142857	0.0397102
-0.387755	0.183673	0.0389951
-0.387755	0.22449	0.0381259
-0.387755	0.265306	0.037106
-0.387755	0.306122	0.0359393
-0.387755	0.346939	0.0346305
-0.387755	0.387755	0.0331847
-0.387755	0.428571	0.0316077
-0.387755	0.469388	0.0299055
-0.387755	0.510204	0.0280849
-0.387755	0.55102	0.0261532
-0.387755	0.591837	0.0241179
-0.387755	0.632653	0.021987
-0.387755	0.673469	0.0197691
-0.387755	0.714286	0.0174729
-0.387755	0.755102	0.0151074
-0.387755	0.795918	0.0126821
-0.387755	0.836735	0.0102065
-0.387755	0.877551	0.00769051
-0.387755	0.918367	0.005144
-0.387755	0.959184	0.00257711
-0.387755	1	0
-0.346939	-1	0.002667
-0.346939	-0.959184	0.00532353
-0.346939	-0.918367	0.00795914
-0.346939	-0.877551	0.0105635
-0.346939	-0.836735	0.0131263
-0.346939	-0.795918	0.0156376
-0.346939	-0.755102	0.0180874
-0.346939	-0.714286	0.0204661
-0.346939	-0.673469	0.0227644
-0.346939	-0.632653	0.0249732
-0.346939	-0.591837	0.0270838
-0.346939	-0.55102	0.0290879
-0.346939	-0.510204	0.0309775
-0.346939	-0.469388	0.0327453
-0.346939	-0.428571	0.0343843
-0.346939	-0.387755	0.0358878
-0.346939	-0.346939	0.0372501
-0.346939	-0.306122	0.0384657
-0.346939	-0.265306	0.0395298
-0.346939	-0.22449	0.0404381
-0.346939	-0.183673	0.0411871
-0.346939	-0.142857	0.0417737
-0.346939	-0.102041	0.0421955
-0.346939	-0.0612245	0.0424509
-0.346939	-0.0204082	0.0425388
-0.346939	0.0204082	0.0424589
-0.346939	0.0612245	0.0422113
-0.346939	0.102041	0.041797
-0.346939	0.142857	0.0412176
-0.346939	0.183673	0.0404753
-0.346939	0.22449	0.0395731
-0.346939	0.265306	0.0385145
-0.346939	0.306122	0.0373036
-0.346939	0.346939	0.0359451
-0.346939	0.387755	0.0344444
-0.346939	0.428571	0.0328075
-0.346939	0.469388	0.0310407
-0.346939	0.510204	0.029151
-0.346939	0.55102	0.0271459
-0.346939	0.591837	0.0250334
-0.346939	0.632653	0.0228217
-0.346939	0.673469	0.0205196
-0.346939	0.714286	0.0181362
-0.346939	0.755102	0.0156809
-0.346939	0.795918	0.0131635
-0.346939	0.836735	0.010594
-0.346939	0.877551	0.00798244
-0.346939	0.918367	0.00533927
-0.346939	0.959184	0.00267493
-0.346939	1	0
-0.306122	-1	0.00275404
-0.306122	-0.959184	0.00549725
-0.306122	-0.918367	0.00821887
-0.306122	-0.877551	0.0109082
-0.306122	-0.836735	0.0135547
-0.306122	-0.795918	0.0161479
-0.306122	-0.755102	0.0186777
-0.306122	-0.714286	0.021134
-0.306122	-0.673469	0.0235073
-0.306122	-0.632653	0.0257882
-0.306122	-0.591837	0.0279676
-0.306122	-0.55102	0.0300371
-0.306122	-0.510204	0.0319884
-0.306122	-0.469388	0.0338139
-0.306122	-0.428571	0.0355063
-0.306122	-0.387755	0.037059
-0.306122	-0.346939	0.0384657
-0.306122	-0.306122	0.039721
-0.306122	-0.265306	0.0408198
-0.306122	-0.22449	0.0417578
-0.306122	-0.183673	0.0425312
-0.306122	-0.142857	0.0431369
-0.306122	-0.102041	0.0435725
-0.306122	-0.0612245	0.0438363
-0.306122	-0.0204082	0.043927
-0.306122	0.0204082	0.0438444
-0.306122	0.0612245	0.0435888
-0.306122	0.102041	0.043161
-0.306122	0.142857	0.0425627
-0.306122	0.183673	0.0417962
-0.306122	0.22449	0.0408645
-0.306122	0.265306	0.0397714
-0.306122	0.306122	0.0385209
-0.306122	0.346939	0.0371181
-0.306122	0.387755	0.0355685
-0.306122	0.428571	0.0338781
-0.306122	0.469388	0.0320537
-0.306122	0.510204	0.0301023
-0.306122	0.55102	0.0280318
-0.306122	0.591837	0.0258503
-0.306122	0.632653	0.0235664
-0.306122	0.673469	0.0211892
-0.306122	0.714286	0.018728
-0.306122	0.755102	0.0161926
-0.306122	0.795918	0.0135931
-0.306122	0.836735	0.0109397
-0.306122	0.877551	0.00824293
-0.306122	0.918367	0.0055135
-0.306122	0.959184	0.00276223
-0.306122	1	0
-0.265306	-1	0.00283022
-0.265306	-0.959184	0.00564932
-0.265306	-0.918367	0.00844623
-0.265306	-0.877551	0.01121
-0.265306	-0.836735	0.0139296
-0.265306	-0.795918	0.0165946
-0.265306	-0.755102	0.0191943
-0.265306	-0.714286	0.0217186
-0.265306	-0.673469	0.0241576
-0.265306	-0.632653	0.0265015
-0.265306	-0.591837	0.0287413
-0.265306	-0.55102	0.030868
-0.265306	-0.510204	0.0328733
-0.265306	-0.469388	0.0347493
-0.265306	-0.428571	0.0364885
-0.265306	-0.387755	0.0380842
-0.265306	-0.346939	0.0395298
-0.265306	-0.306122	0.0408198
-0.265306	-0.265306	0.041949
-0.265306	-0.22449	0.0429129
-0.265306	-0.183673	0.0437077
-0.265306	-0.142857	0.0443302
-0.265306	-0.102041	0.0447779
-0.265306	-0.0612245	0.0450489
-0.265306	-0.0204082	0.0451422
-0.265306	0.0204082	0.0450573
-0.265306	0.0612245	0.0447946
-0.265306	0.102041	0.0443549
-0.265306	0.142857	0.0437401
-0.265306	0.183673	0.0429524
-0.265306	0.22449	0.041995
-0.265306	0.265306	0.0408716
-0.265306	0.306122	0.0395865
-0.265306	0.346939	0.0381449
-0.265306	0.387755	0.0365524
-0.265306	0.428571	0.0348153
-0.265306	0.469388	0.0329404
-0.265306	0.510204	0.030935
-0.265306	0.55102	0.0288073
-0.265306	0.591837	0.0265654
-0.265306	0.632653	0.0242183
-0.265306	0.673469	0.0217753
-0.265306	0.714286	0.0192461
-0.265306	0.755102	0.0166406
-0.265306	0.795918	0.0139691
-0.265306	0.836735	0.0112423
-0.265306	0.877551	0.00847096
-0.265306	0.918367	0.00566603
-0.265306	0.959184	0.00283864
-0.265306	1	0
-0.22449	-1	0.00289525
-0.22449	-0.959184	0.00577914
-0.22449	-0.918367	0.00864031
-0.22449	-0.877551	0.0114675
-0.22449	-0.836735	0.0142497
-0.22449	-0.795918	0.0169759
-0.22449	-0.755102	0.0196354
-0.22449	-0.714286	0.0222177
-0.22449	-0.673469	0.0247127
-0.22449	-0.632653	0.0271105
-0.22449	-0.591837	0.0294017
-0.22449	-0.55102	0.0315773
-0.22449	-0.510204	0.0336287
-0.22449	-0.469388	0.0355478
-0.22449	-0.428571	0.037327
-0.22449	-0.387755	0.0389593
-0.22449	-0.346939	0.0404381
-0.22449	-0.306122	0.0417578
-0.22449	-0.265306	0.0429129
-0.22449	-0.22449	0.043899
-0.22449	-0.183673	0.0447121
-0.22449	-0.142857	0.0453488
-0.22449	-0.102041	0.0458068
-0.22449	-0.0612245	0.046084
-0.22449	-0.0204082	0.0461795
-0.22449	0.0204082	0.0460927
-0.22449	0.0612245	0.0458239
-0.22449	0.102041	0.0453741
-0.22449	0.142857	0.0447451
-0.22449	0.183673	0.0439394
-0.22449	0.22449	0.04296
-0.22449	0.265306	0.0418107
-0.22449	0.306122	0.0404962
-0.22449	0.346939	0.0390214
-0.22449	0.387755	0.0373923
-0.22449	0.428571	0.0356153
-0.22449	0.469388	0.0336973
-0.22449	0.510204	0.0316459
-0.22449	0.55102	0.0294692
-0.22449	0.591837	0.0271758
-0.22449	0.632653	0.0247748
-0.22449	0.673469	0.0222757
-0.22449	0.714286	0.0196883
-0.22449	0.755102	0.0170229
-0.22449	0.795918	0.0142901
-0.22449	0.836735	0.0115006
-0.22449	0.877551	0.0086656
-0.22449	0.918367	0.00579622
-0.22449	0.959184	0.00290387
-0.22449	1	0
-0.183673	-1	0.00294888
-0.183673	-0.959184	0.00588617
-0.183673	-0.918367	0.00880034
-0.183673	-0.877551	0.0116799
-0.183673	-0.836735	0.0145136
-0.183673	-0.795918	0.0172903
-0.183673	-0.755102	0.0199991
-0.183673	-0.714286	0.0226292
-0.183673	-0.673469	0.0251704
-0.183673	-0.632653	0.0276126
-0.183673	-0.591837	0.0299463
-0.183673	-0.55102	0.0321622
-0.183673	-0.510204	0.0342515
-0.183673	-0.469388	0.0362062
-0.183673	-0.428571	0.0380183
-0.183673	-0.387755	0.0396808
-0.183673	-0.346939	0.0411871
-0.183673	-0.306122	0.0425312
-0.183673	-0.265306	0.0437077
-0.183673	-0.22449	0.0447121
-0.183673	-0.183673	0.0455402
-0.183673	-0.142857	0.0461887
-0.183673	-0.102041	0.0466552
-0.183673	-0.0612245	0.0469376
-0.183673	-0.0204082	0.0470348
-0.183673	0.0204082	0.0469463
-0.183673	0.0612245	0.0466726
-0.183673	0.102041	0.0462145
-0.183673	0.142857	0.0455739
-0.183673	0.183673	0.0447532
-0.183673	0.22449	0.0437556
-0.183673	0.265306	0.0425851
-0.183673	0.306122	0.0412462
-0.183673	0.346939	0.0397441
-0.183673	0.387755	0.0380849
-0.183673	0.428571	0.0362749
-0.183673	0.469388	0.0343214
-0.183673	0.510204	0.032232
-0.183673	0.55102	0.030015
-0.183673	0.591837	0.0276792
-0.183673	0.632653	0.0252337
-0.183673	0.673469	0.0226883
-0.183673	0.714286	0.020053
-0.183673	0.755102	0.0173382
-0.183673	0.795918	0.0145548
-0.183673	0.836735	0.0117136
-0.183673	0.877551	0.0088261
-0.183673	0.918367	0.00590357
-0.183673	0.959184	0.00295765
-0.183673	1	0
-0.142857	-1	0.00299087
-0.142857	-0.959184	0.00597
-0.142857	-0.918367	0.00892567
-0.142857	-0.877551	0.0118463
-0.142857	-0.836735	0.0147203
-0.142857	-0.795918	0.0175366
-0.142857	-0.755102	0.0202839
-0.142857	-0.714286	0.0229515
-0.142857	-0.673469	0.0255288
-0.142857	-0.632653	0.0280059
-0.142857	-0.591837	0.0303728
-0.142857	-0.55102	0.0326202
-0.142857	-0.510204	0.0347393
-0.142857	-0.469388	0.0367218
-0.142857	-0.428571	0.0385598
-0.142857	-0.387755	0.0402459
-0.142857	-0.346939	0.0417737
-0.142857	-0.306122	0.0431369
-0.142857	-0.265306	0.0443302
-0.142857	-0.22449	0.0453488
-0.142857	-0.183673	0.0461887
-0.142857	-0.142857	0.0468465
-0.142857	-0.102041	0.0473196
-0.142857	-0.0612245	0.047606
-0.142857	-0.0204082	0.0477046
-0.142857	0.0204082	0.0476149
-0.142857	0.0612245	0.0473373
-0.142857	0.102041	0.0468727
-0.142857	0.142857	0.0462229
-0.142857	0.183673	0.0453905
-0.142857	0.22449	0.0443788
-0.142857	0.265306	0.0431916
-0.142857	0.306122	0.0418336
-0.142857	0.346939	0.0403102
-0.142857	0.387755	0.0386273
-0.142857	0.428571	0.0367915
-0.142857	0.469388	0.0348102
-0.142857	0.510204	0.032691
-0.142857	0.55102	0.0304425
-0.142857	0.591837	0.0280734
-0.142857	0.632653	0.0255931
-0.142857	0.673469	0.0230114
-0.142857	0.714286	0.0203386
-0.142857	0.755102	0.0175851
-0.142857	0.795918	0.0147621
-0.142857	0.836735	0.0118805
-0.142857	0.877551	0.0089518
-0.142857	0.918367	0.00598765
-0.142857	0.959184	0.00299977
-0.142857	1	0
-0.102041	-1	0.00302108
-0.102041	-0.959184	0.00603029
-0.102041	-0.918367	0.00901581
-0.102041	-0.877551	0.0119659
-0.102041	-0.836735	0.014869
-0.102041	-0.795918	0.0177137
-0.102041	-0.755102	0.0204887
-0.102041	-0.714286	0.0231832
-0.102041	-0.673469	0.0257866
-0.102041	-0.632653	0.0282887
-0.102041	-0.591837	0.0306795
-0.102041	-0.55102	0.0329496
-0.102041	-0.510204	0.0350902
-0.102041	-0.469388	0.0370926
-0.102041	-0.428571	0.0389492
-0.102041	-0.387755	0.0406524
-0.102041	-0.346939	0.0421955
-0.102041	-0.306122	0.0435725
-0.102041	-0.265306	0.0447779
-0.102041	-0.22449	0.0458068
-0.102041	-0.183673	0.0466552
-0.102041	-0.142857	0.0473196
-0.102041	-0.102041	0.0477975
-0.102041	-0.0612245	0.0480868
-0.102041	-0.0204082	0.0481864
-0.102041	0.0204082	0.0480958
-0.102041	0.0612245	0.0478153
-0.102041	0.102041	0.047346
-0.102041	0.142857	0.0466897
-0.102041	0.183673	0.0458489
-0.102041	0.22449	0.0448269
-0.102041	0.265306	0.0436277
-0.102041	0.306122	0.0422561
-0.102041	0.346939	0.0407172
-0.102041	0.387755	0.0390173
-0.102041	0.428571	0.0371631
-0.102041	0.469388	0.0351617
-0.102041	0.510204	0.0330212
-0.102041	0.55102	0.0307499
-0.102041	0.591837	0.0283569
-0.102041	0.632653	0.0258515
-0.102041	0.673469	0.0232438
-0.102041	0.714286	0.0205439
-0.102041	0.755102	0.0177627
-0.102041	0.795918	0.0149111
-0.102041	0.836735	0.0120004
-0.102041	0.877551	0.0090422
-0.102041	0.918367	0.00604812
-0.102041	0.959184	0.00303006
-0.102041	1	0
-0.0612245	-1	0.00303936
-0.0612245	-0.959184	0.00606679
-0.0612245	-0.918367	0.00907038
-0.0612245	-0.877551	0.0120383
-0.0612245	-0.836735	0.014959
-0.0612245	-0.795918	0.0178209
-0.0612245	-0.755102	0.0206127
-0.0612245	-0.714286	0.0233236
-0.0612245	-0.673469	0.0259427
-0.0612245	-0.632653	0.0284599
-0.0612245	-0.591837	0.0308652
-0.0612245	-0.55102	0.0331491
-0.0612245	-0.510204	0.0353026
-0.0612245	-0.469388	0.0373172
-0.0612245	-0.428571	0.0391849
-0.0612245	-0.387755	0.0408984
-0.0612245	-0.346939	0.0424509
-0.0612245	-0.306122	0.0438363
-0.0612245	-0.265306	0.0450489
-0.0612245	-0.22449	0.046084
-0.0612245	-0.183673	0.0469376
-0.0612245	-0.142857	0.047606
-0.0612245	-0.102041	0.0480868
-0.0612245	-0.0612245	0.0483779
-0.0612245	-0.0204082	0.048478
-0.0612245	0.0204082	0.0483869
-0.0612245	0.0612245	0.0481047
-0.0612245	0.102041	0.0476326
-0.0612245	0.142857	0.0469723
-0.0612245	0.183673	0.0461264
-0.0612245	0.22449	0.0450983
-0.0612245	0.265306	0.0438918
-0.0612245	0.306122	0.0425118
-0.0612245	0.346939	0.0409637
-0.0612245	0.387755	0.0392535
-0.0612245	0.428571	0.037388
-0.0612245	0.469388	0.0353745
-0.0612245	0.510204	0.033221
-0.0612245	0.55102	0.030936
-0.0612245	0.591837	0.0285285
-0.0612245	0.632653	0.026008
-0.0612245	0.673469	0.0233845
-0.0612245	0.714286	0.0206683
-0.0612245	0.755102	0.0178702
-0.0612245	0.795918	0.0150014
-0.0612245	0.836735	0.0120731
-0.0612245	0.877551	0.00909693
-0.0612245	0.918367	0.00608472
-0.0612245	0.959184	0.0030484
-0.0612245	1	0
-0.0204082	-1	0.00304566
-0.0204082	-0.959184	0.00607935
-0.0204082	-0.918367	0.00908916
-0.0204082	-0.877551	0.0120633
-0.0204082	-0.836735	0.01499
-0.0204082	-0.795918	0.0178578
-0.0204082	-0.755102	0.0206554
-0.0204082	-0.714286	0.0233719
-0.0204082	-0.673469	0.0259965
-0.0204082	-0.632653	0.0285188
-0.0204082	-0.591837	0.0309291
-0.0204082	-0.55102	0.0332177
-0.0204082	-0.510204	0.0353757
-0.0204082	-0.469388	0.0373944
-0.0204082	-0.428571	0.0392661
-0.0204082	-0.387755	0.0409831
-0.0204082	-0.346939	0.0425388
-0.0204082	-0.306122	0.043927
-0.0204082	-0.265306	0.0451422
-0.0204082	-0.22449	0.0461795
-0.0204082	-0.183673	0.0470348
-0.0204082	-0.142857	0.0477046
-0.0204082	-0.102041	0.0481864
-0.0204082	-0.0612245	0.048478
-0.0204082	-0.0204082	0.0485784
-0.0204082	0.0204082	0.0484871
-0.0204082	0.0612245	0.0482043
-0.0204082	0.102041	0.0477312
-0.0204082	0.142857	0.0470696
-0.0204082	0.183673	0.046222
-0.0204082	0.22449	0.0451917
-0.0204082	0.265306	0.0439827
-0.0204082	0.306122	0.0425999
-0.0204082	0.346939	0.0410485
-0.0204082	0.387755	0.0393348
-0.0204082	0.428571	0.0374654
-0.0204082	0.469388	0.0354478
-0.0204082	0.510204	0.0332898
-0.0204082	0.55102	0.0310001
-0.0204082	0.591837	0.0285876
-0.0204082	0.632653	0.0260618
-0.0204082	0.673469	0.0234329
-0.0204082	0.714286	0.0207111
-0.0204082	0.755102	0.0179073
-0.0204082	0.795918	0.0150325
-0.0204082	0.836735	0.0120981
-0.0204082	0.877551	0.00911577
-0.0204082	0.918367	0.00609732
-0.0204082	0.959184	0.00305472
-0.0204082	1	0
0.0204082	-1	0.00303993
0.0204082	-0.959184	0.00606792
0.0204082	-0.918367	0.00907208
0.0204082	-0.877551	0.0120406
0.0204082	-0.836735	0.0149618
0.0204082	-0.795918	0.0178242
0.0204082	-0.755102	0.0206166
0.0204082	-0.714286	0.0233279
0.0204082	-0.673469	0.0259476
0.0204082	-0.632653	0.0284652
0.0204082	-0.591837	0.0308709
0.0204082	-0.55102	0.0331553
0.0204082	-0.510204	0.0353092
0.0204082	-0.469388	0.0373241
0.0204082	-0.428571	0.0391922
0.0204082	-0.387755	0.0409061
0.0204082	-0.346939	0.0424589
0.0204082	-0.306122	0.0438444
0.0204082	-0.265306	0.0450573
0.0204082	-0.22449	0.0460927
0.0204082	-0.183673	0.0469463
0.0204082	-0.142857	0.0476149
0.0204082	-0.102041	0.0480958
0.0204082	-0.0612245	0.0483869
0.0204082	-0.0204082	0.0484871
0.0204082	0.0204082	0.0483959
0.0204082	0.0612245	0.0481137
0.0204082	0.102041	0.0476415
0.0204082	0.142857	0.0469811
0.0204082	0.183673	0.0461351
0.0204082	0.22449	0.0451067
0.0204082	0.265306	0.0439
0.0204082	0.306122	0.0425198
0.0204082	0.346939	0.0409713
0.0204082	0.387755	0.0392608
0.0204082	0.428571	0.037395
0.0204082	0.469388	0.0353811
0.0204082	0.510204	0.0332272
0.0204082	0.55102	0.0309418
0.0204082	0.591837	0.0285338
0.0204082	0.632653	0.0260128
0.0204082	0.673469	0.0233888
0.0204082	0.714286	0.0206722
0.0204082	0.755102	0.0178736
0.0204082	0.795918	0.0150042
0.0204082	0.836735	0.0120753
0.0204082	0.877551	0.00909863
0.0204082	0.918367	0.00608586
0.0204082	0.959184	0.00304897
0.0204082	1	0
0.0612245	-1	0.0030222
0.0612245	-0.959184	0.00603254
0.0612245	-0.918367	0.00901917
0.0612245	-0.877551	0.0119704
0.0612245	-0.836735	0.0148745
0.0612245	-0.795918	0.0177203
0.0612245	-0.755102	0.0204964
0.0612245	-0.714286	0.0231919
0.0612245	-0.673469	0.0257963
0.0612245	-0.632653	0.0282992
0.0612245	-0.591837	0.0306909
0.0612245	-0.55102	0.0329619
0.0612245	-0.510204	0.0351032
0.0612245	-0.469388	0.0371065
0.0612245	-0.428571	0.0389637
0.0612245	-0.387755	0.0406675
0.0612245	-0.346939	0.0422113
0.0612245	-0.306122	0.0435888
0.0612245	-0.265306	0.0447946
0.0612245	-0.22449	0.0458239
0.0612245	-0.183673	0.0466726
0.0612245	-0.142857	0.0473373
0.0612245	-0.102041	0.0478153
0.0612245	-0.0612245	0.0481047
0.0612245	-0.0204082	0.0482043
0.0612245	0.0204082	0.0481137
0.0612245	0.0612245	0.0478331
0.0612245	0.102041	0.0473637
0.0612245	0.142857	0.0467071
0.0612245	0.183673	0.045866
0.0612245	0.22449	0.0448437
0.0612245	0.265306	0.043644
0.0612245	0.306122	0.0422718
0.0612245	0.346939	0.0407324
0.0612245	0.387755	0.0390319
0.0612245	0.428571	0.0371769
0.0612245	0.469388	0.0351748
0.0612245	0.510204	0.0330335
0.0612245	0.55102	0.0307614
0.0612245	0.591837	0.0283674
0.0612245	0.632653	0.0258612
0.0612245	0.673469	0.0232524
0.0612245	0.714286	0.0205516
0.0612245	0.755102	0.0177694
0.0612245	0.795918	0.0149167
0.0612245	0.836735	0.0120049
0.0612245	0.877551	0.00904557
0.0612245	0.918367	0.00605037
0.0612245	0.959184	0.00303119
0.0612245	1	0
0.102041	-1	0.00299254
0.102041	-0.959184	0.00597333
0.102041	-0.918367	0.00893065
0.102041	-0.877551	0.0118529
0.102041	-0.836735	0.0147286
0.102041	-0.795918	0.0175463
0.102041	-0.755102	0.0202952
0.102041	-0.714286	0.0229643
0.102041	-0.673469	0.0255431
0.102041	-0.632653	0.0280215
0.102041	-0.591837	0.0303897
0.102041	-0.55102	0.0326384
0.102041	-0.510204	0.0347587
0.102041	-0.469388	0.0367423
0.102041	-0.428571	0.0385813
0.102041	-0.387755	0.0402684
0.102041	-0.346939	0.041797
0.102041	-0.306122	0.043161
0.102041	-0.265306	0.0443549
0.102041	-0.22449	0.0453741
0.102041	-0.183673	0.0462145
0.102041	-0.142857	0.0468727
0.102041	-0.102041	0.047346
0.102041	-0.0612245	0.0476326
0.102041	-0.0204082	0.0477312
0.102041	0.0204082	0.0476415
0.102041	0.0612245	0.0473637
0.102041	0.102041	0.0468988
0.102041	0.142857	0.0462487
0.102041	0.183673	0.0454159
0.102041	0.22449	0.0444035
0.102041	0.265306	0.0432157
0.102041	0.306122	0.0418569
0.102041	0.346939	0.0403326
0.102041	0.387755	0.0386488
0.102041	0.428571	0.036812
0.102041	0.469388	0.0348296
0.102041	0.510204	0.0327093
0.102041	0.55102	0.0304594
0.102041	0.591837	0.028089
0.102041	0.632653	0.0256073
0.102041	0.673469	0.0230242
0.102041	0.714286	0.0203499
0.102041	0.755102	0.017595
0.102041	0.795918	0.0147703
0.102041	0.836735	0.0118871
0.102041	0.877551	0.00895679
0.102041	0.918367	0.00599099
0.102041	0.959184	0.00300144
0.102041	1	0
0.142857	-1	0.00295106
0.142857	-0.959184	0.00589053
0.142857	-0.918367	0.00880685
0.142857	-0.877551	0.0116886
0.142857	-0.836735	0.0145244
0.142857	-0.795918	0.0173031
0.142857	-0.755102	0.0200139
0.142857	-0.714286	0.0226459
0.142857	-0.673469	0.025189
0.142857	-0.632653	0.027633
0.142857	-0.591837	0.0299684
0.142857	-0.55102	0.032186
0.142857	-0.510204	0.0342769
0.142857	-0.469388	0.036233
0.142857	-0.428571	0.0380465
0.142857	-0.387755	0.0397102
0.142857	-0.346939	0.0412176
0.142857	-0.306122	0.0425627
0.142857	-0.265306	0.0437401
0.142857	-0.22449	0.0447451
0.142857	-0.183673	0.0455739
0.142857	-0.142857	0.0462229
0.142857	-0.102041	0.0466897
0.142857	-0.0612245	0.0469723
0.142857	-0.0204082	0.0470696
0.142857	0.0204082	0.0469811
0.142857	0.0612245	0.0467071
0.142857	0.102041	0.0462487
0.142857	0.142857	0.0456076
0.142857	0.183673	0.0447863
0.142857	0.22449	0.043788
0.142857	0.265306	0.0426166
0.142857	0.306122	0.0412767
0.142857	0.346939	0.0397736
0.142857	0.387755	0.0381131
0.142857	0.428571	0.0363018
0.142857	0.469388	0.0343468
0.142857	0.510204	0.0322559
0.142857	0.55102	0.0300372
0.142857	0.591837	0.0276996
0.142857	0.632653	0.0252524
0.142857	0.673469	0.0227051
0.142857	0.714286	0.0200678
0.142857	0.755102	0.0173511
0.142857	0.795918	0.0145655
0.142857	0.836735	0.0117223
0.142857	0.877551	0.00883263
0.142857	0.918367	0.00590794
0.142857	0.959184	0.00295984
0.142857	1	0
0.183673	-1	0.00289792
0.183673	-0.959184	0.00578445
0.183673	-0.918367	0.00864826
0.183673	-0.877551	0.0114781
0.183673	-0.836735	0.0142628
0.183673	-0.795918	0.0169915
0.183673	-0.755102	0.0196535
0.183673	-0.714286	0.0222381
0.183673	-0.673469	0.0247354
0.183673	-0.632653	0.0271354
0.183673	-0.591837	0.0294288
0.183673	-0.55102	0.0316064
0.183673	-0.510204	0.0336596
0.183673	-0.469388	0.0355805
0.183673	-0.428571	0.0373613
0.183673	-0.387755	0.0389951
0.183673	-0.346939	0.0404753
0.183673	-0.306122	0.0417962
0.183673	-0.265306	0.0429524
0.183673	-0.22449	0.0439394
0.183673	-0.183673	0.0447532
0.183673	-0.142857	0.0453905
0.183673	-0.102041	0.0458489
0.183673	-0.0612245	0.0461264
0.183673	-0.0204082	0.046222
0.183673	0.0204082	0.0461351
0.183673	0.0612245	0.045866
0.183673	0.102041	0.0454159
0.183673	0.142857	0.0447863
0.183673	0.183673	0.0439798
0.183673	0.22449	0.0429995
0.183673	0.265306	0.0418492
0.183673	0.306122	0.0405334
0.183673	0.346939	0.0390573
0.183673	0.387755	0.0374267
0.183673	0.428571	0.035648
0.183673	0.469388	0.0337283
0.183673	0.510204	0.031675
0.183673	0.55102	0.0294963
0.183673	0.591837	0.0272008
0.183673	0.632653	0.0247976
0.183673	0.673469	0.0222962
0.183673	0.714286	0.0197064
0.183673	0.755102	0.0170386
0.183673	0.795918	0.0143032
0.183673	0.836735	0.0115112
0.183673	0.877551	0.00867357
0.183673	0.918367	0.00580155
0.183673	0.959184	0.00290654
0.183673	1	0
0.22449	-1	0.00283332
0.22449	-0.959184	0.00565552
0.22449	-0.918367	0.00845549
0.22449	-0.877551	0.0112222
0.22449	-0.836735	0.0139449
0.22449	-0.795918	0.0166128
0.22449	-0.755102	0.0192154
0.22449	-0.714286	0.0217424
0.22449	-0.673469	0.024184
0.22449	-0.632653	0.0265306
0.22449	-0.591837	0.0287728
0.22449	-0.55102	0.0309019
0.22449	-0.510204	0.0329094
0.22449	-0.469388	0.0347874
0.22449	-0.428571	0.0365285
0.22449	-0.387755	0.0381259
0.22449	-0.346939	0.0395731
0.22449	-0.306122	0.0408645
0.22449	-0.265306	0.041995
0.22449	-0.22449	0.04296
0.22449	-0.183673	0.0437556
0.22449	-0.142857	0.0443788
0.22449	-0.102041	0.0448269
0.22449	-0.0612245	0.0450983
0.22449	-0.0204082	0.0451917
0.22449	0.0204082	0.0451067
0.22449	0.0612245	0.0448437
0.22449	0.102041	0.0444035
0.22449	0.142857	0.043788
0.22449	0.183673	0.0429995
0.22449	0.22449	0.042041
0.22449	0.265306	0.0409164
0.22449	0.306122	0.0396299
0.22449	0.346939	0.0381867
0.22449	0.387755	0.0365925
0.22449	0.428571	0.0348534
0.22449	0.469388	0.0329765
0.22449	0.510204	0.030969
0.22449	0.55102	0.0288388
0.22449	0.591837	0.0265945
0.22449	0.632653	0.0242449
0.22449	0.673469	0.0217992
0.22449	0.714286	0.0192672
0.22449	0.755102	0.0166588
0.22449	0.795918	0.0139844
0.22449	0.836735	0.0112546
0.22449	0.877551	0.00848024
0.22449	0.918367	0.00567223
0.22449	0.959184	0.00284175
0.22449	1	0
0.265306	-1	0.00275753
0.265306	-0.959184	0.00550422
0.265306	-0.918367	0.00822929
0.265306	-0.877551	0.010922
0.265306	-0.836735	0.0135719
0.265306	-0.795918	0.0161684
0.265306	-0.755102	0.0187013
0.265306	-0.714286	0.0211608
0.265306	-0.673469	0.0235371
0.265306	-0.632653	0.0258208
0.265306	-0.591837	0.0280031
0.265306	-0.55102	0.0300752
0.265306	-0.510204	0.032029
0.265306	-0.469388	0.0338568
0.265306	-0.428571	0.0355513
0.265306	-0.387755	0.037106
0.265306	-0.346939	0.0385145
0.265306	-0.306122	0.0397714
0.265306	-0.265306	0.0408716
0.265306	-0.22449	0.0418107
0.265306	-0.183673	0.0425851
0.265306	-0.142857	0.0431916
0.265306	-0.102041	0.0436277
0.265306	-0.0612245	0.0438918
0.265306	-0.0204082	0.0439827
0.265306	0.0204082	0.0439
0.265306	0.0612245	0.043644
0.265306	0.102041	0.0432157
0.265306	0.142857	0.0426166
0.265306	0.183673	0.0418492
0.265306	0.22449	0.0409164
0.265306	0.265306	0.0398218
0.265306	0.306122	0.0385697
0.265306	0.346939	0.0371652
0.265306	0.387755	0.0356136
0.265306	0.428571	0.0339211
0.265306	0.469388	0.0320943
0.265306	0.510204	0.0301405
0.265306	0.55102	0.0280673
0.265306	0.591837	0.0258831
0.265306	0.632653	0.0235963
0.265306	0.673469	0.021216
0.265306	0.714286	0.0187517
0.265306	0.755102	0.0162132
0.265306	0.795918	0.0136103
0.265306	0.836735	0.0109536
0.265306	0.877551	0.00825338
0.265306	0.918367	0.00552049
0.265306	0.959184	0.00276573
0.265306	1	0
0.306122	-1	0.00267083
0.306122	-0.959184	0.00533116
0.306122	-0.918367	0.00797056
0.306122	-0.877551	0.0105786
0.306122	-0.836735	0.0131452
0.306122	-0.795918	0.01566
0.306122	-0.755102	0.0181133
0.306122	-0.714286	0.0204955
0.306122	-0.673469	0.0227971
0.306122	-0.632653	0.025009
0.306122	-0.591837	0.0271226
0.306122	-0.55102	0.0291296
0.306122	-0.510204	0.031022
0.306122	-0.469388	0.0327923
0.306122	-0.428571	0.0344336
0.306122	-0.387755	0.0359393
0.306122	-0.346939	0.0373036
0.306122	-0.306122	0.0385209
0.306122	-0.265306	0.0395865
0.306122	-0.22449	0.0404962
0.306122	-0.183673	0.0412462
0.306122	-0.142857	0.0418336
0.306122	-0.102041	0.0422561
0.306122	-0.0612245	0.0425118
0.306122	-0.0204082	0.0425999
0.306122	0.0204082	0.0425198
0.306122	0.0612245	0.0422718
0.306122	0.102041	0.0418569
0.306122	0.142857	0.0412767
0.306122	0.183673	0.0405334
0.306122	0.22449	0.0396299
0.306122	0.265306	0.0385697
0.306122	0.306122	0.0373571
0.306122	0.346939	0.0359967
0.306122	0.387755	0.0344938
0.306122	0.428571	0.0328545
0.306122	0.469388	0.0310852
0.306122	0.510204	0.0291928
0.306122	0.55102	0.0271849
0.306122	0.591837	0.0250693
0.306122	0.632653	0.0228544
0.306122	0.673469	0.020549
0.306122	0.714286	0.0181622
0.306122	0.755102	0.0157034
0.306122	0.795918	0.0131824
0.306122	0.836735	0.0106092
0.306122	0.877551	0.00799389
0.306122	0.918367	0.00534692
0.306122	0.959184	0.00267877
0.306122	1	0
0.346939	-1	0.00257357
0.346939	-0.959184	0.00513702
0.346939	-0.918367	0.0076803
0.346939	-0.877551	0.0101934
0.346939	-0.836735	0.0126665
0.346939	-0.795918	0.0150897
0.346939	-0.755102	0.0174537
0.346939	-0.714286	0.0197491
0.346939	-0.673469	0.0219669
0.346939	-0.632653	0.0240983
0.346939	-0.591837	0.0261349
0.346939	-0.55102	0.0280688
0.346939	-0.510204	0.0298923
0.346939	-0.469388	0.0315981
0.346939	-0.428571	0.0331796
0.346939	-0.387755	0.0346305
0.346939	-0.346939	0.0359451
0.346939	-0.306122	0.0371181
0.346939	-0.265306	0.0381449
0.346939	-0.22449	0.0390214
0.346939	-0.183673	0.0397441
0.346939	-0.142857	0.0403102
0.346939	-0.102041	0.0407172
0.346939	-0.0612245	0.0409637
0.346939	-0.0204082	0.0410485
0.346939	0.0204082	0.0409713
0.346939	0.0612245	0.0407324
0.346939	0.102041	0.0403326
0.346939	0.142857	0.0397736
0.346939	0.183673	0.0390573
0.346939	0.22449	0.0381867
0.346939	0.265306	0.0371652
0.346939	0.306122	0.0359967
0.346939	0.346939	0.0346858
0.346939	0.387755	0.0332377
0.346939	0.428571	0.0316581
0.346939	0.469388	0.0299532
0.346939	0.510204	0.0281297
0.346939	0.55102	0.0261949
0.346939	0.591837	0.0241563
0.346939	0.632653	0.0220221
0.346939	0.673469	0.0198007
0.346939	0.714286	0.0175008
0.346939	0.755102	0.0151315
0.346939	0.795918	0.0127023
0.346939	0.836735	0.0102228
0.346939	0.877551	0.00770278
0.346939	0.918367	0.00515221
0.346939	0.959184	0.00258122
0.346939	1	0
0.387755	-1	0.00246612
0.387755	-0.959184	0.00492256
0.387755	-0.918367	0.00735965
0.387755	-0.877551	0.00976784
0.387755	-0.836735	0.0121376
0.387755	-0.795918	0.0144598
0.387755	-0.755102	0.016725
0.387755	-0.714286	0.0189246
0.387755	-0.673469	0.0210498
0.387755	-0.632653	0.0230922
0.387755	-0.591837	0.0250438
0.387755	-0.55102	0.026897
0.387755	-0.510204	0.0286443
0.387755	-0.469388	0.0302789
0.387755	-0.428571	0.0317944
0.387755	-0.387755	0.0331847
0.387755	-0.346939	0.0344444
0.387755	-0.306122	0.0355685
0.387755	-0.265306	0.0365524
0.387755	-0.22449	0.0373923
0.387755	-0.183673	0.0380849
0.387755	-0.142857	0.0386273
0.387755	-0.102041	0.0390173
0.387755	-0.0612245	0.0392535
0.387755	-0.0204082	0.0393348
0.387755	0.0204082	0.0392608
0.387755	0.0612245	0.0390319
0.387755	0.102041	0.0386488
0.387755	0.142857	0.0381131
0.387755	0.183673	0.0374267
0.387755	0.22449	0.0365925
0.387755	0.265306	0.0356136
0.387755	0.306122	0.0344938
0.387755	0.346939	0.0332377
0.387755	0.387755	0.0318501
0.387755	0.428571	0.0303364
0.387755	0.469388	0.0287027
0.387755	0.510204	0.0269554
0.387755	0.55102	0.0251013
0.387755	0.591837	0.0231479
0.387755	0.632653	0.0211027
0.387755	0.673469	0.018974
0.387755	0.714286	0.0167701
0.387755	0.755102	0.0144998
0.387755	0.795918	0.012172
0.387755	0.836735	0.00979603
0.387755	0.877551	0.00738119
0.387755	0.918367	0.00493711
0.387755	0.959184	0.00247346
0.387755	1	0
0.428571	-1	0.00234892
0.428571	-0.959184	0.00468861
0.428571	-0.918367	0.00700989
0.428571	-0.877551	0.00930362
0.428571	-0.836735	0.0115608
0.428571	-0.795918	0.0137726
0.428571	-0.755102	0.0159302
0.428571	-0.714286	0.0180252
0.428571	-0.673469	0.0200494
0.428571	-0.632653	0.0219948
0.428571	-0.591837	0.0238536
0.428571	-0.55102	0.0256187
0.428571	-0.510204	0.027283
0.428571	-0.469388	0.0288399
0.428571	-0.428571	0.0302834
0.428571	-0.387755	0.0316077
0.428571	-0.346939	0.0328075
0.428571	-0.306122	0.0338781
0.428571	-0.265306	0.0348153
0.428571	-0.22449	0.0356153
0.428571	-0.183673	0.0362749
0.428571	-0.142857	0.0367915
0.428571	-0.102041	0.0371631
0.428571	-0.0612245	0.037388
0.428571	-0.0204082	0.0374654
0.428571	0.0204082	0.037395
0.428571	0.0612245	0.0371769
0.428571	0.102041	0.036812
0.428571	0.142857	0.0363018
0.428571	0.183673	0.035648
0.428571	0.22449	0.0348534
0.428571	0.265306	0.0339211
0.428571	0.306122	0.0328545
0.428571	0.346939	0.0316581
0.428571	0.387755	0.0303364
0.428571	0.428571	0.0288947
0.428571	0.469388	0.0273386
0.428571	0.510204	0.0256743
0.428571	0.55102	0.0239084
0.428571	0.591837	0.0220478
0.428571	0.632653	0.0200998
0.428571	0.673469	0.0180723
0.428571	0.714286	0.0159731
0.428571	0.755102	0.0138107
0.428571	0.795918	0.0115936
0.428571	0.836735	0.00933048
0.428571	0.877551	0.00703041
0.428571	0.918367	0.00470248
0.428571	0.959184	0.00235591
0.428571	1	0
0.469388	-1	0.00222242
0.469388	-0.959184	0.00443612
0.469388	-0.918367	0.00663238
0.469388	-0.877551	0.00880259
0.469388	-0.836735	0.0109382
0.469388	-0.795918	0.0130309
0.469388	-0.755102	0.0150723
0.469388	-0.714286	0.0170545
0.469388	-0.673469	0.0189697
0.469388	-0.632653	0.0208103
0.469388	-0.591837	0.022569
0.469388	-0.55102	0.024239
0.469388	-0.510204	0.0258137
0.469388	-0.469388	0.0272868
0.469388	-0.428571	0.0286525
0.469388	-0.387755	0.0299055
0.469388	-0.346939	0.0310407
0.469388	-0.306122	0.0320537
0.469388	-0.265306	0.0329404
0.469388	-0.22449	0.0336973
0.469388	-0.183673	0.0343214
0.469388	-0.142857	0.0348102
0.469388	-0.102041	0.0351617
0.469388	-0.0612245	0.0353745
0.469388	-0.0204082	0.0354478
0.469388	0.0204082	0.0353811
0.469388	0.0612245	0.0351748
0.469388	0.102041	0.0348296
0.469388	0.142857	0.0343468
0.469388	0.183673	0.0337283
0.469388	0.22449	0.0329765
0.469388	0.265306	0.0320943
0.469388	0.306122	0.0310852
0.469388	0.346939	0.0299532
0.469388	0.387755	0.0287027
0.469388	0.428571	0.0273386
0.469388	0.469388	0.0258663
0.469388	0.510204	0.0242917
0.469388	0.55102	0.0226208
0.469388	0.591837	0.0208604
0.469388	0.632653	0.0190174
0.469388	0.673469	0.017099
0.469388	0.714286	0.0151129
0.469388	0.755102	0.013067
0.469388	0.795918	0.0109692
0.469388	0.836735	0.008828
0.469388	0.877551	0.0066518
0.469388	0.918367	0.00444923
0.469388	0.959184	0.00222903
0.469388	1	0
0.510204	-1	0.00208713
0.510204	-0.959184	0.00416606
0.510204	-0.918367	0.00622862
0.510204	-0.877551	0.00826672
0.510204	-0.836735	0.0102723
0.510204	-0.795918	0.0122376
0.510204	-0.755102	0.0141547
0.510204	-0.714286	0.0160163
0.510204	-0.673469	0.0178149
0.510204	-0.632653	0.0195434
0.510204	-0.591837	0.0211951
0.510204	-0.55102	0.0227634
0.510204	-0.510204	0.0242422
0.510204	-0.469388	0.0256257
0.510204	-0.428571	0.0269083
0.510204	-0.387755	0.0280849
0.510204	-0.346939	0.029151
0.510204	-0.306122	0.0301023
0.510204	-0.265306	0.030935
0.510204	-0.22449	0.0316459
0.510204	-0.183673	0.032232
0.510204	-0.142857	0.032691
0.510204	-0.102041	0.0330212
0.510204	-0.0612245	0.033221
0.510204	-0.0204082	0.0332898
0.510204	0.0204082	0.0332272
0.510204	0.0612245	0.0330335
0.510204	0.102041	0.0327093
0.510204	0.142857	0.0322559
0.510204	0.183673	0.031675
0.510204	0.22449	0.030969
0.510204	0.265306	0.0301405
0.510204	0.306122	0.0291928
0.510204	0.346939	0.0281297
0.510204	0.387755	0.0269554
0.510204	0.428571	0.0256743
0.510204	0.469388	0.0242917
0.510204	0.510204	0.0228129
0.510204	0.55102	0.0212437
0.510204	0.591837	0.0195905
0.510204	0.632653	0.0178597
0.510204	0.673469	0.0160581
0.510204	0.714286	0.0141929
0.510204	0.755102	0.0122715
0.510204	0.795918	0.0103014
0.510204	0.836735	0.00829058
0.510204	0.877551	0.00624685
0.510204	0.918367	0.00417838
0.510204	0.959184	0.00209334
0.510204	1	0
0.55102	-1	0.00194357
0.55102	-0.959184	0.00387951
0.55102	-0.918367	0.0058002
0.55102	-0.877551	0.00769811
0.55102	-0.836735	0.00956578
0.55102	-0.795918	0.0113959
0.55102	-0.755102	0.0131811
0.55102	-0.714286	0.0149146
0.55102	-0.673469	0.0165895
0.55102	-0.632653	0.0181992
0.55102	-0.591837	0.0197372
0.55102	-0.55102	0.0211977
0.55102	-0.510204	0.0225748
0.55102	-0.469388	0.0238631
0.55102	-0.428571	0.0250574
0.55102	-0.387755	0.0261532
0.55102	-0.346939	0.0271459
0.55102	-0.306122	0.0280318
0.55102	-0.265306	0.0288073
0.55102	-0.22449	0.0294692
0.55102	-0.183673	0.030015
0.55102	-0.142857	0.0304425
0.55102	-0.102041	0.0307499
0.55102	-0.0612245	0.030936
0.55102	-0.0204082	0.0310001
0.55102	0.0204082	0.0309418
0.55102	0.0612245	0.0307614
0.55102	0.102041	0.0304594
0.55102	0.142857	0.0300372
0.55102	0.183673	0.0294963
0.55102	0.22449	0.0288388
0.55102	0.265306	0.0280673
0.55102	0.306122	0.0271849
0.55102	0.346939	0.0261949
0.55102	0.387755	0.0251013
0.55102	0.428571	0.0239084
0.55102	0.469388	0.0226208
0.55102	0.510204	0.0212437
0.55102	0.55102	0.0197825
0.55102	0.591837	0.018243
0.55102	0.632653	0.0166312
0.55102	0.673469	0.0149536
0.55102	0.714286	0.0132167
0.55102	0.755102	0.0114274
0.55102	0.795918	0.00959288
0.55102	0.836735	0.00772033
0.55102	0.877551	0.00581718
0.55102	0.918367	0.00389098
0.55102	0.959184	0.00194935
0.55102	1	0
0.591837	-1	0.00179232
0.591837	-0.959184	0.00357759
0.591837	-0.918367	0.00534882
0.591837	-0.877551	0.00709903
0.591837	-0.836735	0.00882134
0.591837	-0.795918	0.010509
0.591837	-0.755102	0.0121554
0.591837	-0.714286	0.0137539
0.591837	-0.673469	0.0152985
0.591837	-0.632653	0.0167828
0.591837	-0.591837	0.0182012
0.591837	-0.55102	0.0195481
0.591837	-0.510204	0.020818
0.591837	-0.469388	0.022006
0.591837	-0.428571	0.0231074
0.591837	-0.387755	0.0241179
0.591837	-0.346939	0.0250334
0.591837	-0.306122	0.0258503
0.591837	-0.265306	0.0265654
0.591837	-0.22449	0.0271758
0.591837	-0.183673	0.0276792
0.591837	-0.142857	0.0280734
0.591837	-0.102041	0.0283569
0.591837	-0.0612245	0.0285285
0.591837	-0.0204082	0.0285876
0.591837	0.0204082	0.0285338
0.591837	0.0612245	0.0283674
0.591837	0.102041	0.028089
0.591837	0.142857	0.0276996
0.591837	0.183673	0.0272008
0.591837	0.22449	0.0265945
0.591837	0.265306	0.0258831
0.591837	0.306122	0.0250693
0.591837	0.346939	0.0241563
0.591837	0.387755	0.0231479
0.591837	0.428571	0.0220478
0.591837	0.469388	0.0208604
0.591837	0.510204	0.0195905
0.591837	0.55102	0.018243
0.591837	0.591837	0.0168233
0.591837	0.632653	0.0153369
0.591837	0.673469	0.0137899
0.591837	0.714286	0.0121881
0.591837	0.755102	0.0105381
0.591837	0.795918	0.00884634
0.591837	0.836735	0.00711951
0.591837	0.877551	0.00536447
0.591837	0.918367	0.00358817
0.591837	0.959184	0.00179765
0.591837	1	0
0.632653	-1	0.00163397
0.632653	-0.959184	0.00326151
0.632653	-0.918367	0.00487625
0.632653	-0.877551	0.00647182
0.632653	-0.836735	0.00804197
0.632653	-0.795918	0.00958052
0.632653	-0.755102	0.0110814
0.632653	-0.714286	0.0125388
0.632653	-0.673469	0.0139468
0.632653	-0.632653	0.0153001
0.632653	-0.591837	0.0165932
0.632653	-0.55102	0.017821
0.632653	-0.510204	0.0189787
0.632653	-0.469388	0.0200617
0.632653	-0.428571	0.0210659
0.632653	-0.387755	0.021987
0.632653	-0.346939	0.0228217
0.632653	-0.306122	0.0235664
0.632653	-0.265306	0.0242183
0.632653	-0.22449	0.0247748
0.632653	-0.183673	0.0252337
0.632653	-0.142857	0.0255931
0.632653	-0.102041	0.0258515
0.632653	-0.0612245	0.026008
0.632653	-0.0204082	0.0260618
0.632653	0.0204082	0.0260128
0.632653	0.0612245	0.0258612
0.632653	0.102041	0.0256073
0.632653	0.142857	0.0252524
0.632653	0.183673	0.0247976
0.632653	0.22449	0.0242449
0.632653	0.265306	0.0235963
0.632653	0.306122	0.0228544
0.632653	0.346939	0.0220221
0.632653	0.387755	0.0211027
0.632653	0.428571	0.0200998
0.632653	0.469388	0.0190174
0.632653	0.510204	0.0178597
0.632653	0.55102	0.0166312
0.632653	0.591837	0.0153369
0.632653	0.632653	0.0139819
0.632653	0.673469	0.0125715
0.632653	0.714286	0.0111113
0.632653	0.755102	0.00960706
0.632653	0.795918	0.00806476
0.632653	0.836735	0.0064905
0.632653	0.877551	0.00489052
0.632653	0.918367	0.00327115
0.632653	0.959184	0.00163882
0.632653	1	0
0.673469	-1	0.00146914
0.673469	-0.959184	0.00293251
0.673469	-0.918367	0.00438436
0.673469	-0.877551	0.00581899
0.673469	-0.836735	0.00723075
0.673469	-0.795918	0.0086141
0.673469	-0.755102	0.0099636
0.673469	-0.714286	0.0112739
0.673469	-0.673469	0.01254
0.673469	-0.632653	0.0137567
0.673469	-0.591837	0.0149193
0.673469	-0.55102	0.0160233
0.673469	-0.510204	0.0170642
0.673469	-0.469388	0.018038
0.673469	-0.428571	0.0189409
0.673469	-0.387755	0.0197691
0.673469	-0.346939	0.0205196
0.673469	-0.306122	0.0211892
0.673469	-0.265306	0.0217753
0.673469	-0.22449	0.0222757
0.673469	-0.183673	0.0226883
0.673469	-0.142857	0.0230114
0.673469	-0.102041	0.0232438
0.673469	-0.0612245	0.0233845
0.673469	-0.0204082	0.0234329
0.673469	0.0204082	0.0233888
0.673469	0.0612245	0.0232524
0.673469	0.102041	0.0230242
0.673469	0.142857	0.0227051
0.673469	0.183673	0.0222962
0.673469	0.22449	0.0217992
0.673469	0.265306	0.021216
0.673469	0.306122	0.020549
0.673469	0.346939	0.0198007
0.673469	0.387755	0.018974
0.673469	0.428571	0.0180723
0.673469	0.469388	0.017099
0.673469	0.510204	0.0160581
0.673469	0.55102	0.0149536
0.673469	0.591837	0.0137899
0.673469	0.632653	0.0125715
0.673469	0.673469	0.0113034
0.673469	0.714286	0.00999046
0.673469	0.755102	0.00863796
0.673469	0.795918	0.00725124
0.673469	0.836735	0.00583578
0.673469	0.877551	0.00439719
0.673469	0.918367	0.00294118
0.673469	0.959184	0.00147351
0.673469	1	0
0.714286	-1	0.0012985
0.714286	-0.959184	0.00259189
0.714286	-0.918367	0.00387511
0.714286	-0.877551	0.0051431
0.714286	-0.836735	0.00639088
0.714286	-0.795918	0.00761355
0.714286	-0.755102	0.0088063
0.714286	-0.714286	0.00996444
0.714286	-0.673469	0.0110834
0.714286	-0.632653	0.0121588
0.714286	-0.591837	0.0131864
0.714286	-0.55102	0.0141622
0.714286	-0.510204	0.0150822
0.714286	-0.469388	0.0159429
0.714286	-0.428571	0.0167408
0.714286	-0.387755	0.0174729
0.714286	-0.346939	0.0181362
0.714286	-0.306122	0.018728
0.714286	-0.265306	0.0192461
0.714286	-0.22449	0.0196883
0.714286	-0.183673	0.020053
0.714286	-0.142857	0.0203386
0.714286	-0.102041	0.0205439
0.714286	-0.0612245	0.0206683
0.714286	-0.0204082	0.0207111
0.714286	0.0204082	0.0206722
0.714286	0.0612245	0.0205516
0.714286	0.102041	0.0203499
0.714286	0.142857	0.0200678
0.714286	0.183673	0.0197064
0.714286	0.22449	0.0192672
0.714286	0.265306	0.0187517
0.714286	0.306122	0.0181622
0.714286	0.346939	0.0175008
0.714286	0.387755	0.0167701
0.714286	0.428571	0.0159731
0.714286	0.469388	0.0151129
0.714286	0.510204	0.0141929
0.714286	0.55102	0.0132167
0.714286	0.591837	0.0121881
0.714286	0.632653	0.0111113
0.714286	0.673469	0.00999046
0.714286	0.714286	0.00883004
0.714286	0.755102	0.00763464
0.714286	0.795918	0.00640899
0.714286	0.836735	0.00515794
0.714286	0.877551	0.00388645
0.714286	0.918367	0.00259955
0.714286	0.959184	0.00130236
0.714286	1	0
0.755102	-1	0.00112271
0.755102	-0.959184	0.002241
0.755102	-0.918367	0.0033505
0.755102	-0.877551	0.00444683
0.755102	-0.836735	0.00552569
0.755102	-0.795918	0.00658284
0.755102	-0.755102	0.00761412
0.755102	-0.714286	0.00861547
0.755102	-0.673469	0.00958296
0.755102	-0.632653	0.0105128
0.755102	-0.591837	0.0114013
0.755102	-0.55102	0.0122449
0.755102	-0.510204	0.0130404
0.755102	-0.469388	0.0137845
0.755102	-0.428571	0.0144745
0.755102	-0.387755	0.0151074
0.755102	-0.346939	0.0156809
0.755102	-0.306122	0.0161926
0.755102	-0.265306	0.0166406
0.755102	-0.22449	0.0170229
0.755102	-0.183673	0.0173382
0.755102	-0.142857	0.0175851
0.755102	-0.102041	0.0177627
0.755102	-0.0612245	0.0178702
0.755102	-0.0204082	0.0179073
0.755102	0.0204082	0.0178736
0.755102	0.0612245	0.0177694
0.755102	0.102041	0.017595
0.755102	0.142857	0.0173511
0.755102	0.183673	0.0170386
0.755102	0.22449	0.0166588
0.755102	0.265306	0.0162132
0.755102	0.306122	0.0157034
0.755102	0.346939	0.0151315
0.755102	0.387755	0.0144998
0.755102	0.428571	0.0138107
0.755102	0.469388	0.013067
0.755102	0.510204	0.0122715
0.755102	0.55102	0.0114274
0.755102	0.591837	0.0105381
0.755102	0.632653	0.00960706
0.755102	0.673469	0.00863796
0.755102	0.714286	0.00763464
0.755102	0.755102	0.00660107
0.755102	0.795918	0.00554135
0.755102	0.836735	0.00445966
0.755102	0.877551	0.00336031
0.755102	0.918367	0.00224763
0.755102	0.959184	0.00112605
0.755102	1	0
0.795918	-1	0.00094247
0.795918	-0.959184	0.00188124
0.795918	-0.918367	0.00281262
0.795918	-0.877551	0.00373294
0.795918	-0.836735	0.0046386
0.795918	-0.795918	0.00552604
0.795918	-0.755102	0.00639176
0.795918	-0.714286	0.00723236
0.795918	-0.673469	0.00804453
0.795918	-0.632653	0.00882507
0.795918	-0.591837	0.00957092
0.795918	-0.55102	0.0102791
0.795918	-0.510204	0.0109469
0.795918	-0.469388	0.0115716
0.795918	-0.428571	0.0121508
0.795918	-0.387755	0.0126821
0.795918	-0.346939	0.0131635
0.795918	-0.306122	0.0135931
0.795918	-0.265306	0.0139691
0.795918	-0.22449	0.0142901
0.795918	-0.183673	0.0145548
0.795918	-0.142857	0.0147621
0.795918	-0.102041	0.0149111
0.795918	-0.0612245	0.0150014
0.795918	-0.0204082	0.0150325
0.795918	0.0204082	0.0150042
0.795918	0.0612245	0.0149167
0.795918	0.102041	0.0147703
0.795918	0.142857	0.0145655
0.795918	0.183673	0.0143032
0.795918	0.22449	0.0139844
0.795918	0.265306	0.0136103
0.795918	0.306122	0.0131824
0.795918	0.346939	0.0127023
0.795918	0.387755	0.012172
0.795918	0.428571	0.0115936
0.795918	0.469388	0.0109692
0.795918	0.510204	0.0103014
0.795918	0.55102	0.00959288
0.795918	0.591837	0.00884634
0.795918	0.632653	0.00806476
0.795918	0.673469	0.00725124
0.795918	0.714286	0.00640899
0.795918	0.755102	0.00554135
0.795918	0.795918	0.00465175
0.795918	0.836735	0.00374372
0.795918	0.877551	0.00282085
0.795918	0.918367	0.0018868
0.795918	0.959184	0.000945273
0.795918	1	0
0.836735	-1	0.000758498
0.836735	-0.959184	0.00151402
0.836735	-0.918367	0.00226359
0.836735	-0.877551	0.00300426
0.836735	-0.836735	0.00373314
0.836735	-0.795918	0.00444734
0.836735	-0.755102	0.00514407
0.836735	-0.714286	0.00582058
0.836735	-0.673469	0.00647422
0.836735	-0.632653	0.0071024
0.836735	-0.591837	0.00770265
0.836735	-0.55102	0.00827261
0.836735	-0.510204	0.00881004
0.836735	-0.469388	0.0093128
0.836735	-0.428571	0.00977891
0.836735	-0.387755	0.0102065
0.836735	-0.346939	0.010594
0.836735	-0.306122	0.0109397
0.836735	-0.265306	0.0112423
0.836735	-0.22449	0.0115006
0.836735	-0.183673	0.0117136
0.836735	-0.142857	0.0118805
0.836735	-0.102041	0.0120004
0.836735	-0.0612245	0.0120731
0.836735	-0.0204082	0.0120981
0.836735	0.0204082	0.0120753
0.836735	0.0612245	0.0120049
0.836735	0.102041	0.0118871
0.836735	0.142857	0.0117223
0.836735	0.183673	0.0115112
0.836735	0.22449	0.0112546
0.836735	0.265306	0.0109536
0.836735	0.306122	0.0106092
0.836735	0.346939	0.0102228
0.836735	0.387755	0.00979603
0.836735	0.428571	0.00933048
0.836735	0.469388	0.008828
0.836735	0.510204	0.00829058
0.836735	0.55102	0.00772033
0.836735	0.591837	0.00711951
0.836735	0.632653	0.0064905
0.836735	0.673469	0.00583578
0.836735	0.714286	0.00515794
0.836735	0.755102	0.00445966
0.836735	0.795918	0.00374372
0.836735	0.836735	0.00301293
0.836735	0.877551	0.00227021
0.836735	0.918367	0.00151849
0.836735	0.959184	0.000760753
0.836735	1	0
0.877551	-1	0.000571519
0.877551	-0.959184	0.00114079
0.877551	-0.918367	0.00170559
0.877551	-0.877551	0.00226368
0.877551	-0.836735	0.00281288
0.877551	-0.795918	0.00335102
0.877551	-0.755102	0.003876
0.877551	-0.714286	0.00438574
0.877551	-0.673469	0.00487825
0.877551	-0.632653	0.00535158
0.877551	-0.591837	0.00580386
0.877551	-0.55102	0.00623332
0.877551	-0.510204	0.00663826
0.877551	-0.469388	0.00701709
0.877551	-0.428571	0.0073683
0.877551	-0.387755	0.00769051
0.877551	-0.346939	0.00798244
0.877551	-0.306122	0.00824293
0.877551	-0.265306	0.00847096
0.877551	-0.22449	0.0086656
0.877551	-0.183673	0.0088261
0.877551	-0.142857	0.0089518
0.877551	-0.102041	0.0090422
0.877551	-0.0612245	0.00909693
0.877551	-0.0204082	0.00911577
0.877551	0.0204082	0.00909863
0.877551	0.0612245	0.00904557
0.877551	0.102041	0.00895679
0.877551	0.142857	0.00883263
0.877551	0.183673	0.00867357
0.877551	0.22449	0.00848024
0.877551	0.265306	0.00825338
0.877551	0.306122	0.00799389
0.877551	0.346939	0.00770278
0.877551	0.387755	0.00738119
0.877551	0.428571	0.00703041
0.877551	0.469388	0.0066518
0.877551	0.510204	0.00624685
0.877551	0.55102	0.00581718
0.877551	0.591837	0.00536447
0.877551	0.632653	0.00489052
0.877551	0.673469	0.00439719
0.877551	0.714286	0.00388645
0.877551	0.755102	0.00336031
0.877551	0.795918	0.00282085
0.877551	0.836735	0.00227021
0.877551	0.877551	0.00171058
0.877551	0.918367	0.00114417
0.877551	0.959184	0.000573219
0.877551	1	0
0.918367	-1	0.000382276
0.918367	-0.959184	0.00076305
0.918367	-0.918367	0.00114083
0.918367	-0.877551	0.00151412
0.918367	-0.836735	0.00188147
0.918367	-0.795918	0.00224142
0.918367	-0.755102	0.00259257
0.918367	-0.714286	0.00293352
0.918367	-0.673469	0.00326295
0.918367	-0.632653	0.00357954
0.918367	-0.591837	0.00388207
0.918367	-0.55102	0.00416932
0.918367	-0.510204	0.00444018
0.918367	-0.469388	0.00469357
0.918367	-0.428571	0.00492848
0.918367	-0.387755	0.005144
0.918367	-0.346939	0.00533927
0.918367	-0.306122	0.0055135
0.918367	-0.265306	0.00566603
0.918367	-0.22449	0.00579622
0.918367	-0.183673	0.00590357
0.918367	-0.142857	0.00598765
0.918367	-0.102041	0.00604812
0.918367	-0.0612245	0.00608472
0.918367	-0.0204082	0.00609732
0.918367	0.0204082	0.00608586
0.918367	0.0612245	0.00605037
0.918367	0.102041	0.00599099
0.918367	0.142857	0.00590794
0.918367	0.183673	0.00580155
0.918367	0.22449	0.00567223
0.918367	0.265306	0.00552049
0.918367	0.306122	0.00534692
0.918367	0.346939	0.00515221
0.918367	0.387755	0.00493711
0.918367	0.428571	0.00470248
0.918367	0.469388	0.00444923
0.918367	0.510204	0.00417838
0.918367	0.55102	0.00389098
0.918367	0.591837	0.00358817
0.918367	0.632653	0.00327115
0.918367	0.673469	0.00294118
0.918367	0.714286	0.00259955
0.918367	0.755102	0.00224763
0.918367	0.795918	0.0018868
0.918367	0.836735	0.00151849
0.918367	0.877551	0.00114417
0.918367	0.918367	0.000765306
0.918367	0.959184	0.000383413
0.918367	1	0
0.959184	-1	0.000191518
0.959184	-0.959184	0.000382283
0.959184	-0.918367	0.000571546
0.959184	-0.877551	0.000758564
0.959184	-0.836735	0.000942602
0.959184	-0.795918	0.00112294
0.959184	-0.755102	0.00129886
0.959184	-0.714286	0.00146967
0.959184	-0.673469	0.00163471
0.959184	-0.632653	0.00179333
0.959184	-0.591837	0.00194489
0.959184	-0.55102	0.0020888
0.959184	-0.510204	0.0022245
0.959184	-0.469388	0.00235144
0.959184	-0.428571	0.00246913
0.959184	-0.387755	0.00257711
0.959184	-0.346939	0.00267493
0.959184	-0.306122	0.00276223
0.959184	-0.265306	0.00283864
0.959184	-0.22449	0.00290387
0.959184	-0.183673	0.00295765
0.959184	-0.142857	0.00299977
0.959184	-0.102041	0.00303006
0.959184	-0.0612245	0.0030484
0.959184	-0.0204082	0.00305472
0.959184	0.0204082	0.00304897
0.959184	0.0612245	0.00303119
0.959184	0.102041	0.00300144
0.959184	0.142857	0.00295984
0.959184	0.183673	0.00290654
0.959184	0.22449	0.00284175
0.959184	0.265306	0.00276573
0.959184	0.306122	0.00267877
0.959184	0.346939	0.00258122
0.959184	0.387755	0.00247346
0.959184	0.428571	0.00235591
0.959184	0.469388	0.00222903
0.959184	0.510204	0.00209334
0.959184	0.55102	0.00194935
0.959184	0.591837	0.00179765
0.959184	0.632653	0.00163882
0.959184	0.673469	0.00147351
0.959184	0.714286	0.00130236
0.959184	0.755102	0.00112605
0.959184	0.795918	0.000945273
0.959184	0.836735	0.000760753
0.959184	0.877551	0.000573219
0.959184	0.918367	0.000383413
0.959184	0.959184	0.000192087
0.959184	1	0
1	-1	0
1	-0.959184	0
1	-0.918367	0
1	-0.877551	0
1	-0.836735	0
1	-0.795918	0
1	-0.755102	0
1	-0.714286	0
1	-0.673469	0
1	-0.632653	0
1	-0.591837	0
1	-0.55102	0
1	-0.510204	0
1	-0.469388	0
1	-0.428571	0
1	-0.387755	0
1	-0.346939	0
1	-0.306122	0
1	-0.265306	0
1	-0.22449	0
1	-0.183673	0
1	-0.142857	0
1	-0.102041	0
1	-0.0612245	0
1	-0.0204082	0
1	0.0204082	0
1	0.0612245	0
1	0.102041	0
1	0.142857	0
1	0.183673	0
1	0.22449	0
1	0.265306	0
1	0.306122	0
1	0.346939	0
1	0.387755	0
1	0.428571	0
1	0.469388	0
1	0.510204	0
1	0.55102	0
1	0.591837	0
1	0.632653	0
1	0.673469	0
1	0.714286	0
1	0.755102	0
1	0.795918	0
1	0.836735	0
1	0.877551	0
1	0.918367	0
1	0.959184	0
1	1	0
