-1	-1	9.39866e-05
-1	-0.959184	0.000187603
-1	-0.918367	0.00028048
-1	-0.877551	0.000372252
-1	-0.836735	0.000462556
-1	-0.795918	0.000551038
-1	-0.755102	0.000637349
-1	-0.714286	0.000721147
-1	-0.673469	0.000802104
-1	-0.632653	0.000879899
-1	-0.591837	0.000954226
-1	-0.55102	0.00102479
-1	-0.510204	0.00109132
-1	-0.469388	0.00115354
-1	-0.428571	0.00121121
-1	-0.387755	0.00126411
-1	-0.346939	0.00131203
-1	-0.306122	0.00135477
-1	-0.265306	0.00139217
-1	-0.22449	0.00142407
-1	-0.183673	0.00145036
-1	-0.142857	0.00147093
-1	-0.102041	0.00148569
-1	-0.0612245	0.00149459
-1	-0.0204082	0.0014976
-1	0.0204082	0.00149469
-1	0.0612245	0.00148588
-1	0.102041	0.00147121
-1	0.142857	0.00145073
-1	0.183673	0.00142452
-1	0.22449	0.00139269
-1	0.265306	0.00135536
-1	0.306122	0.00131268
-1	0.346939	0.00126481
-1	0.387755	0.00121194
-1	0.428571	0.00115429
-1	0.469388	0.00109208
-1	0.510204	0.00102556
-1	0.55102	0.00095498
-1	0.591837	0.000880629
-1	0.632653	0.000802798
-1	0.673469	0.000721796
-1	0.714286	0.00063794
-1	0.755102	0.000551564
-1	0.795918	0.000463008
-1	0.836735	0.000372621
-1	0.877551	0.000280762
-1	0.918367	0.000187794
-1	0.959184	9.40828e-05
-1	1	0
-0.959184	-1	0.000187603
-0.959184	-0.959184	0.000374466
-0.959184	-0.918367	0.000559854
-0.959184	-0.877551	0.000743036
-0.959184	-0.836735	0.00092329
-0.959184	-0.795918	0.00109991
-0.959184	-0.755102	0.00127219
-0.959184	-0.714286	0.00143945
-0.959184	-0.673469	0.00160105
-0.959184	-0.632653	0.00175633
-0.959184	-0.591837	0.00190469
-0.959184	-0.55102	0.00204554
-0.959184	-0.510204	0.00217833
-0.959184	-0.469388	0.00230253
-0.959184	-0.428571	0.00241766
-0.959184	-0.387755	0.00252325
-0.959184	-0.346939	0.00261889
-0.959184	-0.306122	0.0027042
-0.959184	-0.265306	0.00277885
-0.959184	-0.22449	0.00284253
-0.959184	-0.183673	0.00289501
-0.959184	-0.142857	0.00293606
-0.959184	-0.102041	0.00296553
-0.959184	-0.0612245	0.0029833
-0.959184	-0.0204082	0.00298929
-0.959184	0.0204082	0.00298349
-0.959184	0.0612245	0.00296591
-0.959184	0.102041	0.00293662
-0.959184	0.142857	0.00289575
-0.959184	0.183673	0.00284343
-0.959184	0.22449	0.0027799
-0.959184	0.265306	0.00270538
-0.959184	0.306122	0.00262018
-0.959184	0.346939	0.00252463
-0.959184	0.387755	0.00241911
-0.959184	0.428571	0.00230404
-0.959184	0.469388	0.00217986
-0.959184	0.510204	0.00204707
-0.959184	0.55102	0.0019062
-0.959184	0.591837	0.00175779
-0.959184	0.632653	0.00160243
-0.959184	0.673469	0.00144075
-0.959184	0.714286	0.00127337
-0.959184	0.755102	0.00110095
-0.959184	0.795918	0.000924191
-0.959184	0.836735	0.000743774
-0.959184	0.877551	0.000560418
-0.959184	0.918367	0.000374847
-0.959184	0.959184	0.000187795
-0.959184	1	0
-0.918367	-1	0.00028048
-0.918367	-0.959184	0.000559854
-0.918367	-0.918367	0.000837023
-0.918367	-0.877551	0.00111089
-0.918367	-0.836735	0.00138039
-0.918367	-0.795918	0.00164444
-0.918367	-0.755102	0.00190201
-0.918367	-0.714286	0.00215209
-0.918367	-0.673469	0.00239368
-0.918367	-0.632653	0.00262584
-0.918367	-0.591837	0.00284765
-0.918367	-0.55102	0.00305824
-0.918367	-0.510204	0.00325677
-0.918367	-0.469388	0.00344246
-0.918367	-0.428571	0.00361457
-0.918367	-0.387755	0.00377244
-0.918367	-0.346939	0.00391543
-0.918367	-0.306122	0.00404297
-0.918367	-0.265306	0.00415458
-0.918367	-0.22449	0.00424979
-0.918367	-0.183673	0.00432825
-0.918367	-0.142857	0.00438962
-0.918367	-0.102041	0.00443368
-0.918367	-0.0612245	0.00446024
-0.918367	-0.0204082	0.00446921
-0.918367	0.0204082	0.00446053
-0.918367	0.0612245	0.00443425
-0.918367	0.102041	0.00439047
-0.918367	0.142857	0.00432935
-0.918367	0.183673	0.00425114
-0.918367	0.22449	0.00415615
-0.918367	0.265306	0.00404474
-0.918367	0.306122	0.00391736
-0.918367	0.346939	0.00377451
-0.918367	0.387755	0.00361675
-0.918367	0.428571	0.00344471
-0.918367	0.469388	0.00325905
-0.918367	0.510204	0.00306052
-0.918367	0.55102	0.0028499
-0.918367	0.591837	0.00262802
-0.918367	0.632653	0.00239575
-0.918367	0.673469	0.00215402
-0.918367	0.714286	0.00190378
-0.918367	0.755102	0.00164601
-0.918367	0.795918	0.00138173
-0.918367	0.836735	0.001112
-0.918367	0.877551	0.000837866
-0.918367	0.918367	0.000560424
-0.918367	0.959184	0.000280767
-0.918367	1	0
-0.877551	-1	0.000372252
-0.877551	-0.959184	0.000743036
-0.877551	-0.918367	0.00111089
-0.877551	-0.877551	0.00147437
-0.877551	-0.836735	0.00183204
-0.877551	-0.795918	0.00218249
-0.877551	-0.755102	0.00252434
-0.877551	-0.714286	0.00285624
-0.877551	-0.673469	0.00317688
-0.877551	-0.632653	0.00348501
-0.877551	-0.591837	0.00377939
-0.877551	-0.55102	0.00405888
-0.877551	-0.510204	0.00432236
-0.877551	-0.469388	0.00456881
-0.877551	-0.428571	0.00479724
-0.877551	-0.387755	0.00500676
-0.877551	-0.346939	0.00519654
-0.877551	-0.306122	0.00536582
-0.877551	-0.265306	0.00551394
-0.877551	-0.22449	0.00564031
-0.877551	-0.183673	0.00574443
-0.877551	-0.142857	0.00582589
-0.877551	-0.102041	0.00588436
-0.877551	-0.0612245	0.00591962
-0.877551	-0.0204082	0.00593151
-0.877551	0.0204082	0.00592
-0.877551	0.0612245	0.00588512
-0.877551	0.102041	0.00582701
-0.877551	0.142857	0.00574589
-0.877551	0.183673	0.00564209
-0.877551	0.22449	0.00551602
-0.877551	0.265306	0.00536816
-0.877551	0.306122	0.0051991
-0.877551	0.346939	0.00500951
-0.877551	0.387755	0.00480014
-0.877551	0.428571	0.0045718
-0.877551	0.469388	0.0043254
-0.877551	0.510204	0.00406191
-0.877551	0.55102	0.00378238
-0.877551	0.591837	0.0034879
-0.877551	0.632653	0.00317963
-0.877551	0.673469	0.00285881
-0.877551	0.714286	0.00252668
-0.877551	0.755102	0.00218457
-0.877551	0.795918	0.00183383
-0.877551	0.836735	0.00147584
-0.877551	0.877551	0.00111201
-0.877551	0.918367	0.000743792
-0.877551	0.959184	0.000372633
-0.877551	1	0
-0.836735	-1	0.000462556
-0.836735	-0.959184	0.00092329
-0.836735	-0.918367	0.00138039
-0.836735	-0.877551	0.00183204
-0.836735	-0.836735	0.00227648
-0.836735	-0.795918	0.00271194
-0.836735	-0.755102	0.00313672
-0.836735	-0.714286	0.00354914
-0.836735	-0.673469	0.00394757
-0.836735	-0.632653	0.00433044
-0.836735	-0.591837	0.00469624
-0.836735	-0.55102	0.00504352
-0.836735	-0.510204	0.00537093
-0.836735	-0.469388	0.00567716
-0.836735	-0.428571	0.00596101
-0.836735	-0.387755	0.00622136
-0.836735	-0.346939	0.00645717
-0.836735	-0.306122	0.00666752
-0.836735	-0.265306	0.00685157
-0.836735	-0.22449	0.00700859
-0.836735	-0.183673	0.00713797
-0.836735	-0.142857	0.00723919
-0.836735	-0.102041	0.00731185
-0.836735	-0.0612245	0.00735566
-0.836735	-0.0204082	0.00737044
-0.836735	0.0204082	0.00735613
-0.836735	0.0612245	0.00731279
-0.836735	0.102041	0.00724058
-0.836735	0.142857	0.00713979
-0.836735	0.183673	0.00701081
-0.836735	0.22449	0.00685415
-0.836735	0.265306	0.00667043
-0.836735	0.306122	0.00646036
-0.836735	0.346939	0.00622478
-0.836735	0.387755	0.00596461
-0.836735	0.428571	0.00568087
-0.836735	0.469388	0.0053747
-0.836735	0.510204	0.0050473
-0.836735	0.55102	0.00469995
-0.836735	0.591837	0.00433403
-0.836735	0.632653	0.00395098
-0.836735	0.673469	0.00355233
-0.836735	0.714286	0.00313963
-0.836735	0.755102	0.00271453
-0.836735	0.795918	0.0022787
-0.836735	0.836735	0.00183386
-0.836735	0.877551	0.00138178
-0.836735	0.918367	0.00092423
-0.836735	0.959184	0.00046303
-0.836735	1	0
-0.795918	-1	0.000551038
-0.795918	-0.959184	0.00109991
-0.795918	-0.918367	0.00164444
-0.795918	-0.877551	0.00218249
-0.795918	-0.836735	0.00271194
-0.795918	-0.795918	0.00323071
-0.795918	-0.755102	0.00373674
-0.795918	-0.714286	0.00422805
-0.795918	-0.673469	0.00470269
-0.795918	-0.632653	0.0051588
-0.795918	-0.591837	0.00559457
-0.795918	-0.55102	0.0060083
-0.795918	-0.510204	0.00639833
-0.795918	-0.469388	0.00676314
-0.795918	-0.428571	0.00710129
-0.795918	-0.387755	0.00741144
-0.795918	-0.346939	0.00769236
-0.795918	-0.306122	0.00794294
-0.795918	-0.265306	0.0081622
-0.795918	-0.22449	0.00834926
-0.795918	-0.183673	0.00850339
-0.795918	-0.142857	0.00862397
-0.795918	-0.102041	0.00871053
-0.795918	-0.0612245	0.00876272
-0.795918	-0.0204082	0.00878033
-0.795918	0.0204082	0.00876328
-0.795918	0.0612245	0.00871165
-0.795918	0.102041	0.00862563
-0.795918	0.142857	0.00850556
-0.795918	0.183673	0.00835191
-0.795918	0.22449	0.00816528
-0.795918	0.265306	0.00794641
-0.795918	0.306122	0.00769616
-0.795918	0.346939	0.00741551
-0.795918	0.387755	0.00710557
-0.795918	0.428571	0.00676756
-0.795918	0.469388	0.00640282
-0.795918	0.510204	0.00601279
-0.795918	0.55102	0.005599
-0.795918	0.591837	0.00516308
-0.795918	0.632653	0.00470677
-0.795918	0.673469	0.00423185
-0.795918	0.714286	0.00374021
-0.795918	0.755102	0.00323379
-0.795918	0.795918	0.00271459
-0.795918	0.836735	0.00218466
-0.795918	0.877551	0.0016461
-0.795918	0.918367	0.00110102
-0.795918	0.959184	0.000551602
-0.795918	1	0
-0.755102	-1	0.000637349
-0.755102	-0.959184	0.00127219
-0.755102	-0.918367	0.00190201
-0.755102	-0.877551	0.00252434
-0.755102	-0.836735	0.00313672
-0.755102	-0.795918	0.00373674
-0.755102	-0.755102	0.00432204
-0.755102	-0.714286	0.0048903
-0.755102	-0.673469	0.00543929
-0.755102	-0.632653	0.00596684
-0.755102	-0.591837	0.00647087
-0.755102	-0.55102	0.00694939
-0.755102	-0.510204	0.00740052
-0.755102	-0.469388	0.00782247
-0.755102	-0.428571	0.00821358
-0.755102	-0.387755	0.00857231
-0.755102	-0.346939	0.00889723
-0.755102	-0.306122	0.00918706
-0.755102	-0.265306	0.00944066
-0.755102	-0.22449	0.00965703
-0.755102	-0.183673	0.0098353
-0.755102	-0.142857	0.00997477
-0.755102	-0.102041	0.0100749
-0.755102	-0.0612245	0.0101352
-0.755102	-0.0204082	0.0101556
-0.755102	0.0204082	0.0101359
-0.755102	0.0612245	0.0100762
-0.755102	0.102041	0.00997668
-0.755102	0.142857	0.0098378
-0.755102	0.183673	0.00966009
-0.755102	0.22449	0.00944423
-0.755102	0.265306	0.00919107
-0.755102	0.306122	0.00890162
-0.755102	0.346939	0.00857702
-0.755102	0.387755	0.00821853
-0.755102	0.428571	0.00782758
-0.755102	0.469388	0.00740571
-0.755102	0.510204	0.00695458
-0.755102	0.55102	0.00647598
-0.755102	0.591837	0.00597179
-0.755102	0.632653	0.005444
-0.755102	0.673469	0.00489469
-0.755102	0.714286	0.00432605
-0.755102	0.755102	0.00374031
-0.755102	0.795918	0.00313978
-0.755102	0.836735	0.00252685
-0.755102	0.877551	0.00190393
-0.755102	0.918367	0.00127348
-0.755102	0.959184	0.000638001
-0.755102	1	0
-0.714286	-1	0.000721147
-0.714286	-0.959184	0.00143945
-0.714286	-0.918367	0.00215209
-0.714286	-0.877551	0.00285624
-0.714286	-0.836735	0.00354914
-0.714286	-0.795918	0.00422805
-0.714286	-0.755102	0.0048903
-0.714286	-0.714286	0.00553328
-0.714286	-0.673469	0.00615444
-0.714286	-0.632653	0.00675136
-0.714286	-0.591837	0.00732166
-0.714286	-0.55102	0.0078631
-0.714286	-0.510204	0.00837354
-0.714286	-0.469388	0.00885097
-0.714286	-0.428571	0.0092935
-0.714286	-0.387755	0.00969939
-0.714286	-0.346939	0.010067
-0.714286	-0.306122	0.010395
-0.714286	-0.265306	0.0106819
-0.714286	-0.22449	0.0109267
-0.714286	-0.183673	0.0111284
-0.714286	-0.142857	0.0112862
-0.714286	-0.102041	0.0113995
-0.714286	-0.0612245	0.0114678
-0.714286	-0.0204082	0.0114909
-0.714286	0.0204082	0.0114686
-0.714286	0.0612245	0.011401
-0.714286	0.102041	0.0112884
-0.714286	0.142857	0.0111313
-0.714286	0.183673	0.0109302
-0.714286	0.22449	0.010686
-0.714286	0.265306	0.0103995
-0.714286	0.306122	0.010072
-0.714286	0.346939	0.00970472
-0.714286	0.387755	0.0092991
-0.714286	0.428571	0.00885675
-0.714286	0.469388	0.00837942
-0.714286	0.510204	0.00786897
-0.714286	0.55102	0.00732744
-0.714286	0.591837	0.00675696
-0.714286	0.632653	0.00615977
-0.714286	0.673469	0.00553825
-0.714286	0.714286	0.00489484
-0.714286	0.755102	0.00423208
-0.714286	0.795918	0.0035526
-0.714286	0.836735	0.00285908
-0.714286	0.877551	0.00215426
-0.714286	0.918367	0.00144092
-0.714286	0.959184	0.000721886
-0.714286	1	0
-0.673469	-1	0.000802104
-0.673469	-0.959184	0.00160105
-0.673469	-0.918367	0.00239368
-0.673469	-0.877551	0.00317688
-0.673469	-0.836735	0.00394757
-0.673469	-0.795918	0.00470269
-0.673469	-0.755102	0.00543929
-0.673469	-0.714286	0.00615444
-0.673469	-0.673469	0.00684535
-0.673469	-0.632653	0.00750927
-0.673469	-0.591837	0.00814359
-0.673469	-0.55102	0.00874581
-0.673469	-0.510204	0.00931356
-0.673469	-0.469388	0.00984458
-0.673469	-0.428571	0.0103368
-0.673469	-0.387755	0.0107883
-0.673469	-0.346939	0.0111972
-0.673469	-0.306122	0.0115619
-0.673469	-0.265306	0.0118811
-0.673469	-0.22449	0.0121534
-0.673469	-0.183673	0.0123777
-0.673469	-0.142857	0.0125532
-0.673469	-0.102041	0.0126792
-0.673469	-0.0612245	0.0127552
-0.673469	-0.0204082	0.0127808
-0.673469	0.0204082	0.012756
-0.673469	0.0612245	0.0126809
-0.673469	0.102041	0.0125557
-0.673469	0.142857	0.0123809
-0.673469	0.183673	0.0121572
-0.673469	0.22449	0.0118856
-0.673469	0.265306	0.011567
-0.673469	0.306122	0.0112027
-0.673469	0.346939	0.0107942
-0.673469	0.387755	0.010343
-0.673469	0.428571	0.00985102
-0.673469	0.469388	0.00932009
-0.673469	0.510204	0.00875235
-0.673469	0.55102	0.00815002
-0.673469	0.591837	0.0075155
-0.673469	0.632653	0.00685127
-0.673469	0.673469	0.00615998
-0.673469	0.714286	0.00544433
-0.673469	0.755102	0.00470718
-0.673469	0.795918	0.00395142
-0.673469	0.836735	0.00318004
-0.673469	0.877551	0.00239609
-0.673469	0.918367	0.00160268
-0.673469	0.959184	0.000802925
-0.673469	1	0
-0.632653	-1	0.000879899
-0.632653	-0.959184	0.00175633
-0.632653	-0.918367	0.00262584
-0.632653	-0.877551	0.00348501
-0.632653	-0.836735	0.00433044
-0.632653	-0.795918	0.0051588
-0.632653	-0.755102	0.00596684
-0.632653	-0.714286	0.00675136
-0.632653	-0.673469	0.00750927
-0.632653	-0.632653	0.00823758
-0.632653	-0.591837	0.00893343
-0.632653	-0.55102	0.00959406
-0.632653	-0.510204	0.0102169
-0.632653	-0.469388	0.0107994
-0.632653	-0.428571	0.0113393
-0.632653	-0.387755	0.0118346
-0.632653	-0.346939	0.0122832
-0.632653	-0.306122	0.0126833
-0.632653	-0.265306	0.0130334
-0.632653	-0.22449	0.0133321
-0.632653	-0.183673	0.0135782
-0.632653	-0.142857	0.0137708
-0.632653	-0.102041	0.013909
-0.632653	-0.0612245	0.0139923
-0.632653	-0.0204082	0.0140204
-0.632653	0.0204082	0.0139932
-0.632653	0.0612245	0.0139108
-0.632653	0.102041	0.0137734
-0.632653	0.142857	0.0135817
-0.632653	0.183673	0.0133363
-0.632653	0.22449	0.0130383
-0.632653	0.265306	0.0126888
-0.632653	0.306122	0.0122892
-0.632653	0.346939	0.0118411
-0.632653	0.387755	0.0113462
-0.632653	0.428571	0.0108065
-0.632653	0.469388	0.010224
-0.632653	0.510204	0.00960123
-0.632653	0.55102	0.00894049
-0.632653	0.591837	0.00824442
-0.632653	0.632653	0.00751577
-0.632653	0.673469	0.00675742
-0.632653	0.714286	0.00597237
-0.632653	0.755102	0.00516372
-0.632653	0.795918	0.00433466
-0.632653	0.836735	0.00348847
-0.632653	0.877551	0.00262849
-0.632653	0.918367	0.00175812
-0.632653	0.959184	0.0008808
-0.632653	1	0
-0.591837	-1	0.000954226
-0.591837	-0.959184	0.00190469
-0.591837	-0.918367	0.00284765
-0.591837	-0.877551	0.00377939
-0.591837	-0.836735	0.00469624
-0.591837	-0.795918	0.00559457
-0.591837	-0.755102	0.00647087
-0.591837	-0.714286	0.00732166
-0.591837	-0.673469	0.00814359
-0.591837	-0.632653	0.00893343
-0.591837	-0.591837	0.00968805
-0.591837	-0.55102	0.0104045
-0.591837	-0.510204	0.0110799
-0.591837	-0.469388	0.0117116
-0.591837	-0.428571	0.0122972
-0.591837	-0.387755	0.0128343
-0.591837	-0.346939	0.0133207
-0.591837	-0.306122	0.0137547
-0.591837	-0.265306	0.0141344
-0.591837	-0.22449	0.0144583
-0.591837	-0.183673	0.0147252
-0.591837	-0.142857	0.014934
-0.591837	-0.102041	0.0150839
-0.591837	-0.0612245	0.0151743
-0.591837	-0.0204082	0.0152048
-0.591837	0.0204082	0.0151753
-0.591837	0.0612245	0.0150858
-0.591837	0.102041	0.0149369
-0.591837	0.142857	0.014729
-0.591837	0.183673	0.0144629
-0.591837	0.22449	0.0141397
-0.591837	0.265306	0.0137607
-0.591837	0.306122	0.0133273
-0.591837	0.346939	0.0128413
-0.591837	0.387755	0.0123046
-0.591837	0.428571	0.0117193
-0.591837	0.469388	0.0110877
-0.591837	0.510204	0.0104123
-0.591837	0.55102	0.00969571
-0.591837	0.591837	0.00894084
-0.591837	0.632653	0.00815064
-0.591837	0.673469	0.00732824
-0.591837	0.714286	0.00647687
-0.591837	0.755102	0.00559991
-0.591837	0.795918	0.00470082
-0.591837	0.836735	0.00378314
-0.591837	0.877551	0.00285052
-0.591837	0.918367	0.00190663
-0.591837	0.959184	0.000955202
-0.591837	1	0
-0.55102	-1	0.00102479
-0.55102	-0.959184	0.00204554
-0.55102	-0.918367	0.00305824
-0.55102	-0.877551	0.00405888
-0.55102	-0.836735	0.00504352
-0.55102	-0.795918	0.0060083
-0.55102	-0.755102	0.00694939
-0.55102	-0.714286	0.0078631
-0.55102	-0.673469	0.00874581
-0.55102	-0.632653	0.00959406
-0.55102	-0.591837	0.0104045
-0.55102	-0.55102	0.0111739
-0.55102	-0.510204	0.0118993
-0.55102	-0.469388	0.0125777
-0.55102	-0.428571	0.0132066
-0.55102	-0.387755	0.0137834
-0.55102	-0.346939	0.0143058
-0.55102	-0.306122	0.0147718
-0.55102	-0.265306	0.0151796
-0.55102	-0.22449	0.0155275
-0.55102	-0.183673	0.0158141
-0.55102	-0.142857	0.0160384
-0.55102	-0.102041	0.0161994
-0.55102	-0.0612245	0.0162964
-0.55102	-0.0204082	0.0163292
-0.55102	0.0204082	0.0162975
-0.55102	0.0612245	0.0162015
-0.55102	0.102041	0.0160415
-0.55102	0.142857	0.0158182
-0.55102	0.183673	0.0155324
-0.55102	0.22449	0.0151853
-0.55102	0.265306	0.0147783
-0.55102	0.306122	0.0143129
-0.55102	0.346939	0.013791
-0.55102	0.387755	0.0132145
-0.55102	0.428571	0.0125859
-0.55102	0.469388	0.0119076
-0.55102	0.510204	0.0111823
-0.55102	0.55102	0.0104127
-0.55102	0.591837	0.00960202
-0.55102	0.632653	0.00875338
-0.55102	0.673469	0.00787016
-0.55102	0.714286	0.00695584
-0.55102	0.755102	0.00601403
-0.55102	0.795918	0.00504844
-0.55102	0.836735	0.00406291
-0.55102	0.877551	0.00306132
-0.55102	0.918367	0.00204763
-0.55102	0.959184	0.00102584
-0.55102	1	0
-0.510204	-1	0.00109132
-0.510204	-0.959184	0.00217833
-0.510204	-0.918367	0.00325677
-0.510204	-0.877551	0.00432236
-0.510204	-0.836735	0.00537093
-0.510204	-0.795918	0.00639833
-0.510204	-0.755102	0.00740052
-0.510204	-0.714286	0.00837354
-0.510204	-0.673469	0.00931356
-0.510204	-0.632653	0.0102169
-0.510204	-0.591837	0.0110799
-0.510204	-0.55102	0.0118993
-0.510204	-0.510204	0.0126717
-0.510204	-0.469388	0.0133942
-0.510204	-0.428571	0.0140639
-0.510204	-0.387755	0.0146781
-0.510204	-0.346939	0.0152345
-0.510204	-0.306122	0.0157308
-0.510204	-0.265306	0.016165
-0.510204	-0.22449	0.0165355
-0.510204	-0.183673	0.0168407
-0.510204	-0.142857	0.0170795
-0.510204	-0.102041	0.017251
-0.510204	-0.0612245	0.0173543
-0.510204	-0.0204082	0.0173892
-0.510204	0.0204082	0.0173554
-0.510204	0.0612245	0.0172532
-0.510204	0.102041	0.0170828
-0.510204	0.142857	0.016845
-0.510204	0.183673	0.0165407
-0.510204	0.22449	0.0161711
-0.510204	0.265306	0.0157376
-0.510204	0.306122	0.015242
-0.510204	0.346939	0.0146862
-0.510204	0.387755	0.0140724
-0.510204	0.428571	0.013403
-0.510204	0.469388	0.0126806
-0.510204	0.510204	0.0119082
-0.510204	0.55102	0.0110887
-0.510204	0.591837	0.0102253
-0.510204	0.632653	0.00932162
-0.510204	0.673469	0.00838106
-0.510204	0.714286	0.00740739
-0.510204	0.755102	0.00640443
-0.510204	0.795918	0.00537617
-0.510204	0.836735	0.00432666
-0.510204	0.877551	0.00326005
-0.510204	0.918367	0.00218055
-0.510204	0.959184	0.00109243
-0.510204	1	0
-0.469388	-1	0.00115354
-0.469388	-0.959184	0.00230253
-0.469388	-0.918367	0.00344246
-0.469388	-0.877551	0.00456881
-0.469388	-0.836735	0.00567716
-0.469388	-0.795918	0.00676314
-0.469388	-0.755102	0.00782247
-0.469388	-0.714286	0.00885097
-0.469388	-0.673469	0.00984458
-0.469388	-0.632653	0.0107994
-0.469388	-0.591837	0.0117116
-0.469388	-0.55102	0.0125777
-0.469388	-0.510204	0.0133942
-0.469388	-0.469388	0.0141579
-0.469388	-0.428571	0.0148658
-0.469388	-0.387755	0.015515
-0.469388	-0.346939	0.0161031
-0.469388	-0.306122	0.0166277
-0.469388	-0.265306	0.0170867
-0.469388	-0.22449	0.0174783
-0.469388	-0.183673	0.0178009
-0.469388	-0.142857	0.0180534
-0.469388	-0.102041	0.0182346
-0.469388	-0.0612245	0.0183438
-0.469388	-0.0204082	0.0183807
-0.469388	0.0204082	0.018345
-0.469388	0.0612245	0.0182369
-0.469388	0.102041	0.0180568
-0.469388	0.142857	0.0178055
-0.469388	0.183673	0.0174838
-0.469388	0.22449	0.0170931
-0.469388	0.265306	0.016635
-0.469388	0.306122	0.0161111
-0.469388	0.346939	0.0155236
-0.469388	0.387755	0.0148747
-0.469388	0.428571	0.0141672
-0.469388	0.469388	0.0134036
-0.469388	0.510204	0.0125871
-0.469388	0.55102	0.0117209
-0.469388	0.591837	0.0108084
-0.469388	0.632653	0.00985311
-0.469388	0.673469	0.00885892
-0.469388	0.714286	0.00782973
-0.469388	0.755102	0.00676959
-0.469388	0.795918	0.0056827
-0.469388	0.836735	0.00457335
-0.469388	0.877551	0.00344592
-0.469388	0.918367	0.00230488
-0.469388	0.959184	0.00115472
-0.469388	1	0
-0.428571	-1	0.00121121
-0.428571	-0.959184	0.00241766
-0.428571	-0.918367	0.00361457
-0.428571	-0.877551	0.00479724
-0.428571	-0.836735	0.00596101
-0.428571	-0.795918	0.00710129
-0.428571	-0.755102	0.00821358
-0.428571	-0.714286	0.0092935
-0.428571	-0.673469	0.0103368
-0.428571	-0.632653	0.0113393
-0.428571	-0.591837	0.0122972
-0.428571	-0.55102	0.0132066
-0.428571	-0.510204	0.0140639
-0.428571	-0.469388	0.0148658
-0.428571	-0.428571	0.0156091
-0.428571	-0.387755	0.0162908
-0.428571	-0.346939	0.0169083
-0.428571	-0.306122	0.0174591
-0.428571	-0.265306	0.017941
-0.428571	-0.22449	0.0183522
-0.428571	-0.183673	0.018691
-0.428571	-0.142857	0.018956
-0.428571	-0.102041	0.0191463
-0.428571	-0.0612245	0.019261
-0.428571	-0.0204082	0.0192997
-0.428571	0.0204082	0.0192622
-0.428571	0.0612245	0.0191487
-0.428571	0.102041	0.0189596
-0.428571	0.142857	0.0186957
-0.428571	0.183673	0.018358
-0.428571	0.22449	0.0179478
-0.428571	0.265306	0.0174667
-0.428571	0.306122	0.0169166
-0.428571	0.346939	0.0162997
-0.428571	0.387755	0.0156185
-0.428571	0.428571	0.0148755
-0.428571	0.469388	0.0140738
-0.428571	0.510204	0.0132165
-0.428571	0.55102	0.0123069
-0.428571	0.591837	0.0113488
-0.428571	0.632653	0.0103457
-0.428571	0.673469	0.00930186
-0.428571	0.714286	0.0082212
-0.428571	0.755102	0.00710806
-0.428571	0.795918	0.00596683
-0.428571	0.836735	0.00480201
-0.428571	0.877551	0.00361821
-0.428571	0.918367	0.00242012
-0.428571	0.959184	0.00121245
-0.428571	1	0
-0.387755	-1	0.00126411
-0.387755	-0.959184	0.00252325
-0.387755	-0.918367	0.00377244
-0.387755	-0.877551	0.00500676
-0.387755	-0.836735	0.00622136
-0.387755	-0.795918	0.00741144
-0.387755	-0.755102	0.00857231
-0.387755	-0.714286	0.00969939
-0.387755	-0.673469	0.0107883
-0.387755	-0.632653	0.0118346
-0.387755	-0.591837	0.0128343
-0.387755	-0.55102	0.0137834
-0.387755	-0.510204	0.0146781
-0.387755	-0.469388	0.015515
-0.387755	-0.428571	0.0162908
-0.387755	-0.387755	0.0170023
-0.387755	-0.346939	0.0176467
-0.387755	-0.306122	0.0182216
-0.387755	-0.265306	0.0187246
-0.387755	-0.22449	0.0191537
-0.387755	-0.183673	0.0195073
-0.387755	-0.142857	0.0197839
-0.387755	-0.102041	0.0199825
-0.387755	-0.0612245	0.0201022
-0.387755	-0.0204082	0.0201426
-0.387755	0.0204082	0.0201035
-0.387755	0.0612245	0.019985
-0.387755	0.102041	0.0197877
-0.387755	0.142857	0.0195122
-0.387755	0.183673	0.0191598
-0.387755	0.22449	0.0187316
-0.387755	0.265306	0.0182295
-0.387755	0.306122	0.0176554
-0.387755	0.346939	0.0170116
-0.387755	0.387755	0.0163006
-0.387755	0.428571	0.0155252
-0.387755	0.469388	0.0146885
-0.387755	0.510204	0.0137937
-0.387755	0.55102	0.0128444
-0.387755	0.591837	0.0118444
-0.387755	0.632653	0.0107976
-0.387755	0.673469	0.00970811
-0.387755	0.714286	0.00858026
-0.387755	0.755102	0.0074185
-0.387755	0.795918	0.00622743
-0.387755	0.836735	0.00501174
-0.387755	0.877551	0.00377624
-0.387755	0.918367	0.00252581
-0.387755	0.959184	0.00126541
-0.387755	1	0
-0.346939	-1	0.00131203
-0.346939	-0.959184	0.00261889
-0.346939	-0.918367	0.00391543
-0.346939	-0.877551	0.00519654
-0.346939	-0.836735	0.00645717
-0.346939	-0.795918	0.00769236
-0.346939	-0.755102	0.00889723
-0.346939	-0.714286	0.010067
-0.346939	-0.673469	0.0111972
-0.346939	-0.632653	0.0122832
-0.346939	-0.591837	0.0133207
-0.346939	-0.55102	0.0143058
-0.346939	-0.510204	0.0152345
-0.346939	-0.469388	0.0161031
-0.346939	-0.428571	0.0169083
-0.346939	-0.387755	0.0176467
-0.346939	-0.346939	0.0183156
-0.346939	-0.306122	0.0189122
-0.346939	-0.265306	0.0194343
-0.346939	-0.22449	0.0198797
-0.346939	-0.183673	0.0202467
-0.346939	-0.142857	0.0205338
-0.346939	-0.102041	0.0207399
-0.346939	-0.0612245	0.0208641
-0.346939	-0.0204082	0.0209061
-0.346939	0.0204082	0.0208655
-0.346939	0.0612245	0.0207425
-0.346939	0.102041	0.0205377
-0.346939	0.142857	0.0202518
-0.346939	0.183673	0.019886
-0.346939	0.22449	0.0194416
-0.346939	0.265306	0.0189205
-0.346939	0.306122	0.0183246
-0.346939	0.346939	0.0176564
-0.346939	0.387755	0.0169184
-0.346939	0.428571	0.0161136
-0.346939	0.469388	0.0152452
-0.346939	0.510204	0.0143165
-0.346939	0.55102	0.0133313
-0.346939	0.591837	0.0122934
-0.346939	0.632653	0.0112069
-0.346939	0.673469	0.0100761
-0.346939	0.714286	0.00890548
-0.346939	0.755102	0.00769969
-0.346939	0.795918	0.00646347
-0.346939	0.836735	0.0052017
-0.346939	0.877551	0.00391937
-0.346939	0.918367	0.00262155
-0.346939	0.959184	0.00131337
-0.346939	1	0
-0.306122	-1	0.00135477
-0.306122	-0.959184	0.0027042
-0.306122	-0.918367	0.00404297
-0.306122	-0.877551	0.00536582
-0.306122	-0.836735	0.00666752
-0.306122	-0.795918	0.00794294
-0.306122	-0.755102	0.00918706
-0.306122	-0.714286	0.010395
-0.306122	-0.673469	0.0115619
-0.306122	-0.632653	0.0126833
-0.306122	-0.591837	0.0137547
-0.306122	-0.55102	0.0147718
-0.306122	-0.510204	0.0157308
-0.306122	-0.469388	0.0166277
-0.306122	-0.428571	0.0174591
-0.306122	-0.387755	0.0182216
-0.306122	-0.346939	0.0189122
-0.306122	-0.306122	0.0195283
-0.306122	-0.265306	0.0200674
-0.306122	-0.22449	0.0205273
-0.306122	-0.183673	0.0209062
-0.306122	-0.142857	0.0212027
-0.306122	-0.102041	0.0214155
-0.306122	-0.0612245	0.0215438
-0.306122	-0.0204082	0.0215871
-0.306122	0.0204082	0.0215452
-0.306122	0.0612245	0.0214182
-0.306122	0.102041	0.0212068
-0.306122	0.142857	0.0209116
-0.306122	0.183673	0.0205338
-0.306122	0.22449	0.020075
-0.306122	0.265306	0.0195368
-0.306122	0.306122	0.0189216
-0.306122	0.346939	0.0182316
-0.306122	0.387755	0.0174696
-0.306122	0.428571	0.0166386
-0.306122	0.469388	0.0157418
-0.306122	0.510204	0.0147829
-0.306122	0.55102	0.0137656
-0.306122	0.591837	0.0126938
-0.306122	0.632653	0.0115719
-0.306122	0.673469	0.0104043
-0.306122	0.714286	0.00919559
-0.306122	0.755102	0.00795052
-0.306122	0.795918	0.00667402
-0.306122	0.836735	0.00537115
-0.306122	0.877551	0.00404705
-0.306122	0.918367	0.00270695
-0.306122	0.959184	0.00135616
-0.306122	1	0
-0.265306	-1	0.00139217
-0.265306	-0.959184	0.00277885
-0.265306	-0.918367	0.00415458
-0.265306	-0.877551	0.00551394
-0.265306	-0.836735	0.00685157
-0.265306	-0.795918	0.0081622
-0.265306	-0.755102	0.00944066
-0.265306	-0.714286	0.0106819
-0.265306	-0.673469	0.0118811
-0.265306	-0.632653	0.0130334
-0.265306	-0.591837	0.0141344
-0.265306	-0.55102	0.0151796
-0.265306	-0.510204	0.016165
-0.265306	-0.469388	0.0170867
-0.265306	-0.428571	0.017941
-0.265306	-0.387755	0.0187246
-0.265306	-0.346939	0.0194343
-0.265306	-0.306122	0.0200674
-0.265306	-0.265306	0.0206213
-0.265306	-0.22449	0.0210939
-0.265306	-0.183673	0.0214833
-0.265306	-0.142857	0.021788
-0.265306	-0.102041	0.0220066
-0.265306	-0.0612245	0.0221385
-0.265306	-0.0204082	0.022183
-0.265306	0.0204082	0.0221399
-0.265306	0.0612245	0.0220095
-0.265306	0.102041	0.0217922
-0.265306	0.142857	0.0214888
-0.265306	0.183673	0.0211006
-0.265306	0.22449	0.0206291
-0.265306	0.265306	0.0200761
-0.265306	0.306122	0.0194439
-0.265306	0.346939	0.0187348
-0.265306	0.387755	0.0179518
-0.265306	0.428571	0.0170979
-0.265306	0.469388	0.0161764
-0.265306	0.510204	0.015191
-0.265306	0.55102	0.0141455
-0.265306	0.591837	0.0130442
-0.265306	0.632653	0.0118914
-0.265306	0.673469	0.0106915
-0.265306	0.714286	0.00944942
-0.265306	0.755102	0.00816998
-0.265306	0.795918	0.00685825
-0.265306	0.836735	0.00551941
-0.265306	0.877551	0.00415876
-0.265306	0.918367	0.00278167
-0.265306	0.959184	0.00139359
-0.265306	1	0
-0.22449	-1	0.00142407
-0.22449	-0.959184	0.00284253
-0.22449	-0.918367	0.00424979
-0.22449	-0.877551	0.00564031
-0.22449	-0.836735	0.00700859
-0.22449	-0.795918	0.00834926
-0.22449	-0.755102	0.00965703
-0.22449	-0.714286	0.0109267
-0.22449	-0.673469	0.0121534
-0.22449	-0.632653	0.0133321
-0.22449	-0.591837	0.0144583
-0.22449	-0.55102	0.0155275
-0.22449	-0.510204	0.0165355
-0.22449	-0.469388	0.0174783
-0.22449	-0.428571	0.0183522
-0.22449	-0.387755	0.0191537
-0.22449	-0.346939	0.0198797
-0.22449	-0.306122	0.0205273
-0.22449	-0.265306	0.0210939
-0.22449	-0.22449	0.0215774
-0.22449	-0.183673	0.0219757
-0.22449	-0.142857	0.0222873
-0.22449	-0.102041	0.022511
-0.22449	-0.0612245	0.0226459
-0.22449	-0.0204082	0.0226914
-0.22449	0.0204082	0.0226473
-0.22449	0.0612245	0.0225139
-0.22449	0.102041	0.0222916
-0.22449	0.142857	0.0219813
-0.22449	0.183673	0.0215842
-0.22449	0.22449	0.0211019
-0.22449	0.265306	0.0205363
-0.22449	0.306122	0.0198895
-0.22449	0.346939	0.0191642
-0.22449	0.387755	0.0183632
-0.22449	0.428571	0.0174897
-0.22449	0.469388	0.0165471
-0.22449	0.510204	0.0155391
-0.22449	0.55102	0.0144697
-0.22449	0.591837	0.0133432
-0.22449	0.632653	0.0121639
-0.22449	0.673469	0.0109366
-0.22449	0.714286	0.00966599
-0.22449	0.755102	0.00835722
-0.22449	0.795918	0.00701543
-0.22449	0.836735	0.00564591
-0.22449	0.877551	0.00425408
-0.22449	0.918367	0.00284543
-0.22449	0.959184	0.00142553
-0.22449	1	0
-0.183673	-1	0.00145036
-0.183673	-0.959184	0.00289501
-0.183673	-0.918367	0.00432825
-0.183673	-0.877551	0.00574443
-0.183673	-0.836735	0.00713797
-0.183673	-0.795918	0.00850339
-0.183673	-0.755102	0.0098353
-0.183673	-0.714286	0.0111284
-0.183673	-0.673469	0.0123777
-0.183673	-0.632653	0.0135782
-0.183673	-0.591837	0.0147252
-0.183673	-0.55102	0.0158141
-0.183673	-0.510204	0.0168407
-0.183673	-0.469388	0.0178009
-0.183673	-0.428571	0.018691
-0.183673	-0.387755	0.0195073
-0.183673	-0.346939	0.0202467
-0.183673	-0.306122	0.0209062
-0.183673	-0.265306	0.0214833
-0.183673	-0.22449	0.0219757
-0.183673	-0.183673	0.0223814
-0.183673	-0.142857	0.0226987
-0.183673	-0.102041	0.0229266
-0.183673	-0.0612245	0.0230639
-0.183673	-0.0204082	0.0231103
-0.183673	0.0204082	0.0230654
-0.183673	0.0612245	0.0229295
-0.183673	0.102041	0.0227031
-0.183673	0.142857	0.0223871
-0.183673	0.183673	0.0219826
-0.183673	0.22449	0.0214914
-0.183673	0.265306	0.0209154
-0.183673	0.306122	0.0202567
-0.183673	0.346939	0.019518
-0.183673	0.387755	0.0187022
-0.183673	0.428571	0.0178126
-0.183673	0.469388	0.0168526
-0.183673	0.510204	0.015826
-0.183673	0.55102	0.0147368
-0.183673	0.591837	0.0135895
-0.183673	0.632653	0.0123884
-0.183673	0.673469	0.0111384
-0.183673	0.714286	0.00984442
-0.183673	0.755102	0.0085115
-0.183673	0.795918	0.00714494
-0.183673	0.836735	0.00575013
-0.183673	0.877551	0.00433261
-0.183673	0.918367	0.00289795
-0.183673	0.959184	0.00145185
-0.183673	1	0
-0.142857	-1	0.00147093
-0.142857	-0.959184	0.00293606
-0.142857	-0.918367	0.00438962
-0.142857	-0.877551	0.00582589
-0.142857	-0.836735	0.00723919
-0.142857	-0.795918	0.00862397
-0.142857	-0.755102	0.00997477
-0.142857	-0.714286	0.0112862
-0.142857	-0.673469	0.0125532
-0.142857	-0.632653	0.0137708
-0.142857	-0.591837	0.014934
-0.142857	-0.55102	0.0160384
-0.142857	-0.510204	0.0170795
-0.142857	-0.469388	0.0180534
-0.142857	-0.428571	0.018956
-0.142857	-0.387755	0.0197839
-0.142857	-0.346939	0.0205338
-0.142857	-0.306122	0.0212027
-0.142857	-0.265306	0.021788
-0.142857	-0.22449	0.0222873
-0.142857	-0.183673	0.0226987
-0.142857	-0.142857	0.0230206
-0.142857	-0.102041	0.0232517
-0.142857	-0.0612245	0.023391
-0.142857	-0.0204082	0.023438
-0.142857	0.0204082	0.0233925
-0.142857	0.0612245	0.0232547
-0.142857	0.102041	0.023025
-0.142857	0.142857	0.0227045
-0.142857	0.183673	0.0222944
-0.142857	0.22449	0.0217962
-0.142857	0.265306	0.0212119
-0.142857	0.306122	0.0205439
-0.142857	0.346939	0.0197948
-0.142857	0.387755	0.0189674
-0.142857	0.428571	0.0180652
-0.142857	0.469388	0.0170915
-0.142857	0.510204	0.0160504
-0.142857	0.55102	0.0149458
-0.142857	0.591837	0.0137822
-0.142857	0.632653	0.0125641
-0.142857	0.673469	0.0112964
-0.142857	0.714286	0.00998402
-0.142857	0.755102	0.0086322
-0.142857	0.795918	0.00724626
-0.142857	0.836735	0.00583167
-0.142857	0.877551	0.00439404
-0.142857	0.918367	0.00293905
-0.142857	0.959184	0.00147243
-0.142857	1	0
-0.102041	-1	0.00148569
-0.102041	-0.959184	0.00296553
-0.102041	-0.918367	0.00443368
-0.102041	-0.877551	0.00588436
-0.102041	-0.836735	0.00731185
-0.102041	-0.795918	0.00871053
-0.102041	-0.755102	0.0100749
-0.102041	-0.714286	0.0113995
-0.102041	-0.673469	0.0126792
-0.102041	-0.632653	0.013909
-0.102041	-0.591837	0.0150839
-0.102041	-0.55102	0.0161994
-0.102041	-0.510204	0.017251
-0.102041	-0.469388	0.0182346
-0.102041	-0.428571	0.0191463
-0.102041	-0.387755	0.0199825
-0.102041	-0.346939	0.0207399
-0.102041	-0.306122	0.0214155
-0.102041	-0.265306	0.0220066
-0.102041	-0.22449	0.022511
-0.102041	-0.183673	0.0229266
-0.102041	-0.142857	0.0232517
-0.102041	-0.102041	0.023485
-0.102041	-0.0612245	0.0236258
-0.102041	-0.0204082	0.0236732
-0.102041	0.0204082	0.0236273
-0.102041	0.0612245	0.0234881
-0.102041	0.102041	0.0232561
-0.102041	0.142857	0.0229324
-0.102041	0.183673	0.0225181
-0.102041	0.22449	0.022015
-0.102041	0.265306	0.0214248
-0.102041	0.306122	0.0207501
-0.102041	0.346939	0.0199934
-0.102041	0.387755	0.0191578
-0.102041	0.428571	0.0182465
-0.102041	0.469388	0.0172631
-0.102041	0.510204	0.0162115
-0.102041	0.55102	0.0150958
-0.102041	0.591837	0.0139205
-0.102041	0.632653	0.0126902
-0.102041	0.673469	0.0114098
-0.102041	0.714286	0.0100842
-0.102041	0.755102	0.00871884
-0.102041	0.795918	0.00731899
-0.102041	0.836735	0.00589021
-0.102041	0.877551	0.00443815
-0.102041	0.918367	0.00296855
-0.102041	0.959184	0.00148721
-0.102041	1	0
-0.0612245	-1	0.00149459
-0.0612245	-0.959184	0.0029833
-0.0612245	-0.918367	0.00446024
-0.0612245	-0.877551	0.00591962
-0.0612245	-0.836735	0.00735566
-0.0612245	-0.795918	0.00876272
-0.0612245	-0.755102	0.0101352
-0.0612245	-0.714286	0.0114678
-0.0612245	-0.673469	0.0127552
-0.0612245	-0.632653	0.0139923
-0.0612245	-0.591837	0.0151743
-0.0612245	-0.55102	0.0162964
-0.0612245	-0.510204	0.0173543
-0.0612245	-0.469388	0.0183438
-0.0612245	-0.428571	0.019261
-0.0612245	-0.387755	0.0201022
-0.0612245	-0.346939	0.0208641
-0.0612245	-0.306122	0.0215438
-0.0612245	-0.265306	0.0221385
-0.0612245	-0.22449	0.0226459
-0.0612245	-0.183673	0.0230639
-0.0612245	-0.142857	0.023391
-0.0612245	-0.102041	0.0236258
-0.0612245	-0.0612245	0.0237673
-0.0612245	-0.0204082	0.0238151
-0.0612245	0.0204082	0.0237688
-0.0612245	0.0612245	0.0236288
-0.0612245	0.102041	0.0233955
-0.0612245	0.142857	0.0230698
-0.0612245	0.183673	0.0226531
-0.0612245	0.22449	0.0221469
-0.0612245	0.265306	0.0215532
-0.0612245	0.306122	0.0208744
-0.0612245	0.346939	0.0201132
-0.0612245	0.387755	0.0192726
-0.0612245	0.428571	0.0183558
-0.0612245	0.469388	0.0173665
-0.0612245	0.510204	0.0163086
-0.0612245	0.55102	0.0151863
-0.0612245	0.591837	0.0140039
-0.0612245	0.632653	0.0127663
-0.0612245	0.673469	0.0114781
-0.0612245	0.714286	0.0101446
-0.0612245	0.755102	0.00877107
-0.0612245	0.795918	0.00736284
-0.0612245	0.836735	0.0059255
-0.0612245	0.877551	0.00446474
-0.0612245	0.918367	0.00298633
-0.0612245	0.959184	0.00149612
-0.0612245	1	0
-0.0204082	-1	0.0014976
-0.0204082	-0.959184	0.00298929
-0.0204082	-0.918367	0.00446921
-0.0204082	-0.877551	0.00593151
-0.0204082	-0.836735	0.00737044
-0.0204082	-0.795918	0.00878033
-0.0204082	-0.755102	0.0101556
-0.0204082	-0.714286	0.0114909
-0.0204082	-0.673469	0.0127808
-0.0204082	-0.632653	0.0140204
-0.0204082	-0.591837	0.0152048
-0.0204082	-0.55102	0.0163292
-0.0204082	-0.510204	0.0173892
-0.0204082	-0.469388	0.0183807
-0.0204082	-0.428571	0.0192997
-0.0204082	-0.387755	0.0201426
-0.0204082	-0.346939	0.0209061
-0.0204082	-0.306122	0.0215871
-0.0204082	-0.265306	0.022183
-0.0204082	-0.22449	0.0226914
-0.0204082	-0.183673	0.0231103
-0.0204082	-0.142857	0.023438
-0.0204082	-0.102041	0.0236732
-0.0204082	-0.0612245	0.0238151
-0.0204082	-0.0204082	0.0238629
-0.0204082	0.0204082	0.0238166
-0.0204082	0.0612245	0.0236763
-0.0204082	0.102041	0.0234425
-0.0204082	0.142857	0.0231162
-0.0204082	0.183673	0.0226986
-0.0204082	0.22449	0.0221914
-0.0204082	0.265306	0.0215965
-0.0204082	0.306122	0.0209164
-0.0204082	0.346939	0.0201536
-0.0204082	0.387755	0.0193113
-0.0204082	0.428571	0.0183927
-0.0204082	0.469388	0.0174014
-0.0204082	0.510204	0.0163414
-0.0204082	0.55102	0.0152168
-0.0204082	0.591837	0.0140321
-0.0204082	0.632653	0.0127919
-0.0204082	0.673469	0.0115012
-0.0204082	0.714286	0.010165
-0.0204082	0.755102	0.0087887
-0.0204082	0.795918	0.00737763
-0.0204082	0.836735	0.0059374
-0.0204082	0.877551	0.00447371
-0.0204082	0.918367	0.00299233
-0.0204082	0.959184	0.00149913
-0.0204082	1	0
0.0204082	-1	0.00149469
0.0204082	-0.959184	0.00298349
0.0204082	-0.918367	0.00446053
0.0204082	-0.877551	0.00592
0.0204082	-0.836735	0.00735613
0.0204082	-0.795918	0.00876328
0.0204082	-0.755102	0.0101359
0.0204082	-0.714286	0.0114686
0.0204082	-0.673469	0.012756
0.0204082	-0.632653	0.0139932
0.0204082	-0.591837	0.0151753
0.0204082	-0.55102	0.0162975
0.0204082	-0.510204	0.0173554
0.0204082	-0.469388	0.018345
0.0204082	-0.428571	0.0192622
0.0204082	-0.387755	0.0201035
0.0204082	-0.346939	0.0208655
0.0204082	-0.306122	0.0215452
0.0204082	-0.265306	0.0221399
0.0204082	-0.22449	0.0226473
0.0204082	-0.183673	0.0230654
0.0204082	-0.142857	0.0233925
0.0204082	-0.102041	0.0236273
0.0204082	-0.0612245	0.0237688
0.0204082	-0.0204082	0.0238166
0.0204082	0.0204082	0.0237704
0.0204082	0.0612245	0.0236303
0.0204082	0.102041	0.023397
0.0204082	0.142857	0.0230713
0.0204082	0.183673	0.0226545
0.0204082	0.22449	0.0221483
0.0204082	0.265306	0.0215546
0.0204082	0.306122	0.0208758
0.0204082	0.346939	0.0201145
0.0204082	0.387755	0.0192738
0.0204082	0.428571	0.018357
0.0204082	0.469388	0.0173676
0.0204082	0.510204	0.0163097
0.0204082	0.55102	0.0151872
0.0204082	0.591837	0.0140048
0.0204082	0.632653	0.0127671
0.0204082	0.673469	0.0114789
0.0204082	0.714286	0.0101453
0.0204082	0.755102	0.00877164
0.0204082	0.795918	0.00736331
0.0204082	0.836735	0.00592588
0.0204082	0.877551	0.00446502
0.0204082	0.918367	0.00298652
0.0204082	0.959184	0.00149622
0.0204082	1	0
0.0612245	-1	0.00148588
0.0612245	-0.959184	0.00296591
0.0612245	-0.918367	0.00443425
0.0612245	-0.877551	0.00588512
0.0612245	-0.836735	0.00731279
0.0612245	-0.795918	0.00871165
0.0612245	-0.755102	0.0100762
0.0612245	-0.714286	0.011401
0.0612245	-0.673469	0.0126809
0.0612245	-0.632653	0.0139108
0.0612245	-0.591837	0.0150858
0.0612245	-0.55102	0.0162015
0.0612245	-0.510204	0.0172532
0.0612245	-0.469388	0.0182369
0.0612245	-0.428571	0.0191487
0.0612245	-0.387755	0.019985
0.0612245	-0.346939	0.0207425
0.0612245	-0.306122	0.0214182
0.0612245	-0.265306	0.0220095
0.0612245	-0.22449	0.0225139
0.0612245	-0.183673	0.0229295
0.0612245	-0.142857	0.0232547
0.0612245	-0.102041	0.0234881
0.0612245	-0.0612245	0.0236288
0.0612245	-0.0204082	0.0236763
0.0612245	0.0204082	0.0236303
0.0612245	0.0612245	0.0234911
0.0612245	0.102041	0.0232591
0.0612245	0.142857	0.0229354
0.0612245	0.183673	0.022521
0.0612245	0.22449	0.0220178
0.0612245	0.265306	0.0214276
0.0612245	0.306122	0.0207528
0.0612245	0.346939	0.019996
0.0612245	0.387755	0.0191603
0.0612245	0.428571	0.0182488
0.0612245	0.469388	0.0172653
0.0612245	0.510204	0.0162136
0.0612245	0.55102	0.0150978
0.0612245	0.591837	0.0139223
0.0612245	0.632653	0.0126919
0.0612245	0.673469	0.0114112
0.0612245	0.714286	0.0100855
0.0612245	0.755102	0.00871996
0.0612245	0.795918	0.00731993
0.0612245	0.836735	0.00589096
0.0612245	0.877551	0.00443872
0.0612245	0.918367	0.00296893
0.0612245	0.959184	0.0014874
0.0612245	1	0
0.102041	-1	0.00147121
0.102041	-0.959184	0.00293662
0.102041	-0.918367	0.00439047
0.102041	-0.877551	0.00582701
0.102041	-0.836735	0.00724058
0.102041	-0.795918	0.00862563
0.102041	-0.755102	0.00997668
0.102041	-0.714286	0.0112884
0.102041	-0.673469	0.0125557
0.102041	-0.632653	0.0137734
0.102041	-0.591837	0.0149369
0.102041	-0.55102	0.0160415
0.102041	-0.510204	0.0170828
0.102041	-0.469388	0.0180568
0.102041	-0.428571	0.0189596
0.102041	-0.387755	0.0197877
0.102041	-0.346939	0.0205377
0.102041	-0.306122	0.0212068
0.102041	-0.265306	0.0217922
0.102041	-0.22449	0.0222916
0.102041	-0.183673	0.0227031
0.102041	-0.142857	0.023025
0.102041	-0.102041	0.0232561
0.102041	-0.0612245	0.0233955
0.102041	-0.0204082	0.0234425
0.102041	0.0204082	0.023397
0.102041	0.0612245	0.0232591
0.102041	0.102041	0.0230295
0.102041	0.142857	0.0227089
0.102041	0.183673	0.0222987
0.102041	0.22449	0.0218004
0.102041	0.265306	0.021216
0.102041	0.306122	0.0205479
0.102041	0.346939	0.0197986
0.102041	0.387755	0.0189711
0.102041	0.428571	0.0180686
0.102041	0.469388	0.0170948
0.102041	0.510204	0.0160535
0.102041	0.55102	0.0149487
0.102041	0.591837	0.0137848
0.102041	0.632653	0.0125665
0.102041	0.673469	0.0112986
0.102041	0.714286	0.00998594
0.102041	0.755102	0.00863386
0.102041	0.795918	0.00724765
0.102041	0.836735	0.0058328
0.102041	0.877551	0.00439489
0.102041	0.918367	0.00293961
0.102041	0.959184	0.00147272
0.102041	1	0
0.142857	-1	0.00145073
0.142857	-0.959184	0.00289575
0.142857	-0.918367	0.00432935
0.142857	-0.877551	0.00574589
0.142857	-0.836735	0.00713979
0.142857	-0.795918	0.00850556
0.142857	-0.755102	0.0098378
0.142857	-0.714286	0.0111313
0.142857	-0.673469	0.0123809
0.142857	-0.632653	0.0135817
0.142857	-0.591837	0.014729
0.142857	-0.55102	0.0158182
0.142857	-0.510204	0.016845
0.142857	-0.469388	0.0178055
0.142857	-0.428571	0.0186957
0.142857	-0.387755	0.0195122
0.142857	-0.346939	0.0202518
0.142857	-0.306122	0.0209116
0.142857	-0.265306	0.0214888
0.142857	-0.22449	0.0219813
0.142857	-0.183673	0.0223871
0.142857	-0.142857	0.0227045
0.142857	-0.102041	0.0229324
0.142857	-0.0612245	0.0230698
0.142857	-0.0204082	0.0231162
0.142857	0.0204082	0.0230713
0.142857	0.0612245	0.0229354
0.142857	0.102041	0.0227089
0.142857	0.142857	0.0223928
0.142857	0.183673	0.0219883
0.142857	0.22449	0.0214969
0.142857	0.265306	0.0209207
0.142857	0.306122	0.0202618
0.142857	0.346939	0.019523
0.142857	0.387755	0.018707
0.142857	0.428571	0.0178171
0.142857	0.469388	0.0168569
0.142857	0.510204	0.01583
0.142857	0.55102	0.0147406
0.142857	0.591837	0.013593
0.142857	0.632653	0.0123916
0.142857	0.673469	0.0111413
0.142857	0.714286	0.00984693
0.142857	0.755102	0.00851367
0.142857	0.795918	0.00714676
0.142857	0.836735	0.0057516
0.142857	0.877551	0.00433371
0.142857	0.918367	0.00289869
0.142857	0.959184	0.00145222
0.142857	1	0
0.183673	-1	0.00142452
0.183673	-0.959184	0.00284343
0.183673	-0.918367	0.00425114
0.183673	-0.877551	0.00564209
0.183673	-0.836735	0.00701081
0.183673	-0.795918	0.00835191
0.183673	-0.755102	0.00966009
0.183673	-0.714286	0.0109302
0.183673	-0.673469	0.0121572
0.183673	-0.632653	0.0133363
0.183673	-0.591837	0.0144629
0.183673	-0.55102	0.0155324
0.183673	-0.510204	0.0165407
0.183673	-0.469388	0.0174838
0.183673	-0.428571	0.018358
0.183673	-0.387755	0.0191598
0.183673	-0.346939	0.019886
0.183673	-0.306122	0.0205338
0.183673	-0.265306	0.0211006
0.183673	-0.22449	0.0215842
0.183673	-0.183673	0.0219826
0.183673	-0.142857	0.0222944
0.183673	-0.102041	0.0225181
0.183673	-0.0612245	0.0226531
0.183673	-0.0204082	0.0226986
0.183673	0.0204082	0.0226545
0.183673	0.0612245	0.022521
0.183673	0.102041	0.0222987
0.183673	0.142857	0.0219883
0.183673	0.183673	0.021591
0.183673	0.22449	0.0211086
0.183673	0.265306	0.0205428
0.183673	0.306122	0.0198958
0.183673	0.346939	0.0191703
0.183673	0.387755	0.0183691
0.183673	0.428571	0.0174953
0.183673	0.469388	0.0165523
0.183673	0.510204	0.015544
0.183673	0.55102	0.0144743
0.183673	0.591837	0.0133474
0.183673	0.632653	0.0121678
0.183673	0.673469	0.01094
0.183673	0.714286	0.00966905
0.183673	0.755102	0.00835987
0.183673	0.795918	0.00701765
0.183673	0.836735	0.0056477
0.183673	0.877551	0.00425542
0.183673	0.918367	0.00284633
0.183673	0.959184	0.00142598
0.183673	1	0
0.22449	-1	0.00139269
0.22449	-0.959184	0.0027799
0.22449	-0.918367	0.00415615
0.22449	-0.877551	0.00551602
0.22449	-0.836735	0.00685415
0.22449	-0.795918	0.00816528
0.22449	-0.755102	0.00944423
0.22449	-0.714286	0.010686
0.22449	-0.673469	0.0118856
0.22449	-0.632653	0.0130383
0.22449	-0.591837	0.0141397
0.22449	-0.55102	0.0151853
0.22449	-0.510204	0.0161711
0.22449	-0.469388	0.0170931
0.22449	-0.428571	0.0179478
0.22449	-0.387755	0.0187316
0.22449	-0.346939	0.0194416
0.22449	-0.306122	0.020075
0.22449	-0.265306	0.0206291
0.22449	-0.22449	0.0211019
0.22449	-0.183673	0.0214914
0.22449	-0.142857	0.0217962
0.22449	-0.102041	0.022015
0.22449	-0.0612245	0.0221469
0.22449	-0.0204082	0.0221914
0.22449	0.0204082	0.0221483
0.22449	0.0612245	0.0220178
0.22449	0.102041	0.0218004
0.22449	0.142857	0.0214969
0.22449	0.183673	0.0211086
0.22449	0.22449	0.0206369
0.22449	0.265306	0.0200837
0.22449	0.306122	0.0194512
0.22449	0.346939	0.0187419
0.22449	0.387755	0.0179586
0.22449	0.428571	0.0171043
0.22449	0.469388	0.0161825
0.22449	0.510204	0.0151967
0.22449	0.55102	0.0141509
0.22449	0.591837	0.0130491
0.22449	0.632653	0.0118959
0.22449	0.673469	0.0106956
0.22449	0.714286	0.00945299
0.22449	0.755102	0.00817307
0.22449	0.795918	0.00686084
0.22449	0.836735	0.0055215
0.22449	0.877551	0.00416033
0.22449	0.918367	0.00278272
0.22449	0.959184	0.00139412
0.22449	1	0
0.265306	-1	0.00135536
0.265306	-0.959184	0.00270538
0.265306	-0.918367	0.00404474
0.265306	-0.877551	0.00536816
0.265306	-0.836735	0.00667043
0.265306	-0.795918	0.00794641
0.265306	-0.755102	0.00919107
0.265306	-0.714286	0.0103995
0.265306	-0.673469	0.011567
0.265306	-0.632653	0.0126888
0.265306	-0.591837	0.0137607
0.265306	-0.55102	0.0147783
0.265306	-0.510204	0.0157376
0.265306	-0.469388	0.016635
0.265306	-0.428571	0.0174667
0.265306	-0.387755	0.0182295
0.265306	-0.346939	0.0189205
0.265306	-0.306122	0.0195368
0.265306	-0.265306	0.0200761
0.265306	-0.22449	0.0205363
0.265306	-0.183673	0.0209154
0.265306	-0.142857	0.0212119
0.265306	-0.102041	0.0214248
0.265306	-0.0612245	0.0215532
0.265306	-0.0204082	0.0215965
0.265306	0.0204082	0.0215546
0.265306	0.0612245	0.0214276
0.265306	0.102041	0.021216
0.265306	0.142857	0.0209207
0.265306	0.183673	0.0205428
0.265306	0.22449	0.0200837
0.265306	0.265306	0.0195454
0.265306	0.306122	0.0189298
0.265306	0.346939	0.0182395
0.265306	0.387755	0.0174772
0.265306	0.428571	0.0166458
0.265306	0.469388	0.0157487
0.265306	0.510204	0.0147893
0.265306	0.55102	0.0137716
0.265306	0.591837	0.0126994
0.265306	0.632653	0.011577
0.265306	0.673469	0.0104089
0.265306	0.714286	0.0091996
0.265306	0.755102	0.00795399
0.265306	0.795918	0.00667693
0.265306	0.836735	0.00537349
0.265306	0.877551	0.00404882
0.265306	0.918367	0.00270813
0.265306	0.959184	0.00135675
0.265306	1	0
0.306122	-1	0.00131268
0.306122	-0.959184	0.00262018
0.306122	-0.918367	0.00391736
0.306122	-0.877551	0.0051991
0.306122	-0.836735	0.00646036
0.306122	-0.795918	0.00769616
0.306122	-0.755102	0.00890162
0.306122	-0.714286	0.010072
0.306122	-0.673469	0.0112027
0.306122	-0.632653	0.0122892
0.306122	-0.591837	0.0133273
0.306122	-0.55102	0.0143129
0.306122	-0.510204	0.015242
0.306122	-0.469388	0.0161111
0.306122	-0.428571	0.0169166
0.306122	-0.387755	0.0176554
0.306122	-0.346939	0.0183246
0.306122	-0.306122	0.0189216
0.306122	-0.265306	0.0194439
0.306122	-0.22449	0.0198895
0.306122	-0.183673	0.0202567
0.306122	-0.142857	0.0205439
0.306122	-0.102041	0.0207501
0.306122	-0.0612245	0.0208744
0.306122	-0.0204082	0.0209164
0.306122	0.0204082	0.0208758
0.306122	0.0612245	0.0207528
0.306122	0.102041	0.0205479
0.306122	0.142857	0.0202618
0.306122	0.183673	0.0198958
0.306122	0.22449	0.0194512
0.306122	0.265306	0.0189298
0.306122	0.306122	0.0183337
0.306122	0.346939	0.0176651
0.306122	0.387755	0.0169268
0.306122	0.428571	0.0161216
0.306122	0.469388	0.0152527
0.306122	0.510204	0.0143236
0.306122	0.55102	0.0133379
0.306122	0.591837	0.0122994
0.306122	0.632653	0.0112124
0.306122	0.673469	0.0100811
0.306122	0.714286	0.00890988
0.306122	0.755102	0.00770349
0.306122	0.795918	0.00646666
0.306122	0.836735	0.00520427
0.306122	0.877551	0.00392131
0.306122	0.918367	0.00262285
0.306122	0.959184	0.00131402
0.306122	1	0
0.346939	-1	0.00126481
0.346939	-0.959184	0.00252463
0.346939	-0.918367	0.00377451
0.346939	-0.877551	0.00500951
0.346939	-0.836735	0.00622478
0.346939	-0.795918	0.00741551
0.346939	-0.755102	0.00857702
0.346939	-0.714286	0.00970472
0.346939	-0.673469	0.0107942
0.346939	-0.632653	0.0118411
0.346939	-0.591837	0.0128413
0.346939	-0.55102	0.013791
0.346939	-0.510204	0.0146862
0.346939	-0.469388	0.0155236
0.346939	-0.428571	0.0162997
0.346939	-0.387755	0.0170116
0.346939	-0.346939	0.0176564
0.346939	-0.306122	0.0182316
0.346939	-0.265306	0.0187348
0.346939	-0.22449	0.0191642
0.346939	-0.183673	0.019518
0.346939	-0.142857	0.0197948
0.346939	-0.102041	0.0199934
0.346939	-0.0612245	0.0201132
0.346939	-0.0204082	0.0201536
0.346939	0.0204082	0.0201145
0.346939	0.0612245	0.019996
0.346939	0.102041	0.0197986
0.346939	0.142857	0.019523
0.346939	0.183673	0.0191703
0.346939	0.22449	0.0187419
0.346939	0.265306	0.0182395
0.346939	0.306122	0.0176651
0.346939	0.346939	0.017021
0.346939	0.387755	0.0163095
0.346939	0.428571	0.0155337
0.346939	0.469388	0.0146965
0.346939	0.510204	0.0138013
0.346939	0.55102	0.0128515
0.346939	0.591837	0.0118509
0.346939	0.632653	0.0108035
0.346939	0.673469	0.00971344
0.346939	0.714286	0.00858498
0.346939	0.755102	0.00742258
0.346939	0.795918	0.00623085
0.346939	0.836735	0.00501449
0.346939	0.877551	0.00377831
0.346939	0.918367	0.0025272
0.346939	0.959184	0.0012661
0.346939	1	0
0.387755	-1	0.00121194
0.387755	-0.959184	0.00241911
0.387755	-0.918367	0.00361675
0.387755	-0.877551	0.00480014
0.387755	-0.836735	0.00596461
0.387755	-0.795918	0.00710557
0.387755	-0.755102	0.00821853
0.387755	-0.714286	0.0092991
0.387755	-0.673469	0.010343
0.387755	-0.632653	0.0113462
0.387755	-0.591837	0.0123046
0.387755	-0.55102	0.0132145
0.387755	-0.510204	0.0140724
0.387755	-0.469388	0.0148747
0.387755	-0.428571	0.0156185
0.387755	-0.387755	0.0163006
0.387755	-0.346939	0.0169184
0.387755	-0.306122	0.0174696
0.387755	-0.265306	0.0179518
0.387755	-0.22449	0.0183632
0.387755	-0.183673	0.0187022
0.387755	-0.142857	0.0189674
0.387755	-0.102041	0.0191578
0.387755	-0.0612245	0.0192726
0.387755	-0.0204082	0.0193113
0.387755	0.0204082	0.0192738
0.387755	0.0612245	0.0191603
0.387755	0.102041	0.0189711
0.387755	0.142857	0.018707
0.387755	0.183673	0.0183691
0.387755	0.22449	0.0179586
0.387755	0.265306	0.0174772
0.387755	0.306122	0.0169268
0.387755	0.346939	0.0163095
0.387755	0.387755	0.0156279
0.387755	0.428571	0.0148845
0.387755	0.469388	0.0140823
0.387755	0.510204	0.0132244
0.387755	0.55102	0.0123143
0.387755	0.591837	0.0113556
0.387755	0.632653	0.010352
0.387755	0.673469	0.00930746
0.387755	0.714286	0.00822616
0.387755	0.755102	0.00711235
0.387755	0.795918	0.00597042
0.387755	0.836735	0.0048049
0.387755	0.877551	0.0036204
0.387755	0.918367	0.00242158
0.387755	0.959184	0.00121319
0.387755	1	0
0.428571	-1	0.00115429
0.428571	-0.959184	0.00230404
0.428571	-0.918367	0.00344471
0.428571	-0.877551	0.0045718
0.428571	-0.836735	0.00568087
0.428571	-0.795918	0.00676756
0.428571	-0.755102	0.00782758
0.428571	-0.714286	0.00885675
0.428571	-0.673469	0.00985102
0.428571	-0.632653	0.0108065
0.428571	-0.591837	0.0117193
0.428571	-0.55102	0.0125859
0.428571	-0.510204	0.013403
0.428571	-0.469388	0.0141672
0.428571	-0.428571	0.0148755
0.428571	-0.387755	0.0155252
0.428571	-0.346939	0.0161136
0.428571	-0.306122	0.0166386
0.428571	-0.265306	0.0170979
0.428571	-0.22449	0.0174897
0.428571	-0.183673	0.0178126
0.428571	-0.142857	0.0180652
0.428571	-0.102041	0.0182465
0.428571	-0.0612245	0.0183558
0.428571	-0.0204082	0.0183927
0.428571	0.0204082	0.018357
0.428571	0.0612245	0.0182488
0.428571	0.102041	0.0180686
0.428571	0.142857	0.0178171
0.428571	0.183673	0.0174953
0.428571	0.22449	0.0171043
0.428571	0.265306	0.0166458
0.428571	0.306122	0.0161216
0.428571	0.346939	0.0155337
0.428571	0.387755	0.0148845
0.428571	0.428571	0.0141764
0.428571	0.469388	0.0134124
0.428571	0.510204	0.0125954
0.428571	0.55102	0.0117286
0.428571	0.591837	0.0108154
0.428571	0.632653	0.00985955
0.428571	0.673469	0.00886471
0.428571	0.714286	0.00783485
0.428571	0.755102	0.00677402
0.428571	0.795918	0.00568642
0.428571	0.836735	0.00457634
0.428571	0.877551	0.00344818
0.428571	0.918367	0.00230638
0.428571	0.959184	0.00115548
0.428571	1	0
0.469388	-1	0.00109208
0.469388	-0.959184	0.00217986
0.469388	-0.918367	0.00325905
0.469388	-0.877551	0.0043254
0.469388	-0.836735	0.0053747
0.469388	-0.795918	0.00640282
0.469388	-0.755102	0.00740571
0.469388	-0.714286	0.00837942
0.469388	-0.673469	0.00932009
0.469388	-0.632653	0.010224
0.469388	-0.591837	0.0110877
0.469388	-0.55102	0.0119076
0.469388	-0.510204	0.0126806
0.469388	-0.469388	0.0134036
0.469388	-0.428571	0.0140738
0.469388	-0.387755	0.0146885
0.469388	-0.346939	0.0152452
0.469388	-0.306122	0.0157418
0.469388	-0.265306	0.0161764
0.469388	-0.22449	0.0165471
0.469388	-0.183673	0.0168526
0.469388	-0.142857	0.0170915
0.469388	-0.102041	0.0172631
0.469388	-0.0612245	0.0173665
0.469388	-0.0204082	0.0174014
0.469388	0.0204082	0.0173676
0.469388	0.0612245	0.0172653
0.469388	0.102041	0.0170948
0.469388	0.142857	0.0168569
0.469388	0.183673	0.0165523
0.469388	0.22449	0.0161825
0.469388	0.265306	0.0157487
0.469388	0.306122	0.0152527
0.469388	0.346939	0.0146965
0.469388	0.387755	0.0140823
0.469388	0.428571	0.0134124
0.469388	0.469388	0.0126895
0.469388	0.510204	0.0119165
0.469388	0.55102	0.0110964
0.469388	0.591837	0.0102325
0.469388	0.632653	0.00932817
0.469388	0.673469	0.00838695
0.469388	0.714286	0.00741259
0.469388	0.755102	0.00640893
0.469388	0.795918	0.00537994
0.469388	0.836735	0.0043297
0.469388	0.877551	0.00326234
0.469388	0.918367	0.00218208
0.469388	0.959184	0.0010932
0.469388	1	0
0.510204	-1	0.00102556
0.510204	-0.959184	0.00204707
0.510204	-0.918367	0.00306052
0.510204	-0.877551	0.00406191
0.510204	-0.836735	0.0050473
0.510204	-0.795918	0.00601279
0.510204	-0.755102	0.00695458
0.510204	-0.714286	0.00786897
0.510204	-0.673469	0.00875235
0.510204	-0.632653	0.00960123
0.510204	-0.591837	0.0104123
0.510204	-0.55102	0.0111823
0.510204	-0.510204	0.0119082
0.510204	-0.469388	0.0125871
0.510204	-0.428571	0.0132165
0.510204	-0.387755	0.0137937
0.510204	-0.346939	0.0143165
0.510204	-0.306122	0.0147829
0.510204	-0.265306	0.015191
0.510204	-0.22449	0.0155391
0.510204	-0.183673	0.015826
0.510204	-0.142857	0.0160504
0.510204	-0.102041	0.0162115
0.510204	-0.0612245	0.0163086
0.510204	-0.0204082	0.0163414
0.510204	0.0204082	0.0163097
0.510204	0.0612245	0.0162136
0.510204	0.102041	0.0160535
0.510204	0.142857	0.01583
0.510204	0.183673	0.015544
0.510204	0.22449	0.0151967
0.510204	0.265306	0.0147893
0.510204	0.306122	0.0143236
0.510204	0.346939	0.0138013
0.510204	0.387755	0.0132244
0.510204	0.428571	0.0125954
0.510204	0.469388	0.0119165
0.510204	0.510204	0.0111906
0.510204	0.55102	0.0104205
0.510204	0.591837	0.00960919
0.510204	0.632653	0.00875993
0.510204	0.673469	0.00787605
0.510204	0.714286	0.00696104
0.510204	0.755102	0.00601852
0.510204	0.795918	0.00505222
0.510204	0.836735	0.00406595
0.510204	0.877551	0.00306361
0.510204	0.918367	0.00204916
0.510204	0.959184	0.00102661
0.510204	1	0
0.55102	-1	0.00095498
0.55102	-0.959184	0.0019062
0.55102	-0.918367	0.0028499
0.55102	-0.877551	0.00378238
0.55102	-0.836735	0.00469995
0.55102	-0.795918	0.005599
0.55102	-0.755102	0.00647598
0.55102	-0.714286	0.00732744
0.55102	-0.673469	0.00815002
0.55102	-0.632653	0.00894049
0.55102	-0.591837	0.00969571
0.55102	-0.55102	0.0104127
0.55102	-0.510204	0.0110887
0.55102	-0.469388	0.0117209
0.55102	-0.428571	0.0123069
0.55102	-0.387755	0.0128444
0.55102	-0.346939	0.0133313
0.55102	-0.306122	0.0137656
0.55102	-0.265306	0.0141455
0.55102	-0.22449	0.0144697
0.55102	-0.183673	0.0147368
0.55102	-0.142857	0.0149458
0.55102	-0.102041	0.0150958
0.55102	-0.0612245	0.0151863
0.55102	-0.0204082	0.0152168
0.55102	0.0204082	0.0151872
0.55102	0.0612245	0.0150978
0.55102	0.102041	0.0149487
0.55102	0.142857	0.0147406
0.55102	0.183673	0.0144743
0.55102	0.22449	0.0141509
0.55102	0.265306	0.0137716
0.55102	0.306122	0.0133379
0.55102	0.346939	0.0128515
0.55102	0.387755	0.0123143
0.55102	0.428571	0.0117286
0.55102	0.469388	0.0110964
0.55102	0.510204	0.0104205
0.55102	0.55102	0.00970337
0.55102	0.591837	0.0089479
0.55102	0.632653	0.00815708
0.55102	0.673469	0.00733403
0.55102	0.714286	0.00648199
0.55102	0.755102	0.00560434
0.55102	0.795918	0.00470453
0.55102	0.836735	0.00378613
0.55102	0.877551	0.00285277
0.55102	0.918367	0.00190814
0.55102	0.959184	0.000955957
0.55102	1	0
0.591837	-1	0.000880629
0.591837	-0.959184	0.00175779
0.591837	-0.918367	0.00262802
0.591837	-0.877551	0.0034879
0.591837	-0.836735	0.00433403
0.591837	-0.795918	0.00516308
0.591837	-0.755102	0.00597179
0.591837	-0.714286	0.00675696
0.591837	-0.673469	0.0075155
0.591837	-0.632653	0.00824442
0.591837	-0.591837	0.00894084
0.591837	-0.55102	0.00960202
0.591837	-0.510204	0.0102253
0.591837	-0.469388	0.0108084
0.591837	-0.428571	0.0113488
0.591837	-0.387755	0.0118444
0.591837	-0.346939	0.0122934
0.591837	-0.306122	0.0126938
0.591837	-0.265306	0.0130442
0.591837	-0.22449	0.0133432
0.591837	-0.183673	0.0135895
0.591837	-0.142857	0.0137822
0.591837	-0.102041	0.0139205
0.591837	-0.0612245	0.0140039
0.591837	-0.0204082	0.0140321
0.591837	0.0204082	0.0140048
0.591837	0.0612245	0.0139223
0.591837	0.102041	0.0137848
0.591837	0.142857	0.013593
0.591837	0.183673	0.0133474
0.591837	0.22449	0.0130491
0.591837	0.265306	0.0126994
0.591837	0.306122	0.0122994
0.591837	0.346939	0.0118509
0.591837	0.387755	0.0113556
0.591837	0.428571	0.0108154
0.591837	0.469388	0.0102325
0.591837	0.510204	0.00960919
0.591837	0.55102	0.0089479
0.591837	0.591837	0.00825126
0.591837	0.632653	0.00752201
0.591837	0.673469	0.00676303
0.591837	0.714286	0.00597733
0.591837	0.755102	0.005168
0.591837	0.795918	0.00433826
0.591837	0.836735	0.00349136
0.591837	0.877551	0.00263067
0.591837	0.918367	0.00175958
0.591837	0.959184	0.00088153
0.591837	1	0
0.632653	-1	0.000802798
0.632653	-0.959184	0.00160243
0.632653	-0.918367	0.00239575
0.632653	-0.877551	0.00317963
0.632653	-0.836735	0.00395098
0.632653	-0.795918	0.00470677
0.632653	-0.755102	0.005444
0.632653	-0.714286	0.00615977
0.632653	-0.673469	0.00685127
0.632653	-0.632653	0.00751577
0.632653	-0.591837	0.00815064
0.632653	-0.55102	0.00875338
0.632653	-0.510204	0.00932162
0.632653	-0.469388	0.00985311
0.632653	-0.428571	0.0103457
0.632653	-0.387755	0.0107976
0.632653	-0.346939	0.0112069
0.632653	-0.306122	0.0115719
0.632653	-0.265306	0.0118914
0.632653	-0.22449	0.0121639
0.632653	-0.183673	0.0123884
0.632653	-0.142857	0.0125641
0.632653	-0.102041	0.0126902
0.632653	-0.0612245	0.0127663
0.632653	-0.0204082	0.0127919
0.632653	0.0204082	0.0127671
0.632653	0.0612245	0.0126919
0.632653	0.102041	0.0125665
0.632653	0.142857	0.0123916
0.632653	0.183673	0.0121678
0.632653	0.22449	0.0118959
0.632653	0.265306	0.011577
0.632653	0.306122	0.0112124
0.632653	0.346939	0.0108035
0.632653	0.387755	0.010352
0.632653	0.428571	0.00985955
0.632653	0.469388	0.00932817
0.632653	0.510204	0.00875993
0.632653	0.55102	0.00815708
0.632653	0.591837	0.00752201
0.632653	0.632653	0.00685721
0.632653	0.673469	0.00616531
0.632653	0.714286	0.00544905
0.632653	0.755102	0.00471125
0.632653	0.795918	0.00395484
0.632653	0.836735	0.00318279
0.632653	0.877551	0.00239817
0.632653	0.918367	0.00160406
0.632653	0.959184	0.00080362
0.632653	1	0
0.673469	-1	0.000721796
0.673469	-0.959184	0.00144075
0.673469	-0.918367	0.00215402
0.673469	-0.877551	0.00285881
0.673469	-0.836735	0.00355233
0.673469	-0.795918	0.00423185
0.673469	-0.755102	0.00489469
0.673469	-0.714286	0.00553825
0.673469	-0.673469	0.00615998
0.673469	-0.632653	0.00675742
0.673469	-0.591837	0.00732824
0.673469	-0.55102	0.00787016
0.673469	-0.510204	0.00838106
0.673469	-0.469388	0.00885892
0.673469	-0.428571	0.00930186
0.673469	-0.387755	0.00970811
0.673469	-0.346939	0.0100761
0.673469	-0.306122	0.0104043
0.673469	-0.265306	0.0106915
0.673469	-0.22449	0.0109366
0.673469	-0.183673	0.0111384
0.673469	-0.142857	0.0112964
0.673469	-0.102041	0.0114098
0.673469	-0.0612245	0.0114781
0.673469	-0.0204082	0.0115012
0.673469	0.0204082	0.0114789
0.673469	0.0612245	0.0114112
0.673469	0.102041	0.0112986
0.673469	0.142857	0.0111413
0.673469	0.183673	0.01094
0.673469	0.22449	0.0106956
0.673469	0.265306	0.0104089
0.673469	0.306122	0.0100811
0.673469	0.346939	0.00971344
0.673469	0.387755	0.00930746
0.673469	0.428571	0.00886471
0.673469	0.469388	0.00838695
0.673469	0.510204	0.00787605
0.673469	0.55102	0.00733403
0.673469	0.591837	0.00676303
0.673469	0.632653	0.00616531
0.673469	0.673469	0.00554323
0.673469	0.714286	0.00489924
0.673469	0.755102	0.00423589
0.673469	0.795918	0.00355579
0.673469	0.836735	0.00286165
0.673469	0.877551	0.00215619
0.673469	0.918367	0.00144221
0.673469	0.959184	0.000722534
0.673469	1	0
0.714286	-1	0.00063794
0.714286	-0.959184	0.00127337
0.714286	-0.918367	0.00190378
0.714286	-0.877551	0.00252668
0.714286	-0.836735	0.00313963
0.714286	-0.795918	0.00374021
0.714286	-0.755102	0.00432605
0.714286	-0.714286	0.00489484
0.714286	-0.673469	0.00544433
0.714286	-0.632653	0.00597237
0.714286	-0.591837	0.00647687
0.714286	-0.55102	0.00695584
0.714286	-0.510204	0.00740739
0.714286	-0.469388	0.00782973
0.714286	-0.428571	0.0082212
0.714286	-0.387755	0.00858026
0.714286	-0.346939	0.00890548
0.714286	-0.306122	0.00919559
0.714286	-0.265306	0.00944942
0.714286	-0.22449	0.00966599
0.714286	-0.183673	0.00984442
0.714286	-0.142857	0.00998402
0.714286	-0.102041	0.0100842
0.714286	-0.0612245	0.0101446
0.714286	-0.0204082	0.010165
0.714286	0.0204082	0.0101453
0.714286	0.0612245	0.0100855
0.714286	0.102041	0.00998594
0.714286	0.142857	0.00984693
0.714286	0.183673	0.00966905
0.714286	0.22449	0.00945299
0.714286	0.265306	0.0091996
0.714286	0.306122	0.00890988
0.714286	0.346939	0.00858498
0.714286	0.387755	0.00822616
0.714286	0.428571	0.00783485
0.714286	0.469388	0.00741259
0.714286	0.510204	0.00696104
0.714286	0.55102	0.00648199
0.714286	0.591837	0.00597733
0.714286	0.632653	0.00544905
0.714286	0.673469	0.00489924
0.714286	0.714286	0.00433006
0.714286	0.755102	0.00374378
0.714286	0.795918	0.0031427
0.714286	0.836735	0.00252919
0.714286	0.877551	0.00190569
0.714286	0.918367	0.00127466
0.714286	0.959184	0.000638593
0.714286	1	0
0.755102	-1	0.000551564
0.755102	-0.959184	0.00110095
0.755102	-0.918367	0.00164601
0.755102	-0.877551	0.00218457
0.755102	-0.836735	0.00271453
0.755102	-0.795918	0.00323379
0.755102	-0.755102	0.00374031
0.755102	-0.714286	0.00423208
0.755102	-0.673469	0.00470718
0.755102	-0.632653	0.00516372
0.755102	-0.591837	0.00559991
0.755102	-0.55102	0.00601403
0.755102	-0.510204	0.00640443
0.755102	-0.469388	0.00676959
0.755102	-0.428571	0.00710806
0.755102	-0.387755	0.0074185
0.755102	-0.346939	0.00769969
0.755102	-0.306122	0.00795052
0.755102	-0.265306	0.00816998
0.755102	-0.22449	0.00835722
0.755102	-0.183673	0.0085115
0.755102	-0.142857	0.0086322
0.755102	-0.102041	0.00871884
0.755102	-0.0612245	0.00877107
0.755102	-0.0204082	0.0087887
0.755102	0.0204082	0.00877164
0.755102	0.0612245	0.00871996
0.755102	0.102041	0.00863386
0.755102	0.142857	0.00851367
0.755102	0.183673	0.00835987
0.755102	0.22449	0.00817307
0.755102	0.265306	0.00795399
0.755102	0.306122	0.00770349
0.755102	0.346939	0.00742258
0.755102	0.387755	0.00711235
0.755102	0.428571	0.00677402
0.755102	0.469388	0.00640893
0.755102	0.510204	0.00601852
0.755102	0.55102	0.00560434
0.755102	0.591837	0.005168
0.755102	0.632653	0.00471125
0.755102	0.673469	0.00423589
0.755102	0.714286	0.00374378
0.755102	0.755102	0.00323687
0.755102	0.795918	0.00271718
0.755102	0.836735	0.00218674
0.755102	0.877551	0.00164766
0.755102	0.918367	0.00110207
0.755102	0.959184	0.000552128
0.755102	1	0
0.795918	-1	0.000463008
0.795918	-0.959184	0.000924191
0.795918	-0.918367	0.00138173
0.795918	-0.877551	0.00183383
0.795918	-0.836735	0.0022787
0.795918	-0.795918	0.00271459
0.795918	-0.755102	0.00313978
0.795918	-0.714286	0.0035526
0.795918	-0.673469	0.00395142
0.795918	-0.632653	0.00433466
0.795918	-0.591837	0.00470082
0.795918	-0.55102	0.00504844
0.795918	-0.510204	0.00537617
0.795918	-0.469388	0.0056827
0.795918	-0.428571	0.00596683
0.795918	-0.387755	0.00622743
0.795918	-0.346939	0.00646347
0.795918	-0.306122	0.00667402
0.795918	-0.265306	0.00685825
0.795918	-0.22449	0.00701543
0.795918	-0.183673	0.00714494
0.795918	-0.142857	0.00724626
0.795918	-0.102041	0.00731899
0.795918	-0.0612245	0.00736284
0.795918	-0.0204082	0.00737763
0.795918	0.0204082	0.00736331
0.795918	0.0612245	0.00731993
0.795918	0.102041	0.00724765
0.795918	0.142857	0.00714676
0.795918	0.183673	0.00701765
0.795918	0.22449	0.00686084
0.795918	0.265306	0.00667693
0.795918	0.306122	0.00646666
0.795918	0.346939	0.00623085
0.795918	0.387755	0.00597042
0.795918	0.428571	0.00568642
0.795918	0.469388	0.00537994
0.795918	0.510204	0.00505222
0.795918	0.55102	0.00470453
0.795918	0.591837	0.00433826
0.795918	0.632653	0.00395484
0.795918	0.673469	0.00355579
0.795918	0.714286	0.0031427
0.795918	0.755102	0.00271718
0.795918	0.795918	0.00228092
0.795918	0.836735	0.00183565
0.795918	0.877551	0.00138312
0.795918	0.918367	0.000925131
0.795918	0.959184	0.000463482
0.795918	1	0
0.836735	-1	0.000372621
0.836735	-0.959184	0.000743774
0.836735	-0.918367	0.001112
0.836735	-0.877551	0.00147584
0.836735	-0.836735	0.00183386
0.836735	-0.795918	0.00218466
0.836735	-0.755102	0.00252685
0.836735	-0.714286	0.00285908
0.836735	-0.673469	0.00318004
0.836735	-0.632653	0.00348847
0.836735	-0.591837	0.00378314
0.836735	-0.55102	0.00406291
0.836735	-0.510204	0.00432666
0.836735	-0.469388	0.00457335
0.836735	-0.428571	0.00480201
0.836735	-0.387755	0.00501174
0.836735	-0.346939	0.0052017
0.836735	-0.306122	0.00537115
0.836735	-0.265306	0.00551941
0.836735	-0.22449	0.00564591
0.836735	-0.183673	0.00575013
0.836735	-0.142857	0.00583167
0.836735	-0.102041	0.00589021
0.836735	-0.0612245	0.0059255
0.836735	-0.0204082	0.0059374
0.836735	0.0204082	0.00592588
0.836735	0.0612245	0.00589096
0.836735	0.102041	0.0058328
0.836735	0.142857	0.0057516
0.836735	0.183673	0.0056477
0.836735	0.22449	0.0055215
0.836735	0.265306	0.00537349
0.836735	0.306122	0.00520427
0.836735	0.346939	0.00501449
0.836735	0.387755	0.0048049
0.836735	0.428571	0.00457634
0.836735	0.469388	0.0043297
0.836735	0.510204	0.00406595
0.836735	0.55102	0.00378613
0.836735	0.591837	0.00349136
0.836735	0.632653	0.00318279
0.836735	0.673469	0.00286165
0.836735	0.714286	0.00252919
0.836735	0.755102	0.00218674
0.836735	0.795918	0.00183565
0.836735	0.836735	0.0014773
0.836735	0.877551	0.00111312
0.836735	0.918367	0.000744531
0.836735	0.959184	0.000373003
0.836735	1	0
0.877551	-1	0.000280762
0.877551	-0.959184	0.000560418
0.877551	-0.918367	0.000837866
0.877551	-0.877551	0.00111201
0.877551	-0.836735	0.00138178
0.877551	-0.795918	0.0016461
0.877551	-0.755102	0.00190393
0.877551	-0.714286	0.00215426
0.877551	-0.673469	0.00239609
0.877551	-0.632653	0.00262849
0.877551	-0.591837	0.00285052
0.877551	-0.55102	0.00306132
0.877551	-0.510204	0.00326005
0.877551	-0.469388	0.00344592
0.877551	-0.428571	0.00361821
0.877551	-0.387755	0.00377624
0.877551	-0.346939	0.00391937
0.877551	-0.306122	0.00404705
0.877551	-0.265306	0.00415876
0.877551	-0.22449	0.00425408
0.877551	-0.183673	0.00433261
0.877551	-0.142857	0.00439404
0.877551	-0.102041	0.00443815
0.877551	-0.0612245	0.00446474
0.877551	-0.0204082	0.00447371
0.877551	0.0204082	0.00446502
0.877551	0.0612245	0.00443872
0.877551	0.102041	0.00439489
0.877551	0.142857	0.00433371
0.877551	0.183673	0.00425542
0.877551	0.22449	0.00416033
0.877551	0.265306	0.00404882
0.877551	0.306122	0.00392131
0.877551	0.346939	0.00377831
0.877551	0.387755	0.0036204
0.877551	0.428571	0.00344818
0.877551	0.469388	0.00326234
0.877551	0.510204	0.00306361
0.877551	0.55102	0.00285277
0.877551	0.591837	0.00263067
0.877551	0.632653	0.00239817
0.877551	0.673469	0.00215619
0.877551	0.714286	0.00190569
0.877551	0.755102	0.00164766
0.877551	0.795918	0.00138312
0.877551	0.836735	0.00111312
0.877551	0.877551	0.00083871
0.877551	0.918367	0.000560989
0.877551	0.959184	0.00028105
0.877551	1	0
0.918367	-1	0.000187794
0.918367	-0.959184	0.000374847
0.918367	-0.918367	0.000560424
0.918367	-0.877551	0.000743792
0.918367	-0.836735	0.00092423
0.918367	-0.795918	0.00110102
0.918367	-0.755102	0.00127348
0.918367	-0.714286	0.00144092
0.918367	-0.673469	0.00160268
0.918367	-0.632653	0.00175812
0.918367	-0.591837	0.00190663
0.918367	-0.55102	0.00204763
0.918367	-0.510204	0.00218055
0.918367	-0.469388	0.00230488
0.918367	-0.428571	0.00242012
0.918367	-0.387755	0.00252581
0.918367	-0.346939	0.00262155
0.918367	-0.306122	0.00270695
0.918367	-0.265306	0.00278167
0.918367	-0.22449	0.00284543
0.918367	-0.183673	0.00289795
0.918367	-0.142857	0.00293905
0.918367	-0.102041	0.00296855
0.918367	-0.0612245	0.00298633
0.918367	-0.0204082	0.00299233
0.918367	0.0204082	0.00298652
0.918367	0.0612245	0.00296893
0.918367	0.102041	0.00293961
0.918367	0.142857	0.00289869
0.918367	0.183673	0.00284633
0.918367	0.22449	0.00278272
0.918367	0.265306	0.00270813
0.918367	0.306122	0.00262285
0.918367	0.346939	0.0025272
0.918367	0.387755	0.00242158
0.918367	0.428571	0.00230638
0.918367	0.469388	0.00218208
0.918367	0.510204	0.00204916
0.918367	0.55102	0.00190814
0.918367	0.591837	0.00175958
0.918367	0.632653	0.00160406
0.918367	0.673469	0.00144221
0.918367	0.714286	0.00127466
0.918367	0.755102	0.00110207
0.918367	0.795918	0.000925131
0.918367	0.836735	0.000744531
0.918367	0.877551	0.000560989
0.918367	0.918367	0.000375229
0.918367	0.959184	0.000187986
0.918367	1	0
0.959184	-1	9.40828e-05
0.959184	-0.959184	0.000187795
0.959184	-0.918367	0.000280767
0.959184	-0.877551	0.000372633
0.959184	-0.836735	0.00046303
0.959184	-0.795918	0.000551602
0.959184	-0.755102	0.000638001
0.959184	-0.714286	0.000721886
0.959184	-0.673469	0.000802925
0.959184	-0.632653	0.0008808
0.959184	-0.591837	0.000955202
0.959184	-0.55102	0.00102584
0.959184	-0.510204	0.00109243
0.959184	-0.469388	0.00115472
0.959184	-0.428571	0.00121245
0.959184	-0.387755	0.00126541
0.959184	-0.346939	0.00131337
0.959184	-0.306122	0.00135616
0.959184	-0.265306	0.00139359
0.959184	-0.22449	0.00142553
0.959184	-0.183673	0.00145185
0.959184	-0.142857	0.00147243
0.959184	-0.102041	0.00148721
0.959184	-0.0612245	0.00149612
0.959184	-0.0204082	0.00149913
0.959184	0.0204082	0.00149622
0.959184	0.0612245	0.0014874
0.959184	0.102041	0.00147272
0.959184	0.142857	0.00145222
0.959184	0.183673	0.00142598
0.959184	0.22449	0.00139412
0.959184	0.265306	0.00135675
0.959184	0.306122	0.00131402
0.959184	0.346939	0.0012661
0.959184	0.387755	0.00121319
0.959184	0.428571	0.00115548
0.959184	0.469388	0.0010932
0.959184	0.510204	0.00102661
0.959184	0.55102	0.000955957
0.959184	0.591837	0.00088153
0.959184	0.632653	0.00080362
0.959184	0.673469	0.000722534
0.959184	0.714286	0.000638593
0.959184	0.755102	0.000552128
0.959184	0.795918	0.000463482
0.959184	0.836735	0.000373003
0.959184	0.877551	0.00028105
0.959184	0.918367	0.000187986
0.959184	0.959184	9.41791e-05
0.959184	1	0
1	-1	0
1	-0.959184	0
1	-0.918367	0
1	-0.877551	0
1	-0.836735	0
1	-0.795918	0
1	-0.755102	0
1	-0.714286	0
1	-0.673469	0
1	-0.632653	0
1	-0.591837	0
1	-0.55102	0
1	-0.510204	0
1	-0.469388	0
1	-0.428571	0
1	-0.387755	0
1	-0.346939	0
1	-0.306122	0
1	-0.265306	0
1	-0.22449	0
1	-0.183673	0
1	-0.142857	0
1	-0.102041	0
1	-0.0612245	0
1	-0.0204082	0
1	0.0204082	0
1	0.0612245	0
1	0.102041	0
1	0.142857	0
1	0.183673	0
1	0.22449	0
1	0.265306	0
1	0.306122	0
1	0.346939	0
1	0.387755	0
1	0.428571	0
1	0.469388	0
1	0.510204	0
1	0.55102	0
1	0.591837	0
1	0.632653	0
1	0.673469	0
1	0.714286	0
1	0.755102	0
1	0.795918	0
1	0.836735	0
1	0.877551	0
1	0.918367	0
1	0.959184	0
1	1	0
