-1	-1	2.74369e-05
-1	-0.959184	5.47656e-05
-1	-0.918367	8.18782e-05
-1	-0.877551	0.000108668
-1	-0.836735	0.000135028
-1	-0.795918	0.000160856
-1	-0.755102	0.00018605
-1	-0.714286	0.000210509
-1	-0.673469	0.000234138
-1	-0.632653	0.000256842
-1	-0.591837	0.000278534
-1	-0.55102	0.000299126
-1	-0.510204	0.000318538
-1	-0.469388	0.000336693
-1	-0.428571	0.00035352
-1	-0.387755	0.000368951
-1	-0.346939	0.000382927
-1	-0.306122	0.000395391
-1	-0.265306	0.000406296
-1	-0.22449	0.000415597
-1	-0.183673	0.000423257
-1	-0.142857	0.000429248
-1	-0.102041	0.000433545
-1	-0.0612245	0.00043613
-1	-0.0204082	0.000436995
-1	0.0204082	0.000436135
-1	0.0612245	0.000433554
-1	0.102041	0.000429261
-1	0.142857	0.000423274
-1	0.183673	0.000415617
-1	0.22449	0.00040632
-1	0.265306	0.000395418
-1	0.306122	0.000382957
-1	0.346939	0.000368983
-1	0.387755	0.000353553
-1	0.428571	0.000336728
-1	0.469388	0.000318573
-1	0.510204	0.000299161
-1	0.55102	0.000278568
-1	0.591837	0.000256876
-1	0.632653	0.00023417
-1	0.673469	0.000210539
-1	0.714286	0.000186077
-1	0.755102	0.000160881
-1	0.795918	0.000135049
-1	0.836735	0.000108685
-1	0.877551	8.18912e-05
-1	0.918367	5.47744e-05
-1	0.959184	2.74414e-05
-1	1	0
-0.959184	-1	5.47656e-05
-0.959184	-0.959184	0.000109315
-0.959184	-0.918367	0.000163433
-0.959184	-0.877551	0.000216907
-0.959184	-0.836735	0.000269524
-0.959184	-0.795918	0.000321078
-0.959184	-0.755102	0.000371366
-0.959184	-0.714286	0.000420187
-0.959184	-0.673469	0.000467351
-0.959184	-0.632653	0.000512671
-0.959184	-0.591837	0.000555968
-0.959184	-0.55102	0.000597072
-0.959184	-0.510204	0.000635819
-0.959184	-0.469388	0.000672058
-0.959184	-0.428571	0.000705644
-0.959184	-0.387755	0.000736446
-0.959184	-0.346939	0.000764343
-0.959184	-0.306122	0.000789222
-0.959184	-0.265306	0.000810988
-0.959184	-0.22449	0.000829553
-0.959184	-0.183673	0.000844845
-0.959184	-0.142857	0.000856803
-0.959184	-0.102041	0.000865379
-0.959184	-0.0612245	0.00087054
-0.959184	-0.0204082	0.000872266
-0.959184	0.0204082	0.000870549
-0.959184	0.0612245	0.000865396
-0.959184	0.102041	0.000856829
-0.959184	0.142857	0.000844879
-0.959184	0.183673	0.000829595
-0.959184	0.22449	0.000811036
-0.959184	0.265306	0.000789277
-0.959184	0.306122	0.000764402
-0.959184	0.346939	0.00073651
-0.959184	0.387755	0.000705711
-0.959184	0.428571	0.000672127
-0.959184	0.469388	0.00063589
-0.959184	0.510204	0.000597142
-0.959184	0.55102	0.000556038
-0.959184	0.591837	0.000512738
-0.959184	0.632653	0.000467415
-0.959184	0.673469	0.000420247
-0.959184	0.714286	0.00037142
-0.959184	0.755102	0.000321127
-0.959184	0.795918	0.000269566
-0.959184	0.836735	0.000216941
-0.959184	0.877551	0.000163459
-0.959184	0.918367	0.000109333
-0.959184	0.959184	5.47744e-05
-0.959184	1	0
-0.918367	-1	8.18782e-05
-0.918367	-0.959184	0.000163433
-0.918367	-0.918367	0.000244344
-0.918367	-0.877551	0.00032429
-0.918367	-0.836735	0.000402957
-0.918367	-0.795918	0.000480033
-0.918367	-0.755102	0.000555216
-0.918367	-0.714286	0.000628208
-0.918367	-0.673469	0.000698721
-0.918367	-0.632653	0.000766478
-0.918367	-0.591837	0.00083121
-0.918367	-0.55102	0.000892662
-0.918367	-0.510204	0.000950592
-0.918367	-0.469388	0.00100477
-0.918367	-0.428571	0.00105498
-0.918367	-0.387755	0.00110104
-0.918367	-0.346939	0.00114274
-0.918367	-0.306122	0.00117994
-0.918367	-0.265306	0.00121248
-0.918367	-0.22449	0.00124024
-0.918367	-0.183673	0.0012631
-0.918367	-0.142857	0.00128098
-0.918367	-0.102041	0.0012938
-0.918367	-0.0612245	0.00130151
-0.918367	-0.0204082	0.00130409
-0.918367	0.0204082	0.00130153
-0.918367	0.0612245	0.00129382
-0.918367	0.102041	0.00128102
-0.918367	0.142857	0.00126315
-0.918367	0.183673	0.0012403
-0.918367	0.22449	0.00121255
-0.918367	0.265306	0.00118002
-0.918367	0.306122	0.00114283
-0.918367	0.346939	0.00110113
-0.918367	0.387755	0.00105509
-0.918367	0.428571	0.00100487
-0.918367	0.469388	0.000950697
-0.918367	0.510204	0.000892767
-0.918367	0.55102	0.000831313
-0.918367	0.591837	0.000766578
-0.918367	0.632653	0.000698817
-0.918367	0.673469	0.000628297
-0.918367	0.714286	0.000555297
-0.918367	0.755102	0.000480105
-0.918367	0.795918	0.000403018
-0.918367	0.836735	0.000324341
-0.918367	0.877551	0.000244382
-0.918367	0.918367	0.00016346
-0.918367	0.959184	8.18914e-05
-0.918367	1	0
-0.877551	-1	0.000108668
-0.877551	-0.959184	0.000216907
-0.877551	-0.918367	0.00032429
-0.877551	-0.877551	0.000430393
-0.877551	-0.836735	0.000534799
-0.877551	-0.795918	0.000637094
-0.877551	-0.755102	0.000736876
-0.877551	-0.714286	0.00083375
-0.877551	-0.673469	0.000927334
-0.877551	-0.632653	0.00101726
-0.877551	-0.591837	0.00110317
-0.877551	-0.55102	0.00118473
-0.877551	-0.510204	0.00126161
-0.877551	-0.469388	0.00133352
-0.877551	-0.428571	0.00140016
-0.877551	-0.387755	0.00146128
-0.877551	-0.346939	0.00151663
-0.877551	-0.306122	0.001566
-0.877551	-0.265306	0.00160919
-0.877551	-0.22449	0.00164603
-0.877551	-0.183673	0.00167637
-0.877551	-0.142857	0.0017001
-0.877551	-0.102041	0.00171711
-0.877551	-0.0612245	0.00172735
-0.877551	-0.0204082	0.00173078
-0.877551	0.0204082	0.00172737
-0.877551	0.0612245	0.00171715
-0.877551	0.102041	0.00170015
-0.877551	0.142857	0.00167644
-0.877551	0.183673	0.00164611
-0.877551	0.22449	0.00160929
-0.877551	0.265306	0.00156611
-0.877551	0.306122	0.00151675
-0.877551	0.346939	0.00146141
-0.877551	0.387755	0.0014003
-0.877551	0.428571	0.00133366
-0.877551	0.469388	0.00126175
-0.877551	0.510204	0.00118487
-0.877551	0.55102	0.00110331
-0.877551	0.591837	0.00101739
-0.877551	0.632653	0.000927461
-0.877551	0.673469	0.000833868
-0.877551	0.714286	0.000736984
-0.877551	0.755102	0.00063719
-0.877551	0.795918	0.000534881
-0.877551	0.836735	0.000430461
-0.877551	0.877551	0.000324341
-0.877551	0.918367	0.000216941
-0.877551	0.959184	0.000108685
-0.877551	1	0
-0.836735	-1	0.000135028
-0.836735	-0.959184	0.000269524
-0.836735	-0.918367	0.000402957
-0.836735	-0.877551	0.000534799
-0.836735	-0.836735	0.000664531
-0.836735	-0.795918	0.000791641
-0.836735	-0.755102	0.000915628
-0.836735	-0.714286	0.001036
-0.836735	-0.673469	0.00115229
-0.836735	-0.632653	0.00126403
-0.836735	-0.591837	0.00137078
-0.836735	-0.55102	0.00147212
-0.836735	-0.510204	0.00156766
-0.836735	-0.469388	0.00165701
-0.836735	-0.428571	0.00173982
-0.836735	-0.387755	0.00181576
-0.836735	-0.346939	0.00188454
-0.836735	-0.306122	0.00194588
-0.836735	-0.265306	0.00199955
-0.836735	-0.22449	0.00204532
-0.836735	-0.183673	0.00208303
-0.836735	-0.142857	0.00211251
-0.836735	-0.102041	0.00213365
-0.836735	-0.0612245	0.00214638
-0.836735	-0.0204082	0.00215063
-0.836735	0.0204082	0.0021464
-0.836735	0.0612245	0.0021337
-0.836735	0.102041	0.00211257
-0.836735	0.142857	0.00208311
-0.836735	0.183673	0.00204542
-0.836735	0.22449	0.00199967
-0.836735	0.265306	0.00194602
-0.836735	0.306122	0.00188469
-0.836735	0.346939	0.00181592
-0.836735	0.387755	0.00173998
-0.836735	0.428571	0.00165718
-0.836735	0.469388	0.00156783
-0.836735	0.510204	0.0014723
-0.836735	0.55102	0.00137095
-0.836735	0.591837	0.00126419
-0.836735	0.632653	0.00115245
-0.836735	0.673469	0.00103615
-0.836735	0.714286	0.000915762
-0.836735	0.755102	0.00079176
-0.836735	0.795918	0.000664633
-0.836735	0.836735	0.000534883
-0.836735	0.877551	0.000403021
-0.836735	0.918367	0.000269567
-0.836735	0.959184	0.00013505
-0.836735	1	0
-0.795918	-1	0.000160856
-0.795918	-0.959184	0.000321078
-0.795918	-0.918367	0.000480033
-0.795918	-0.877551	0.000637094
-0.795918	-0.836735	0.000791641
-0.795918	-0.795918	0.000943065
-0.795918	-0.755102	0.00109077
-0.795918	-0.714286	0.00123417
-0.795918	-0.673469	0.0013727
-0.795918	-0.632653	0.00150581
-0.795918	-0.591837	0.00163298
-0.795918	-0.55102	0.00175371
-0.795918	-0.510204	0.00186752
-0.795918	-0.469388	0.00197396
-0.795918	-0.428571	0.00207261
-0.795918	-0.387755	0.00216308
-0.795918	-0.346939	0.00224501
-0.795918	-0.306122	0.00231809
-0.795918	-0.265306	0.00238202
-0.795918	-0.22449	0.00243655
-0.795918	-0.183673	0.00248146
-0.795918	-0.142857	0.00251658
-0.795918	-0.102041	0.00254177
-0.795918	-0.0612245	0.00255693
-0.795918	-0.0204082	0.002562
-0.795918	0.0204082	0.00255696
-0.795918	0.0612245	0.00254183
-0.795918	0.102041	0.00251666
-0.795918	0.142857	0.00248156
-0.795918	0.183673	0.00243667
-0.795918	0.22449	0.00238216
-0.795918	0.265306	0.00231825
-0.795918	0.306122	0.00224519
-0.795918	0.346939	0.00216326
-0.795918	0.387755	0.0020728
-0.795918	0.428571	0.00197416
-0.795918	0.469388	0.00186772
-0.795918	0.510204	0.00175391
-0.795918	0.55102	0.00163318
-0.795918	0.591837	0.00150601
-0.795918	0.632653	0.00137288
-0.795918	0.673469	0.00123434
-0.795918	0.714286	0.00109093
-0.795918	0.755102	0.000943207
-0.795918	0.795918	0.000791763
-0.795918	0.836735	0.000637194
-0.795918	0.877551	0.00048011
-0.795918	0.918367	0.00032113
-0.795918	0.959184	0.000160882
-0.795918	1	0
-0.755102	-1	0.00018605
-0.755102	-0.959184	0.000371366
-0.755102	-0.918367	0.000555216
-0.755102	-0.877551	0.000736876
-0.755102	-0.836735	0.000915628
-0.755102	-0.795918	0.00109077
-0.755102	-0.755102	0.0012616
-0.755102	-0.714286	0.00142746
-0.755102	-0.673469	0.00158769
-0.755102	-0.632653	0.00174165
-0.755102	-0.591837	0.00188874
-0.755102	-0.55102	0.00202837
-0.755102	-0.510204	0.00216001
-0.755102	-0.469388	0.00228312
-0.755102	-0.428571	0.00239722
-0.755102	-0.387755	0.00250186
-0.755102	-0.346939	0.00259663
-0.755102	-0.306122	0.00268115
-0.755102	-0.265306	0.00275509
-0.755102	-0.22449	0.00281816
-0.755102	-0.183673	0.00287011
-0.755102	-0.142857	0.00291073
-0.755102	-0.102041	0.00293987
-0.755102	-0.0612245	0.0029574
-0.755102	-0.0204082	0.00296326
-0.755102	0.0204082	0.00295743
-0.755102	0.0612245	0.00293993
-0.755102	0.102041	0.00291082
-0.755102	0.142857	0.00287022
-0.755102	0.183673	0.0028183
-0.755102	0.22449	0.00275525
-0.755102	0.265306	0.00268133
-0.755102	0.306122	0.00259683
-0.755102	0.346939	0.00250207
-0.755102	0.387755	0.00239744
-0.755102	0.428571	0.00228335
-0.755102	0.469388	0.00216025
-0.755102	0.510204	0.00202861
-0.755102	0.55102	0.00188897
-0.755102	0.591837	0.00174188
-0.755102	0.632653	0.0015879
-0.755102	0.673469	0.00142766
-0.755102	0.714286	0.00126179
-0.755102	0.755102	0.00109093
-0.755102	0.795918	0.000915769
-0.755102	0.836735	0.000736991
-0.755102	0.877551	0.000555304
-0.755102	0.918367	0.000371425
-0.755102	0.959184	0.00018608
-0.755102	1	0
-0.714286	-1	0.000210509
-0.714286	-0.959184	0.000420187
-0.714286	-0.918367	0.000628208
-0.714286	-0.877551	0.00083375
-0.714286	-0.836735	0.001036
-0.714286	-0.795918	0.00123417
-0.714286	-0.755102	0.00142746
-0.714286	-0.714286	0.00161512
-0.714286	-0.673469	0.00179641
-0.714286	-0.632653	0.00197062
-0.714286	-0.591837	0.00213704
-0.714286	-0.55102	0.00229504
-0.714286	-0.510204	0.00244397
-0.714286	-0.469388	0.00258327
-0.714286	-0.428571	0.00271237
-0.714286	-0.387755	0.00283077
-0.714286	-0.346939	0.00293799
-0.714286	-0.306122	0.00303363
-0.714286	-0.265306	0.00311729
-0.714286	-0.22449	0.00318865
-0.714286	-0.183673	0.00324743
-0.714286	-0.142857	0.00329339
-0.714286	-0.102041	0.00332636
-0.714286	-0.0612245	0.0033462
-0.714286	-0.0204082	0.00335283
-0.714286	0.0204082	0.00334623
-0.714286	0.0612245	0.00332643
-0.714286	0.102041	0.00329349
-0.714286	0.142857	0.00324756
-0.714286	0.183673	0.00318881
-0.714286	0.22449	0.00311748
-0.714286	0.265306	0.00303384
-0.714286	0.306122	0.00293822
-0.714286	0.346939	0.00283101
-0.714286	0.387755	0.00271263
-0.714286	0.428571	0.00258353
-0.714286	0.469388	0.00244424
-0.714286	0.510204	0.00229531
-0.714286	0.55102	0.00213731
-0.714286	0.591837	0.00197087
-0.714286	0.632653	0.00179666
-0.714286	0.673469	0.00161535
-0.714286	0.714286	0.00142767
-0.714286	0.755102	0.00123435
-0.714286	0.795918	0.00103616
-0.714286	0.836735	0.00083388
-0.714286	0.877551	0.000628308
-0.714286	0.918367	0.000420255
-0.714286	0.959184	0.000210543
-0.714286	1	0
-0.673469	-1	0.000234138
-0.673469	-0.959184	0.000467351
-0.673469	-0.918367	0.000698721
-0.673469	-0.877551	0.000927334
-0.673469	-0.836735	0.00115229
-0.673469	-0.795918	0.0013727
-0.673469	-0.755102	0.00158769
-0.673469	-0.714286	0.00179641
-0.673469	-0.673469	0.00199805
-0.673469	-0.632653	0.00219181
-0.673469	-0.591837	0.00237691
-0.673469	-0.55102	0.00255264
-0.673469	-0.510204	0.0027183
-0.673469	-0.469388	0.00287323
-0.673469	-0.428571	0.00301682
-0.673469	-0.387755	0.00314851
-0.673469	-0.346939	0.00326777
-0.673469	-0.306122	0.00337414
-0.673469	-0.265306	0.00346719
-0.673469	-0.22449	0.00354656
-0.673469	-0.183673	0.00361194
-0.673469	-0.142857	0.00366306
-0.673469	-0.102041	0.00369973
-0.673469	-0.0612245	0.00372179
-0.673469	-0.0204082	0.00372917
-0.673469	0.0204082	0.00372183
-0.673469	0.0612245	0.0036998
-0.673469	0.102041	0.00366317
-0.673469	0.142857	0.00361208
-0.673469	0.183673	0.00354674
-0.673469	0.22449	0.0034674
-0.673469	0.265306	0.00337437
-0.673469	0.306122	0.00326802
-0.673469	0.346939	0.00314878
-0.673469	0.387755	0.00301711
-0.673469	0.428571	0.00287352
-0.673469	0.469388	0.0027186
-0.673469	0.510204	0.00255294
-0.673469	0.55102	0.00237721
-0.673469	0.591837	0.00219209
-0.673469	0.632653	0.00199833
-0.673469	0.673469	0.00179667
-0.673469	0.714286	0.00158792
-0.673469	0.755102	0.0013729
-0.673469	0.795918	0.00115247
-0.673469	0.836735	0.00092748
-0.673469	0.877551	0.000698832
-0.673469	0.918367	0.000467426
-0.673469	0.959184	0.000234175
-0.673469	1	0
-0.632653	-1	0.000256842
-0.632653	-0.959184	0.000512671
-0.632653	-0.918367	0.000766478
-0.632653	-0.877551	0.00101726
-0.632653	-0.836735	0.00126403
-0.632653	-0.795918	0.00150581
-0.632653	-0.755102	0.00174165
-0.632653	-0.714286	0.00197062
-0.632653	-0.673469	0.00219181
-0.632653	-0.632653	0.00240435
-0.632653	-0.591837	0.00260741
-0.632653	-0.55102	0.00280018
-0.632653	-0.510204	0.0029819
-0.632653	-0.469388	0.00315185
-0.632653	-0.428571	0.00330937
-0.632653	-0.387755	0.00345382
-0.632653	-0.346939	0.00358465
-0.632653	-0.306122	0.00370133
-0.632653	-0.265306	0.00380341
-0.632653	-0.22449	0.00389048
-0.632653	-0.183673	0.0039622
-0.632653	-0.142857	0.00401827
-0.632653	-0.102041	0.0040585
-0.632653	-0.0612245	0.0040827
-0.632653	-0.0204082	0.00409079
-0.632653	0.0204082	0.00408274
-0.632653	0.0612245	0.00405858
-0.632653	0.102041	0.0040184
-0.632653	0.142857	0.00396235
-0.632653	0.183673	0.00389067
-0.632653	0.22449	0.00380364
-0.632653	0.265306	0.00370159
-0.632653	0.306122	0.00358493
-0.632653	0.346939	0.00345412
-0.632653	0.387755	0.00330968
-0.632653	0.428571	0.00315217
-0.632653	0.469388	0.00298223
-0.632653	0.510204	0.00280051
-0.632653	0.55102	0.00260773
-0.632653	0.591837	0.00240467
-0.632653	0.632653	0.00219211
-0.632653	0.673469	0.0019709
-0.632653	0.714286	0.0017419
-0.632653	0.755102	0.00150604
-0.632653	0.795918	0.00126422
-0.632653	0.836735	0.00101742
-0.632653	0.877551	0.000766599
-0.632653	0.918367	0.000512754
-0.632653	0.959184	0.000256884
-0.632653	1	0
-0.591837	-1	0.000278534
-0.591837	-0.959184	0.000555968
-0.591837	-0.918367	0.00083121
-0.591837	-0.877551	0.00110317
-0.591837	-0.836735	0.00137078
-0.591837	-0.795918	0.00163298
-0.591837	-0.755102	0.00188874
-0.591837	-0.714286	0.00213704
-0.591837	-0.673469	0.00237691
-0.591837	-0.632653	0.00260741
-0.591837	-0.591837	0.00282761
-0.591837	-0.55102	0.00303666
-0.591837	-0.510204	0.00323373
-0.591837	-0.469388	0.00341803
-0.591837	-0.428571	0.00358885
-0.591837	-0.387755	0.00374551
-0.591837	-0.346939	0.00388739
-0.591837	-0.306122	0.00401393
-0.591837	-0.265306	0.00412462
-0.591837	-0.22449	0.00421905
-0.591837	-0.183673	0.00429682
-0.591837	-0.142857	0.00435763
-0.591837	-0.102041	0.00440125
-0.591837	-0.0612245	0.0044275
-0.591837	-0.0204082	0.00443628
-0.591837	0.0204082	0.00442755
-0.591837	0.0612245	0.00440134
-0.591837	0.102041	0.00435777
-0.591837	0.142857	0.00429699
-0.591837	0.183673	0.00421926
-0.591837	0.22449	0.00412487
-0.591837	0.265306	0.0040142
-0.591837	0.306122	0.00388769
-0.591837	0.346939	0.00374584
-0.591837	0.387755	0.00358919
-0.591837	0.428571	0.00341839
-0.591837	0.469388	0.00323409
-0.591837	0.510204	0.00303702
-0.591837	0.55102	0.00282797
-0.591837	0.591837	0.00260775
-0.591837	0.632653	0.00237724
-0.591837	0.673469	0.00213734
-0.591837	0.714286	0.00188901
-0.591837	0.755102	0.00163323
-0.591837	0.795918	0.00137099
-0.591837	0.836735	0.00110334
-0.591837	0.877551	0.000831342
-0.591837	0.918367	0.000556058
-0.591837	0.959184	0.000278579
-0.591837	1	0
-0.55102	-1	0.000299126
-0.55102	-0.959184	0.000597072
-0.55102	-0.918367	0.000892662
-0.55102	-0.877551	0.00118473
-0.55102	-0.836735	0.00147212
-0.55102	-0.795918	0.00175371
-0.55102	-0.755102	0.00202837
-0.55102	-0.714286	0.00229504
-0.55102	-0.673469	0.00255264
-0.55102	-0.632653	0.00280018
-0.55102	-0.591837	0.00303666
-0.55102	-0.55102	0.00326117
-0.55102	-0.510204	0.0034728
-0.55102	-0.469388	0.00367073
-0.55102	-0.428571	0.00385418
-0.55102	-0.387755	0.00402242
-0.55102	-0.346939	0.00417479
-0.55102	-0.306122	0.00431068
-0.55102	-0.265306	0.00442956
-0.55102	-0.22449	0.00453096
-0.55102	-0.183673	0.00461449
-0.55102	-0.142857	0.0046798
-0.55102	-0.102041	0.00472664
-0.55102	-0.0612245	0.00475483
-0.55102	-0.0204082	0.00476426
-0.55102	0.0204082	0.00475488
-0.55102	0.0612245	0.00472674
-0.55102	0.102041	0.00467994
-0.55102	0.142857	0.00461467
-0.55102	0.183673	0.00453119
-0.55102	0.22449	0.00442983
-0.55102	0.265306	0.00431098
-0.55102	0.306122	0.00417511
-0.55102	0.346939	0.00402277
-0.55102	0.387755	0.00385455
-0.55102	0.428571	0.00367111
-0.55102	0.469388	0.00347319
-0.55102	0.510204	0.00326155
-0.55102	0.55102	0.00303704
-0.55102	0.591837	0.00280054
-0.55102	0.632653	0.00255299
-0.55102	0.673469	0.00229536
-0.55102	0.714286	0.00202867
-0.55102	0.755102	0.00175397
-0.55102	0.795918	0.00147235
-0.55102	0.836735	0.00118492
-0.55102	0.877551	0.000892804
-0.55102	0.918367	0.000597168
-0.55102	0.959184	0.000299174
-0.55102	1	0
-0.510204	-1	0.000318538
-0.510204	-0.959184	0.000635819
-0.510204	-0.918367	0.000950592
-0.510204	-0.877551	0.00126161
-0.510204	-0.836735	0.00156766
-0.510204	-0.795918	0.00186752
-0.510204	-0.755102	0.00216001
-0.510204	-0.714286	0.00244397
-0.510204	-0.673469	0.0027183
-0.510204	-0.632653	0.0029819
-0.510204	-0.591837	0.00323373
-0.510204	-0.55102	0.0034728
-0.510204	-0.510204	0.00369817
-0.510204	-0.469388	0.00390895
-0.510204	-0.428571	0.0041043
-0.510204	-0.387755	0.00428346
-0.510204	-0.346939	0.00444571
-0.510204	-0.306122	0.00459042
-0.510204	-0.265306	0.00471702
-0.510204	-0.22449	0.004825
-0.510204	-0.183673	0.00491395
-0.510204	-0.142857	0.0049835
-0.510204	-0.102041	0.00503338
-0.510204	-0.0612245	0.0050634
-0.510204	-0.0204082	0.00507344
-0.510204	0.0204082	0.00506345
-0.510204	0.0612245	0.00503348
-0.510204	0.102041	0.00498365
-0.510204	0.142857	0.00491414
-0.510204	0.183673	0.00482525
-0.510204	0.22449	0.0047173
-0.510204	0.265306	0.00459074
-0.510204	0.306122	0.00444606
-0.510204	0.346939	0.00428383
-0.510204	0.387755	0.00410469
-0.510204	0.428571	0.00390935
-0.510204	0.469388	0.00369858
-0.510204	0.510204	0.00347321
-0.510204	0.55102	0.00323413
-0.510204	0.591837	0.00298229
-0.510204	0.632653	0.00271867
-0.510204	0.673469	0.00244432
-0.510204	0.714286	0.00216032
-0.510204	0.755102	0.0018678
-0.510204	0.795918	0.0015679
-0.510204	0.836735	0.00126181
-0.510204	0.877551	0.000950743
-0.510204	0.918367	0.000635921
-0.510204	0.959184	0.000318589
-0.510204	1	0
-0.469388	-1	0.000336693
-0.469388	-0.959184	0.000672058
-0.469388	-0.918367	0.00100477
-0.469388	-0.877551	0.00133352
-0.469388	-0.836735	0.00165701
-0.469388	-0.795918	0.00197396
-0.469388	-0.755102	0.00228312
-0.469388	-0.714286	0.00258327
-0.469388	-0.673469	0.00287323
-0.469388	-0.632653	0.00315185
-0.469388	-0.591837	0.00341803
-0.469388	-0.55102	0.00367073
-0.469388	-0.510204	0.00390895
-0.469388	-0.469388	0.00413174
-0.469388	-0.428571	0.00433823
-0.469388	-0.387755	0.00452759
-0.469388	-0.346939	0.0046991
-0.469388	-0.306122	0.00485206
-0.469388	-0.265306	0.00498587
-0.469388	-0.22449	0.00510001
-0.469388	-0.183673	0.00519402
-0.469388	-0.142857	0.00526753
-0.469388	-0.102041	0.00532026
-0.469388	-0.0612245	0.00535199
-0.469388	-0.0204082	0.0053626
-0.469388	0.0204082	0.00535204
-0.469388	0.0612245	0.00532036
-0.469388	0.102041	0.00526769
-0.469388	0.142857	0.00519423
-0.469388	0.183673	0.00510026
-0.469388	0.22449	0.00498616
-0.469388	0.265306	0.00485239
-0.469388	0.306122	0.00469946
-0.469388	0.346939	0.00452799
-0.469388	0.387755	0.00433864
-0.469388	0.428571	0.00413216
-0.469388	0.469388	0.00390938
-0.469388	0.510204	0.00367117
-0.469388	0.55102	0.00341846
-0.469388	0.591837	0.00315226
-0.469388	0.632653	0.00287362
-0.469388	0.673469	0.00258363
-0.469388	0.714286	0.00228345
-0.469388	0.755102	0.00197425
-0.469388	0.795918	0.00165726
-0.469388	0.836735	0.00133373
-0.469388	0.877551	0.00100493
-0.469388	0.918367	0.000672165
-0.469388	0.959184	0.000336747
-0.469388	1	0
-0.428571	-1	0.00035352
-0.428571	-0.959184	0.000705644
-0.428571	-0.918367	0.00105498
-0.428571	-0.877551	0.00140016
-0.428571	-0.836735	0.00173982
-0.428571	-0.795918	0.00207261
-0.428571	-0.755102	0.00239722
-0.428571	-0.714286	0.00271237
-0.428571	-0.673469	0.00301682
-0.428571	-0.632653	0.00330937
-0.428571	-0.591837	0.00358885
-0.428571	-0.55102	0.00385418
-0.428571	-0.510204	0.0041043
-0.428571	-0.469388	0.00433823
-0.428571	-0.428571	0.00455503
-0.428571	-0.387755	0.00475386
-0.428571	-0.346939	0.00493394
-0.428571	-0.306122	0.00509454
-0.428571	-0.265306	0.00523504
-0.428571	-0.22449	0.00535488
-0.428571	-0.183673	0.00545359
-0.428571	-0.142857	0.00553078
-0.428571	-0.102041	0.00558614
-0.428571	-0.0612245	0.00561946
-0.428571	-0.0204082	0.0056306
-0.428571	0.0204082	0.00561951
-0.428571	0.0612245	0.00558625
-0.428571	0.102041	0.00553095
-0.428571	0.142857	0.00545381
-0.428571	0.183673	0.00535515
-0.428571	0.22449	0.00523535
-0.428571	0.265306	0.00509489
-0.428571	0.306122	0.00493432
-0.428571	0.346939	0.00475428
-0.428571	0.387755	0.00455546
-0.428571	0.428571	0.00433867
-0.428571	0.469388	0.00410476
-0.428571	0.510204	0.00385464
-0.428571	0.55102	0.0035893
-0.428571	0.591837	0.0033098
-0.428571	0.632653	0.00301723
-0.428571	0.673469	0.00271275
-0.428571	0.714286	0.00239757
-0.428571	0.755102	0.00207292
-0.428571	0.795918	0.00174008
-0.428571	0.836735	0.00140038
-0.428571	0.877551	0.00105515
-0.428571	0.918367	0.000705757
-0.428571	0.959184	0.000353577
-0.428571	1	0
-0.387755	-1	0.000368951
-0.387755	-0.959184	0.000736446
-0.387755	-0.918367	0.00110104
-0.387755	-0.877551	0.00146128
-0.387755	-0.836735	0.00181576
-0.387755	-0.795918	0.00216308
-0.387755	-0.755102	0.00250186
-0.387755	-0.714286	0.00283077
-0.387755	-0.673469	0.00314851
-0.387755	-0.632653	0.00345382
-0.387755	-0.591837	0.00374551
-0.387755	-0.55102	0.00402242
-0.387755	-0.510204	0.00428346
-0.387755	-0.469388	0.00452759
-0.387755	-0.428571	0.00475386
-0.387755	-0.387755	0.00496138
-0.387755	-0.346939	0.00514931
-0.387755	-0.306122	0.00531692
-0.387755	-0.265306	0.00546356
-0.387755	-0.22449	0.00558863
-0.387755	-0.183673	0.00569165
-0.387755	-0.142857	0.0057722
-0.387755	-0.102041	0.00582998
-0.387755	-0.0612245	0.00586475
-0.387755	-0.0204082	0.00587638
-0.387755	0.0204082	0.00586481
-0.387755	0.0612245	0.0058301
-0.387755	0.102041	0.00577238
-0.387755	0.142857	0.00569188
-0.387755	0.183673	0.00558891
-0.387755	0.22449	0.00546388
-0.387755	0.265306	0.00531729
-0.387755	0.306122	0.00514971
-0.387755	0.346939	0.00496181
-0.387755	0.387755	0.00475432
-0.387755	0.428571	0.00452806
-0.387755	0.469388	0.00428393
-0.387755	0.510204	0.00402289
-0.387755	0.55102	0.00374598
-0.387755	0.591837	0.00345427
-0.387755	0.632653	0.00314894
-0.387755	0.673469	0.00283117
-0.387755	0.714286	0.00250222
-0.387755	0.755102	0.0021634
-0.387755	0.795918	0.00181604
-0.387755	0.836735	0.00146151
-0.387755	0.877551	0.00110121
-0.387755	0.918367	0.000736565
-0.387755	0.959184	0.000369011
-0.387755	1	0
-0.346939	-1	0.000382927
-0.346939	-0.959184	0.000764343
-0.346939	-0.918367	0.00114274
-0.346939	-0.877551	0.00151663
-0.346939	-0.836735	0.00188454
-0.346939	-0.795918	0.00224501
-0.346939	-0.755102	0.00259663
-0.346939	-0.714286	0.00293799
-0.346939	-0.673469	0.00326777
-0.346939	-0.632653	0.00358465
-0.346939	-0.591837	0.00388739
-0.346939	-0.55102	0.00417479
-0.346939	-0.510204	0.00444571
-0.346939	-0.469388	0.0046991
-0.346939	-0.428571	0.00493394
-0.346939	-0.387755	0.00514931
-0.346939	-0.346939	0.00534436
-0.346939	-0.306122	0.00551832
-0.346939	-0.265306	0.00567051
-0.346939	-0.22449	0.00580032
-0.346939	-0.183673	0.00590724
-0.346939	-0.142857	0.00599085
-0.346939	-0.102041	0.00605082
-0.346939	-0.0612245	0.00608691
-0.346939	-0.0204082	0.00609897
-0.346939	0.0204082	0.00608697
-0.346939	0.0612245	0.00605094
-0.346939	0.102041	0.00599103
-0.346939	0.142857	0.00590748
-0.346939	0.183673	0.00580061
-0.346939	0.22449	0.00567085
-0.346939	0.265306	0.0055187
-0.346939	0.306122	0.00534478
-0.346939	0.346939	0.00514976
-0.346939	0.387755	0.00493441
-0.346939	0.428571	0.00469958
-0.346939	0.469388	0.00444621
-0.346939	0.510204	0.00417528
-0.346939	0.55102	0.00388787
-0.346939	0.591837	0.00358512
-0.346939	0.632653	0.00326822
-0.346939	0.673469	0.00293841
-0.346939	0.714286	0.00259701
-0.346939	0.755102	0.00224535
-0.346939	0.795918	0.00188483
-0.346939	0.836735	0.00151687
-0.346939	0.877551	0.00114292
-0.346939	0.918367	0.000764465
-0.346939	0.959184	0.000382989
-0.346939	1	0
-0.306122	-1	0.000395391
-0.306122	-0.959184	0.000789222
-0.306122	-0.918367	0.00117994
-0.306122	-0.877551	0.001566
-0.306122	-0.836735	0.00194588
-0.306122	-0.795918	0.00231809
-0.306122	-0.755102	0.00268115
-0.306122	-0.714286	0.00303363
-0.306122	-0.673469	0.00337414
-0.306122	-0.632653	0.00370133
-0.306122	-0.591837	0.00401393
-0.306122	-0.55102	0.00431068
-0.306122	-0.510204	0.00459042
-0.306122	-0.469388	0.00485206
-0.306122	-0.428571	0.00509454
-0.306122	-0.387755	0.00531692
-0.306122	-0.346939	0.00551832
-0.306122	-0.306122	0.00569795
-0.306122	-0.265306	0.00585509
-0.306122	-0.22449	0.00598913
-0.306122	-0.183673	0.00609953
-0.306122	-0.142857	0.00618586
-0.306122	-0.102041	0.00624778
-0.306122	-0.0612245	0.00628504
-0.306122	-0.0204082	0.0062975
-0.306122	0.0204082	0.0062851
-0.306122	0.0612245	0.0062479
-0.306122	0.102041	0.00618605
-0.306122	0.142857	0.00609977
-0.306122	0.183673	0.00598943
-0.306122	0.22449	0.00585544
-0.306122	0.265306	0.00569834
-0.306122	0.306122	0.00551875
-0.306122	0.346939	0.00531738
-0.306122	0.387755	0.00509503
-0.306122	0.428571	0.00485256
-0.306122	0.469388	0.00459093
-0.306122	0.510204	0.00431119
-0.306122	0.55102	0.00401443
-0.306122	0.591837	0.00370182
-0.306122	0.632653	0.0033746
-0.306122	0.673469	0.00303406
-0.306122	0.714286	0.00268154
-0.306122	0.755102	0.00231844
-0.306122	0.795918	0.00194618
-0.306122	0.836735	0.00156625
-0.306122	0.877551	0.00118013
-0.306122	0.918367	0.000789349
-0.306122	0.959184	0.000395455
-0.306122	1	0
-0.265306	-1	0.000406296
-0.265306	-0.959184	0.000810988
-0.265306	-0.918367	0.00121248
-0.265306	-0.877551	0.00160919
-0.265306	-0.836735	0.00199955
-0.265306	-0.795918	0.00238202
-0.265306	-0.755102	0.00275509
-0.265306	-0.714286	0.00311729
-0.265306	-0.673469	0.00346719
-0.265306	-0.632653	0.00380341
-0.265306	-0.591837	0.00412462
-0.265306	-0.55102	0.00442956
-0.265306	-0.510204	0.00471702
-0.265306	-0.469388	0.00498587
-0.265306	-0.428571	0.00523504
-0.265306	-0.387755	0.00546356
-0.265306	-0.346939	0.00567051
-0.265306	-0.306122	0.00585509
-0.265306	-0.265306	0.00601657
-0.265306	-0.22449	0.0061543
-0.265306	-0.183673	0.00626774
-0.265306	-0.142857	0.00635646
-0.265306	-0.102041	0.00642008
-0.265306	-0.0612245	0.00645837
-0.265306	-0.0204082	0.00647117
-0.265306	0.0204082	0.00645844
-0.265306	0.0612245	0.00642021
-0.265306	0.102041	0.00635665
-0.265306	0.142857	0.006268
-0.265306	0.183673	0.00615461
-0.265306	0.22449	0.00601692
-0.265306	0.265306	0.00585549
-0.265306	0.306122	0.00567095
-0.265306	0.346939	0.00546403
-0.265306	0.387755	0.00523554
-0.265306	0.428571	0.00498638
-0.265306	0.469388	0.00471754
-0.265306	0.510204	0.00443008
-0.265306	0.55102	0.00412514
-0.265306	0.591837	0.00380391
-0.265306	0.632653	0.00346766
-0.265306	0.673469	0.00311773
-0.265306	0.714286	0.00275549
-0.265306	0.755102	0.00238238
-0.265306	0.795918	0.00199986
-0.265306	0.836735	0.00160944
-0.265306	0.877551	0.00121267
-0.265306	0.918367	0.000811118
-0.265306	0.959184	0.000406361
-0.265306	1	0
-0.22449	-1	0.000415597
-0.22449	-0.959184	0.000829553
-0.22449	-0.918367	0.00124024
-0.22449	-0.877551	0.00164603
-0.22449	-0.836735	0.00204532
-0.22449	-0.795918	0.00243655
-0.22449	-0.755102	0.00281816
-0.22449	-0.714286	0.00318865
-0.22449	-0.673469	0.00354656
-0.22449	-0.632653	0.00389048
-0.22449	-0.591837	0.00421905
-0.22449	-0.55102	0.00453096
-0.22449	-0.510204	0.004825
-0.22449	-0.469388	0.00510001
-0.22449	-0.428571	0.00535488
-0.22449	-0.387755	0.00558863
-0.22449	-0.346939	0.00580032
-0.22449	-0.306122	0.00598913
-0.22449	-0.265306	0.0061543
-0.22449	-0.22449	0.00629518
-0.22449	-0.183673	0.00641123
-0.22449	-0.142857	0.00650197
-0.22449	-0.102041	0.00656705
-0.22449	-0.0612245	0.00660622
-0.22449	-0.0204082	0.00661931
-0.22449	0.0204082	0.00660628
-0.22449	0.0612245	0.00656718
-0.22449	0.102041	0.00650216
-0.22449	0.142857	0.00641148
-0.22449	0.183673	0.0062955
-0.22449	0.22449	0.00615466
-0.22449	0.265306	0.00598954
-0.22449	0.306122	0.00580077
-0.22449	0.346939	0.00558911
-0.22449	0.387755	0.00535539
-0.22449	0.428571	0.00510053
-0.22449	0.469388	0.00482554
-0.22449	0.510204	0.0045315
-0.22449	0.55102	0.00421957
-0.22449	0.591837	0.00389099
-0.22449	0.632653	0.00354705
-0.22449	0.673469	0.0031891
-0.22449	0.714286	0.00281857
-0.22449	0.755102	0.00243691
-0.22449	0.795918	0.00204564
-0.22449	0.836735	0.00164629
-0.22449	0.877551	0.00124043
-0.22449	0.918367	0.000829686
-0.22449	0.959184	0.000415664
-0.22449	1	0
-0.183673	-1	0.000423257
-0.183673	-0.959184	0.000844845
-0.183673	-0.918367	0.0012631
-0.183673	-0.877551	0.00167637
-0.183673	-0.836735	0.00208303
-0.183673	-0.795918	0.00248146
-0.183673	-0.755102	0.00287011
-0.183673	-0.714286	0.00324743
-0.183673	-0.673469	0.00361194
-0.183673	-0.632653	0.0039622
-0.183673	-0.591837	0.00429682
-0.183673	-0.55102	0.00461449
-0.183673	-0.510204	0.00491395
-0.183673	-0.469388	0.00519402
-0.183673	-0.428571	0.00545359
-0.183673	-0.387755	0.00569165
-0.183673	-0.346939	0.00590724
-0.183673	-0.306122	0.00609953
-0.183673	-0.265306	0.00626774
-0.183673	-0.22449	0.00641123
-0.183673	-0.183673	0.00652941
-0.183673	-0.142857	0.00662182
-0.183673	-0.102041	0.00668811
-0.183673	-0.0612245	0.00672799
-0.183673	-0.0204082	0.00674133
-0.183673	0.0204082	0.00672806
-0.183673	0.0612245	0.00668824
-0.183673	0.102041	0.00662202
-0.183673	0.142857	0.00652967
-0.183673	0.183673	0.00641155
-0.183673	0.22449	0.00626812
-0.183673	0.265306	0.00609995
-0.183673	0.306122	0.0059077
-0.183673	0.346939	0.00569214
-0.183673	0.387755	0.00545411
-0.183673	0.428571	0.00519455
-0.183673	0.469388	0.00491449
-0.183673	0.510204	0.00461503
-0.183673	0.55102	0.00429735
-0.183673	0.591837	0.00396271
-0.183673	0.632653	0.00361243
-0.183673	0.673469	0.00324789
-0.183673	0.714286	0.00287053
-0.183673	0.755102	0.00248184
-0.183673	0.795918	0.00208335
-0.183673	0.836735	0.00167663
-0.183673	0.877551	0.0012633
-0.183673	0.918367	0.00084498
-0.183673	0.959184	0.000423326
-0.183673	1	0
-0.142857	-1	0.000429248
-0.142857	-0.959184	0.000856803
-0.142857	-0.918367	0.00128098
-0.142857	-0.877551	0.0017001
-0.142857	-0.836735	0.00211251
-0.142857	-0.795918	0.00251658
-0.142857	-0.755102	0.00291073
-0.142857	-0.714286	0.00329339
-0.142857	-0.673469	0.00366306
-0.142857	-0.632653	0.00401827
-0.142857	-0.591837	0.00435763
-0.142857	-0.55102	0.0046798
-0.142857	-0.510204	0.0049835
-0.142857	-0.469388	0.00526753
-0.142857	-0.428571	0.00553078
-0.142857	-0.387755	0.0057722
-0.142857	-0.346939	0.00599085
-0.142857	-0.306122	0.00618586
-0.142857	-0.265306	0.00635646
-0.142857	-0.22449	0.00650197
-0.142857	-0.183673	0.00662182
-0.142857	-0.142857	0.00671555
-0.142857	-0.102041	0.00678277
-0.142857	-0.0612245	0.00682322
-0.142857	-0.0204082	0.00683674
-0.142857	0.0204082	0.00682329
-0.142857	0.0612245	0.0067829
-0.142857	0.102041	0.00671575
-0.142857	0.142857	0.00662209
-0.142857	0.183673	0.00650229
-0.142857	0.22449	0.00635683
-0.142857	0.265306	0.00618628
-0.142857	0.306122	0.00599132
-0.142857	0.346939	0.0057727
-0.142857	0.387755	0.00553131
-0.142857	0.428571	0.00526807
-0.142857	0.469388	0.00498405
-0.142857	0.510204	0.00468035
-0.142857	0.55102	0.00435818
-0.142857	0.591837	0.0040188
-0.142857	0.632653	0.00366356
-0.142857	0.673469	0.00329386
-0.142857	0.714286	0.00291116
-0.142857	0.755102	0.00251696
-0.142857	0.795918	0.00211283
-0.142857	0.836735	0.00170036
-0.142857	0.877551	0.00128118
-0.142857	0.918367	0.00085694
-0.142857	0.959184	0.000429317
-0.142857	1	0
-0.102041	-1	0.000433545
-0.102041	-0.959184	0.000865379
-0.102041	-0.918367	0.0012938
-0.102041	-0.877551	0.00171711
-0.102041	-0.836735	0.00213365
-0.102041	-0.795918	0.00254177
-0.102041	-0.755102	0.00293987
-0.102041	-0.714286	0.00332636
-0.102041	-0.673469	0.00369973
-0.102041	-0.632653	0.0040585
-0.102041	-0.591837	0.00440125
-0.102041	-0.55102	0.00472664
-0.102041	-0.510204	0.00503338
-0.102041	-0.469388	0.00532026
-0.102041	-0.428571	0.00558614
-0.102041	-0.387755	0.00582998
-0.102041	-0.346939	0.00605082
-0.102041	-0.306122	0.00624778
-0.102041	-0.265306	0.00642008
-0.102041	-0.22449	0.00656705
-0.102041	-0.183673	0.00668811
-0.102041	-0.142857	0.00678277
-0.102041	-0.102041	0.00685066
-0.102041	-0.0612245	0.00689152
-0.102041	-0.0204082	0.00690518
-0.102041	0.0204082	0.00689159
-0.102041	0.0612245	0.0068508
-0.102041	0.102041	0.00678297
-0.102041	0.142857	0.00668837
-0.102041	0.183673	0.00656738
-0.102041	0.22449	0.00642046
-0.102041	0.265306	0.00624821
-0.102041	0.306122	0.00605129
-0.102041	0.346939	0.00583049
-0.102041	0.387755	0.00558667
-0.102041	0.428571	0.00532081
-0.102041	0.469388	0.00503394
-0.102041	0.510204	0.0047272
-0.102041	0.55102	0.0044018
-0.102041	0.591837	0.00405903
-0.102041	0.632653	0.00370023
-0.102041	0.673469	0.00332683
-0.102041	0.714286	0.0029403
-0.102041	0.755102	0.00254216
-0.102041	0.795918	0.00213398
-0.102041	0.836735	0.00171738
-0.102041	0.877551	0.001294
-0.102041	0.918367	0.000865518
-0.102041	0.959184	0.000433615
-0.102041	1	0
-0.0612245	-1	0.00043613
-0.0612245	-0.959184	0.00087054
-0.0612245	-0.918367	0.00130151
-0.0612245	-0.877551	0.00172735
-0.0612245	-0.836735	0.00214638
-0.0612245	-0.795918	0.00255693
-0.0612245	-0.755102	0.0029574
-0.0612245	-0.714286	0.0033462
-0.0612245	-0.673469	0.00372179
-0.0612245	-0.632653	0.0040827
-0.0612245	-0.591837	0.0044275
-0.0612245	-0.55102	0.00475483
-0.0612245	-0.510204	0.0050634
-0.0612245	-0.469388	0.00535199
-0.0612245	-0.428571	0.00561946
-0.0612245	-0.387755	0.00586475
-0.0612245	-0.346939	0.00608691
-0.0612245	-0.306122	0.00628504
-0.0612245	-0.265306	0.00645837
-0.0612245	-0.22449	0.00660622
-0.0612245	-0.183673	0.00672799
-0.0612245	-0.142857	0.00682322
-0.0612245	-0.102041	0.00689152
-0.0612245	-0.0612245	0.00693262
-0.0612245	-0.0204082	0.00694636
-0.0612245	0.0204082	0.00693269
-0.0612245	0.0612245	0.00689166
-0.0612245	0.102041	0.00682343
-0.0612245	0.142857	0.00672826
-0.0612245	0.183673	0.00660655
-0.0612245	0.22449	0.00645876
-0.0612245	0.265306	0.00628547
-0.0612245	0.306122	0.00608738
-0.0612245	0.346939	0.00586526
-0.0612245	0.387755	0.00561999
-0.0612245	0.428571	0.00535254
-0.0612245	0.469388	0.00506396
-0.0612245	0.510204	0.00475539
-0.0612245	0.55102	0.00442805
-0.0612245	0.591837	0.00408324
-0.0612245	0.632653	0.0037223
-0.0612245	0.673469	0.00334667
-0.0612245	0.714286	0.00295783
-0.0612245	0.755102	0.00255732
-0.0612245	0.795918	0.00214671
-0.0612245	0.836735	0.00172763
-0.0612245	0.877551	0.00130172
-0.0612245	0.918367	0.00087068
-0.0612245	0.959184	0.000436201
-0.0612245	1	0
-0.0204082	-1	0.000436995
-0.0204082	-0.959184	0.000872266
-0.0204082	-0.918367	0.00130409
-0.0204082	-0.877551	0.00173078
-0.0204082	-0.836735	0.00215063
-0.0204082	-0.795918	0.002562
-0.0204082	-0.755102	0.00296326
-0.0204082	-0.714286	0.00335283
-0.0204082	-0.673469	0.00372917
-0.0204082	-0.632653	0.00409079
-0.0204082	-0.591837	0.00443628
-0.0204082	-0.55102	0.00476426
-0.0204082	-0.510204	0.00507344
-0.0204082	-0.469388	0.0053626
-0.0204082	-0.428571	0.0056306
-0.0204082	-0.387755	0.00587638
-0.0204082	-0.346939	0.00609897
-0.0204082	-0.306122	0.0062975
-0.0204082	-0.265306	0.00647117
-0.0204082	-0.22449	0.00661931
-0.0204082	-0.183673	0.00674133
-0.0204082	-0.142857	0.00683674
-0.0204082	-0.102041	0.00690518
-0.0204082	-0.0612245	0.00694636
-0.0204082	-0.0204082	0.00696013
-0.0204082	0.0204082	0.00694643
-0.0204082	0.0612245	0.00690532
-0.0204082	0.102041	0.00683695
-0.0204082	0.142857	0.0067416
-0.0204082	0.183673	0.00661964
-0.0204082	0.22449	0.00647156
-0.0204082	0.265306	0.00629793
-0.0204082	0.306122	0.00609945
-0.0204082	0.346939	0.00587689
-0.0204082	0.387755	0.00563113
-0.0204082	0.428571	0.00536315
-0.0204082	0.469388	0.005074
-0.0204082	0.510204	0.00476482
-0.0204082	0.55102	0.00443683
-0.0204082	0.591837	0.00409133
-0.0204082	0.632653	0.00372968
-0.0204082	0.673469	0.00335331
-0.0204082	0.714286	0.0029637
-0.0204082	0.755102	0.00256239
-0.0204082	0.795918	0.00215096
-0.0204082	0.836735	0.00173105
-0.0204082	0.877551	0.0013043
-0.0204082	0.918367	0.000872406
-0.0204082	0.959184	0.000437066
-0.0204082	1	0
0.0204082	-1	0.000436135
0.0204082	-0.959184	0.000870549
0.0204082	-0.918367	0.00130153
0.0204082	-0.877551	0.00172737
0.0204082	-0.836735	0.0021464
0.0204082	-0.795918	0.00255696
0.0204082	-0.755102	0.00295743
0.0204082	-0.714286	0.00334623
0.0204082	-0.673469	0.00372183
0.0204082	-0.632653	0.00408274
0.0204082	-0.591837	0.00442755
0.0204082	-0.55102	0.00475488
0.0204082	-0.510204	0.00506345
0.0204082	-0.469388	0.00535204
0.0204082	-0.428571	0.00561951
0.0204082	-0.387755	0.00586481
0.0204082	-0.346939	0.00608697
0.0204082	-0.306122	0.0062851
0.0204082	-0.265306	0.00645844
0.0204082	-0.22449	0.00660628
0.0204082	-0.183673	0.00672806
0.0204082	-0.142857	0.00682329
0.0204082	-0.102041	0.00689159
0.0204082	-0.0612245	0.00693269
0.0204082	-0.0204082	0.00694643
0.0204082	0.0204082	0.00693276
0.0204082	0.0612245	0.00689173
0.0204082	0.102041	0.0068235
0.0204082	0.142857	0.00672833
0.0204082	0.183673	0.00660661
0.0204082	0.22449	0.00645882
0.0204082	0.265306	0.00628554
0.0204082	0.306122	0.00608744
0.0204082	0.346939	0.00586532
0.0204082	0.387755	0.00562005
0.0204082	0.428571	0.00535259
0.0204082	0.469388	0.00506401
0.0204082	0.510204	0.00475544
0.0204082	0.55102	0.0044281
0.0204082	0.591837	0.00408328
0.0204082	0.632653	0.00372234
0.0204082	0.673469	0.00334671
0.0204082	0.714286	0.00295786
0.0204082	0.755102	0.00255734
0.0204082	0.795918	0.00214673
0.0204082	0.836735	0.00172764
0.0204082	0.877551	0.00130173
0.0204082	0.918367	0.000870689
0.0204082	0.959184	0.000436205
0.0204082	1	0
0.0612245	-1	0.000433554
0.0612245	-0.959184	0.000865396
0.0612245	-0.918367	0.00129382
0.0612245	-0.877551	0.00171715
0.0612245	-0.836735	0.0021337
0.0612245	-0.795918	0.00254183
0.0612245	-0.755102	0.00293993
0.0612245	-0.714286	0.00332643
0.0612245	-0.673469	0.0036998
0.0612245	-0.632653	0.00405858
0.0612245	-0.591837	0.00440134
0.0612245	-0.55102	0.00472674
0.0612245	-0.510204	0.00503348
0.0612245	-0.469388	0.00532036
0.0612245	-0.428571	0.00558625
0.0612245	-0.387755	0.0058301
0.0612245	-0.346939	0.00605094
0.0612245	-0.306122	0.0062479
0.0612245	-0.265306	0.00642021
0.0612245	-0.22449	0.00656718
0.0612245	-0.183673	0.00668824
0.0612245	-0.142857	0.0067829
0.0612245	-0.102041	0.0068508
0.0612245	-0.0612245	0.00689166
0.0612245	-0.0204082	0.00690532
0.0612245	0.0204082	0.00689173
0.0612245	0.0612245	0.00685094
0.0612245	0.102041	0.00678311
0.0612245	0.142857	0.00668851
0.0612245	0.183673	0.00656751
0.0612245	0.22449	0.00642059
0.0612245	0.265306	0.00624833
0.0612245	0.306122	0.00605141
0.0612245	0.346939	0.00583061
0.0612245	0.387755	0.00558679
0.0612245	0.428571	0.00532091
0.0612245	0.469388	0.00503404
0.0612245	0.510204	0.00472729
0.0612245	0.55102	0.00440189
0.0612245	0.591837	0.00405911
0.0612245	0.632653	0.00370031
0.0612245	0.673469	0.0033269
0.0612245	0.714286	0.00294036
0.0612245	0.755102	0.00254221
0.0612245	0.795918	0.00213402
0.0612245	0.836735	0.00171742
0.0612245	0.877551	0.00129403
0.0612245	0.918367	0.000865535
0.0612245	0.959184	0.000433624
0.0612245	1	0
0.102041	-1	0.000429261
0.102041	-0.959184	0.000856829
0.102041	-0.918367	0.00128102
0.102041	-0.877551	0.00170015
0.102041	-0.836735	0.00211257
0.102041	-0.795918	0.00251666
0.102041	-0.755102	0.00291082
0.102041	-0.714286	0.00329349
0.102041	-0.673469	0.00366317
0.102041	-0.632653	0.0040184
0.102041	-0.591837	0.00435777
0.102041	-0.55102	0.00467994
0.102041	-0.510204	0.00498365
0.102041	-0.469388	0.00526769
0.102041	-0.428571	0.00553095
0.102041	-0.387755	0.00577238
0.102041	-0.346939	0.00599103
0.102041	-0.306122	0.00618605
0.102041	-0.265306	0.00635665
0.102041	-0.22449	0.00650216
0.102041	-0.183673	0.00662202
0.102041	-0.142857	0.00671575
0.102041	-0.102041	0.00678297
0.102041	-0.0612245	0.00682343
0.102041	-0.0204082	0.00683695
0.102041	0.0204082	0.0068235
0.102041	0.0612245	0.00678311
0.102041	0.102041	0.00671595
0.102041	0.142857	0.00662229
0.102041	0.183673	0.00650249
0.102041	0.22449	0.00635703
0.102041	0.265306	0.00618647
0.102041	0.306122	0.0059915
0.102041	0.346939	0.00577288
0.102041	0.387755	0.00553147
0.102041	0.428571	0.00526823
0.102041	0.469388	0.0049842
0.102041	0.510204	0.00468049
0.102041	0.55102	0.00435831
0.102041	0.591837	0.00401892
0.102041	0.632653	0.00366367
0.102041	0.673469	0.00329396
0.102041	0.714286	0.00291125
0.102041	0.755102	0.00251704
0.102041	0.795918	0.0021129
0.102041	0.836735	0.00170041
0.102041	0.877551	0.00128122
0.102041	0.918367	0.000856966
0.102041	0.959184	0.00042933
0.102041	1	0
0.142857	-1	0.000423274
0.142857	-0.959184	0.000844879
0.142857	-0.918367	0.00126315
0.142857	-0.877551	0.00167644
0.142857	-0.836735	0.00208311
0.142857	-0.795918	0.00248156
0.142857	-0.755102	0.00287022
0.142857	-0.714286	0.00324756
0.142857	-0.673469	0.00361208
0.142857	-0.632653	0.00396235
0.142857	-0.591837	0.00429699
0.142857	-0.55102	0.00461467
0.142857	-0.510204	0.00491414
0.142857	-0.469388	0.00519423
0.142857	-0.428571	0.00545381
0.142857	-0.387755	0.00569188
0.142857	-0.346939	0.00590748
0.142857	-0.306122	0.00609977
0.142857	-0.265306	0.006268
0.142857	-0.22449	0.00641148
0.142857	-0.183673	0.00652967
0.142857	-0.142857	0.00662209
0.142857	-0.102041	0.00668837
0.142857	-0.0612245	0.00672826
0.142857	-0.0204082	0.0067416
0.142857	0.0204082	0.00672833
0.142857	0.0612245	0.00668851
0.142857	0.102041	0.00662229
0.142857	0.142857	0.00652993
0.142857	0.183673	0.0064118
0.142857	0.22449	0.00626837
0.142857	0.265306	0.00610019
0.142857	0.306122	0.00590794
0.142857	0.346939	0.00569237
0.142857	0.387755	0.00545433
0.142857	0.428571	0.00519476
0.142857	0.469388	0.00491469
0.142857	0.510204	0.00461522
0.142857	0.55102	0.00429753
0.142857	0.591837	0.00396287
0.142857	0.632653	0.00361258
0.142857	0.673469	0.00324802
0.142857	0.714286	0.00287064
0.142857	0.755102	0.00248194
0.142857	0.795918	0.00208343
0.142857	0.836735	0.0016767
0.142857	0.877551	0.00126335
0.142857	0.918367	0.000845014
0.142857	0.959184	0.000423343
0.142857	1	0
0.183673	-1	0.000415617
0.183673	-0.959184	0.000829595
0.183673	-0.918367	0.0012403
0.183673	-0.877551	0.00164611
0.183673	-0.836735	0.00204542
0.183673	-0.795918	0.00243667
0.183673	-0.755102	0.0028183
0.183673	-0.714286	0.00318881
0.183673	-0.673469	0.00354674
0.183673	-0.632653	0.00389067
0.183673	-0.591837	0.00421926
0.183673	-0.55102	0.00453119
0.183673	-0.510204	0.00482525
0.183673	-0.469388	0.00510026
0.183673	-0.428571	0.00535515
0.183673	-0.387755	0.00558891
0.183673	-0.346939	0.00580061
0.183673	-0.306122	0.00598943
0.183673	-0.265306	0.00615461
0.183673	-0.22449	0.0062955
0.183673	-0.183673	0.00641155
0.183673	-0.142857	0.00650229
0.183673	-0.102041	0.00656738
0.183673	-0.0612245	0.00660655
0.183673	-0.0204082	0.00661964
0.183673	0.0204082	0.00660661
0.183673	0.0612245	0.00656751
0.183673	0.102041	0.00650249
0.183673	0.142857	0.0064118
0.183673	0.183673	0.00629581
0.183673	0.22449	0.00615497
0.183673	0.265306	0.00598984
0.183673	0.306122	0.00580106
0.183673	0.346939	0.00558939
0.183673	0.387755	0.00535566
0.183673	0.428571	0.00510079
0.183673	0.469388	0.00482578
0.183673	0.510204	0.00453172
0.183673	0.55102	0.00421978
0.183673	0.591837	0.00389118
0.183673	0.632653	0.00354722
0.183673	0.673469	0.00318926
0.183673	0.714286	0.00281871
0.183673	0.755102	0.00243704
0.183673	0.795918	0.00204574
0.183673	0.836735	0.00164637
0.183673	0.877551	0.0012405
0.183673	0.918367	0.000829728
0.183673	0.959184	0.000415684
0.183673	1	0
0.22449	-1	0.00040632
0.22449	-0.959184	0.000811036
0.22449	-0.918367	0.00121255
0.22449	-0.877551	0.00160929
0.22449	-0.836735	0.00199967
0.22449	-0.795918	0.00238216
0.22449	-0.755102	0.00275525
0.22449	-0.714286	0.00311748
0.22449	-0.673469	0.0034674
0.22449	-0.632653	0.00380364
0.22449	-0.591837	0.00412487
0.22449	-0.55102	0.00442983
0.22449	-0.510204	0.0047173
0.22449	-0.469388	0.00498616
0.22449	-0.428571	0.00523535
0.22449	-0.387755	0.00546388
0.22449	-0.346939	0.00567085
0.22449	-0.306122	0.00585544
0.22449	-0.265306	0.00601692
0.22449	-0.22449	0.00615466
0.22449	-0.183673	0.00626812
0.22449	-0.142857	0.00635683
0.22449	-0.102041	0.00642046
0.22449	-0.0612245	0.00645876
0.22449	-0.0204082	0.00647156
0.22449	0.0204082	0.00645882
0.22449	0.0612245	0.00642059
0.22449	0.102041	0.00635703
0.22449	0.142857	0.00626837
0.22449	0.183673	0.00615497
0.22449	0.22449	0.00601728
0.22449	0.265306	0.00585584
0.22449	0.306122	0.00567129
0.22449	0.346939	0.00546435
0.22449	0.387755	0.00523585
0.22449	0.428571	0.00498668
0.22449	0.469388	0.00471782
0.22449	0.510204	0.00443035
0.22449	0.55102	0.00412538
0.22449	0.591837	0.00380414
0.22449	0.632653	0.00346787
0.22449	0.673469	0.00311792
0.22449	0.714286	0.00275566
0.22449	0.755102	0.00238252
0.22449	0.795918	0.00199998
0.22449	0.836735	0.00160954
0.22449	0.877551	0.00121275
0.22449	0.918367	0.000811166
0.22449	0.959184	0.000406385
0.22449	1	0
0.265306	-1	0.000395418
0.265306	-0.959184	0.000789277
0.265306	-0.918367	0.00118002
0.265306	-0.877551	0.00156611
0.265306	-0.836735	0.00194602
0.265306	-0.795918	0.00231825
0.265306	-0.755102	0.00268133
0.265306	-0.714286	0.00303384
0.265306	-0.673469	0.00337437
0.265306	-0.632653	0.00370159
0.265306	-0.591837	0.0040142
0.265306	-0.55102	0.00431098
0.265306	-0.510204	0.00459074
0.265306	-0.469388	0.00485239
0.265306	-0.428571	0.00509489
0.265306	-0.387755	0.00531729
0.265306	-0.346939	0.0055187
0.265306	-0.306122	0.00569834
0.265306	-0.265306	0.00585549
0.265306	-0.22449	0.00598954
0.265306	-0.183673	0.00609995
0.265306	-0.142857	0.00618628
0.265306	-0.102041	0.00624821
0.265306	-0.0612245	0.00628547
0.265306	-0.0204082	0.00629793
0.265306	0.0204082	0.00628554
0.265306	0.0612245	0.00624833
0.265306	0.102041	0.00618647
0.265306	0.142857	0.00610019
0.265306	0.183673	0.00598984
0.265306	0.22449	0.00585584
0.265306	0.265306	0.00569874
0.265306	0.306122	0.00551913
0.265306	0.346939	0.00531775
0.265306	0.387755	0.00509538
0.265306	0.428571	0.00485289
0.265306	0.469388	0.00459125
0.265306	0.510204	0.00431148
0.265306	0.55102	0.0040147
0.265306	0.591837	0.00370207
0.265306	0.632653	0.00337483
0.265306	0.673469	0.00303427
0.265306	0.714286	0.00268173
0.265306	0.755102	0.0023186
0.265306	0.795918	0.00194632
0.265306	0.836735	0.00156635
0.265306	0.877551	0.00118021
0.265306	0.918367	0.000789403
0.265306	0.959184	0.000395482
0.265306	1	0
0.306122	-1	0.000382957
0.306122	-0.959184	0.000764402
0.306122	-0.918367	0.00114283
0.306122	-0.877551	0.00151675
0.306122	-0.836735	0.00188469
0.306122	-0.795918	0.00224519
0.306122	-0.755102	0.00259683
0.306122	-0.714286	0.00293822
0.306122	-0.673469	0.00326802
0.306122	-0.632653	0.00358493
0.306122	-0.591837	0.00388769
0.306122	-0.55102	0.00417511
0.306122	-0.510204	0.00444606
0.306122	-0.469388	0.00469946
0.306122	-0.428571	0.00493432
0.306122	-0.387755	0.00514971
0.306122	-0.346939	0.00534478
0.306122	-0.306122	0.00551875
0.306122	-0.265306	0.00567095
0.306122	-0.22449	0.00580077
0.306122	-0.183673	0.0059077
0.306122	-0.142857	0.00599132
0.306122	-0.102041	0.00605129
0.306122	-0.0612245	0.00608738
0.306122	-0.0204082	0.00609945
0.306122	0.0204082	0.00608744
0.306122	0.0612245	0.00605141
0.306122	0.102041	0.0059915
0.306122	0.142857	0.00590794
0.306122	0.183673	0.00580106
0.306122	0.22449	0.00567129
0.306122	0.265306	0.00551913
0.306122	0.306122	0.00534519
0.306122	0.346939	0.00515016
0.306122	0.387755	0.00493479
0.306122	0.428571	0.00469995
0.306122	0.469388	0.00444655
0.306122	0.510204	0.0041756
0.306122	0.55102	0.00388818
0.306122	0.591837	0.0035854
0.306122	0.632653	0.00326847
0.306122	0.673469	0.00293864
0.306122	0.714286	0.00259721
0.306122	0.755102	0.00224552
0.306122	0.795918	0.00188498
0.306122	0.836735	0.00151699
0.306122	0.877551	0.00114301
0.306122	0.918367	0.000764525
0.306122	0.959184	0.000383018
0.306122	1	0
0.346939	-1	0.000368983
0.346939	-0.959184	0.00073651
0.346939	-0.918367	0.00110113
0.346939	-0.877551	0.00146141
0.346939	-0.836735	0.00181592
0.346939	-0.795918	0.00216326
0.346939	-0.755102	0.00250207
0.346939	-0.714286	0.00283101
0.346939	-0.673469	0.00314878
0.346939	-0.632653	0.00345412
0.346939	-0.591837	0.00374584
0.346939	-0.55102	0.00402277
0.346939	-0.510204	0.00428383
0.346939	-0.469388	0.00452799
0.346939	-0.428571	0.00475428
0.346939	-0.387755	0.00496181
0.346939	-0.346939	0.00514976
0.346939	-0.306122	0.00531738
0.346939	-0.265306	0.00546403
0.346939	-0.22449	0.00558911
0.346939	-0.183673	0.00569214
0.346939	-0.142857	0.0057727
0.346939	-0.102041	0.00583049
0.346939	-0.0612245	0.00586526
0.346939	-0.0204082	0.00587689
0.346939	0.0204082	0.00586532
0.346939	0.0612245	0.00583061
0.346939	0.102041	0.00577288
0.346939	0.142857	0.00569237
0.346939	0.183673	0.00558939
0.346939	0.22449	0.00546435
0.346939	0.265306	0.00531775
0.346939	0.306122	0.00515016
0.346939	0.346939	0.00496224
0.346939	0.387755	0.00475473
0.346939	0.428571	0.00452845
0.346939	0.469388	0.0042843
0.346939	0.510204	0.00402324
0.346939	0.55102	0.0037463
0.346939	0.591837	0.00345457
0.346939	0.632653	0.00314921
0.346939	0.673469	0.00283141
0.346939	0.714286	0.00250244
0.346939	0.755102	0.00216359
0.346939	0.795918	0.0018162
0.346939	0.836735	0.00146164
0.346939	0.877551	0.00110131
0.346939	0.918367	0.000736628
0.346939	0.959184	0.000369043
0.346939	1	0
0.387755	-1	0.000353553
0.387755	-0.959184	0.000705711
0.387755	-0.918367	0.00105509
0.387755	-0.877551	0.0014003
0.387755	-0.836735	0.00173998
0.387755	-0.795918	0.0020728
0.387755	-0.755102	0.00239744
0.387755	-0.714286	0.00271263
0.387755	-0.673469	0.00301711
0.387755	-0.632653	0.00330968
0.387755	-0.591837	0.00358919
0.387755	-0.55102	0.00385455
0.387755	-0.510204	0.00410469
0.387755	-0.469388	0.00433864
0.387755	-0.428571	0.00455546
0.387755	-0.387755	0.00475432
0.387755	-0.346939	0.00493441
0.387755	-0.306122	0.00509503
0.387755	-0.265306	0.00523554
0.387755	-0.22449	0.00535539
0.387755	-0.183673	0.00545411
0.387755	-0.142857	0.00553131
0.387755	-0.102041	0.00558667
0.387755	-0.0612245	0.00561999
0.387755	-0.0204082	0.00563113
0.387755	0.0204082	0.00562005
0.387755	0.0612245	0.00558679
0.387755	0.102041	0.00553147
0.387755	0.142857	0.00545433
0.387755	0.183673	0.00535566
0.387755	0.22449	0.00523585
0.387755	0.265306	0.00509538
0.387755	0.306122	0.00493479
0.387755	0.346939	0.00475473
0.387755	0.387755	0.0045559
0.387755	0.428571	0.00433909
0.387755	0.469388	0.00410515
0.387755	0.510204	0.003855
0.387755	0.55102	0.00358964
0.387755	0.591837	0.00331011
0.387755	0.632653	0.00301752
0.387755	0.673469	0.00271301
0.387755	0.714286	0.00239779
0.387755	0.755102	0.00207311
0.387755	0.795918	0.00174025
0.387755	0.836735	0.00140052
0.387755	0.877551	0.00105525
0.387755	0.918367	0.000705825
0.387755	0.959184	0.00035361
0.387755	1	0
0.428571	-1	0.000336728
0.428571	-0.959184	0.000672127
0.428571	-0.918367	0.00100487
0.428571	-0.877551	0.00133366
0.428571	-0.836735	0.00165718
0.428571	-0.795918	0.00197416
0.428571	-0.755102	0.00228335
0.428571	-0.714286	0.00258353
0.428571	-0.673469	0.00287352
0.428571	-0.632653	0.00315217
0.428571	-0.591837	0.00341839
0.428571	-0.55102	0.00367111
0.428571	-0.510204	0.00390935
0.428571	-0.469388	0.00413216
0.428571	-0.428571	0.00433867
0.428571	-0.387755	0.00452806
0.428571	-0.346939	0.00469958
0.428571	-0.306122	0.00485256
0.428571	-0.265306	0.00498638
0.428571	-0.22449	0.00510053
0.428571	-0.183673	0.00519455
0.428571	-0.142857	0.00526807
0.428571	-0.102041	0.00532081
0.428571	-0.0612245	0.00535254
0.428571	-0.0204082	0.00536315
0.428571	0.0204082	0.00535259
0.428571	0.0612245	0.00532091
0.428571	0.102041	0.00526823
0.428571	0.142857	0.00519476
0.428571	0.183673	0.00510079
0.428571	0.22449	0.00498668
0.428571	0.265306	0.00485289
0.428571	0.306122	0.00469995
0.428571	0.346939	0.00452845
0.428571	0.387755	0.00433909
0.428571	0.428571	0.00413259
0.428571	0.469388	0.00390978
0.428571	0.510204	0.00367154
0.428571	0.55102	0.00341881
0.428571	0.591837	0.00315259
0.428571	0.632653	0.00287392
0.428571	0.673469	0.0025839
0.428571	0.714286	0.00228369
0.428571	0.755102	0.00197446
0.428571	0.795918	0.00165743
0.428571	0.836735	0.00133387
0.428571	0.877551	0.00100503
0.428571	0.918367	0.000672235
0.428571	0.959184	0.000336782
0.428571	1	0
0.469388	-1	0.000318573
0.469388	-0.959184	0.00063589
0.469388	-0.918367	0.000950697
0.469388	-0.877551	0.00126175
0.469388	-0.836735	0.00156783
0.469388	-0.795918	0.00186772
0.469388	-0.755102	0.00216025
0.469388	-0.714286	0.00244424
0.469388	-0.673469	0.0027186
0.469388	-0.632653	0.00298223
0.469388	-0.591837	0.00323409
0.469388	-0.55102	0.00347319
0.469388	-0.510204	0.00369858
0.469388	-0.469388	0.00390938
0.469388	-0.428571	0.00410476
0.469388	-0.387755	0.00428393
0.469388	-0.346939	0.00444621
0.469388	-0.306122	0.00459093
0.469388	-0.265306	0.00471754
0.469388	-0.22449	0.00482554
0.469388	-0.183673	0.00491449
0.469388	-0.142857	0.00498405
0.469388	-0.102041	0.00503394
0.469388	-0.0612245	0.00506396
0.469388	-0.0204082	0.005074
0.469388	0.0204082	0.00506401
0.469388	0.0612245	0.00503404
0.469388	0.102041	0.0049842
0.469388	0.142857	0.00491469
0.469388	0.183673	0.00482578
0.469388	0.22449	0.00471782
0.469388	0.265306	0.00459125
0.469388	0.306122	0.00444655
0.469388	0.346939	0.0042843
0.469388	0.387755	0.00410515
0.469388	0.428571	0.00390978
0.469388	0.469388	0.00369899
0.469388	0.510204	0.0034736
0.469388	0.55102	0.00323449
0.469388	0.591837	0.00298262
0.469388	0.632653	0.00271897
0.469388	0.673469	0.00244459
0.469388	0.714286	0.00216056
0.469388	0.755102	0.001868
0.469388	0.795918	0.00156807
0.469388	0.836735	0.00126195
0.469388	0.877551	0.000950848
0.469388	0.918367	0.000635992
0.469388	0.959184	0.000318625
0.469388	1	0
0.510204	-1	0.000299161
0.510204	-0.959184	0.000597142
0.510204	-0.918367	0.000892767
0.510204	-0.877551	0.00118487
0.510204	-0.836735	0.0014723
0.510204	-0.795918	0.00175391
0.510204	-0.755102	0.00202861
0.510204	-0.714286	0.00229531
0.510204	-0.673469	0.00255294
0.510204	-0.632653	0.00280051
0.510204	-0.591837	0.00303702
0.510204	-0.55102	0.00326155
0.510204	-0.510204	0.00347321
0.510204	-0.469388	0.00367117
0.510204	-0.428571	0.00385464
0.510204	-0.387755	0.00402289
0.510204	-0.346939	0.00417528
0.510204	-0.306122	0.00431119
0.510204	-0.265306	0.00443008
0.510204	-0.22449	0.0045315
0.510204	-0.183673	0.00461503
0.510204	-0.142857	0.00468035
0.510204	-0.102041	0.0047272
0.510204	-0.0612245	0.00475539
0.510204	-0.0204082	0.00476482
0.510204	0.0204082	0.00475544
0.510204	0.0612245	0.00472729
0.510204	0.102041	0.00468049
0.510204	0.142857	0.00461522
0.510204	0.183673	0.00453172
0.510204	0.22449	0.00443035
0.510204	0.265306	0.00431148
0.510204	0.306122	0.0041756
0.510204	0.346939	0.00402324
0.510204	0.387755	0.003855
0.510204	0.428571	0.00367154
0.510204	0.469388	0.0034736
0.510204	0.510204	0.00326193
0.510204	0.55102	0.0030374
0.510204	0.591837	0.00280087
0.510204	0.632653	0.00255329
0.510204	0.673469	0.00229563
0.510204	0.714286	0.00202891
0.510204	0.755102	0.00175418
0.510204	0.795918	0.00147252
0.510204	0.836735	0.00118505
0.510204	0.877551	0.000892909
0.510204	0.918367	0.000597238
0.510204	0.959184	0.00029921
0.510204	1	0
0.55102	-1	0.000278568
0.55102	-0.959184	0.000556038
0.55102	-0.918367	0.000831313
0.55102	-0.877551	0.00110331
0.55102	-0.836735	0.00137095
0.55102	-0.795918	0.00163318
0.55102	-0.755102	0.00188897
0.55102	-0.714286	0.00213731
0.55102	-0.673469	0.00237721
0.55102	-0.632653	0.00260773
0.55102	-0.591837	0.00282797
0.55102	-0.55102	0.00303704
0.55102	-0.510204	0.00323413
0.55102	-0.469388	0.00341846
0.55102	-0.428571	0.0035893
0.55102	-0.387755	0.00374598
0.55102	-0.346939	0.00388787
0.55102	-0.306122	0.00401443
0.55102	-0.265306	0.00412514
0.55102	-0.22449	0.00421957
0.55102	-0.183673	0.00429735
0.55102	-0.142857	0.00435818
0.55102	-0.102041	0.0044018
0.55102	-0.0612245	0.00442805
0.55102	-0.0204082	0.00443683
0.55102	0.0204082	0.0044281
0.55102	0.0612245	0.00440189
0.55102	0.102041	0.00435831
0.55102	0.142857	0.00429753
0.55102	0.183673	0.00421978
0.55102	0.22449	0.00412538
0.55102	0.265306	0.0040147
0.55102	0.306122	0.00388818
0.55102	0.346939	0.0037463
0.55102	0.387755	0.00358964
0.55102	0.428571	0.00341881
0.55102	0.469388	0.00323449
0.55102	0.510204	0.0030374
0.55102	0.55102	0.00282832
0.55102	0.591837	0.00260807
0.55102	0.632653	0.00237754
0.55102	0.673469	0.00213761
0.55102	0.714286	0.00188925
0.55102	0.755102	0.00163343
0.55102	0.795918	0.00137116
0.55102	0.836735	0.00110348
0.55102	0.877551	0.000831445
0.55102	0.918367	0.000556127
0.55102	0.959184	0.000278613
0.55102	1	0
0.591837	-1	0.000256876
0.591837	-0.959184	0.000512738
0.591837	-0.918367	0.000766578
0.591837	-0.877551	0.00101739
0.591837	-0.836735	0.00126419
0.591837	-0.795918	0.00150601
0.591837	-0.755102	0.00174188
0.591837	-0.714286	0.00197087
0.591837	-0.673469	0.00219209
0.591837	-0.632653	0.00240467
0.591837	-0.591837	0.00260775
0.591837	-0.55102	0.00280054
0.591837	-0.510204	0.00298229
0.591837	-0.469388	0.00315226
0.591837	-0.428571	0.0033098
0.591837	-0.387755	0.00345427
0.591837	-0.346939	0.00358512
0.591837	-0.306122	0.00370182
0.591837	-0.265306	0.00380391
0.591837	-0.22449	0.00389099
0.591837	-0.183673	0.00396271
0.591837	-0.142857	0.0040188
0.591837	-0.102041	0.00405903
0.591837	-0.0612245	0.00408324
0.591837	-0.0204082	0.00409133
0.591837	0.0204082	0.00408328
0.591837	0.0612245	0.00405911
0.591837	0.102041	0.00401892
0.591837	0.142857	0.00396287
0.591837	0.183673	0.00389118
0.591837	0.22449	0.00380414
0.591837	0.265306	0.00370207
0.591837	0.306122	0.0035854
0.591837	0.346939	0.00345457
0.591837	0.387755	0.00331011
0.591837	0.428571	0.00315259
0.591837	0.469388	0.00298262
0.591837	0.510204	0.00280087
0.591837	0.55102	0.00260807
0.591837	0.591837	0.00240498
0.591837	0.632653	0.00219239
0.591837	0.673469	0.00197115
0.591837	0.714286	0.00174213
0.591837	0.755102	0.00150623
0.591837	0.795918	0.00126439
0.591837	0.836735	0.00101755
0.591837	0.877551	0.0007667
0.591837	0.918367	0.000512821
0.591837	0.959184	0.000256917
0.591837	1	0
0.632653	-1	0.00023417
0.632653	-0.959184	0.000467415
0.632653	-0.918367	0.000698817
0.632653	-0.877551	0.000927461
0.632653	-0.836735	0.00115245
0.632653	-0.795918	0.00137288
0.632653	-0.755102	0.0015879
0.632653	-0.714286	0.00179666
0.632653	-0.673469	0.00199833
0.632653	-0.632653	0.00219211
0.632653	-0.591837	0.00237724
0.632653	-0.55102	0.00255299
0.632653	-0.510204	0.00271867
0.632653	-0.469388	0.00287362
0.632653	-0.428571	0.00301723
0.632653	-0.387755	0.00314894
0.632653	-0.346939	0.00326822
0.632653	-0.306122	0.0033746
0.632653	-0.265306	0.00346766
0.632653	-0.22449	0.00354705
0.632653	-0.183673	0.00361243
0.632653	-0.142857	0.00366356
0.632653	-0.102041	0.00370023
0.632653	-0.0612245	0.0037223
0.632653	-0.0204082	0.00372968
0.632653	0.0204082	0.00372234
0.632653	0.0612245	0.00370031
0.632653	0.102041	0.00366367
0.632653	0.142857	0.00361258
0.632653	0.183673	0.00354722
0.632653	0.22449	0.00346787
0.632653	0.265306	0.00337483
0.632653	0.306122	0.00326847
0.632653	0.346939	0.00314921
0.632653	0.387755	0.00301752
0.632653	0.428571	0.00287392
0.632653	0.469388	0.00271897
0.632653	0.510204	0.00255329
0.632653	0.55102	0.00237754
0.632653	0.591837	0.00219239
0.632653	0.632653	0.0019986
0.632653	0.673469	0.00179691
0.632653	0.714286	0.00158814
0.632653	0.755102	0.00137309
0.632653	0.795918	0.00115262
0.632653	0.836735	0.000927606
0.632653	0.877551	0.000698928
0.632653	0.918367	0.00046749
0.632653	0.959184	0.000234207
0.632653	1	0
0.673469	-1	0.000210539
0.673469	-0.959184	0.000420247
0.673469	-0.918367	0.000628297
0.673469	-0.877551	0.000833868
0.673469	-0.836735	0.00103615
0.673469	-0.795918	0.00123434
0.673469	-0.755102	0.00142766
0.673469	-0.714286	0.00161535
0.673469	-0.673469	0.00179667
0.673469	-0.632653	0.0019709
0.673469	-0.591837	0.00213734
0.673469	-0.55102	0.00229536
0.673469	-0.510204	0.00244432
0.673469	-0.469388	0.00258363
0.673469	-0.428571	0.00271275
0.673469	-0.387755	0.00283117
0.673469	-0.346939	0.00293841
0.673469	-0.306122	0.00303406
0.673469	-0.265306	0.00311773
0.673469	-0.22449	0.0031891
0.673469	-0.183673	0.00324789
0.673469	-0.142857	0.00329386
0.673469	-0.102041	0.00332683
0.673469	-0.0612245	0.00334667
0.673469	-0.0204082	0.00335331
0.673469	0.0204082	0.00334671
0.673469	0.0612245	0.0033269
0.673469	0.102041	0.00329396
0.673469	0.142857	0.00324802
0.673469	0.183673	0.00318926
0.673469	0.22449	0.00311792
0.673469	0.265306	0.00303427
0.673469	0.306122	0.00293864
0.673469	0.346939	0.00283141
0.673469	0.387755	0.00271301
0.673469	0.428571	0.0025839
0.673469	0.469388	0.00244459
0.673469	0.510204	0.00229563
0.673469	0.55102	0.00213761
0.673469	0.591837	0.00197115
0.673469	0.632653	0.00179691
0.673469	0.673469	0.00161558
0.673469	0.714286	0.00142787
0.673469	0.755102	0.00123453
0.673469	0.795918	0.00103631
0.673469	0.836735	0.000833999
0.673469	0.877551	0.000628397
0.673469	0.918367	0.000420314
0.673469	0.959184	0.000210573
0.673469	1	0
0.714286	-1	0.000186077
0.714286	-0.959184	0.00037142
0.714286	-0.918367	0.000555297
0.714286	-0.877551	0.000736984
0.714286	-0.836735	0.000915762
0.714286	-0.795918	0.00109093
0.714286	-0.755102	0.00126179
0.714286	-0.714286	0.00142767
0.714286	-0.673469	0.00158792
0.714286	-0.632653	0.0017419
0.714286	-0.591837	0.00188901
0.714286	-0.55102	0.00202867
0.714286	-0.510204	0.00216032
0.714286	-0.469388	0.00228345
0.714286	-0.428571	0.00239757
0.714286	-0.387755	0.00250222
0.714286	-0.346939	0.00259701
0.714286	-0.306122	0.00268154
0.714286	-0.265306	0.00275549
0.714286	-0.22449	0.00281857
0.714286	-0.183673	0.00287053
0.714286	-0.142857	0.00291116
0.714286	-0.102041	0.0029403
0.714286	-0.0612245	0.00295783
0.714286	-0.0204082	0.0029637
0.714286	0.0204082	0.00295786
0.714286	0.0612245	0.00294036
0.714286	0.102041	0.00291125
0.714286	0.142857	0.00287064
0.714286	0.183673	0.00281871
0.714286	0.22449	0.00275566
0.714286	0.265306	0.00268173
0.714286	0.306122	0.00259721
0.714286	0.346939	0.00250244
0.714286	0.387755	0.00239779
0.714286	0.428571	0.00228369
0.714286	0.469388	0.00216056
0.714286	0.510204	0.00202891
0.714286	0.55102	0.00188925
0.714286	0.591837	0.00174213
0.714286	0.632653	0.00158814
0.714286	0.673469	0.00142787
0.714286	0.714286	0.00126197
0.714286	0.755102	0.00109109
0.714286	0.795918	0.000915903
0.714286	0.836735	0.000737099
0.714286	0.877551	0.000555385
0.714286	0.918367	0.000371479
0.714286	0.959184	0.000186107
0.714286	1	0
0.755102	-1	0.000160881
0.755102	-0.959184	0.000321127
0.755102	-0.918367	0.000480105
0.755102	-0.877551	0.00063719
0.755102	-0.836735	0.00079176
0.755102	-0.795918	0.000943207
0.755102	-0.755102	0.00109093
0.755102	-0.714286	0.00123435
0.755102	-0.673469	0.0013729
0.755102	-0.632653	0.00150604
0.755102	-0.591837	0.00163323
0.755102	-0.55102	0.00175397
0.755102	-0.510204	0.0018678
0.755102	-0.469388	0.00197425
0.755102	-0.428571	0.00207292
0.755102	-0.387755	0.0021634
0.755102	-0.346939	0.00224535
0.755102	-0.306122	0.00231844
0.755102	-0.265306	0.00238238
0.755102	-0.22449	0.00243691
0.755102	-0.183673	0.00248184
0.755102	-0.142857	0.00251696
0.755102	-0.102041	0.00254216
0.755102	-0.0612245	0.00255732
0.755102	-0.0204082	0.00256239
0.755102	0.0204082	0.00255734
0.755102	0.0612245	0.00254221
0.755102	0.102041	0.00251704
0.755102	0.142857	0.00248194
0.755102	0.183673	0.00243704
0.755102	0.22449	0.00238252
0.755102	0.265306	0.0023186
0.755102	0.306122	0.00224552
0.755102	0.346939	0.00216359
0.755102	0.387755	0.00207311
0.755102	0.428571	0.00197446
0.755102	0.469388	0.001868
0.755102	0.510204	0.00175418
0.755102	0.55102	0.00163343
0.755102	0.591837	0.00150623
0.755102	0.632653	0.00137309
0.755102	0.673469	0.00123453
0.755102	0.714286	0.00109109
0.755102	0.755102	0.000943349
0.755102	0.795918	0.000791882
0.755102	0.836735	0.00063729
0.755102	0.877551	0.000480182
0.755102	0.918367	0.000321178
0.755102	0.959184	0.000160907
0.755102	1	0
0.795918	-1	0.000135049
0.795918	-0.959184	0.000269566
0.795918	-0.918367	0.000403018
0.795918	-0.877551	0.000534881
0.795918	-0.836735	0.000664633
0.795918	-0.795918	0.000791763
0.795918	-0.755102	0.000915769
0.795918	-0.714286	0.00103616
0.795918	-0.673469	0.00115247
0.795918	-0.632653	0.00126422
0.795918	-0.591837	0.00137099
0.795918	-0.55102	0.00147235
0.795918	-0.510204	0.0015679
0.795918	-0.469388	0.00165726
0.795918	-0.428571	0.00174008
0.795918	-0.387755	0.00181604
0.795918	-0.346939	0.00188483
0.795918	-0.306122	0.00194618
0.795918	-0.265306	0.00199986
0.795918	-0.22449	0.00204564
0.795918	-0.183673	0.00208335
0.795918	-0.142857	0.00211283
0.795918	-0.102041	0.00213398
0.795918	-0.0612245	0.00214671
0.795918	-0.0204082	0.00215096
0.795918	0.0204082	0.00214673
0.795918	0.0612245	0.00213402
0.795918	0.102041	0.0021129
0.795918	0.142857	0.00208343
0.795918	0.183673	0.00204574
0.795918	0.22449	0.00199998
0.795918	0.265306	0.00194632
0.795918	0.306122	0.00188498
0.795918	0.346939	0.0018162
0.795918	0.387755	0.00174025
0.795918	0.428571	0.00165743
0.795918	0.469388	0.00156807
0.795918	0.510204	0.00147252
0.795918	0.55102	0.00137116
0.795918	0.591837	0.00126439
0.795918	0.632653	0.00115262
0.795918	0.673469	0.00103631
0.795918	0.714286	0.000915903
0.795918	0.755102	0.000791882
0.795918	0.795918	0.000664736
0.795918	0.836735	0.000534965
0.795918	0.877551	0.000403082
0.795918	0.918367	0.000269609
0.795918	0.959184	0.000135071
0.795918	1	0
0.836735	-1	0.000108685
0.836735	-0.959184	0.000216941
0.836735	-0.918367	0.000324341
0.836735	-0.877551	0.000430461
0.836735	-0.836735	0.000534883
0.836735	-0.795918	0.000637194
0.836735	-0.755102	0.000736991
0.836735	-0.714286	0.00083388
0.836735	-0.673469	0.00092748
0.836735	-0.632653	0.00101742
0.836735	-0.591837	0.00110334
0.836735	-0.55102	0.00118492
0.836735	-0.510204	0.00126181
0.836735	-0.469388	0.00133373
0.836735	-0.428571	0.00140038
0.836735	-0.387755	0.00146151
0.836735	-0.346939	0.00151687
0.836735	-0.306122	0.00156625
0.836735	-0.265306	0.00160944
0.836735	-0.22449	0.00164629
0.836735	-0.183673	0.00167663
0.836735	-0.142857	0.00170036
0.836735	-0.102041	0.00171738
0.836735	-0.0612245	0.00172763
0.836735	-0.0204082	0.00173105
0.836735	0.0204082	0.00172764
0.836735	0.0612245	0.00171742
0.836735	0.102041	0.00170041
0.836735	0.142857	0.0016767
0.836735	0.183673	0.00164637
0.836735	0.22449	0.00160954
0.836735	0.265306	0.00156635
0.836735	0.306122	0.00151699
0.836735	0.346939	0.00146164
0.836735	0.387755	0.00140052
0.836735	0.428571	0.00133387
0.836735	0.469388	0.00126195
0.836735	0.510204	0.00118505
0.836735	0.55102	0.00110348
0.836735	0.591837	0.00101755
0.836735	0.632653	0.000927606
0.836735	0.673469	0.000833999
0.836735	0.714286	0.000737099
0.836735	0.755102	0.00063729
0.836735	0.795918	0.000534965
0.836735	0.836735	0.000430528
0.836735	0.877551	0.000324392
0.836735	0.918367	0.000216975
0.836735	0.959184	0.000108702
0.836735	1	0
0.877551	-1	8.18912e-05
0.877551	-0.959184	0.000163459
0.877551	-0.918367	0.000244382
0.877551	-0.877551	0.000324341
0.877551	-0.836735	0.000403021
0.877551	-0.795918	0.00048011
0.877551	-0.755102	0.000555304
0.877551	-0.714286	0.000628308
0.877551	-0.673469	0.000698832
0.877551	-0.632653	0.000766599
0.877551	-0.591837	0.000831342
0.877551	-0.55102	0.000892804
0.877551	-0.510204	0.000950743
0.877551	-0.469388	0.00100493
0.877551	-0.428571	0.00105515
0.877551	-0.387755	0.00110121
0.877551	-0.346939	0.00114292
0.877551	-0.306122	0.00118013
0.877551	-0.265306	0.00121267
0.877551	-0.22449	0.00124043
0.877551	-0.183673	0.0012633
0.877551	-0.142857	0.00128118
0.877551	-0.102041	0.001294
0.877551	-0.0612245	0.00130172
0.877551	-0.0204082	0.0013043
0.877551	0.0204082	0.00130173
0.877551	0.0612245	0.00129403
0.877551	0.102041	0.00128122
0.877551	0.142857	0.00126335
0.877551	0.183673	0.0012405
0.877551	0.22449	0.00121275
0.877551	0.265306	0.00118021
0.877551	0.306122	0.00114301
0.877551	0.346939	0.00110131
0.877551	0.387755	0.00105525
0.877551	0.428571	0.00100503
0.877551	0.469388	0.000950848
0.877551	0.510204	0.000892909
0.877551	0.55102	0.000831445
0.877551	0.591837	0.0007667
0.877551	0.632653	0.000698928
0.877551	0.673469	0.000628397
0.877551	0.714286	0.000555385
0.877551	0.755102	0.000480182
0.877551	0.795918	0.000403082
0.877551	0.836735	0.000324392
0.877551	0.877551	0.000244421
0.877551	0.918367	0.000163486
0.877551	0.959184	8.19044e-05
0.877551	1	0
0.918367	-1	5.47744e-05
0.918367	-0.959184	0.000109333
0.918367	-0.918367	0.00016346
0.918367	-0.877551	0.000216941
0.918367	-0.836735	0.000269567
0.918367	-0.795918	0.00032113
0.918367	-0.755102	0.000371425
0.918367	-0.714286	0.000420255
0.918367	-0.673469	0.000467426
0.918367	-0.632653	0.000512754
0.918367	-0.591837	0.000556058
0.918367	-0.55102	0.000597168
0.918367	-0.510204	0.000635921
0.918367	-0.469388	0.000672165
0.918367	-0.428571	0.000705757
0.918367	-0.387755	0.000736565
0.918367	-0.346939	0.000764465
0.918367	-0.306122	0.000789349
0.918367	-0.265306	0.000811118
0.918367	-0.22449	0.000829686
0.918367	-0.183673	0.00084498
0.918367	-0.142857	0.00085694
0.918367	-0.102041	0.000865518
0.918367	-0.0612245	0.00087068
0.918367	-0.0204082	0.000872406
0.918367	0.0204082	0.000870689
0.918367	0.0612245	0.000865535
0.918367	0.102041	0.000856966
0.918367	0.142857	0.000845014
0.918367	0.183673	0.000829728
0.918367	0.22449	0.000811166
0.918367	0.265306	0.000789403
0.918367	0.306122	0.000764525
0.918367	0.346939	0.000736628
0.918367	0.387755	0.000705825
0.918367	0.428571	0.000672235
0.918367	0.469388	0.000635992
0.918367	0.510204	0.000597238
0.918367	0.55102	0.000556127
0.918367	0.591837	0.000512821
0.918367	0.632653	0.00046749
0.918367	0.673469	0.000420314
0.918367	0.714286	0.000371479
0.918367	0.755102	0.000321178
0.918367	0.795918	0.000269609
0.918367	0.836735	0.000216975
0.918367	0.877551	0.000163486
0.918367	0.918367	0.00010935
0.918367	0.959184	5.47832e-05
0.918367	1	0
0.959184	-1	2.74414e-05
0.959184	-0.959184	5.47744e-05
0.959184	-0.918367	8.18914e-05
0.959184	-0.877551	0.000108685
0.959184	-0.836735	0.00013505
0.959184	-0.795918	0.000160882
0.959184	-0.755102	0.00018608
0.959184	-0.714286	0.000210543
0.959184	-0.673469	0.000234175
0.959184	-0.632653	0.000256884
0.959184	-0.591837	0.000278579
0.959184	-0.55102	0.000299174
0.959184	-0.510204	0.000318589
0.959184	-0.469388	0.000336747
0.959184	-0.428571	0.000353577
0.959184	-0.387755	0.000369011
0.959184	-0.346939	0.000382989
0.959184	-0.306122	0.000395455
0.959184	-0.265306	0.000406361
0.959184	-0.22449	0.000415664
0.959184	-0.183673	0.000423326
0.959184	-0.142857	0.000429317
0.959184	-0.102041	0.000433615
0.959184	-0.0612245	0.000436201
0.959184	-0.0204082	0.000437066
0.959184	0.0204082	0.000436205
0.959184	0.0612245	0.000433624
0.959184	0.102041	0.00042933
0.959184	0.142857	0.000423343
0.959184	0.183673	0.000415684
0.959184	0.22449	0.000406385
0.959184	0.265306	0.000395482
0.959184	0.306122	0.000383018
0.959184	0.346939	0.000369043
0.959184	0.387755	0.00035361
0.959184	0.428571	0.000336782
0.959184	0.469388	0.000318625
0.959184	0.510204	0.00029921
0.959184	0.55102	0.000278613
0.959184	0.591837	0.000256917
0.959184	0.632653	0.000234207
0.959184	0.673469	0.000210573
0.959184	0.714286	0.000186107
0.959184	0.755102	0.000160907
0.959184	0.795918	0.000135071
0.959184	0.836735	0.000108702
0.959184	0.877551	8.19044e-05
0.959184	0.918367	5.47832e-05
0.959184	0.959184	2.74458e-05
0.959184	1	0
1	-1	0
1	-0.959184	0
1	-0.918367	0
1	-0.877551	0
1	-0.836735	0
1	-0.795918	0
1	-0.755102	0
1	-0.714286	0
1	-0.673469	0
1	-0.632653	0
1	-0.591837	0
1	-0.55102	0
1	-0.510204	0
1	-0.469388	0
1	-0.428571	0
1	-0.387755	0
1	-0.346939	0
1	-0.306122	0
1	-0.265306	0
1	-0.22449	0
1	-0.183673	0
1	-0.142857	0
1	-0.102041	0
1	-0.0612245	0
1	-0.0204082	0
1	0.0204082	0
1	0.0612245	0
1	0.102041	0
1	0.142857	0
1	0.183673	0
1	0.22449	0
1	0.265306	0
1	0.306122	0
1	0.346939	0
1	0.387755	0
1	0.428571	0
1	0.469388	0
1	0.510204	0
1	0.55102	0
1	0.591837	0
1	0.632653	0
1	0.673469	0
1	0.714286	0
1	0.755102	0
1	0.795918	0
1	0.836735	0
1	0.877551	0
1	0.918367	0
1	0.959184	0
1	1	0
