-1	-1	0.000705426
-1	-0.959184	0.00142568
-1	-0.918367	0.00217481
-1	-0.877551	0.00296534
-1	-0.836735	0.00380755
-1	-0.795918	0.00470896
-1	-0.755102	0.00567382
-1	-0.714286	0.00670282
-1	-0.673469	0.00779299
-1	-0.632653	0.00893771
-1	-0.591837	0.010127
-1	-0.55102	0.0113477
-1	-0.510204	0.0125843
-1	-0.469388	0.0138195
-1	-0.428571	0.0150346
-1	-0.387755	0.0162106
-1	-0.346939	0.0173287
-1	-0.306122	0.0183708
-1	-0.265306	0.0193202
-1	-0.22449	0.0201621
-1	-0.183673	0.0208834
-1	-0.142857	0.0214733
-1	-0.102041	0.0219231
-1	-0.0612245	0.0222265
-1	-0.0204082	0.0223792
-1	0.0204082	0.0223792
-1	0.0612245	0.0222263
-1	0.102041	0.0219227
-1	0.142857	0.0214726
-1	0.183673	0.0208823
-1	0.22449	0.0201604
-1	0.265306	0.0193175
-1	0.306122	0.0183666
-1	0.346939	0.0173224
-1	0.387755	0.0162013
-1	0.428571	0.015021
-1	0.469388	0.0137998
-1	0.510204	0.0125562
-1	0.55102	0.0113081
-1	0.591837	0.0100719
-1	0.632653	0.00886219
-1	0.673469	0.00769078
-1	0.714286	0.00656635
-1	0.755102	0.00549405
-1	0.795918	0.00447535
-1	0.836735	0.00350808
-1	0.877551	0.00258663
-1	0.918367	0.00170242
-1	0.959184	0.000844435
-1	1	0
-0.959184	-1	0.00142568
-0.959184	-0.959184	0.00288133
-0.959184	-0.918367	0.00439534
-0.959184	-0.877551	0.00599298
-0.959184	-0.836735	0.00769508
-0.959184	-0.795918	0.0095168
-0.959184	-0.755102	0.0114667
-0.959184	-0.714286	0.0135463
-0.959184	-0.673469	0.0157494
-0.959184	-0.632653	0.0180628
-0.959184	-0.591837	0.0204662
-0.959184	-0.55102	0.0229332
-0.959184	-0.510204	0.0254323
-0.959184	-0.469388	0.0279285
-0.959184	-0.428571	0.0303841
-0.959184	-0.387755	0.0327607
-0.959184	-0.346939	0.0350202
-0.959184	-0.306122	0.0371262
-0.959184	-0.265306	0.0390449
-0.959184	-0.22449	0.0407463
-0.959184	-0.183673	0.0422039
-0.959184	-0.142857	0.043396
-0.959184	-0.102041	0.0443051
-0.959184	-0.0612245	0.0449182
-0.959184	-0.0204082	0.0452269
-0.959184	0.0204082	0.0452267
-0.959184	0.0612245	0.0449178
-0.959184	0.102041	0.0443042
-0.959184	0.142857	0.0433946
-0.959184	0.183673	0.0422017
-0.959184	0.22449	0.0407427
-0.959184	0.265306	0.0390395
-0.959184	0.306122	0.0371178
-0.959184	0.346939	0.0350076
-0.959184	0.387755	0.0327419
-0.959184	0.428571	0.0303566
-0.959184	0.469388	0.0278887
-0.959184	0.510204	0.0253755
-0.959184	0.55102	0.0228531
-0.959184	0.591837	0.0203549
-0.959184	0.632653	0.0179102
-0.959184	0.673469	0.0155429
-0.959184	0.714286	0.0132704
-0.959184	0.755102	0.0111034
-0.959184	0.795918	0.00904464
-0.959184	0.836735	0.00708981
-0.959184	0.877551	0.00522758
-0.959184	0.918367	0.00344059
-0.959184	0.959184	0.00170661
-0.959184	1	0
-0.918367	-1	0.00217481
-0.918367	-0.959184	0.00439534
-0.918367	-0.918367	0.00670486
-0.918367	-0.877551	0.00914194
-0.918367	-0.836735	0.0117383
-0.918367	-0.795918	0.0145172
-0.918367	-0.755102	0.0174915
-0.918367	-0.714286	0.0206636
-0.918367	-0.673469	0.0240242
-0.918367	-0.632653	0.0275529
-0.918367	-0.591837	0.0312188
-0.918367	-0.55102	0.0349817
-0.918367	-0.510204	0.0387937
-0.918367	-0.469388	0.0426011
-0.918367	-0.428571	0.0463467
-0.918367	-0.387755	0.0499717
-0.918367	-0.346939	0.0534182
-0.918367	-0.306122	0.0566304
-0.918367	-0.265306	0.0595572
-0.918367	-0.22449	0.0621522
-0.918367	-0.183673	0.0643755
-0.918367	-0.142857	0.0661938
-0.918367	-0.102041	0.0675805
-0.918367	-0.0612245	0.0685157
-0.918367	-0.0204082	0.0689865
-0.918367	0.0204082	0.0689863
-0.918367	0.0612245	0.0685151
-0.918367	0.102041	0.0675792
-0.918367	0.142857	0.0661917
-0.918367	0.183673	0.0643721
-0.918367	0.22449	0.0621468
-0.918367	0.265306	0.0595488
-0.918367	0.306122	0.0566177
-0.918367	0.346939	0.0533989
-0.918367	0.387755	0.0499431
-0.918367	0.428571	0.0463048
-0.918367	0.469388	0.0425404
-0.918367	0.510204	0.038707
-0.918367	0.55102	0.0348596
-0.918367	0.591837	0.031049
-0.918367	0.632653	0.02732
-0.918367	0.673469	0.023709
-0.918367	0.714286	0.0202428
-0.918367	0.755102	0.0169372
-0.918367	0.795918	0.0137969
-0.918367	0.836735	0.010815
-0.918367	0.877551	0.00797431
-0.918367	0.918367	0.0052484
-0.918367	0.959184	0.00260332
-0.918367	1	0
-0.877551	-1	0.00296534
-0.877551	-0.959184	0.00599298
-0.877551	-0.918367	0.00914194
-0.877551	-0.877551	0.0124648
-0.877551	-0.836735	0.0160048
-0.877551	-0.795918	0.0197935
-0.877551	-0.755102	0.0238488
-0.877551	-0.714286	0.0281735
-0.877551	-0.673469	0.0327552
-0.877551	-0.632653	0.037566
-0.877551	-0.591837	0.0425639
-0.877551	-0.55102	0.047694
-0.877551	-0.510204	0.052891
-0.877551	-0.469388	0.0580817
-0.877551	-0.428571	0.0631881
-0.877551	-0.387755	0.0681302
-0.877551	-0.346939	0.0728287
-0.877551	-0.306122	0.0772081
-0.877551	-0.265306	0.0811981
-0.877551	-0.22449	0.084736
-0.877551	-0.183673	0.0877671
-0.877551	-0.142857	0.0902461
-0.877551	-0.102041	0.0921365
-0.877551	-0.0612245	0.0934116
-0.877551	-0.0204082	0.0940534
-0.877551	0.0204082	0.0940531
-0.877551	0.0612245	0.0934107
-0.877551	0.102041	0.0921348
-0.877551	0.142857	0.0902432
-0.877551	0.183673	0.0877625
-0.877551	0.22449	0.0847286
-0.877551	0.265306	0.0811867
-0.877551	0.306122	0.0771907
-0.877551	0.346939	0.0728025
-0.877551	0.387755	0.0680912
-0.877551	0.428571	0.0631309
-0.877551	0.469388	0.0579989
-0.877551	0.510204	0.0527728
-0.877551	0.55102	0.0475274
-0.877551	0.591837	0.0423324
-0.877551	0.632653	0.0372484
-0.877551	0.673469	0.0323253
-0.877551	0.714286	0.0275996
-0.877551	0.755102	0.0230928
-0.877551	0.795918	0.0188113
-0.877551	0.836735	0.0147457
-0.877551	0.877551	0.0108726
-0.877551	0.918367	0.007156
-0.877551	0.959184	0.00354954
-0.877551	1	0
-0.836735	-1	0.00380755
-0.836735	-0.959184	0.00769508
-0.836735	-0.918367	0.0117383
-0.836735	-0.877551	0.0160048
-0.836735	-0.836735	0.02055
-0.836735	-0.795918	0.0254145
-0.836735	-0.755102	0.0306211
-0.836735	-0.714286	0.0361736
-0.836735	-0.673469	0.0420559
-0.836735	-0.632653	0.0482324
-0.836735	-0.591837	0.0546489
-0.836735	-0.55102	0.0612352
-0.836735	-0.510204	0.0679072
-0.836735	-0.469388	0.0745713
-0.836735	-0.428571	0.081127
-0.836735	-0.387755	0.0874717
-0.836735	-0.346939	0.0935039
-0.836735	-0.306122	0.0991262
-0.836735	-0.265306	0.104249
-0.836735	-0.22449	0.108791
-0.836735	-0.183673	0.112682
-0.836735	-0.142857	0.115865
-0.836735	-0.102041	0.118292
-0.836735	-0.0612245	0.119929
-0.836735	-0.0204082	0.120753
-0.836735	0.0204082	0.120752
-0.836735	0.0612245	0.119928
-0.836735	0.102041	0.11829
-0.836735	0.142857	0.115861
-0.836735	0.183673	0.112676
-0.836735	0.22449	0.108781
-0.836735	0.265306	0.104234
-0.836735	0.306122	0.0991038
-0.836735	0.346939	0.0934701
-0.836735	0.387755	0.0874216
-0.836735	0.428571	0.0810535
-0.836735	0.469388	0.0744649
-0.836735	0.510204	0.0677554
-0.836735	0.55102	0.0610212
-0.836735	0.591837	0.0543515
-0.836735	0.632653	0.0478244
-0.836735	0.673469	0.0415039
-0.836735	0.714286	0.0354365
-0.836735	0.755102	0.0296503
-0.836735	0.795918	0.0241531
-0.836735	0.836735	0.0189332
-0.836735	0.877551	0.0139603
-0.836735	0.918367	0.00918823
-0.836735	0.959184	0.00455759
-0.836735	1	0
-0.795918	-1	0.00470896
-0.795918	-0.959184	0.0095168
-0.795918	-0.918367	0.0145172
-0.795918	-0.877551	0.0197935
-0.795918	-0.836735	0.0254145
-0.795918	-0.795918	0.0314301
-0.795918	-0.755102	0.0378687
-0.795918	-0.714286	0.044735
-0.795918	-0.673469	0.052009
-0.795918	-0.632653	0.0596467
-0.795918	-0.591837	0.0675812
-0.795918	-0.55102	0.0757254
-0.795918	-0.510204	0.0839758
-0.795918	-0.469388	0.0922161
-0.795918	-0.428571	0.100323
-0.795918	-0.387755	0.108168
-0.795918	-0.346939	0.115627
-0.795918	-0.306122	0.122579
-0.795918	-0.265306	0.128913
-0.795918	-0.22449	0.13453
-0.795918	-0.183673	0.139342
-0.795918	-0.142857	0.143277
-0.795918	-0.102041	0.146278
-0.795918	-0.0612245	0.148302
-0.795918	-0.0204082	0.149321
-0.795918	0.0204082	0.149321
-0.795918	0.0612245	0.148301
-0.795918	0.102041	0.146276
-0.795918	0.142857	0.143273
-0.795918	0.183673	0.139334
-0.795918	0.22449	0.134518
-0.795918	0.265306	0.128895
-0.795918	0.306122	0.122552
-0.795918	0.346939	0.115585
-0.795918	0.387755	0.108106
-0.795918	0.428571	0.100232
-0.795918	0.469388	0.0920846
-0.795918	0.510204	0.0837879
-0.795918	0.55102	0.0754608
-0.795918	0.591837	0.0672133
-0.795918	0.632653	0.0591421
-0.795918	0.673469	0.0513261
-0.795918	0.714286	0.0438233
-0.795918	0.755102	0.0366679
-0.795918	0.795918	0.0298699
-0.795918	0.836735	0.0234146
-0.795918	0.877551	0.0172648
-0.795918	0.918367	0.0113632
-0.795918	0.959184	0.00563644
-0.795918	1	0
-0.755102	-1	0.00567382
-0.755102	-0.959184	0.0114667
-0.755102	-0.918367	0.0174915
-0.755102	-0.877551	0.0238488
-0.755102	-0.836735	0.0306211
-0.755102	-0.795918	0.0378687
-0.755102	-0.755102	0.0456258
-0.755102	-0.714286	0.0538981
-0.755102	-0.673469	0.0626615
-0.755102	-0.632653	0.0718628
-0.755102	-0.591837	0.0814216
-0.755102	-0.55102	0.091233
-0.755102	-0.510204	0.101172
-0.755102	-0.469388	0.111099
-0.755102	-0.428571	0.120865
-0.755102	-0.387755	0.130316
-0.755102	-0.346939	0.139302
-0.755102	-0.306122	0.147677
-0.755102	-0.265306	0.155308
-0.755102	-0.22449	0.162074
-0.755102	-0.183673	0.167871
-0.755102	-0.142857	0.172612
-0.755102	-0.102041	0.176227
-0.755102	-0.0612245	0.178666
-0.755102	-0.0204082	0.179894
-0.755102	0.0204082	0.179893
-0.755102	0.0612245	0.178664
-0.755102	0.102041	0.176224
-0.755102	0.142857	0.172606
-0.755102	0.183673	0.167862
-0.755102	0.22449	0.16206
-0.755102	0.265306	0.155286
-0.755102	0.306122	0.147644
-0.755102	0.346939	0.139252
-0.755102	0.387755	0.130242
-0.755102	0.428571	0.120755
-0.755102	0.469388	0.110941
-0.755102	0.510204	0.100946
-0.755102	0.55102	0.090914
-0.755102	0.591837	0.0809781
-0.755102	0.632653	0.0712546
-0.755102	0.673469	0.0618384
-0.755102	0.714286	0.0527994
-0.755102	0.755102	0.0441788
-0.755102	0.795918	0.0359885
-0.755102	0.836735	0.0282111
-0.755102	0.877551	0.0208017
-0.755102	0.918367	0.0136911
-0.755102	0.959184	0.00679117
-0.755102	1	0
-0.714286	-1	0.00670282
-0.714286	-0.959184	0.0135463
-0.714286	-0.918367	0.0206636
-0.714286	-0.877551	0.0281735
-0.714286	-0.836735	0.0361736
-0.714286	-0.795918	0.044735
-0.714286	-0.755102	0.0538981
-0.714286	-0.714286	0.0636695
-0.714286	-0.673469	0.0740208
-0.714286	-0.632653	0.0848894
-0.714286	-0.591837	0.0961801
-0.714286	-0.55102	0.107769
-0.714286	-0.510204	0.119509
-0.714286	-0.469388	0.131234
-0.714286	-0.428571	0.142769
-0.714286	-0.387755	0.153933
-0.714286	-0.346939	0.164546
-0.714286	-0.306122	0.174439
-0.714286	-0.265306	0.183452
-0.714286	-0.22449	0.191444
-0.714286	-0.183673	0.198291
-0.714286	-0.142857	0.20389
-0.714286	-0.102041	0.208161
-0.714286	-0.0612245	0.211041
-0.714286	-0.0204082	0.212491
-0.714286	0.0204082	0.21249
-0.714286	0.0612245	0.211039
-0.714286	0.102041	0.208157
-0.714286	0.142857	0.203884
-0.714286	0.183673	0.19828
-0.714286	0.22449	0.191427
-0.714286	0.265306	0.183426
-0.714286	0.306122	0.174399
-0.714286	0.346939	0.164487
-0.714286	0.387755	0.153844
-0.714286	0.428571	0.14264
-0.714286	0.469388	0.131047
-0.714286	0.510204	0.119241
-0.714286	0.55102	0.107392
-0.714286	0.591837	0.095656
-0.714286	0.632653	0.0841707
-0.714286	0.673469	0.0730483
-0.714286	0.714286	0.0623712
-0.714286	0.755102	0.0521883
-0.714286	0.795918	0.0425135
-0.714286	0.836735	0.0333263
-0.714286	0.877551	0.0245735
-0.714286	0.918367	0.0161737
-0.714286	0.959184	0.00802263
-0.714286	1	0
-0.673469	-1	0.00779299
-0.673469	-0.959184	0.0157494
-0.673469	-0.918367	0.0240242
-0.673469	-0.877551	0.0327552
-0.673469	-0.836735	0.0420559
-0.673469	-0.795918	0.052009
-0.673469	-0.755102	0.0626615
-0.673469	-0.714286	0.0740208
-0.673469	-0.673469	0.0860543
-0.673469	-0.632653	0.0986889
-0.673469	-0.591837	0.111814
-0.673469	-0.55102	0.125286
-0.673469	-0.510204	0.138933
-0.673469	-0.469388	0.152563
-0.673469	-0.428571	0.165972
-0.673469	-0.387755	0.178949
-0.673469	-0.346939	0.191286
-0.673469	-0.306122	0.202786
-0.673469	-0.265306	0.213263
-0.673469	-0.22449	0.222553
-0.673469	-0.183673	0.230513
-0.673469	-0.142857	0.237022
-0.673469	-0.102041	0.241986
-0.673469	-0.0612245	0.245334
-0.673469	-0.0204082	0.24702
-0.673469	0.0204082	0.247019
-0.673469	0.0612245	0.245332
-0.673469	0.102041	0.241982
-0.673469	0.142857	0.237014
-0.673469	0.183673	0.2305
-0.673469	0.22449	0.222534
-0.673469	0.265306	0.213233
-0.673469	0.306122	0.20274
-0.673469	0.346939	0.191217
-0.673469	0.387755	0.178846
-0.673469	0.428571	0.165821
-0.673469	0.469388	0.152345
-0.673469	0.510204	0.138621
-0.673469	0.55102	0.124847
-0.673469	0.591837	0.111204
-0.673469	0.632653	0.097853
-0.673469	0.673469	0.0849233
-0.673469	0.714286	0.0725111
-0.673469	0.755102	0.0606732
-0.673469	0.795918	0.0494259
-0.673469	0.836735	0.0387451
-0.673469	0.877551	0.0285693
-0.673469	0.918367	0.0188038
-0.673469	0.959184	0.00932725
-0.673469	1	0
-0.632653	-1	0.00893771
-0.632653	-0.959184	0.0180628
-0.632653	-0.918367	0.0275529
-0.632653	-0.877551	0.037566
-0.632653	-0.836735	0.0482324
-0.632653	-0.795918	0.0596467
-0.632653	-0.755102	0.0718628
-0.632653	-0.714286	0.0848894
-0.632653	-0.673469	0.0986889
-0.632653	-0.632653	0.113177
-0.632653	-0.591837	0.128228
-0.632653	-0.55102	0.143677
-0.632653	-0.510204	0.159326
-0.632653	-0.469388	0.174956
-0.632653	-0.428571	0.190332
-0.632653	-0.387755	0.205213
-0.632653	-0.346939	0.21936
-0.632653	-0.306122	0.232547
-0.632653	-0.265306	0.244561
-0.632653	-0.22449	0.255214
-0.632653	-0.183673	0.264341
-0.632653	-0.142857	0.271806
-0.632653	-0.102041	0.277498
-0.632653	-0.0612245	0.281338
-0.632653	-0.0204082	0.28327
-0.632653	0.0204082	0.28327
-0.632653	0.0612245	0.281335
-0.632653	0.102041	0.277493
-0.632653	0.142857	0.271797
-0.632653	0.183673	0.264327
-0.632653	0.22449	0.255192
-0.632653	0.265306	0.244527
-0.632653	0.306122	0.232494
-0.632653	0.346939	0.219281
-0.632653	0.387755	0.205095
-0.632653	0.428571	0.190159
-0.632653	0.469388	0.174706
-0.632653	0.510204	0.158969
-0.632653	0.55102	0.143174
-0.632653	0.591837	0.127529
-0.632653	0.632653	0.112219
-0.632653	0.673469	0.0973915
-0.632653	0.714286	0.0831576
-0.632653	0.755102	0.0695821
-0.632653	0.795918	0.0566837
-0.632653	0.836735	0.0444349
-0.632653	0.877551	0.032765
-0.632653	0.918367	0.0215654
-0.632653	0.959184	0.0106971
-0.632653	1	0
-0.591837	-1	0.010127
-0.591837	-0.959184	0.0204662
-0.591837	-0.918367	0.0312188
-0.591837	-0.877551	0.0425639
-0.591837	-0.836735	0.0546489
-0.591837	-0.795918	0.0675812
-0.591837	-0.755102	0.0814216
-0.591837	-0.714286	0.0961801
-0.591837	-0.673469	0.111814
-0.591837	-0.632653	0.128228
-0.591837	-0.591837	0.14528
-0.591837	-0.55102	0.162781
-0.591837	-0.510204	0.18051
-0.591837	-0.469388	0.198218
-0.591837	-0.428571	0.215637
-0.591837	-0.387755	0.232495
-0.591837	-0.346939	0.248523
-0.591837	-0.306122	0.263461
-0.591837	-0.265306	0.277072
-0.591837	-0.22449	0.289141
-0.591837	-0.183673	0.299481
-0.591837	-0.142857	0.307938
-0.591837	-0.102041	0.314387
-0.591837	-0.0612245	0.318736
-0.591837	-0.0204082	0.320926
-0.591837	0.0204082	0.320925
-0.591837	0.0612245	0.318733
-0.591837	0.102041	0.314381
-0.591837	0.142857	0.307928
-0.591837	0.183673	0.299465
-0.591837	0.22449	0.289116
-0.591837	0.265306	0.277033
-0.591837	0.306122	0.263402
-0.591837	0.346939	0.248433
-0.591837	0.387755	0.232361
-0.591837	0.428571	0.215441
-0.591837	0.469388	0.197934
-0.591837	0.510204	0.180106
-0.591837	0.55102	0.162211
-0.591837	0.591837	0.144487
-0.591837	0.632653	0.127142
-0.591837	0.673469	0.110344
-0.591837	0.714286	0.0942175
-0.591837	0.755102	0.0788371
-0.591837	0.795918	0.0642235
-0.591837	0.836735	0.0503458
-0.591837	0.877551	0.0371236
-0.591837	0.918367	0.0244343
-0.591837	0.959184	0.0121202
-0.591837	1	0
-0.55102	-1	0.0113477
-0.55102	-0.959184	0.0229332
-0.55102	-0.918367	0.0349817
-0.55102	-0.877551	0.047694
-0.55102	-0.836735	0.0612352
-0.55102	-0.795918	0.0757254
-0.55102	-0.755102	0.091233
-0.55102	-0.714286	0.107769
-0.55102	-0.673469	0.125286
-0.55102	-0.632653	0.143677
-0.55102	-0.591837	0.162781
-0.55102	-0.55102	0.18239
-0.55102	-0.510204	0.202254
-0.55102	-0.469388	0.222093
-0.55102	-0.428571	0.241609
-0.55102	-0.387755	0.260497
-0.55102	-0.346939	0.278454
-0.55102	-0.306122	0.295191
-0.55102	-0.265306	0.310441
-0.55102	-0.22449	0.323962
-0.55102	-0.183673	0.335547
-0.55102	-0.142857	0.345022
-0.55102	-0.102041	0.352247
-0.55102	-0.0612245	0.357121
-0.55102	-0.0204082	0.359574
-0.55102	0.0204082	0.359573
-0.55102	0.0612245	0.357117
-0.55102	0.102041	0.352241
-0.55102	0.142857	0.345011
-0.55102	0.183673	0.335529
-0.55102	0.22449	0.323934
-0.55102	0.265306	0.310397
-0.55102	0.306122	0.295124
-0.55102	0.346939	0.278353
-0.55102	0.387755	0.260347
-0.55102	0.428571	0.241389
-0.55102	0.469388	0.221775
-0.55102	0.510204	0.2018
-0.55102	0.55102	0.181751
-0.55102	0.591837	0.161893
-0.55102	0.632653	0.142459
-0.55102	0.673469	0.123638
-0.55102	0.714286	0.10557
-0.55102	0.755102	0.0883365
-0.55102	0.795918	0.0719626
-0.55102	0.836735	0.0564129
-0.55102	0.877551	0.0415976
-0.55102	0.918367	0.027379
-0.55102	0.959184	0.0135809
-0.55102	1	0
-0.510204	-1	0.0125843
-0.510204	-0.959184	0.0254323
-0.510204	-0.918367	0.0387937
-0.510204	-0.877551	0.052891
-0.510204	-0.836735	0.0679072
-0.510204	-0.795918	0.0839758
-0.510204	-0.755102	0.101172
-0.510204	-0.714286	0.119509
-0.510204	-0.673469	0.138933
-0.510204	-0.632653	0.159326
-0.510204	-0.591837	0.18051
-0.510204	-0.55102	0.202254
-0.510204	-0.510204	0.224279
-0.510204	-0.469388	0.246278
-0.510204	-0.428571	0.267918
-0.510204	-0.387755	0.288862
-0.510204	-0.346939	0.308773
-0.510204	-0.306122	0.327333
-0.510204	-0.265306	0.344242
-0.510204	-0.22449	0.359235
-0.510204	-0.183673	0.372081
-0.510204	-0.142857	0.382587
-0.510204	-0.102041	0.390599
-0.510204	-0.0612245	0.396003
-0.510204	-0.0204082	0.398723
-0.510204	0.0204082	0.398722
-0.510204	0.0612245	0.395999
-0.510204	0.102041	0.390592
-0.510204	0.142857	0.382575
-0.510204	0.183673	0.372061
-0.510204	0.22449	0.359204
-0.510204	0.265306	0.344193
-0.510204	0.306122	0.327258
-0.510204	0.346939	0.308662
-0.510204	0.387755	0.288695
-0.510204	0.428571	0.267674
-0.510204	0.469388	0.245925
-0.510204	0.510204	0.223776
-0.510204	0.55102	0.201545
-0.510204	0.591837	0.179525
-0.510204	0.632653	0.157975
-0.510204	0.673469	0.137105
-0.510204	0.714286	0.117069
-0.510204	0.755102	0.0979597
-0.510204	0.795918	0.0798025
-0.510204	0.836735	0.062559
-0.510204	0.877551	0.0461298
-0.510204	0.918367	0.0303622
-0.510204	0.959184	0.0150607
-0.510204	1	0
-0.469388	-1	0.0138195
-0.469388	-0.959184	0.0279285
-0.469388	-0.918367	0.0426011
-0.469388	-0.877551	0.0580817
-0.469388	-0.836735	0.0745713
-0.469388	-0.795918	0.0922161
-0.469388	-0.755102	0.111099
-0.469388	-0.714286	0.131234
-0.469388	-0.673469	0.152563
-0.469388	-0.632653	0.174956
-0.469388	-0.591837	0.198218
-0.469388	-0.55102	0.222093
-0.469388	-0.510204	0.246278
-0.469388	-0.469388	0.270433
-0.469388	-0.428571	0.294195
-0.469388	-0.387755	0.317192
-0.469388	-0.346939	0.339055
-0.469388	-0.306122	0.359434
-0.469388	-0.265306	0.378001
-0.469388	-0.22449	0.394464
-0.469388	-0.183673	0.408569
-0.469388	-0.142857	0.420105
-0.469388	-0.102041	0.428903
-0.469388	-0.0612245	0.434836
-0.469388	-0.0204082	0.437823
-0.469388	0.0204082	0.437822
-0.469388	0.0612245	0.434832
-0.469388	0.102041	0.428895
-0.469388	0.142857	0.420092
-0.469388	0.183673	0.408547
-0.469388	0.22449	0.394429
-0.469388	0.265306	0.377947
-0.469388	0.306122	0.359352
-0.469388	0.346939	0.338932
-0.469388	0.387755	0.317009
-0.469388	0.428571	0.293927
-0.469388	0.469388	0.270045
-0.469388	0.510204	0.245725
-0.469388	0.55102	0.221314
-0.469388	0.591837	0.197135
-0.469388	0.632653	0.173472
-0.469388	0.673469	0.150556
-0.469388	0.714286	0.128555
-0.469388	0.755102	0.107571
-0.469388	0.795918	0.0876328
-0.469388	0.836735	0.0686977
-0.469388	0.877551	0.0506565
-0.469388	0.918367	0.0333418
-0.469388	0.959184	0.0165387
-0.469388	1	0
-0.428571	-1	0.0150346
-0.428571	-0.959184	0.0303841
-0.428571	-0.918367	0.0463467
-0.428571	-0.877551	0.0631881
-0.428571	-0.836735	0.081127
-0.428571	-0.795918	0.100323
-0.428571	-0.755102	0.120865
-0.428571	-0.714286	0.142769
-0.428571	-0.673469	0.165972
-0.428571	-0.632653	0.190332
-0.428571	-0.591837	0.215637
-0.428571	-0.55102	0.241609
-0.428571	-0.510204	0.267918
-0.428571	-0.469388	0.294195
-0.428571	-0.428571	0.320044
-0.428571	-0.387755	0.34506
-0.428571	-0.346939	0.368844
-0.428571	-0.306122	0.391012
-0.428571	-0.265306	0.41121
-0.428571	-0.22449	0.429119
-0.428571	-0.183673	0.444464
-0.428571	-0.142857	0.457013
-0.428571	-0.102041	0.466583
-0.428571	-0.0612245	0.473038
-0.428571	-0.0204082	0.476287
-0.428571	0.0204082	0.476285
-0.428571	0.0612245	0.473033
-0.428571	0.102041	0.466574
-0.428571	0.142857	0.456998
-0.428571	0.183673	0.44444
-0.428571	0.22449	0.429082
-0.428571	0.265306	0.411152
-0.428571	0.306122	0.390924
-0.428571	0.346939	0.36871
-0.428571	0.387755	0.344861
-0.428571	0.428571	0.319752
-0.428571	0.469388	0.293773
-0.428571	0.510204	0.267316
-0.428571	0.55102	0.240761
-0.428571	0.591837	0.214459
-0.428571	0.632653	0.188717
-0.428571	0.673469	0.163787
-0.428571	0.714286	0.139854
-0.428571	0.755102	0.117026
-0.428571	0.795918	0.0953359
-0.428571	0.836735	0.0747366
-0.428571	0.877551	0.0551097
-0.428571	0.918367	0.0362729
-0.428571	0.959184	0.0179927
-0.428571	1	0
-0.387755	-1	0.0162106
-0.387755	-0.959184	0.0327607
-0.387755	-0.918367	0.0499717
-0.387755	-0.877551	0.0681302
-0.387755	-0.836735	0.0874717
-0.387755	-0.795918	0.108168
-0.387755	-0.755102	0.130316
-0.387755	-0.714286	0.153933
-0.387755	-0.673469	0.178949
-0.387755	-0.632653	0.205213
-0.387755	-0.591837	0.232495
-0.387755	-0.55102	0.260497
-0.387755	-0.510204	0.288862
-0.387755	-0.469388	0.317192
-0.387755	-0.428571	0.34506
-0.387755	-0.387755	0.372032
-0.387755	-0.346939	0.397674
-0.387755	-0.306122	0.421574
-0.387755	-0.265306	0.44335
-0.387755	-0.22449	0.462659
-0.387755	-0.183673	0.479202
-0.387755	-0.142857	0.492731
-0.387755	-0.102041	0.503049
-0.387755	-0.0612245	0.510009
-0.387755	-0.0204082	0.513512
-0.387755	0.0204082	0.51351
-0.387755	0.0612245	0.510004
-0.387755	0.102041	0.50304
-0.387755	0.142857	0.492715
-0.387755	0.183673	0.479176
-0.387755	0.22449	0.462618
-0.387755	0.265306	0.443287
-0.387755	0.306122	0.421478
-0.387755	0.346939	0.397529
-0.387755	0.387755	0.371817
-0.387755	0.428571	0.344746
-0.387755	0.469388	0.316737
-0.387755	0.510204	0.288213
-0.387755	0.55102	0.259583
-0.387755	0.591837	0.231225
-0.387755	0.632653	0.203472
-0.387755	0.673469	0.176593
-0.387755	0.714286	0.150789
-0.387755	0.755102	0.126177
-0.387755	0.795918	0.102791
-0.387755	0.836735	0.0805811
-0.387755	0.877551	0.0594196
-0.387755	0.918367	0.0391097
-0.387755	0.959184	0.0193999
-0.387755	1	0
-0.346939	-1	0.0173287
-0.346939	-0.959184	0.0350202
-0.346939	-0.918367	0.0534182
-0.346939	-0.877551	0.0728287
-0.346939	-0.836735	0.0935039
-0.346939	-0.795918	0.115627
-0.346939	-0.755102	0.139302
-0.346939	-0.714286	0.164546
-0.346939	-0.673469	0.191286
-0.346939	-0.632653	0.21936
-0.346939	-0.591837	0.248523
-0.346939	-0.55102	0.278454
-0.346939	-0.510204	0.308773
-0.346939	-0.469388	0.339055
-0.346939	-0.428571	0.368844
-0.346939	-0.387755	0.397674
-0.346939	-0.346939	0.425083
-0.346939	-0.306122	0.45063
-0.346939	-0.265306	0.473907
-0.346939	-0.22449	0.494545
-0.346939	-0.183673	0.512228
-0.346939	-0.142857	0.52669
-0.346939	-0.102041	0.537719
-0.346939	-0.0612245	0.545158
-0.346939	-0.0204082	0.548903
-0.346939	0.0204082	0.548901
-0.346939	0.0612245	0.545153
-0.346939	0.102041	0.537709
-0.346939	0.142857	0.526673
-0.346939	0.183673	0.512201
-0.346939	0.22449	0.494502
-0.346939	0.265306	0.473839
-0.346939	0.306122	0.450528
-0.346939	0.346939	0.424929
-0.346939	0.387755	0.397445
-0.346939	0.428571	0.368508
-0.346939	0.469388	0.338569
-0.346939	0.510204	0.30808
-0.346939	0.55102	0.277477
-0.346939	0.591837	0.247165
-0.346939	0.632653	0.217499
-0.346939	0.673469	0.188768
-0.346939	0.714286	0.161185
-0.346939	0.755102	0.134877
-0.346939	0.795918	0.109879
-0.346939	0.836735	0.0861377
-0.346939	0.877551	0.0635171
-0.346939	0.918367	0.0418067
-0.346939	0.959184	0.0207377
-0.346939	1	0
-0.306122	-1	0.0183708
-0.306122	-0.959184	0.0371262
-0.306122	-0.918367	0.0566304
-0.306122	-0.877551	0.0772081
-0.306122	-0.836735	0.0991262
-0.306122	-0.795918	0.122579
-0.306122	-0.755102	0.147677
-0.306122	-0.714286	0.174439
-0.306122	-0.673469	0.202786
-0.306122	-0.632653	0.232547
-0.306122	-0.591837	0.263461
-0.306122	-0.55102	0.295191
-0.306122	-0.510204	0.327333
-0.306122	-0.469388	0.359434
-0.306122	-0.428571	0.391012
-0.306122	-0.387755	0.421574
-0.306122	-0.346939	0.45063
-0.306122	-0.306122	0.477712
-0.306122	-0.265306	0.502387
-0.306122	-0.22449	0.524266
-0.306122	-0.183673	0.543012
-0.306122	-0.142857	0.558342
-0.306122	-0.102041	0.570034
-0.306122	-0.0612245	0.57792
-0.306122	-0.0204082	0.581889
-0.306122	0.0204082	0.581887
-0.306122	0.0612245	0.577914
-0.306122	0.102041	0.570023
-0.306122	0.142857	0.558324
-0.306122	0.183673	0.542982
-0.306122	0.22449	0.52422
-0.306122	0.265306	0.502316
-0.306122	0.306122	0.477603
-0.306122	0.346939	0.450466
-0.306122	0.387755	0.421331
-0.306122	0.428571	0.390656
-0.306122	0.469388	0.358918
-0.306122	0.510204	0.326597
-0.306122	0.55102	0.294155
-0.306122	0.591837	0.262022
-0.306122	0.632653	0.230573
-0.306122	0.673469	0.200116
-0.306122	0.714286	0.170876
-0.306122	0.755102	0.142986
-0.306122	0.795918	0.116485
-0.306122	0.836735	0.0913168
-0.306122	0.877551	0.0673362
-0.306122	0.918367	0.0443205
-0.306122	0.959184	0.0219847
-0.306122	1	0
-0.265306	-1	0.0193202
-0.265306	-0.959184	0.0390449
-0.265306	-0.918367	0.0595572
-0.265306	-0.877551	0.0811981
-0.265306	-0.836735	0.104249
-0.265306	-0.795918	0.128913
-0.265306	-0.755102	0.155308
-0.265306	-0.714286	0.183452
-0.265306	-0.673469	0.213263
-0.265306	-0.632653	0.244561
-0.265306	-0.591837	0.277072
-0.265306	-0.55102	0.310441
-0.265306	-0.510204	0.344242
-0.265306	-0.469388	0.378001
-0.265306	-0.428571	0.41121
-0.265306	-0.387755	0.44335
-0.265306	-0.346939	0.473907
-0.265306	-0.306122	0.502387
-0.265306	-0.265306	0.528336
-0.265306	-0.22449	0.551345
-0.265306	-0.183673	0.571058
-0.265306	-0.142857	0.587181
-0.265306	-0.102041	0.599476
-0.265306	-0.0612245	0.607769
-0.265306	-0.0204082	0.611944
-0.265306	0.0204082	0.611942
-0.265306	0.0612245	0.607763
-0.265306	0.102041	0.599465
-0.265306	0.142857	0.587162
-0.265306	0.183673	0.571028
-0.265306	0.22449	0.551296
-0.265306	0.265306	0.528261
-0.265306	0.306122	0.502273
-0.265306	0.346939	0.473734
-0.265306	0.387755	0.443095
-0.265306	0.428571	0.410835
-0.265306	0.469388	0.377459
-0.265306	0.510204	0.343468
-0.265306	0.55102	0.309351
-0.265306	0.591837	0.275558
-0.265306	0.632653	0.242485
-0.265306	0.673469	0.210455
-0.265306	0.714286	0.179704
-0.265306	0.755102	0.150374
-0.265306	0.795918	0.122504
-0.265306	0.836735	0.0960355
-0.265306	0.877551	0.0708158
-0.265306	0.918367	0.0466109
-0.265306	0.959184	0.0231208
-0.265306	1	0
-0.22449	-1	0.0201621
-0.22449	-0.959184	0.0407463
-0.22449	-0.918367	0.0621522
-0.22449	-0.877551	0.084736
-0.22449	-0.836735	0.108791
-0.22449	-0.795918	0.13453
-0.22449	-0.755102	0.162074
-0.22449	-0.714286	0.191444
-0.22449	-0.673469	0.222553
-0.22449	-0.632653	0.255214
-0.22449	-0.591837	0.289141
-0.22449	-0.55102	0.323962
-0.22449	-0.510204	0.359235
-0.22449	-0.469388	0.394464
-0.22449	-0.428571	0.429119
-0.22449	-0.387755	0.462659
-0.22449	-0.346939	0.494545
-0.22449	-0.306122	0.524266
-0.22449	-0.265306	0.551345
-0.22449	-0.22449	0.575355
-0.22449	-0.183673	0.595927
-0.22449	-0.142857	0.612752
-0.22449	-0.102041	0.625582
-0.22449	-0.0612245	0.634237
-0.22449	-0.0204082	0.638593
-0.22449	0.0204082	0.638591
-0.22449	0.0612245	0.63423
-0.22449	0.102041	0.625571
-0.22449	0.142857	0.612732
-0.22449	0.183673	0.595895
-0.22449	0.22449	0.575305
-0.22449	0.265306	0.551267
-0.22449	0.306122	0.524147
-0.22449	0.346939	0.494366
-0.22449	0.387755	0.462392
-0.22449	0.428571	0.428728
-0.22449	0.469388	0.393898
-0.22449	0.510204	0.358428
-0.22449	0.55102	0.322825
-0.22449	0.591837	0.287561
-0.22449	0.632653	0.253048
-0.22449	0.673469	0.219623
-0.22449	0.714286	0.187533
-0.22449	0.755102	0.156925
-0.22449	0.795918	0.127841
-0.22449	0.836735	0.100219
-0.22449	0.877551	0.0739011
-0.22449	0.918367	0.0486417
-0.22449	0.959184	0.0241282
-0.22449	1	0
-0.183673	-1	0.0208834
-0.183673	-0.959184	0.0422039
-0.183673	-0.918367	0.0643755
-0.183673	-0.877551	0.0877671
-0.183673	-0.836735	0.112682
-0.183673	-0.795918	0.139342
-0.183673	-0.755102	0.167871
-0.183673	-0.714286	0.198291
-0.183673	-0.673469	0.230513
-0.183673	-0.632653	0.264341
-0.183673	-0.591837	0.299481
-0.183673	-0.55102	0.335547
-0.183673	-0.510204	0.372081
-0.183673	-0.469388	0.408569
-0.183673	-0.428571	0.444464
-0.183673	-0.387755	0.479202
-0.183673	-0.346939	0.512228
-0.183673	-0.306122	0.543012
-0.183673	-0.265306	0.571058
-0.183673	-0.22449	0.595927
-0.183673	-0.183673	0.617235
-0.183673	-0.142857	0.63466
-0.183673	-0.102041	0.64795
-0.183673	-0.0612245	0.656913
-0.183673	-0.0204082	0.661425
-0.183673	0.0204082	0.661423
-0.183673	0.0612245	0.656907
-0.183673	0.102041	0.647938
-0.183673	0.142857	0.63464
-0.183673	0.183673	0.617201
-0.183673	0.22449	0.595875
-0.183673	0.265306	0.570977
-0.183673	0.306122	0.542888
-0.183673	0.346939	0.512042
-0.183673	0.387755	0.478925
-0.183673	0.428571	0.444058
-0.183673	0.469388	0.407983
-0.183673	0.510204	0.371245
-0.183673	0.55102	0.334369
-0.183673	0.591837	0.297844
-0.183673	0.632653	0.262097
-0.183673	0.673469	0.227477
-0.183673	0.714286	0.19424
-0.183673	0.755102	0.162537
-0.183673	0.795918	0.132413
-0.183673	0.836735	0.103804
-0.183673	0.877551	0.0765445
-0.183673	0.918367	0.0503816
-0.183673	0.959184	0.0249913
-0.183673	1	0
-0.142857	-1	0.0214733
-0.142857	-0.959184	0.043396
-0.142857	-0.918367	0.0661938
-0.142857	-0.877551	0.0902461
-0.142857	-0.836735	0.115865
-0.142857	-0.795918	0.143277
-0.142857	-0.755102	0.172612
-0.142857	-0.714286	0.20389
-0.142857	-0.673469	0.237022
-0.142857	-0.632653	0.271806
-0.142857	-0.591837	0.307938
-0.142857	-0.55102	0.345022
-0.142857	-0.510204	0.382587
-0.142857	-0.469388	0.420105
-0.142857	-0.428571	0.457013
-0.142857	-0.387755	0.492731
-0.142857	-0.346939	0.52669
-0.142857	-0.306122	0.558342
-0.142857	-0.265306	0.587181
-0.142857	-0.22449	0.612752
-0.142857	-0.183673	0.63466
-0.142857	-0.142857	0.652578
-0.142857	-0.102041	0.666243
-0.142857	-0.0612245	0.675459
-0.142857	-0.0204082	0.680099
-0.142857	0.0204082	0.680097
-0.142857	0.0612245	0.675453
-0.142857	0.102041	0.66623
-0.142857	0.142857	0.652557
-0.142857	0.183673	0.634626
-0.142857	0.22449	0.612698
-0.142857	0.265306	0.587098
-0.142857	0.306122	0.558215
-0.142857	0.346939	0.526499
-0.142857	0.387755	0.492447
-0.142857	0.428571	0.456596
-0.142857	0.469388	0.419503
-0.142857	0.510204	0.381727
-0.142857	0.55102	0.343811
-0.142857	0.591837	0.306255
-0.142857	0.632653	0.269498
-0.142857	0.673469	0.233901
-0.142857	0.714286	0.199725
-0.142857	0.755102	0.167127
-0.142857	0.795918	0.136153
-0.142857	0.836735	0.106736
-0.142857	0.877551	0.0787064
-0.142857	0.918367	0.0518045
-0.142857	0.959184	0.0256971
-0.142857	1	0
-0.102041	-1	0.0219231
-0.102041	-0.959184	0.0443051
-0.102041	-0.918367	0.0675805
-0.102041	-0.877551	0.0921365
-0.102041	-0.836735	0.118292
-0.102041	-0.795918	0.146278
-0.102041	-0.755102	0.176227
-0.102041	-0.714286	0.208161
-0.102041	-0.673469	0.241986
-0.102041	-0.632653	0.277498
-0.102041	-0.591837	0.314387
-0.102041	-0.55102	0.352247
-0.102041	-0.510204	0.390599
-0.102041	-0.469388	0.428903
-0.102041	-0.428571	0.466583
-0.102041	-0.387755	0.503049
-0.102041	-0.346939	0.537719
-0.102041	-0.306122	0.570034
-0.102041	-0.265306	0.599476
-0.102041	-0.22449	0.625582
-0.102041	-0.183673	0.64795
-0.102041	-0.142857	0.666243
-0.102041	-0.102041	0.680193
-0.102041	-0.0612245	0.689603
-0.102041	-0.0204082	0.694339
-0.102041	0.0204082	0.694337
-0.102041	0.0612245	0.689596
-0.102041	0.102041	0.680181
-0.102041	0.142857	0.666221
-0.102041	0.183673	0.647915
-0.102041	0.22449	0.625527
-0.102041	0.265306	0.599391
-0.102041	0.306122	0.569904
-0.102041	0.346939	0.537524
-0.102041	0.387755	0.502759
-0.102041	0.428571	0.466157
-0.102041	0.469388	0.428287
-0.102041	0.510204	0.389721
-0.102041	0.55102	0.351011
-0.102041	0.591837	0.312668
-0.102041	0.632653	0.275142
-0.102041	0.673469	0.2388
-0.102041	0.714286	0.203908
-0.102041	0.755102	0.170628
-0.102041	0.795918	0.139005
-0.102041	0.836735	0.108971
-0.102041	0.877551	0.080355
-0.102041	0.918367	0.0528897
-0.102041	0.959184	0.0262354
-0.102041	1	0
-0.0612245	-1	0.0222265
-0.0612245	-0.959184	0.0449182
-0.0612245	-0.918367	0.0685157
-0.0612245	-0.877551	0.0934116
-0.0612245	-0.836735	0.119929
-0.0612245	-0.795918	0.148302
-0.0612245	-0.755102	0.178666
-0.0612245	-0.714286	0.211041
-0.0612245	-0.673469	0.245334
-0.0612245	-0.632653	0.281338
-0.0612245	-0.591837	0.318736
-0.0612245	-0.55102	0.357121
-0.0612245	-0.510204	0.396003
-0.0612245	-0.469388	0.434836
-0.0612245	-0.428571	0.473038
-0.0612245	-0.387755	0.510009
-0.0612245	-0.346939	0.545158
-0.0612245	-0.306122	0.57792
-0.0612245	-0.265306	0.607769
-0.0612245	-0.22449	0.634237
-0.0612245	-0.183673	0.656913
-0.0612245	-0.142857	0.675459
-0.0612245	-0.102041	0.689603
-0.0612245	-0.0612245	0.699143
-0.0612245	-0.0204082	0.703945
-0.0612245	0.0204082	0.703942
-0.0612245	0.0612245	0.699136
-0.0612245	0.102041	0.68959
-0.0612245	0.142857	0.675437
-0.0612245	0.183673	0.656878
-0.0612245	0.22449	0.634181
-0.0612245	0.265306	0.607683
-0.0612245	0.306122	0.577788
-0.0612245	0.346939	0.54496
-0.0612245	0.387755	0.509714
-0.0612245	0.428571	0.472606
-0.0612245	0.469388	0.434213
-0.0612245	0.510204	0.395113
-0.0612245	0.55102	0.355867
-0.0612245	0.591837	0.316994
-0.0612245	0.632653	0.278949
-0.0612245	0.673469	0.242104
-0.0612245	0.714286	0.206729
-0.0612245	0.755102	0.172989
-0.0612245	0.795918	0.140928
-0.0612245	0.836735	0.110479
-0.0612245	0.877551	0.081467
-0.0612245	0.918367	0.0536216
-0.0612245	0.959184	0.0265984
-0.0612245	1	0
-0.0204082	-1	0.0223792
-0.0204082	-0.959184	0.0452269
-0.0204082	-0.918367	0.0689865
-0.0204082	-0.877551	0.0940534
-0.0204082	-0.836735	0.120753
-0.0204082	-0.795918	0.149321
-0.0204082	-0.755102	0.179894
-0.0204082	-0.714286	0.212491
-0.0204082	-0.673469	0.24702
-0.0204082	-0.632653	0.28327
-0.0204082	-0.591837	0.320926
-0.0204082	-0.55102	0.359574
-0.0204082	-0.510204	0.398723
-0.0204082	-0.469388	0.437823
-0.0204082	-0.428571	0.476287
-0.0204082	-0.387755	0.513512
-0.0204082	-0.346939	0.548903
-0.0204082	-0.306122	0.581889
-0.0204082	-0.265306	0.611944
-0.0204082	-0.22449	0.638593
-0.0204082	-0.183673	0.661425
-0.0204082	-0.142857	0.680099
-0.0204082	-0.102041	0.694339
-0.0204082	-0.0612245	0.703945
-0.0204082	-0.0204082	0.70878
-0.0204082	0.0204082	0.708777
-0.0204082	0.0612245	0.703938
-0.0204082	0.102041	0.694326
-0.0204082	0.142857	0.680077
-0.0204082	0.183673	0.66139
-0.0204082	0.22449	0.638537
-0.0204082	0.265306	0.611857
-0.0204082	0.306122	0.581757
-0.0204082	0.346939	0.548703
-0.0204082	0.387755	0.513216
-0.0204082	0.428571	0.475853
-0.0204082	0.469388	0.437195
-0.0204082	0.510204	0.397827
-0.0204082	0.55102	0.358312
-0.0204082	0.591837	0.319172
-0.0204082	0.632653	0.280866
-0.0204082	0.673469	0.243767
-0.0204082	0.714286	0.20815
-0.0204082	0.755102	0.174177
-0.0204082	0.795918	0.141897
-0.0204082	0.836735	0.111238
-0.0204082	0.877551	0.0820267
-0.0204082	0.918367	0.05399
-0.0204082	0.959184	0.0267812
-0.0204082	1	0
0.0204082	-1	0.0223792
0.0204082	-0.959184	0.0452267
0.0204082	-0.918367	0.0689863
0.0204082	-0.877551	0.0940531
0.0204082	-0.836735	0.120752
0.0204082	-0.795918	0.149321
0.0204082	-0.755102	0.179893
0.0204082	-0.714286	0.21249
0.0204082	-0.673469	0.247019
0.0204082	-0.632653	0.28327
0.0204082	-0.591837	0.320925
0.0204082	-0.55102	0.359573
0.0204082	-0.510204	0.398722
0.0204082	-0.469388	0.437822
0.0204082	-0.428571	0.476285
0.0204082	-0.387755	0.51351
0.0204082	-0.346939	0.548901
0.0204082	-0.306122	0.581887
0.0204082	-0.265306	0.611942
0.0204082	-0.22449	0.638591
0.0204082	-0.183673	0.661423
0.0204082	-0.142857	0.680097
0.0204082	-0.102041	0.694337
0.0204082	-0.0612245	0.703942
0.0204082	-0.0204082	0.708777
0.0204082	0.0204082	0.708775
0.0204082	0.0612245	0.703936
0.0204082	0.102041	0.694324
0.0204082	0.142857	0.680075
0.0204082	0.183673	0.661388
0.0204082	0.22449	0.638535
0.0204082	0.265306	0.611855
0.0204082	0.306122	0.581755
0.0204082	0.346939	0.548701
0.0204082	0.387755	0.513214
0.0204082	0.428571	0.475851
0.0204082	0.469388	0.437194
0.0204082	0.510204	0.397826
0.0204082	0.55102	0.358311
0.0204082	0.591837	0.319171
0.0204082	0.632653	0.280865
0.0204082	0.673469	0.243766
0.0204082	0.714286	0.208149
0.0204082	0.755102	0.174177
0.0204082	0.795918	0.141896
0.0204082	0.836735	0.111238
0.0204082	0.877551	0.0820265
0.0204082	0.918367	0.0539898
0.0204082	0.959184	0.0267811
0.0204082	1	0
0.0612245	-1	0.0222263
0.0612245	-0.959184	0.0449178
0.0612245	-0.918367	0.0685151
0.0612245	-0.877551	0.0934107
0.0612245	-0.836735	0.119928
0.0612245	-0.795918	0.148301
0.0612245	-0.755102	0.178664
0.0612245	-0.714286	0.211039
0.0612245	-0.673469	0.245332
0.0612245	-0.632653	0.281335
0.0612245	-0.591837	0.318733
0.0612245	-0.55102	0.357117
0.0612245	-0.510204	0.395999
0.0612245	-0.469388	0.434832
0.0612245	-0.428571	0.473033
0.0612245	-0.387755	0.510004
0.0612245	-0.346939	0.545153
0.0612245	-0.306122	0.577914
0.0612245	-0.265306	0.607763
0.0612245	-0.22449	0.63423
0.0612245	-0.183673	0.656907
0.0612245	-0.142857	0.675453
0.0612245	-0.102041	0.689596
0.0612245	-0.0612245	0.699136
0.0612245	-0.0204082	0.703938
0.0612245	0.0204082	0.703936
0.0612245	0.0612245	0.699129
0.0612245	0.102041	0.689583
0.0612245	0.142857	0.675431
0.0612245	0.183673	0.656872
0.0612245	0.22449	0.634175
0.0612245	0.265306	0.607677
0.0612245	0.306122	0.577782
0.0612245	0.346939	0.544955
0.0612245	0.387755	0.50971
0.0612245	0.428571	0.472602
0.0612245	0.469388	0.434208
0.0612245	0.510204	0.395109
0.0612245	0.55102	0.355864
0.0612245	0.591837	0.316991
0.0612245	0.632653	0.278947
0.0612245	0.673469	0.242101
0.0612245	0.714286	0.206728
0.0612245	0.755102	0.172987
0.0612245	0.795918	0.140927
0.0612245	0.836735	0.110478
0.0612245	0.877551	0.0814662
0.0612245	0.918367	0.0536211
0.0612245	0.959184	0.0265982
0.0612245	1	0
0.102041	-1	0.0219227
0.102041	-0.959184	0.0443042
0.102041	-0.918367	0.0675792
0.102041	-0.877551	0.0921348
0.102041	-0.836735	0.11829
0.102041	-0.795918	0.146276
0.102041	-0.755102	0.176224
0.102041	-0.714286	0.208157
0.102041	-0.673469	0.241982
0.102041	-0.632653	0.277493
0.102041	-0.591837	0.314381
0.102041	-0.55102	0.352241
0.102041	-0.510204	0.390592
0.102041	-0.469388	0.428895
0.102041	-0.428571	0.466574
0.102041	-0.387755	0.50304
0.102041	-0.346939	0.537709
0.102041	-0.306122	0.570023
0.102041	-0.265306	0.599465
0.102041	-0.22449	0.625571
0.102041	-0.183673	0.647938
0.102041	-0.142857	0.66623
0.102041	-0.102041	0.680181
0.102041	-0.0612245	0.68959
0.102041	-0.0204082	0.694326
0.102041	0.0204082	0.694324
0.102041	0.0612245	0.689583
0.102041	0.102041	0.680168
0.102041	0.142857	0.666209
0.102041	0.183673	0.647903
0.102041	0.22449	0.625516
0.102041	0.265306	0.59938
0.102041	0.306122	0.569893
0.102041	0.346939	0.537514
0.102041	0.387755	0.50275
0.102041	0.428571	0.466149
0.102041	0.469388	0.428279
0.102041	0.510204	0.389714
0.102041	0.55102	0.351004
0.102041	0.591837	0.312663
0.102041	0.632653	0.275137
0.102041	0.673469	0.238795
0.102041	0.714286	0.203904
0.102041	0.755102	0.170625
0.102041	0.795918	0.139002
0.102041	0.836735	0.108969
0.102041	0.877551	0.0803535
0.102041	0.918367	0.0528887
0.102041	0.959184	0.0262349
0.102041	1	0
0.142857	-1	0.0214726
0.142857	-0.959184	0.0433946
0.142857	-0.918367	0.0661917
0.142857	-0.877551	0.0902432
0.142857	-0.836735	0.115861
0.142857	-0.795918	0.143273
0.142857	-0.755102	0.172606
0.142857	-0.714286	0.203884
0.142857	-0.673469	0.237014
0.142857	-0.632653	0.271797
0.142857	-0.591837	0.307928
0.142857	-0.55102	0.345011
0.142857	-0.510204	0.382575
0.142857	-0.469388	0.420092
0.142857	-0.428571	0.456998
0.142857	-0.387755	0.492715
0.142857	-0.346939	0.526673
0.142857	-0.306122	0.558324
0.142857	-0.265306	0.587162
0.142857	-0.22449	0.612732
0.142857	-0.183673	0.63464
0.142857	-0.142857	0.652557
0.142857	-0.102041	0.666221
0.142857	-0.0612245	0.675437
0.142857	-0.0204082	0.680077
0.142857	0.0204082	0.680075
0.142857	0.0612245	0.675431
0.142857	0.102041	0.666209
0.142857	0.142857	0.652536
0.142857	0.183673	0.634606
0.142857	0.22449	0.612678
0.142857	0.265306	0.587079
0.142857	0.306122	0.558197
0.142857	0.346939	0.526482
0.142857	0.387755	0.492431
0.142857	0.428571	0.456581
0.142857	0.469388	0.419489
0.142857	0.510204	0.381715
0.142857	0.55102	0.3438
0.142857	0.591837	0.306245
0.142857	0.632653	0.26949
0.142857	0.673469	0.233893
0.142857	0.714286	0.199719
0.142857	0.755102	0.167122
0.142857	0.795918	0.136149
0.142857	0.836735	0.106732
0.142857	0.877551	0.0787038
0.142857	0.918367	0.0518029
0.142857	0.959184	0.0256963
0.142857	1	0
0.183673	-1	0.0208823
0.183673	-0.959184	0.0422017
0.183673	-0.918367	0.0643721
0.183673	-0.877551	0.0877625
0.183673	-0.836735	0.112676
0.183673	-0.795918	0.139334
0.183673	-0.755102	0.167862
0.183673	-0.714286	0.19828
0.183673	-0.673469	0.2305
0.183673	-0.632653	0.264327
0.183673	-0.591837	0.299465
0.183673	-0.55102	0.335529
0.183673	-0.510204	0.372061
0.183673	-0.469388	0.408547
0.183673	-0.428571	0.44444
0.183673	-0.387755	0.479176
0.183673	-0.346939	0.512201
0.183673	-0.306122	0.542982
0.183673	-0.265306	0.571028
0.183673	-0.22449	0.595895
0.183673	-0.183673	0.617201
0.183673	-0.142857	0.634626
0.183673	-0.102041	0.647915
0.183673	-0.0612245	0.656878
0.183673	-0.0204082	0.66139
0.183673	0.0204082	0.661388
0.183673	0.0612245	0.656872
0.183673	0.102041	0.647903
0.183673	0.142857	0.634606
0.183673	0.183673	0.617168
0.183673	0.22449	0.595843
0.183673	0.265306	0.570947
0.183673	0.306122	0.542859
0.183673	0.346939	0.512015
0.183673	0.387755	0.4789
0.183673	0.428571	0.444035
0.183673	0.469388	0.407961
0.183673	0.510204	0.371225
0.183673	0.55102	0.334352
0.183673	0.591837	0.297828
0.183673	0.632653	0.262083
0.183673	0.673469	0.227465
0.183673	0.714286	0.194229
0.183673	0.755102	0.162529
0.183673	0.795918	0.132406
0.183673	0.836735	0.103799
0.183673	0.877551	0.0765405
0.183673	0.918367	0.0503789
0.183673	0.959184	0.0249899
0.183673	1	0
0.22449	-1	0.0201604
0.22449	-0.959184	0.0407427
0.22449	-0.918367	0.0621468
0.22449	-0.877551	0.0847286
0.22449	-0.836735	0.108781
0.22449	-0.795918	0.134518
0.22449	-0.755102	0.16206
0.22449	-0.714286	0.191427
0.22449	-0.673469	0.222534
0.22449	-0.632653	0.255192
0.22449	-0.591837	0.289116
0.22449	-0.55102	0.323934
0.22449	-0.510204	0.359204
0.22449	-0.469388	0.394429
0.22449	-0.428571	0.429082
0.22449	-0.387755	0.462618
0.22449	-0.346939	0.494502
0.22449	-0.306122	0.52422
0.22449	-0.265306	0.551296
0.22449	-0.22449	0.575305
0.22449	-0.183673	0.595875
0.22449	-0.142857	0.612698
0.22449	-0.102041	0.625527
0.22449	-0.0612245	0.634181
0.22449	-0.0204082	0.638537
0.22449	0.0204082	0.638535
0.22449	0.0612245	0.634175
0.22449	0.102041	0.625516
0.22449	0.142857	0.612678
0.22449	0.183673	0.595843
0.22449	0.22449	0.575254
0.22449	0.265306	0.551218
0.22449	0.306122	0.524101
0.22449	0.346939	0.494322
0.22449	0.387755	0.462351
0.22449	0.428571	0.428691
0.22449	0.469388	0.393864
0.22449	0.510204	0.358396
0.22449	0.55102	0.322797
0.22449	0.591837	0.287536
0.22449	0.632653	0.253026
0.22449	0.673469	0.219603
0.22449	0.714286	0.187516
0.22449	0.755102	0.156911
0.22449	0.795918	0.12783
0.22449	0.836735	0.100211
0.22449	0.877551	0.0738947
0.22449	0.918367	0.0486374
0.22449	0.959184	0.0241261
0.22449	1	0
0.265306	-1	0.0193175
0.265306	-0.959184	0.0390395
0.265306	-0.918367	0.0595488
0.265306	-0.877551	0.0811867
0.265306	-0.836735	0.104234
0.265306	-0.795918	0.128895
0.265306	-0.755102	0.155286
0.265306	-0.714286	0.183426
0.265306	-0.673469	0.213233
0.265306	-0.632653	0.244527
0.265306	-0.591837	0.277033
0.265306	-0.55102	0.310397
0.265306	-0.510204	0.344193
0.265306	-0.469388	0.377947
0.265306	-0.428571	0.411152
0.265306	-0.387755	0.443287
0.265306	-0.346939	0.473839
0.265306	-0.306122	0.502316
0.265306	-0.265306	0.528261
0.265306	-0.22449	0.551267
0.265306	-0.183673	0.570977
0.265306	-0.142857	0.587098
0.265306	-0.102041	0.599391
0.265306	-0.0612245	0.607683
0.265306	-0.0204082	0.611857
0.265306	0.0204082	0.611855
0.265306	0.0612245	0.607677
0.265306	0.102041	0.59938
0.265306	0.142857	0.587079
0.265306	0.183673	0.570947
0.265306	0.22449	0.551218
0.265306	0.265306	0.528186
0.265306	0.306122	0.502202
0.265306	0.346939	0.473667
0.265306	0.387755	0.443032
0.265306	0.428571	0.410777
0.265306	0.469388	0.377405
0.265306	0.510204	0.34342
0.265306	0.55102	0.309307
0.265306	0.591837	0.275519
0.265306	0.632653	0.242451
0.265306	0.673469	0.210425
0.265306	0.714286	0.179679
0.265306	0.755102	0.150353
0.265306	0.795918	0.122487
0.265306	0.836735	0.096022
0.265306	0.877551	0.0708059
0.265306	0.918367	0.0466043
0.265306	0.959184	0.0231176
0.265306	1	0
0.306122	-1	0.0183666
0.306122	-0.959184	0.0371178
0.306122	-0.918367	0.0566177
0.306122	-0.877551	0.0771907
0.306122	-0.836735	0.0991038
0.306122	-0.795918	0.122552
0.306122	-0.755102	0.147644
0.306122	-0.714286	0.174399
0.306122	-0.673469	0.20274
0.306122	-0.632653	0.232494
0.306122	-0.591837	0.263402
0.306122	-0.55102	0.295124
0.306122	-0.510204	0.327258
0.306122	-0.469388	0.359352
0.306122	-0.428571	0.390924
0.306122	-0.387755	0.421478
0.306122	-0.346939	0.450528
0.306122	-0.306122	0.477603
0.306122	-0.265306	0.502273
0.306122	-0.22449	0.524147
0.306122	-0.183673	0.542888
0.306122	-0.142857	0.558215
0.306122	-0.102041	0.569904
0.306122	-0.0612245	0.577788
0.306122	-0.0204082	0.581757
0.306122	0.0204082	0.581755
0.306122	0.0612245	0.577782
0.306122	0.102041	0.569893
0.306122	0.142857	0.558197
0.306122	0.183673	0.542859
0.306122	0.22449	0.524101
0.306122	0.265306	0.502202
0.306122	0.306122	0.477495
0.306122	0.346939	0.450364
0.306122	0.387755	0.421235
0.306122	0.428571	0.390567
0.306122	0.469388	0.358837
0.306122	0.510204	0.326523
0.306122	0.55102	0.294089
0.306122	0.591837	0.261963
0.306122	0.632653	0.230521
0.306122	0.673469	0.200071
0.306122	0.714286	0.170837
0.306122	0.755102	0.142953
0.306122	0.795918	0.116459
0.306122	0.836735	0.0912962
0.306122	0.877551	0.067321
0.306122	0.918367	0.0443105
0.306122	0.959184	0.0219797
0.306122	1	0
0.346939	-1	0.0173224
0.346939	-0.959184	0.0350076
0.346939	-0.918367	0.0533989
0.346939	-0.877551	0.0728025
0.346939	-0.836735	0.0934701
0.346939	-0.795918	0.115585
0.346939	-0.755102	0.139252
0.346939	-0.714286	0.164487
0.346939	-0.673469	0.191217
0.346939	-0.632653	0.219281
0.346939	-0.591837	0.248433
0.346939	-0.55102	0.278353
0.346939	-0.510204	0.308662
0.346939	-0.469388	0.338932
0.346939	-0.428571	0.36871
0.346939	-0.387755	0.397529
0.346939	-0.346939	0.424929
0.346939	-0.306122	0.450466
0.346939	-0.265306	0.473734
0.346939	-0.22449	0.494366
0.346939	-0.183673	0.512042
0.346939	-0.142857	0.526499
0.346939	-0.102041	0.537524
0.346939	-0.0612245	0.54496
0.346939	-0.0204082	0.548703
0.346939	0.0204082	0.548701
0.346939	0.0612245	0.544955
0.346939	0.102041	0.537514
0.346939	0.142857	0.526482
0.346939	0.183673	0.512015
0.346939	0.22449	0.494322
0.346939	0.265306	0.473667
0.346939	0.306122	0.450364
0.346939	0.346939	0.424774
0.346939	0.387755	0.3973
0.346939	0.428571	0.368374
0.346939	0.469388	0.338446
0.346939	0.510204	0.307968
0.346939	0.55102	0.277376
0.346939	0.591837	0.247075
0.346939	0.632653	0.21742
0.346939	0.673469	0.1887
0.346939	0.714286	0.161127
0.346939	0.755102	0.134828
0.346939	0.795918	0.109839
0.346939	0.836735	0.0861066
0.346939	0.877551	0.0634942
0.346939	0.918367	0.0417917
0.346939	0.959184	0.0207303
0.346939	1	0
0.387755	-1	0.0162013
0.387755	-0.959184	0.0327419
0.387755	-0.918367	0.0499431
0.387755	-0.877551	0.0680912
0.387755	-0.836735	0.0874216
0.387755	-0.795918	0.108106
0.387755	-0.755102	0.130242
0.387755	-0.714286	0.153844
0.387755	-0.673469	0.178846
0.387755	-0.632653	0.205095
0.387755	-0.591837	0.232361
0.387755	-0.55102	0.260347
0.387755	-0.510204	0.288695
0.387755	-0.469388	0.317009
0.387755	-0.428571	0.344861
0.387755	-0.387755	0.371817
0.387755	-0.346939	0.397445
0.387755	-0.306122	0.421331
0.387755	-0.265306	0.443095
0.387755	-0.22449	0.462392
0.387755	-0.183673	0.478925
0.387755	-0.142857	0.492447
0.387755	-0.102041	0.502759
0.387755	-0.0612245	0.509714
0.387755	-0.0204082	0.513216
0.387755	0.0204082	0.513214
0.387755	0.0612245	0.50971
0.387755	0.102041	0.50275
0.387755	0.142857	0.492431
0.387755	0.183673	0.4789
0.387755	0.22449	0.462351
0.387755	0.265306	0.443032
0.387755	0.306122	0.421235
0.387755	0.346939	0.3973
0.387755	0.387755	0.371603
0.387755	0.428571	0.344547
0.387755	0.469388	0.316554
0.387755	0.510204	0.288047
0.387755	0.55102	0.259433
0.387755	0.591837	0.231092
0.387755	0.632653	0.203355
0.387755	0.673469	0.176492
0.387755	0.714286	0.150702
0.387755	0.755102	0.126105
0.387755	0.795918	0.102732
0.387755	0.836735	0.0805349
0.387755	0.877551	0.0593855
0.387755	0.918367	0.0390873
0.387755	0.959184	0.0193888
0.387755	1	0
0.428571	-1	0.015021
0.428571	-0.959184	0.0303566
0.428571	-0.918367	0.0463048
0.428571	-0.877551	0.0631309
0.428571	-0.836735	0.0810535
0.428571	-0.795918	0.100232
0.428571	-0.755102	0.120755
0.428571	-0.714286	0.14264
0.428571	-0.673469	0.165821
0.428571	-0.632653	0.190159
0.428571	-0.591837	0.215441
0.428571	-0.55102	0.241389
0.428571	-0.510204	0.267674
0.428571	-0.469388	0.293927
0.428571	-0.428571	0.319752
0.428571	-0.387755	0.344746
0.428571	-0.346939	0.368508
0.428571	-0.306122	0.390656
0.428571	-0.265306	0.410835
0.428571	-0.22449	0.428728
0.428571	-0.183673	0.444058
0.428571	-0.142857	0.456596
0.428571	-0.102041	0.466157
0.428571	-0.0612245	0.472606
0.428571	-0.0204082	0.475853
0.428571	0.0204082	0.475851
0.428571	0.0612245	0.472602
0.428571	0.102041	0.466149
0.428571	0.142857	0.456581
0.428571	0.183673	0.444035
0.428571	0.22449	0.428691
0.428571	0.265306	0.410777
0.428571	0.306122	0.390567
0.428571	0.346939	0.368374
0.428571	0.387755	0.344547
0.428571	0.428571	0.319461
0.428571	0.469388	0.293506
0.428571	0.510204	0.267073
0.428571	0.55102	0.240542
0.428571	0.591837	0.214264
0.428571	0.632653	0.188546
0.428571	0.673469	0.163639
0.428571	0.714286	0.139727
0.428571	0.755102	0.11692
0.428571	0.795918	0.0952494
0.428571	0.836735	0.0746689
0.428571	0.877551	0.0550598
0.428571	0.918367	0.03624
0.428571	0.959184	0.0179764
0.428571	1	0
0.469388	-1	0.0137998
0.469388	-0.959184	0.0278887
0.469388	-0.918367	0.0425404
0.469388	-0.877551	0.0579989
0.469388	-0.836735	0.0744649
0.469388	-0.795918	0.0920846
0.469388	-0.755102	0.110941
0.469388	-0.714286	0.131047
0.469388	-0.673469	0.152345
0.469388	-0.632653	0.174706
0.469388	-0.591837	0.197934
0.469388	-0.55102	0.221775
0.469388	-0.510204	0.245925
0.469388	-0.469388	0.270045
0.469388	-0.428571	0.293773
0.469388	-0.387755	0.316737
0.469388	-0.346939	0.338569
0.469388	-0.306122	0.358918
0.469388	-0.265306	0.377459
0.469388	-0.22449	0.393898
0.469388	-0.183673	0.407983
0.469388	-0.142857	0.419503
0.469388	-0.102041	0.428287
0.469388	-0.0612245	0.434213
0.469388	-0.0204082	0.437195
0.469388	0.0204082	0.437194
0.469388	0.0612245	0.434208
0.469388	0.102041	0.428279
0.469388	0.142857	0.419489
0.469388	0.183673	0.407961
0.469388	0.22449	0.393864
0.469388	0.265306	0.377405
0.469388	0.306122	0.358837
0.469388	0.346939	0.338446
0.469388	0.387755	0.316554
0.469388	0.428571	0.293506
0.469388	0.469388	0.269658
0.469388	0.510204	0.245373
0.469388	0.55102	0.220997
0.469388	0.591837	0.196853
0.469388	0.632653	0.173224
0.469388	0.673469	0.15034
0.469388	0.714286	0.128371
0.469388	0.755102	0.107417
0.469388	0.795918	0.0875077
0.469388	0.836735	0.0685996
0.469388	0.877551	0.0505843
0.469388	0.918367	0.0332942
0.469388	0.959184	0.0165151
0.469388	1	0
0.510204	-1	0.0125562
0.510204	-0.959184	0.0253755
0.510204	-0.918367	0.038707
0.510204	-0.877551	0.0527728
0.510204	-0.836735	0.0677554
0.510204	-0.795918	0.0837879
0.510204	-0.755102	0.100946
0.510204	-0.714286	0.119241
0.510204	-0.673469	0.138621
0.510204	-0.632653	0.158969
0.510204	-0.591837	0.180106
0.510204	-0.55102	0.2018
0.510204	-0.510204	0.223776
0.510204	-0.469388	0.245725
0.510204	-0.428571	0.267316
0.510204	-0.387755	0.288213
0.510204	-0.346939	0.30808
0.510204	-0.306122	0.326597
0.510204	-0.265306	0.343468
0.510204	-0.22449	0.358428
0.510204	-0.183673	0.371245
0.510204	-0.142857	0.381727
0.510204	-0.102041	0.389721
0.510204	-0.0612245	0.395113
0.510204	-0.0204082	0.397827
0.510204	0.0204082	0.397826
0.510204	0.0612245	0.395109
0.510204	0.102041	0.389714
0.510204	0.142857	0.381715
0.510204	0.183673	0.371225
0.510204	0.22449	0.358396
0.510204	0.265306	0.34342
0.510204	0.306122	0.326523
0.510204	0.346939	0.307968
0.510204	0.387755	0.288047
0.510204	0.428571	0.267073
0.510204	0.469388	0.245373
0.510204	0.510204	0.223274
0.510204	0.55102	0.201092
0.510204	0.591837	0.179122
0.510204	0.632653	0.157621
0.510204	0.673469	0.136798
0.510204	0.714286	0.116807
0.510204	0.755102	0.0977403
0.510204	0.795918	0.0796238
0.510204	0.836735	0.062419
0.510204	0.877551	0.0460266
0.510204	0.918367	0.0302943
0.510204	0.959184	0.0150271
0.510204	1	0
0.55102	-1	0.0113081
0.55102	-0.959184	0.0228531
0.55102	-0.918367	0.0348596
0.55102	-0.877551	0.0475274
0.55102	-0.836735	0.0610212
0.55102	-0.795918	0.0754608
0.55102	-0.755102	0.090914
0.55102	-0.714286	0.107392
0.55102	-0.673469	0.124847
0.55102	-0.632653	0.143174
0.55102	-0.591837	0.162211
0.55102	-0.55102	0.181751
0.55102	-0.510204	0.201545
0.55102	-0.469388	0.221314
0.55102	-0.428571	0.240761
0.55102	-0.387755	0.259583
0.55102	-0.346939	0.277477
0.55102	-0.306122	0.294155
0.55102	-0.265306	0.309351
0.55102	-0.22449	0.322825
0.55102	-0.183673	0.334369
0.55102	-0.142857	0.343811
0.55102	-0.102041	0.351011
0.55102	-0.0612245	0.355867
0.55102	-0.0204082	0.358312
0.55102	0.0204082	0.358311
0.55102	0.0612245	0.355864
0.55102	0.102041	0.351004
0.55102	0.142857	0.3438
0.55102	0.183673	0.334352
0.55102	0.22449	0.322797
0.55102	0.265306	0.309307
0.55102	0.306122	0.294089
0.55102	0.346939	0.277376
0.55102	0.387755	0.259433
0.55102	0.428571	0.240542
0.55102	0.469388	0.220997
0.55102	0.510204	0.201092
0.55102	0.55102	0.181114
0.55102	0.591837	0.161326
0.55102	0.632653	0.14196
0.55102	0.673469	0.123205
0.55102	0.714286	0.1052
0.55102	0.755102	0.0880275
0.55102	0.795918	0.071711
0.55102	0.836735	0.0562157
0.55102	0.877551	0.0414522
0.55102	0.918367	0.0272834
0.55102	0.959184	0.0135335
0.55102	1	0
0.591837	-1	0.0100719
0.591837	-0.959184	0.0203549
0.591837	-0.918367	0.031049
0.591837	-0.877551	0.0423324
0.591837	-0.836735	0.0543515
0.591837	-0.795918	0.0672133
0.591837	-0.755102	0.0809781
0.591837	-0.714286	0.095656
0.591837	-0.673469	0.111204
0.591837	-0.632653	0.127529
0.591837	-0.591837	0.144487
0.591837	-0.55102	0.161893
0.591837	-0.510204	0.179525
0.591837	-0.469388	0.197135
0.591837	-0.428571	0.214459
0.591837	-0.387755	0.231225
0.591837	-0.346939	0.247165
0.591837	-0.306122	0.262022
0.591837	-0.265306	0.275558
0.591837	-0.22449	0.287561
0.591837	-0.183673	0.297844
0.591837	-0.142857	0.306255
0.591837	-0.102041	0.312668
0.591837	-0.0612245	0.316994
0.591837	-0.0204082	0.319172
0.591837	0.0204082	0.319171
0.591837	0.0612245	0.316991
0.591837	0.102041	0.312663
0.591837	0.142857	0.306245
0.591837	0.183673	0.297828
0.591837	0.22449	0.287536
0.591837	0.265306	0.275519
0.591837	0.306122	0.261963
0.591837	0.346939	0.247075
0.591837	0.387755	0.231092
0.591837	0.428571	0.214264
0.591837	0.469388	0.196853
0.591837	0.510204	0.179122
0.591837	0.55102	0.161326
0.591837	0.591837	0.143699
0.591837	0.632653	0.126448
0.591837	0.673469	0.109742
0.591837	0.714286	0.093704
0.591837	0.755102	0.0784075
0.591837	0.795918	0.0638737
0.591837	0.836735	0.0500716
0.591837	0.877551	0.0369216
0.591837	0.918367	0.0243013
0.591837	0.959184	0.0120543
0.591837	1	0
0.632653	-1	0.00886219
0.632653	-0.959184	0.0179102
0.632653	-0.918367	0.02732
0.632653	-0.877551	0.0372484
0.632653	-0.836735	0.0478244
0.632653	-0.795918	0.0591421
0.632653	-0.755102	0.0712546
0.632653	-0.714286	0.0841707
0.632653	-0.673469	0.097853
0.632653	-0.632653	0.112219
0.632653	-0.591837	0.127142
0.632653	-0.55102	0.142459
0.632653	-0.510204	0.157975
0.632653	-0.469388	0.173472
0.632653	-0.428571	0.188717
0.632653	-0.387755	0.203472
0.632653	-0.346939	0.217499
0.632653	-0.306122	0.230573
0.632653	-0.265306	0.242485
0.632653	-0.22449	0.253048
0.632653	-0.183673	0.262097
0.632653	-0.142857	0.269498
0.632653	-0.102041	0.275142
0.632653	-0.0612245	0.278949
0.632653	-0.0204082	0.280866
0.632653	0.0204082	0.280865
0.632653	0.0612245	0.278947
0.632653	0.102041	0.275137
0.632653	0.142857	0.26949
0.632653	0.183673	0.262083
0.632653	0.22449	0.253026
0.632653	0.265306	0.242451
0.632653	0.306122	0.230521
0.632653	0.346939	0.21742
0.632653	0.387755	0.203355
0.632653	0.428571	0.188546
0.632653	0.469388	0.173224
0.632653	0.510204	0.157621
0.632653	0.55102	0.14196
0.632653	0.591837	0.126448
0.632653	0.632653	0.111268
0.632653	0.673469	0.0965665
0.632653	0.714286	0.0824534
0.632653	0.755102	0.0689931
0.632653	0.795918	0.056204
0.632653	0.836735	0.0440589
0.632653	0.877551	0.0324878
0.632653	0.918367	0.021383
0.632653	0.959184	0.0106066
0.632653	1	0
0.673469	-1	0.00769078
0.673469	-0.959184	0.0155429
0.673469	-0.918367	0.023709
0.673469	-0.877551	0.0323253
0.673469	-0.836735	0.0415039
0.673469	-0.795918	0.0513261
0.673469	-0.755102	0.0618384
0.673469	-0.714286	0.0730483
0.673469	-0.673469	0.0849233
0.673469	-0.632653	0.0973915
0.673469	-0.591837	0.110344
0.673469	-0.55102	0.123638
0.673469	-0.510204	0.137105
0.673469	-0.469388	0.150556
0.673469	-0.428571	0.163787
0.673469	-0.387755	0.176593
0.673469	-0.346939	0.188768
0.673469	-0.306122	0.200116
0.673469	-0.265306	0.210455
0.673469	-0.22449	0.219623
0.673469	-0.183673	0.227477
0.673469	-0.142857	0.233901
0.673469	-0.102041	0.2388
0.673469	-0.0612245	0.242104
0.673469	-0.0204082	0.243767
0.673469	0.0204082	0.243766
0.673469	0.0612245	0.242101
0.673469	0.102041	0.238795
0.673469	0.142857	0.233893
0.673469	0.183673	0.227465
0.673469	0.22449	0.219603
0.673469	0.265306	0.210425
0.673469	0.306122	0.200071
0.673469	0.346939	0.1887
0.673469	0.387755	0.176492
0.673469	0.428571	0.163639
0.673469	0.469388	0.15034
0.673469	0.510204	0.136798
0.673469	0.55102	0.123205
0.673469	0.591837	0.109742
0.673469	0.632653	0.0965665
0.673469	0.673469	0.0838071
0.673469	0.714286	0.0715583
0.673469	0.755102	0.0598761
0.673469	0.795918	0.0487767
0.673469	0.836735	0.0382364
0.673469	0.877551	0.0281943
0.673469	0.918367	0.0185569
0.673469	0.959184	0.00920482
0.673469	1	0
0.714286	-1	0.00656635
0.714286	-0.959184	0.0132704
0.714286	-0.918367	0.0202428
0.714286	-0.877551	0.0275996
0.714286	-0.836735	0.0354365
0.714286	-0.795918	0.0438233
0.714286	-0.755102	0.0527994
0.714286	-0.714286	0.0623712
0.714286	-0.673469	0.0725111
0.714286	-0.632653	0.0831576
0.714286	-0.591837	0.0942175
0.714286	-0.55102	0.10557
0.714286	-0.510204	0.117069
0.714286	-0.469388	0.128555
0.714286	-0.428571	0.139854
0.714286	-0.387755	0.150789
0.714286	-0.346939	0.161185
0.714286	-0.306122	0.170876
0.714286	-0.265306	0.179704
0.714286	-0.22449	0.187533
0.714286	-0.183673	0.19424
0.714286	-0.142857	0.199725
0.714286	-0.102041	0.203908
0.714286	-0.0612245	0.206729
0.714286	-0.0204082	0.20815
0.714286	0.0204082	0.208149
0.714286	0.0612245	0.206728
0.714286	0.102041	0.203904
0.714286	0.142857	0.199719
0.714286	0.183673	0.194229
0.714286	0.22449	0.187516
0.714286	0.265306	0.179679
0.714286	0.306122	0.170837
0.714286	0.346939	0.161127
0.714286	0.387755	0.150702
0.714286	0.428571	0.139727
0.714286	0.469388	0.128371
0.714286	0.510204	0.116807
0.714286	0.55102	0.1052
0.714286	0.591837	0.093704
0.714286	0.632653	0.0824534
0.714286	0.673469	0.0715583
0.714286	0.714286	0.0610992
0.714286	0.755102	0.0511242
0.714286	0.795918	0.0416469
0.714286	0.836735	0.032647
0.714286	0.877551	0.0240727
0.714286	0.918367	0.0158442
0.714286	0.959184	0.00785918
0.714286	1	0
0.755102	-1	0.00549405
0.755102	-0.959184	0.0111034
0.755102	-0.918367	0.0169372
0.755102	-0.877551	0.0230928
0.755102	-0.836735	0.0296503
0.755102	-0.795918	0.0366679
0.755102	-0.755102	0.0441788
0.755102	-0.714286	0.0521883
0.755102	-0.673469	0.0606732
0.755102	-0.632653	0.0695821
0.755102	-0.591837	0.0788371
0.755102	-0.55102	0.0883365
0.755102	-0.510204	0.0979597
0.755102	-0.469388	0.107571
0.755102	-0.428571	0.117026
0.755102	-0.387755	0.126177
0.755102	-0.346939	0.134877
0.755102	-0.306122	0.142986
0.755102	-0.265306	0.150374
0.755102	-0.22449	0.156925
0.755102	-0.183673	0.162537
0.755102	-0.142857	0.167127
0.755102	-0.102041	0.170628
0.755102	-0.0612245	0.172989
0.755102	-0.0204082	0.174177
0.755102	0.0204082	0.174177
0.755102	0.0612245	0.172987
0.755102	0.102041	0.170625
0.755102	0.142857	0.167122
0.755102	0.183673	0.162529
0.755102	0.22449	0.156911
0.755102	0.265306	0.150353
0.755102	0.306122	0.142953
0.755102	0.346939	0.134828
0.755102	0.387755	0.126105
0.755102	0.428571	0.11692
0.755102	0.469388	0.107417
0.755102	0.510204	0.0977403
0.755102	0.55102	0.0880275
0.755102	0.591837	0.0784075
0.755102	0.632653	0.0689931
0.755102	0.673469	0.0598761
0.755102	0.714286	0.0511242
0.755102	0.755102	0.0427774
0.755102	0.795918	0.0348471
0.755102	0.836735	0.0273165
0.755102	0.877551	0.0201421
0.755102	0.918367	0.0132571
0.755102	0.959184	0.00657589
0.755102	1	0
0.795918	-1	0.00447535
0.795918	-0.959184	0.00904464
0.795918	-0.918367	0.0137969
0.795918	-0.877551	0.0188113
0.795918	-0.836735	0.0241531
0.795918	-0.795918	0.0298699
0.795918	-0.755102	0.0359885
0.795918	-0.714286	0.0425135
0.795918	-0.673469	0.0494259
0.795918	-0.632653	0.0566837
0.795918	-0.591837	0.0642235
0.795918	-0.55102	0.0719626
0.795918	-0.510204	0.0798025
0.795918	-0.469388	0.0876328
0.795918	-0.428571	0.0953359
0.795918	-0.387755	0.102791
0.795918	-0.346939	0.109879
0.795918	-0.306122	0.116485
0.795918	-0.265306	0.122504
0.795918	-0.22449	0.127841
0.795918	-0.183673	0.132413
0.795918	-0.142857	0.136153
0.795918	-0.102041	0.139005
0.795918	-0.0612245	0.140928
0.795918	-0.0204082	0.141897
0.795918	0.0204082	0.141896
0.795918	0.0612245	0.140927
0.795918	0.102041	0.139002
0.795918	0.142857	0.136149
0.795918	0.183673	0.132406
0.795918	0.22449	0.12783
0.795918	0.265306	0.122487
0.795918	0.306122	0.116459
0.795918	0.346939	0.109839
0.795918	0.387755	0.102732
0.795918	0.428571	0.0952494
0.795918	0.469388	0.0875077
0.795918	0.510204	0.0796238
0.795918	0.55102	0.071711
0.795918	0.591837	0.0638737
0.795918	0.632653	0.056204
0.795918	0.673469	0.0487767
0.795918	0.714286	0.0416469
0.795918	0.755102	0.0348471
0.795918	0.795918	0.0283868
0.795918	0.836735	0.0222522
0.795918	0.877551	0.0164078
0.795918	0.918367	0.0107992
0.795918	0.959184	0.0053567
0.795918	1	0
0.836735	-1	0.00350808
0.836735	-0.959184	0.00708981
0.836735	-0.918367	0.010815
0.836735	-0.877551	0.0147457
0.836735	-0.836735	0.0189332
0.836735	-0.795918	0.0234146
0.836735	-0.755102	0.0282111
0.836735	-0.714286	0.0333263
0.836735	-0.673469	0.0387451
0.836735	-0.632653	0.0444349
0.836735	-0.591837	0.0503458
0.836735	-0.55102	0.0564129
0.836735	-0.510204	0.062559
0.836735	-0.469388	0.0686977
0.836735	-0.428571	0.0747366
0.836735	-0.387755	0.0805811
0.836735	-0.346939	0.0861377
0.836735	-0.306122	0.0913168
0.836735	-0.265306	0.0960355
0.836735	-0.22449	0.100219
0.836735	-0.183673	0.103804
0.836735	-0.142857	0.106736
0.836735	-0.102041	0.108971
0.836735	-0.0612245	0.110479
0.836735	-0.0204082	0.111238
0.836735	0.0204082	0.111238
0.836735	0.0612245	0.110478
0.836735	0.102041	0.108969
0.836735	0.142857	0.106732
0.836735	0.183673	0.103799
0.836735	0.22449	0.100211
0.836735	0.265306	0.096022
0.836735	0.306122	0.0912962
0.836735	0.346939	0.0861066
0.836735	0.387755	0.0805349
0.836735	0.428571	0.0746689
0.836735	0.469388	0.0685996
0.836735	0.510204	0.062419
0.836735	0.55102	0.0562157
0.836735	0.591837	0.0500716
0.836735	0.632653	0.0440589
0.836735	0.673469	0.0382364
0.836735	0.714286	0.032647
0.836735	0.755102	0.0273165
0.836735	0.795918	0.0222522
0.836735	0.836735	0.0174432
0.836735	0.877551	0.0128618
0.836735	0.918367	0.00846529
0.836735	0.959184	0.00419901
0.836735	1	0
0.877551	-1	0.00258663
0.877551	-0.959184	0.00522758
0.877551	-0.918367	0.00797431
0.877551	-0.877551	0.0108726
0.877551	-0.836735	0.0139603
0.877551	-0.795918	0.0172648
0.877551	-0.755102	0.0208017
0.877551	-0.714286	0.0245735
0.877551	-0.673469	0.0285693
0.877551	-0.632653	0.032765
0.877551	-0.591837	0.0371236
0.877551	-0.55102	0.0415976
0.877551	-0.510204	0.0461298
0.877551	-0.469388	0.0506565
0.877551	-0.428571	0.0551097
0.877551	-0.387755	0.0594196
0.877551	-0.346939	0.0635171
0.877551	-0.306122	0.0673362
0.877551	-0.265306	0.0708158
0.877551	-0.22449	0.0739011
0.877551	-0.183673	0.0765445
0.877551	-0.142857	0.0787064
0.877551	-0.102041	0.080355
0.877551	-0.0612245	0.081467
0.877551	-0.0204082	0.0820267
0.877551	0.0204082	0.0820265
0.877551	0.0612245	0.0814662
0.877551	0.102041	0.0803535
0.877551	0.142857	0.0787038
0.877551	0.183673	0.0765405
0.877551	0.22449	0.0738947
0.877551	0.265306	0.0708059
0.877551	0.306122	0.067321
0.877551	0.346939	0.0634942
0.877551	0.387755	0.0593855
0.877551	0.428571	0.0550598
0.877551	0.469388	0.0505843
0.877551	0.510204	0.0460266
0.877551	0.55102	0.0414522
0.877551	0.591837	0.0369216
0.877551	0.632653	0.0324878
0.877551	0.673469	0.0281943
0.877551	0.714286	0.0240727
0.877551	0.755102	0.0201421
0.877551	0.795918	0.0164078
0.877551	0.836735	0.0128618
0.877551	0.877551	0.00948367
0.877551	0.918367	0.00624187
0.877551	0.959184	0.00309612
0.877551	1	0
0.918367	-1	0.00170242
0.918367	-0.959184	0.00344059
0.918367	-0.918367	0.0052484
0.918367	-0.877551	0.007156
0.918367	-0.836735	0.00918823
0.918367	-0.795918	0.0113632
0.918367	-0.755102	0.0136911
0.918367	-0.714286	0.0161737
0.918367	-0.673469	0.0188038
0.918367	-0.632653	0.0215654
0.918367	-0.591837	0.0244343
0.918367	-0.55102	0.027379
0.918367	-0.510204	0.0303622
0.918367	-0.469388	0.0333418
0.918367	-0.428571	0.0362729
0.918367	-0.387755	0.0391097
0.918367	-0.346939	0.0418067
0.918367	-0.306122	0.0443205
0.918367	-0.265306	0.0466109
0.918367	-0.22449	0.0486417
0.918367	-0.183673	0.0503816
0.918367	-0.142857	0.0518045
0.918367	-0.102041	0.0528897
0.918367	-0.0612245	0.0536216
0.918367	-0.0204082	0.05399
0.918367	0.0204082	0.0539898
0.918367	0.0612245	0.0536211
0.918367	0.102041	0.0528887
0.918367	0.142857	0.0518029
0.918367	0.183673	0.0503789
0.918367	0.22449	0.0486374
0.918367	0.265306	0.0466043
0.918367	0.306122	0.0443105
0.918367	0.346939	0.0417917
0.918367	0.387755	0.0390873
0.918367	0.428571	0.03624
0.918367	0.469388	0.0332942
0.918367	0.510204	0.0302943
0.918367	0.55102	0.0272834
0.918367	0.591837	0.0243013
0.918367	0.632653	0.021383
0.918367	0.673469	0.0185569
0.918367	0.714286	0.0158442
0.918367	0.755102	0.0132571
0.918367	0.795918	0.0107992
0.918367	0.836735	0.00846529
0.918367	0.877551	0.00624187
0.918367	0.918367	0.0041082
0.918367	0.959184	0.00203777
0.918367	1	0
0.959184	-1	0.000844435
0.959184	-0.959184	0.00170661
0.959184	-0.918367	0.00260332
0.959184	-0.877551	0.00354954
0.959184	-0.836735	0.00455759
0.959184	-0.795918	0.00563644
0.959184	-0.755102	0.00679117
0.959184	-0.714286	0.00802263
0.959184	-0.673469	0.00932725
0.959184	-0.632653	0.0106971
0.959184	-0.591837	0.0121202
0.959184	-0.55102	0.0135809
0.959184	-0.510204	0.0150607
0.959184	-0.469388	0.0165387
0.959184	-0.428571	0.0179927
0.959184	-0.387755	0.0193999
0.959184	-0.346939	0.0207377
0.959184	-0.306122	0.0219847
0.959184	-0.265306	0.0231208
0.959184	-0.22449	0.0241282
0.959184	-0.183673	0.0249913
0.959184	-0.142857	0.0256971
0.959184	-0.102041	0.0262354
0.959184	-0.0612245	0.0265984
0.959184	-0.0204082	0.0267812
0.959184	0.0204082	0.0267811
0.959184	0.0612245	0.0265982
0.959184	0.102041	0.0262349
0.959184	0.142857	0.0256963
0.959184	0.183673	0.0249899
0.959184	0.22449	0.0241261
0.959184	0.265306	0.0231176
0.959184	0.306122	0.0219797
0.959184	0.346939	0.0207303
0.959184	0.387755	0.0193888
0.959184	0.428571	0.0179764
0.959184	0.469388	0.0165151
0.959184	0.510204	0.0150271
0.959184	0.55102	0.0135335
0.959184	0.591837	0.0120543
0.959184	0.632653	0.0106066
0.959184	0.673469	0.00920482
0.959184	0.714286	0.00785918
0.959184	0.755102	0.00657589
0.959184	0.795918	0.0053567
0.959184	0.836735	0.00419901
0.959184	0.877551	0.00309612
0.959184	0.918367	0.00203777
0.959184	0.959184	0.00101078
0.959184	1	0
1	-1	0
1	-0.959184	0
1	-0.918367	0
1	-0.877551	0
1	-0.836735	0
1	-0.795918	0
1	-0.755102	0
1	-0.714286	0
1	-0.673469	0
1	-0.632653	0
1	-0.591837	0
1	-0.55102	0
1	-0.510204	0
1	-0.469388	0
1	-0.428571	0
1	-0.387755	0
1	-0.346939	0
1	-0.306122	0
1	-0.265306	0
1	-0.22449	0
1	-0.183673	0
1	-0.142857	0
1	-0.102041	0
1	-0.0612245	0
1	-0.0204082	0
1	0.0204082	0
1	0.0612245	0
1	0.102041	0
1	0.142857	0
1	0.183673	0
1	0.22449	0
1	0.265306	0
1	0.306122	0
1	0.346939	0
1	0.387755	0
1	0.428571	0
1	0.469388	0
1	0.510204	0
1	0.55102	0
1	0.591837	0
1	0.632653	0
1	0.673469	0
1	0.714286	0
1	0.755102	0
1	0.795918	0
1	0.836735	0
1	0.877551	0
1	0.918367	0
1	0.959184	0
1	1	0
