-1	-1	0.000108318
-1	-0.959184	0.00021621
-1	-0.918367	0.00032325
-1	-0.877551	0.000429017
-1	-0.836735	0.000533094
-1	-0.795918	0.000635071
-1	-0.755102	0.000734546
-1	-0.714286	0.000831127
-1	-0.673469	0.000924433
-1	-0.632653	0.0010141
-1	-0.591837	0.00109977
-1	-0.55102	0.0011811
-1	-0.510204	0.00125778
-1	-0.469388	0.0013295
-1	-0.428571	0.00139598
-1	-0.387755	0.00145696
-1	-0.346939	0.00151219
-1	-0.306122	0.00156147
-1	-0.265306	0.00160458
-1	-0.22449	0.00164137
-1	-0.183673	0.00167168
-1	-0.142857	0.0016954
-1	-0.102041	0.00171243
-1	-0.0612245	0.0017227
-1	-0.0204082	0.00172617
-1	0.0204082	0.00172284
-1	0.0612245	0.0017127
-1	0.102041	0.0016958
-1	0.142857	0.00167221
-1	0.183673	0.00164201
-1	0.22449	0.00160533
-1	0.265306	0.00156231
-1	0.306122	0.00151312
-1	0.346939	0.00145795
-1	0.387755	0.00139702
-1	0.428571	0.00133058
-1	0.469388	0.00125887
-1	0.510204	0.00118219
-1	0.55102	0.00110084
-1	0.591837	0.00101514
-1	0.632653	0.000925424
-1	0.673469	0.000832051
-1	0.714286	0.000735389
-1	0.755102	0.00063582
-1	0.795918	0.000533738
-1	0.836735	0.000429545
-1	0.877551	0.000323653
-1	0.918367	0.000216483
-1	0.959184	0.000108456
-1	1	0
-0.959184	-1	0.00021621
-0.959184	-0.959184	0.000431569
-0.959184	-0.918367	0.000645227
-0.959184	-0.877551	0.000856344
-0.959184	-0.836735	0.00106409
-0.959184	-0.795918	0.00126764
-0.959184	-0.755102	0.0014662
-0.959184	-0.714286	0.00165898
-0.959184	-0.673469	0.00184522
-0.959184	-0.632653	0.0020242
-0.959184	-0.591837	0.0021952
-0.959184	-0.55102	0.00235755
-0.959184	-0.510204	0.0025106
-0.959184	-0.469388	0.00265376
-0.959184	-0.428571	0.00278647
-0.959184	-0.387755	0.00290818
-0.959184	-0.346939	0.00301843
-0.959184	-0.306122	0.00311678
-0.959184	-0.265306	0.00320284
-0.959184	-0.22449	0.00327627
-0.959184	-0.183673	0.00333677
-0.959184	-0.142857	0.00338412
-0.959184	-0.102041	0.00341811
-0.959184	-0.0612245	0.00343861
-0.959184	-0.0204082	0.00344555
-0.959184	0.0204082	0.00343889
-0.959184	0.0612245	0.00341865
-0.959184	0.102041	0.00338492
-0.959184	0.142857	0.00333783
-0.959184	0.183673	0.00327755
-0.959184	0.22449	0.00320434
-0.959184	0.265306	0.00311847
-0.959184	0.306122	0.00302028
-0.959184	0.346939	0.00291016
-0.959184	0.387755	0.00278854
-0.959184	0.428571	0.00265591
-0.959184	0.469388	0.00251278
-0.959184	0.510204	0.00235973
-0.959184	0.55102	0.00219735
-0.959184	0.591837	0.00202628
-0.959184	0.632653	0.0018472
-0.959184	0.673469	0.00166082
-0.959184	0.714286	0.00146788
-0.959184	0.755102	0.00126914
-0.959184	0.795918	0.00106537
-0.959184	0.836735	0.000857397
-0.959184	0.877551	0.000646032
-0.959184	0.918367	0.000432112
-0.959184	0.959184	0.000216484
-0.959184	1	0
-0.918367	-1	0.00032325
-0.918367	-0.959184	0.000645227
-0.918367	-0.918367	0.000964663
-0.918367	-0.877551	0.0012803
-0.918367	-0.836735	0.00159089
-0.918367	-0.795918	0.00189522
-0.918367	-0.755102	0.00219207
-0.918367	-0.714286	0.0024803
-0.918367	-0.673469	0.00275875
-0.918367	-0.632653	0.00302633
-0.918367	-0.591837	0.00328198
-0.918367	-0.55102	0.00352471
-0.918367	-0.510204	0.00375354
-0.918367	-0.469388	0.00396758
-0.918367	-0.428571	0.00416597
-0.918367	-0.387755	0.00434795
-0.918367	-0.346939	0.00451278
-0.918367	-0.306122	0.00465982
-0.918367	-0.265306	0.00478848
-0.918367	-0.22449	0.00489826
-0.918367	-0.183673	0.00498872
-0.918367	-0.142857	0.0050595
-0.918367	-0.102041	0.00511032
-0.918367	-0.0612245	0.00514098
-0.918367	-0.0204082	0.00515135
-0.918367	0.0204082	0.00514139
-0.918367	0.0612245	0.00511114
-0.918367	0.102041	0.00506071
-0.918367	0.142857	0.0049903
-0.918367	0.183673	0.00490019
-0.918367	0.22449	0.00479072
-0.918367	0.265306	0.00466234
-0.918367	0.306122	0.00451554
-0.918367	0.346939	0.0043509
-0.918367	0.387755	0.00416908
-0.918367	0.428571	0.00397078
-0.918367	0.469388	0.0037568
-0.918367	0.510204	0.00352797
-0.918367	0.55102	0.00328519
-0.918367	0.591837	0.00302944
-0.918367	0.632653	0.00276171
-0.918367	0.673469	0.00248306
-0.918367	0.714286	0.00219459
-0.918367	0.755102	0.00189745
-0.918367	0.795918	0.00159281
-0.918367	0.836735	0.00128187
-0.918367	0.877551	0.000965866
-0.918367	0.918367	0.00064604
-0.918367	0.959184	0.00032366
-0.918367	1	0
-0.877551	-1	0.000429017
-0.877551	-0.959184	0.000856344
-0.877551	-0.918367	0.0012803
-0.877551	-0.877551	0.00169921
-0.877551	-0.836735	0.00211143
-0.877551	-0.795918	0.00251533
-0.877551	-0.755102	0.00290932
-0.877551	-0.714286	0.00329185
-0.877551	-0.673469	0.0036614
-0.877551	-0.632653	0.00401654
-0.877551	-0.591837	0.00435584
-0.877551	-0.55102	0.00467798
-0.877551	-0.510204	0.00498169
-0.877551	-0.469388	0.00526576
-0.877551	-0.428571	0.00552907
-0.877551	-0.387755	0.00577059
-0.877551	-0.346939	0.00598935
-0.877551	-0.306122	0.0061845
-0.877551	-0.265306	0.00635527
-0.877551	-0.22449	0.00650097
-0.877551	-0.183673	0.00662102
-0.877551	-0.142857	0.00671496
-0.877551	-0.102041	0.00678241
-0.877551	-0.0612245	0.0068231
-0.877551	-0.0204082	0.00683686
-0.877551	0.0204082	0.00682364
-0.877551	0.0612245	0.00678349
-0.877551	0.102041	0.00671656
-0.877551	0.142857	0.00662311
-0.877551	0.183673	0.00650351
-0.877551	0.22449	0.00635824
-0.877551	0.265306	0.00618785
-0.877551	0.306122	0.00599301
-0.877551	0.346939	0.00577451
-0.877551	0.387755	0.00553319
-0.877551	0.428571	0.00527002
-0.877551	0.469388	0.00498602
-0.877551	0.510204	0.00468231
-0.877551	0.55102	0.0043601
-0.877551	0.591837	0.00402066
-0.877551	0.632653	0.00366533
-0.877551	0.673469	0.00329551
-0.877551	0.714286	0.00291266
-0.877551	0.755102	0.0025183
-0.877551	0.795918	0.00211398
-0.877551	0.836735	0.0017013
-0.877551	0.877551	0.0012819
-0.877551	0.918367	0.000857423
-0.877551	0.959184	0.000429561
-0.877551	1	0
-0.836735	-1	0.000533094
-0.836735	-0.959184	0.00106409
-0.836735	-0.918367	0.00159089
-0.836735	-0.877551	0.00211143
-0.836735	-0.836735	0.00262365
-0.836735	-0.795918	0.00312553
-0.836735	-0.755102	0.0036151
-0.836735	-0.714286	0.00409043
-0.836735	-0.673469	0.00454964
-0.836735	-0.632653	0.00499092
-0.836735	-0.591837	0.00541254
-0.836735	-0.55102	0.00581283
-0.836735	-0.510204	0.00619021
-0.836735	-0.469388	0.0065432
-0.836735	-0.428571	0.00687039
-0.836735	-0.387755	0.00717049
-0.836735	-0.346939	0.00744233
-0.836735	-0.306122	0.00768482
-0.836735	-0.265306	0.00789701
-0.836735	-0.22449	0.00807806
-0.836735	-0.183673	0.00822724
-0.836735	-0.142857	0.00834397
-0.836735	-0.102041	0.00842778
-0.836735	-0.0612245	0.00847834
-0.836735	-0.0204082	0.00849544
-0.836735	0.0204082	0.00847901
-0.836735	0.0612245	0.00842912
-0.836735	0.102041	0.00834595
-0.836735	0.142857	0.00822984
-0.836735	0.183673	0.00808123
-0.836735	0.22449	0.0079007
-0.836735	0.265306	0.00768898
-0.836735	0.306122	0.00744688
-0.836735	0.346939	0.00717537
-0.836735	0.387755	0.00687551
-0.836735	0.428571	0.00654849
-0.836735	0.469388	0.00619559
-0.836735	0.510204	0.00581821
-0.836735	0.55102	0.00541784
-0.836735	0.591837	0.00499605
-0.836735	0.632653	0.00455451
-0.836735	0.673469	0.00409498
-0.836735	0.714286	0.00361925
-0.836735	0.755102	0.00312922
-0.836735	0.795918	0.00262681
-0.836735	0.836735	0.00211402
-0.836735	0.877551	0.00159287
-0.836735	0.918367	0.00106543
-0.836735	0.959184	0.000533769
-0.836735	1	0
-0.795918	-1	0.000635071
-0.795918	-0.959184	0.00126764
-0.795918	-0.918367	0.00189522
-0.795918	-0.877551	0.00251533
-0.795918	-0.836735	0.00312553
-0.795918	-0.795918	0.00372342
-0.795918	-0.755102	0.00430664
-0.795918	-0.714286	0.00487289
-0.795918	-0.673469	0.00541995
-0.795918	-0.632653	0.00594565
-0.795918	-0.591837	0.00644792
-0.795918	-0.55102	0.00692478
-0.795918	-0.510204	0.00737435
-0.795918	-0.469388	0.00779486
-0.795918	-0.428571	0.00818464
-0.795918	-0.387755	0.00854215
-0.795918	-0.346939	0.00886599
-0.795918	-0.306122	0.00915487
-0.795918	-0.265306	0.00940765
-0.795918	-0.22449	0.00962333
-0.795918	-0.183673	0.00980105
-0.795918	-0.142857	0.00994011
-0.795918	-0.102041	0.01004
-0.795918	-0.0612245	0.0101002
-0.795918	-0.0204082	0.0101206
-0.795918	0.0204082	0.010101
-0.795918	0.0612245	0.0100415
-0.795918	0.102041	0.00994247
-0.795918	0.142857	0.00980414
-0.795918	0.183673	0.0096271
-0.795918	0.22449	0.00941205
-0.795918	0.265306	0.00915982
-0.795918	0.306122	0.00887141
-0.795918	0.346939	0.00854796
-0.795918	0.387755	0.00819074
-0.795918	0.428571	0.00780116
-0.795918	0.469388	0.00738076
-0.795918	0.510204	0.00693119
-0.795918	0.55102	0.00645423
-0.795918	0.591837	0.00595175
-0.795918	0.632653	0.00542576
-0.795918	0.673469	0.00487831
-0.795918	0.714286	0.00431159
-0.795918	0.755102	0.00372781
-0.795918	0.795918	0.0031293
-0.795918	0.836735	0.00251842
-0.795918	0.877551	0.00189758
-0.795918	0.918367	0.00126924
-0.795918	0.959184	0.000635875
-0.795918	1	0
-0.755102	-1	0.000734546
-0.755102	-0.959184	0.0014662
-0.755102	-0.918367	0.00219207
-0.755102	-0.877551	0.00290932
-0.755102	-0.836735	0.0036151
-0.755102	-0.795918	0.00430664
-0.755102	-0.755102	0.00498121
-0.755102	-0.714286	0.00563616
-0.755102	-0.673469	0.00626891
-0.755102	-0.632653	0.00687695
-0.755102	-0.591837	0.0074579
-0.755102	-0.55102	0.00800945
-0.755102	-0.510204	0.00852944
-0.755102	-0.469388	0.00901581
-0.755102	-0.428571	0.00946665
-0.755102	-0.387755	0.00988016
-0.755102	-0.346939	0.0102547
-0.755102	-0.306122	0.0105889
-0.755102	-0.265306	0.0108812
-0.755102	-0.22449	0.0111307
-0.755102	-0.183673	0.0113362
-0.755102	-0.142857	0.0114971
-0.755102	-0.102041	0.0116126
-0.755102	-0.0612245	0.0116822
-0.755102	-0.0204082	0.0117058
-0.755102	0.0204082	0.0116832
-0.755102	0.0612245	0.0116144
-0.755102	0.102041	0.0114998
-0.755102	0.142857	0.0113398
-0.755102	0.183673	0.0111351
-0.755102	0.22449	0.0108863
-0.755102	0.265306	0.0105946
-0.755102	0.306122	0.010261
-0.755102	0.346939	0.00988688
-0.755102	0.387755	0.00947371
-0.755102	0.428571	0.00902311
-0.755102	0.469388	0.00853685
-0.755102	0.510204	0.00801686
-0.755102	0.55102	0.00746519
-0.755102	0.591837	0.00688401
-0.755102	0.632653	0.00627563
-0.755102	0.673469	0.00564243
-0.755102	0.714286	0.00498693
-0.755102	0.755102	0.00431172
-0.755102	0.795918	0.00361946
-0.755102	0.836735	0.00291289
-0.755102	0.877551	0.00219481
-0.755102	0.918367	0.00146804
-0.755102	0.959184	0.000735476
-0.755102	1	0
-0.714286	-1	0.000831127
-0.714286	-0.959184	0.00165898
-0.714286	-0.918367	0.0024803
-0.714286	-0.877551	0.00329185
-0.714286	-0.836735	0.00409043
-0.714286	-0.795918	0.00487289
-0.714286	-0.755102	0.00563616
-0.714286	-0.714286	0.00637723
-0.714286	-0.673469	0.00709317
-0.714286	-0.632653	0.00778116
-0.714286	-0.591837	0.00843849
-0.714286	-0.55102	0.00906257
-0.714286	-0.510204	0.00965093
-0.714286	-0.469388	0.0102012
-0.714286	-0.428571	0.0107114
-0.714286	-0.387755	0.0111792
-0.714286	-0.346939	0.0116031
-0.714286	-0.306122	0.0119811
-0.714286	-0.265306	0.0123119
-0.714286	-0.22449	0.0125942
-0.714286	-0.183673	0.0128268
-0.714286	-0.142857	0.0130088
-0.714286	-0.102041	0.0131394
-0.714286	-0.0612245	0.0132183
-0.714286	-0.0204082	0.0132449
-0.714286	0.0204082	0.0132193
-0.714286	0.0612245	0.0131415
-0.714286	0.102041	0.0130119
-0.714286	0.142857	0.0128308
-0.714286	0.183673	0.0125991
-0.714286	0.22449	0.0123177
-0.714286	0.265306	0.0119876
-0.714286	0.306122	0.0116102
-0.714286	0.346939	0.0111868
-0.714286	0.387755	0.0107194
-0.714286	0.428571	0.0102095
-0.714286	0.469388	0.00965931
-0.714286	0.510204	0.00907095
-0.714286	0.55102	0.00844674
-0.714286	0.591837	0.00778915
-0.714286	0.632653	0.00710077
-0.714286	0.673469	0.00638432
-0.714286	0.714286	0.00564264
-0.714286	0.755102	0.00487864
-0.714286	0.795918	0.00409536
-0.714286	0.836735	0.00329589
-0.714286	0.877551	0.00248339
-0.714286	0.918367	0.00166107
-0.714286	0.959184	0.00083218
-0.714286	1	0
-0.673469	-1	0.000924433
-0.673469	-0.959184	0.00184522
-0.673469	-0.918367	0.00275875
-0.673469	-0.877551	0.0036614
-0.673469	-0.836735	0.00454964
-0.673469	-0.795918	0.00541995
-0.673469	-0.755102	0.00626891
-0.673469	-0.714286	0.00709317
-0.673469	-0.673469	0.00788948
-0.673469	-0.632653	0.00865471
-0.673469	-0.591837	0.00938584
-0.673469	-0.55102	0.01008
-0.673469	-0.510204	0.0107344
-0.673469	-0.469388	0.0113465
-0.673469	-0.428571	0.0119139
-0.673469	-0.387755	0.0124343
-0.673469	-0.346939	0.0129057
-0.673469	-0.306122	0.0133262
-0.673469	-0.265306	0.0136941
-0.673469	-0.22449	0.0140081
-0.673469	-0.183673	0.0142668
-0.673469	-0.142857	0.0144692
-0.673469	-0.102041	0.0146145
-0.673469	-0.0612245	0.0147022
-0.673469	-0.0204082	0.0147319
-0.673469	0.0204082	0.0147034
-0.673469	0.0612245	0.0146169
-0.673469	0.102041	0.0144726
-0.673469	0.142857	0.0142713
-0.673469	0.183673	0.0140136
-0.673469	0.22449	0.0137005
-0.673469	0.265306	0.0133334
-0.673469	0.306122	0.0129136
-0.673469	0.346939	0.0124427
-0.673469	0.387755	0.0119228
-0.673469	0.428571	0.0113557
-0.673469	0.469388	0.0107437
-0.673469	0.510204	0.0100893
-0.673469	0.55102	0.00939502
-0.673469	0.591837	0.0086636
-0.673469	0.632653	0.00789794
-0.673469	0.673469	0.00710106
-0.673469	0.714286	0.00627611
-0.673469	0.755102	0.00542635
-0.673469	0.795918	0.00455513
-0.673469	0.836735	0.00366591
-0.673469	0.877551	0.00276219
-0.673469	0.918367	0.00184755
-0.673469	0.959184	0.000925604
-0.673469	1	0
-0.632653	-1	0.0010141
-0.632653	-0.959184	0.0020242
-0.632653	-0.918367	0.00302633
-0.632653	-0.877551	0.00401654
-0.632653	-0.836735	0.00499092
-0.632653	-0.795918	0.00594565
-0.632653	-0.755102	0.00687695
-0.632653	-0.714286	0.00778116
-0.632653	-0.673469	0.00865471
-0.632653	-0.632653	0.00949416
-0.632653	-0.591837	0.0102962
-0.632653	-0.55102	0.0110577
-0.632653	-0.510204	0.0117756
-0.632653	-0.469388	0.012447
-0.632653	-0.428571	0.0130694
-0.632653	-0.387755	0.0136403
-0.632653	-0.346939	0.0141574
-0.632653	-0.306122	0.0146187
-0.632653	-0.265306	0.0150224
-0.632653	-0.22449	0.0153668
-0.632653	-0.183673	0.0156506
-0.632653	-0.142857	0.0158726
-0.632653	-0.102041	0.016032
-0.632653	-0.0612245	0.0161282
-0.632653	-0.0204082	0.0161608
-0.632653	0.0204082	0.0161295
-0.632653	0.0612245	0.0160346
-0.632653	0.102041	0.0158764
-0.632653	0.142857	0.0156555
-0.632653	0.183673	0.0153728
-0.632653	0.22449	0.0150294
-0.632653	0.265306	0.0146266
-0.632653	0.306122	0.0141661
-0.632653	0.346939	0.0136496
-0.632653	0.387755	0.0130792
-0.632653	0.428571	0.0124571
-0.632653	0.469388	0.0117858
-0.632653	0.510204	0.0110679
-0.632653	0.55102	0.0103063
-0.632653	0.591837	0.00950391
-0.632653	0.632653	0.00866399
-0.632653	0.673469	0.00778982
-0.632653	0.714286	0.00688485
-0.632653	0.755102	0.00595267
-0.632653	0.795918	0.00499695
-0.632653	0.836735	0.00402148
-0.632653	0.877551	0.0030301
-0.632653	0.918367	0.00202675
-0.632653	0.959184	0.00101538
-0.632653	1	0
-0.591837	-1	0.00109977
-0.591837	-0.959184	0.0021952
-0.591837	-0.918367	0.00328198
-0.591837	-0.877551	0.00435584
-0.591837	-0.836735	0.00541254
-0.591837	-0.795918	0.00644792
-0.591837	-0.755102	0.0074579
-0.591837	-0.714286	0.00843849
-0.591837	-0.673469	0.00938584
-0.591837	-0.632653	0.0102962
-0.591837	-0.591837	0.011166
-0.591837	-0.55102	0.0119918
-0.591837	-0.510204	0.0127703
-0.591837	-0.469388	0.0134985
-0.591837	-0.428571	0.0141735
-0.591837	-0.387755	0.0147926
-0.591837	-0.346939	0.0153534
-0.591837	-0.306122	0.0158537
-0.591837	-0.265306	0.0162914
-0.591837	-0.22449	0.0166649
-0.591837	-0.183673	0.0169727
-0.591837	-0.142857	0.0172135
-0.591837	-0.102041	0.0173864
-0.591837	-0.0612245	0.0174907
-0.591837	-0.0204082	0.017526
-0.591837	0.0204082	0.0174921
-0.591837	0.0612245	0.0173892
-0.591837	0.102041	0.0172176
-0.591837	0.142857	0.016978
-0.591837	0.183673	0.0166715
-0.591837	0.22449	0.016299
-0.591837	0.265306	0.0158622
-0.591837	0.306122	0.0153628
-0.591837	0.346939	0.0148027
-0.591837	0.387755	0.0141841
-0.591837	0.428571	0.0135094
-0.591837	0.469388	0.0127814
-0.591837	0.510204	0.0120029
-0.591837	0.55102	0.0111769
-0.591837	0.591837	0.0103068
-0.591837	0.632653	0.0093959
-0.591837	0.673469	0.00844788
-0.591837	0.714286	0.00746646
-0.591837	0.755102	0.00645553
-0.591837	0.795918	0.00541908
-0.591837	0.836735	0.0043612
-0.591837	0.877551	0.00328608
-0.591837	0.918367	0.00219796
-0.591837	0.959184	0.00110116
-0.591837	1	0
-0.55102	-1	0.0011811
-0.55102	-0.959184	0.00235755
-0.55102	-0.918367	0.00352471
-0.55102	-0.877551	0.00467798
-0.55102	-0.836735	0.00581283
-0.55102	-0.795918	0.00692478
-0.55102	-0.755102	0.00800945
-0.55102	-0.714286	0.00906257
-0.55102	-0.673469	0.01008
-0.55102	-0.632653	0.0110577
-0.55102	-0.591837	0.0119918
-0.55102	-0.55102	0.0128787
-0.55102	-0.510204	0.0137148
-0.55102	-0.469388	0.0144968
-0.55102	-0.428571	0.0152217
-0.55102	-0.387755	0.0158866
-0.55102	-0.346939	0.0164889
-0.55102	-0.306122	0.0170262
-0.55102	-0.265306	0.0174963
-0.55102	-0.22449	0.0178974
-0.55102	-0.183673	0.0182279
-0.55102	-0.142857	0.0184865
-0.55102	-0.102041	0.0186722
-0.55102	-0.0612245	0.0187842
-0.55102	-0.0204082	0.0188221
-0.55102	0.0204082	0.0187857
-0.55102	0.0612245	0.0186752
-0.55102	0.102041	0.0184909
-0.55102	0.142857	0.0182337
-0.55102	0.183673	0.0179044
-0.55102	0.22449	0.0175044
-0.55102	0.265306	0.0170354
-0.55102	0.306122	0.016499
-0.55102	0.346939	0.0158974
-0.55102	0.387755	0.0152331
-0.55102	0.428571	0.0145085
-0.55102	0.469388	0.0137267
-0.55102	0.510204	0.0128906
-0.55102	0.55102	0.0120035
-0.55102	0.591837	0.011069
-0.55102	0.632653	0.0100908
-0.55102	0.673469	0.00907265
-0.55102	0.714286	0.00801865
-0.55102	0.755102	0.00693295
-0.55102	0.795918	0.00581985
-0.55102	0.836735	0.00468374
-0.55102	0.877551	0.0035291
-0.55102	0.918367	0.00236052
-0.55102	0.959184	0.0011826
-0.55102	1	0
-0.510204	-1	0.00125778
-0.510204	-0.959184	0.0025106
-0.510204	-0.918367	0.00375354
-0.510204	-0.877551	0.00498169
-0.510204	-0.836735	0.00619021
-0.510204	-0.795918	0.00737435
-0.510204	-0.755102	0.00852944
-0.510204	-0.714286	0.00965093
-0.510204	-0.673469	0.0107344
-0.510204	-0.632653	0.0117756
-0.510204	-0.591837	0.0127703
-0.510204	-0.55102	0.0137148
-0.510204	-0.510204	0.0146051
-0.510204	-0.469388	0.015438
-0.510204	-0.428571	0.0162099
-0.510204	-0.387755	0.016918
-0.510204	-0.346939	0.0175594
-0.510204	-0.306122	0.0181315
-0.510204	-0.265306	0.0186322
-0.510204	-0.22449	0.0190593
-0.510204	-0.183673	0.0194113
-0.510204	-0.142857	0.0196867
-0.510204	-0.102041	0.0198845
-0.510204	-0.0612245	0.0200037
-0.510204	-0.0204082	0.0200441
-0.510204	0.0204082	0.0200053
-0.510204	0.0612245	0.0198876
-0.510204	0.102041	0.0196914
-0.510204	0.142857	0.0194174
-0.510204	0.183673	0.0190668
-0.510204	0.22449	0.0186409
-0.510204	0.265306	0.0181413
-0.510204	0.306122	0.0175701
-0.510204	0.346939	0.0169295
-0.510204	0.387755	0.016222
-0.510204	0.428571	0.0154505
-0.510204	0.469388	0.0146178
-0.510204	0.510204	0.0137274
-0.510204	0.55102	0.0127828
-0.510204	0.591837	0.0117876
-0.510204	0.632653	0.0107459
-0.510204	0.673469	0.00966166
-0.510204	0.714286	0.00853924
-0.510204	0.755102	0.00738306
-0.510204	0.795918	0.00619769
-0.510204	0.836735	0.00498781
-0.510204	0.877551	0.00375822
-0.510204	0.918367	0.00251377
-0.510204	0.959184	0.00125937
-0.510204	1	0
-0.469388	-1	0.0013295
-0.469388	-0.959184	0.00265376
-0.469388	-0.918367	0.00396758
-0.469388	-0.877551	0.00526576
-0.469388	-0.836735	0.0065432
-0.469388	-0.795918	0.00779486
-0.469388	-0.755102	0.00901581
-0.469388	-0.714286	0.0102012
-0.469388	-0.673469	0.0113465
-0.469388	-0.632653	0.012447
-0.469388	-0.591837	0.0134985
-0.469388	-0.55102	0.0144968
-0.469388	-0.510204	0.015438
-0.469388	-0.469388	0.0163183
-0.469388	-0.428571	0.0171343
-0.469388	-0.387755	0.0178827
-0.469388	-0.346939	0.0185607
-0.469388	-0.306122	0.0191654
-0.469388	-0.265306	0.0196946
-0.469388	-0.22449	0.0201461
-0.469388	-0.183673	0.0205182
-0.469388	-0.142857	0.0208093
-0.469388	-0.102041	0.0210183
-0.469388	-0.0612245	0.0211444
-0.469388	-0.0204082	0.0211871
-0.469388	0.0204082	0.0211461
-0.469388	0.0612245	0.0210217
-0.469388	0.102041	0.0208142
-0.469388	0.142857	0.0205247
-0.469388	0.183673	0.020154
-0.469388	0.22449	0.0197038
-0.469388	0.265306	0.0191758
-0.469388	0.306122	0.018572
-0.469388	0.346939	0.0178949
-0.469388	0.387755	0.0171471
-0.469388	0.428571	0.0163315
-0.469388	0.469388	0.0154514
-0.469388	0.510204	0.0145102
-0.469388	0.55102	0.0135117
-0.469388	0.591837	0.0124598
-0.469388	0.632653	0.0113587
-0.469388	0.673469	0.0102126
-0.469388	0.714286	0.00902617
-0.469388	0.755102	0.00780406
-0.469388	0.795918	0.0065511
-0.469388	0.836735	0.00527223
-0.469388	0.877551	0.00397252
-0.469388	0.918367	0.00265711
-0.469388	0.959184	0.00133119
-0.469388	1	0
-0.428571	-1	0.00139598
-0.428571	-0.959184	0.00278647
-0.428571	-0.918367	0.00416597
-0.428571	-0.877551	0.00552907
-0.428571	-0.836735	0.00687039
-0.428571	-0.795918	0.00818464
-0.428571	-0.755102	0.00946665
-0.428571	-0.714286	0.0107114
-0.428571	-0.673469	0.0119139
-0.428571	-0.632653	0.0130694
-0.428571	-0.591837	0.0141735
-0.428571	-0.55102	0.0152217
-0.428571	-0.510204	0.0162099
-0.428571	-0.469388	0.0171343
-0.428571	-0.428571	0.0179911
-0.428571	-0.387755	0.018777
-0.428571	-0.346939	0.0194888
-0.428571	-0.306122	0.0201238
-0.428571	-0.265306	0.0206794
-0.428571	-0.22449	0.0211535
-0.428571	-0.183673	0.0215442
-0.428571	-0.142857	0.0218499
-0.428571	-0.102041	0.0220693
-0.428571	-0.0612245	0.0222017
-0.428571	-0.0204082	0.0222465
-0.428571	0.0204082	0.0222035
-0.428571	0.0612245	0.0220728
-0.428571	0.102041	0.0218551
-0.428571	0.142857	0.021551
-0.428571	0.183673	0.0211618
-0.428571	0.22449	0.0206891
-0.428571	0.265306	0.0201347
-0.428571	0.306122	0.0195007
-0.428571	0.346939	0.0187897
-0.428571	0.387755	0.0180045
-0.428571	0.428571	0.0171481
-0.428571	0.469388	0.016224
-0.428571	0.510204	0.0152358
-0.428571	0.55102	0.0141874
-0.428571	0.591837	0.0130829
-0.428571	0.632653	0.0119266
-0.428571	0.673469	0.0107233
-0.428571	0.714286	0.00947752
-0.428571	0.755102	0.0081943
-0.428571	0.795918	0.00687868
-0.428571	0.836735	0.00553587
-0.428571	0.877551	0.00417117
-0.428571	0.918367	0.00278997
-0.428571	0.959184	0.00139775
-0.428571	1	0
-0.387755	-1	0.00145696
-0.387755	-0.959184	0.00290818
-0.387755	-0.918367	0.00434795
-0.387755	-0.877551	0.00577059
-0.387755	-0.836735	0.00717049
-0.387755	-0.795918	0.00854215
-0.387755	-0.755102	0.00988016
-0.387755	-0.714286	0.0111792
-0.387755	-0.673469	0.0124343
-0.387755	-0.632653	0.0136403
-0.387755	-0.591837	0.0147926
-0.387755	-0.55102	0.0158866
-0.387755	-0.510204	0.016918
-0.387755	-0.469388	0.0178827
-0.387755	-0.428571	0.018777
-0.387755	-0.387755	0.0195972
-0.387755	-0.346939	0.0203401
-0.387755	-0.306122	0.0210028
-0.387755	-0.265306	0.0215828
-0.387755	-0.22449	0.0220776
-0.387755	-0.183673	0.0224853
-0.387755	-0.142857	0.0228043
-0.387755	-0.102041	0.0230334
-0.387755	-0.0612245	0.0231715
-0.387755	-0.0204082	0.0232183
-0.387755	0.0204082	0.0231734
-0.387755	0.0612245	0.023037
-0.387755	0.102041	0.0228097
-0.387755	0.142857	0.0224924
-0.387755	0.183673	0.0220862
-0.387755	0.22449	0.0215928
-0.387755	0.265306	0.0210142
-0.387755	0.306122	0.0203525
-0.387755	0.346939	0.0196105
-0.387755	0.387755	0.018791
-0.387755	0.428571	0.0178972
-0.387755	0.469388	0.0169327
-0.387755	0.510204	0.0159013
-0.387755	0.55102	0.0148071
-0.387755	0.591837	0.0136543
-0.387755	0.632653	0.0124476
-0.387755	0.673469	0.0111917
-0.387755	0.714286	0.00989151
-0.387755	0.755102	0.00855224
-0.387755	0.795918	0.00717915
-0.387755	0.836735	0.00577768
-0.387755	0.877551	0.00435337
-0.387755	0.918367	0.00291184
-0.387755	0.959184	0.00145881
-0.387755	1	0
-0.346939	-1	0.00151219
-0.346939	-0.959184	0.00301843
-0.346939	-0.918367	0.00451278
-0.346939	-0.877551	0.00598935
-0.346939	-0.836735	0.00744233
-0.346939	-0.795918	0.00886599
-0.346939	-0.755102	0.0102547
-0.346939	-0.714286	0.0116031
-0.346939	-0.673469	0.0129057
-0.346939	-0.632653	0.0141574
-0.346939	-0.591837	0.0153534
-0.346939	-0.55102	0.0164889
-0.346939	-0.510204	0.0175594
-0.346939	-0.469388	0.0185607
-0.346939	-0.428571	0.0194888
-0.346939	-0.387755	0.0203401
-0.346939	-0.346939	0.0211112
-0.346939	-0.306122	0.0217991
-0.346939	-0.265306	0.022401
-0.346939	-0.22449	0.0229145
-0.346939	-0.183673	0.0233377
-0.346939	-0.142857	0.0236688
-0.346939	-0.102041	0.0239066
-0.346939	-0.0612245	0.02405
-0.346939	-0.0204082	0.0240985
-0.346939	0.0204082	0.0240519
-0.346939	0.0612245	0.0239104
-0.346939	0.102041	0.0236744
-0.346939	0.142857	0.0233451
-0.346939	0.183673	0.0229235
-0.346939	0.22449	0.0224114
-0.346939	0.265306	0.0218108
-0.346939	0.306122	0.0211241
-0.346939	0.346939	0.0203539
-0.346939	0.387755	0.0195033
-0.346939	0.428571	0.0185757
-0.346939	0.469388	0.0175746
-0.346939	0.510204	0.0165042
-0.346939	0.55102	0.0153684
-0.346939	0.591837	0.014172
-0.346939	0.632653	0.0129195
-0.346939	0.673469	0.011616
-0.346939	0.714286	0.0102665
-0.346939	0.755102	0.00887646
-0.346939	0.795918	0.00745132
-0.346939	0.836735	0.00599672
-0.346939	0.877551	0.00451841
-0.346939	0.918367	0.00302223
-0.346939	0.959184	0.00151411
-0.346939	1	0
-0.306122	-1	0.00156147
-0.306122	-0.959184	0.00311678
-0.306122	-0.918367	0.00465982
-0.306122	-0.877551	0.0061845
-0.306122	-0.836735	0.00768482
-0.306122	-0.795918	0.00915487
-0.306122	-0.755102	0.0105889
-0.306122	-0.714286	0.0119811
-0.306122	-0.673469	0.0133262
-0.306122	-0.632653	0.0146187
-0.306122	-0.591837	0.0158537
-0.306122	-0.55102	0.0170262
-0.306122	-0.510204	0.0181315
-0.306122	-0.469388	0.0191654
-0.306122	-0.428571	0.0201238
-0.306122	-0.387755	0.0210028
-0.306122	-0.346939	0.0217991
-0.306122	-0.306122	0.0225093
-0.306122	-0.265306	0.0231309
-0.306122	-0.22449	0.0236611
-0.306122	-0.183673	0.0240981
-0.306122	-0.142857	0.02444
-0.306122	-0.102041	0.0246855
-0.306122	-0.0612245	0.0248336
-0.306122	-0.0204082	0.0248837
-0.306122	0.0204082	0.0248356
-0.306122	0.0612245	0.0246894
-0.306122	0.102041	0.0244458
-0.306122	0.142857	0.0241057
-0.306122	0.183673	0.0236704
-0.306122	0.22449	0.0231417
-0.306122	0.265306	0.0225215
-0.306122	0.306122	0.0218124
-0.306122	0.346939	0.0210171
-0.306122	0.387755	0.0201388
-0.306122	0.428571	0.0191809
-0.306122	0.469388	0.0181473
-0.306122	0.510204	0.0170419
-0.306122	0.55102	0.0158692
-0.306122	0.591837	0.0146337
-0.306122	0.632653	0.0133405
-0.306122	0.673469	0.0119944
-0.306122	0.714286	0.010601
-0.306122	0.755102	0.00916568
-0.306122	0.795918	0.0076941
-0.306122	0.836735	0.00619211
-0.306122	0.877551	0.00466563
-0.306122	0.918367	0.00312071
-0.306122	0.959184	0.00156344
-0.306122	1	0
-0.265306	-1	0.00160458
-0.265306	-0.959184	0.00320284
-0.265306	-0.918367	0.00478848
-0.265306	-0.877551	0.00635527
-0.265306	-0.836735	0.00789701
-0.265306	-0.795918	0.00940765
-0.265306	-0.755102	0.0108812
-0.265306	-0.714286	0.0123119
-0.265306	-0.673469	0.0136941
-0.265306	-0.632653	0.0150224
-0.265306	-0.591837	0.0162914
-0.265306	-0.55102	0.0174963
-0.265306	-0.510204	0.0186322
-0.265306	-0.469388	0.0196946
-0.265306	-0.428571	0.0206794
-0.265306	-0.387755	0.0215828
-0.265306	-0.346939	0.022401
-0.265306	-0.306122	0.0231309
-0.265306	-0.265306	0.0237695
-0.265306	-0.22449	0.0243145
-0.265306	-0.183673	0.0247635
-0.265306	-0.142857	0.0251148
-0.265306	-0.102041	0.0253671
-0.265306	-0.0612245	0.0255193
-0.265306	-0.0204082	0.0255708
-0.265306	0.0204082	0.0255213
-0.265306	0.0612245	0.0253711
-0.265306	0.102041	0.0251208
-0.265306	0.142857	0.0247713
-0.265306	0.183673	0.024324
-0.265306	0.22449	0.0237806
-0.265306	0.265306	0.0231434
-0.265306	0.306122	0.0224147
-0.265306	0.346939	0.0215974
-0.265306	0.387755	0.0206949
-0.265306	0.428571	0.0197106
-0.265306	0.469388	0.0186484
-0.265306	0.510204	0.0175125
-0.265306	0.55102	0.0163074
-0.265306	0.591837	0.0150378
-0.265306	0.632653	0.0137088
-0.265306	0.673469	0.0123256
-0.265306	0.714286	0.0108937
-0.265306	0.755102	0.00941875
-0.265306	0.795918	0.00790655
-0.265306	0.836735	0.00636308
-0.265306	0.877551	0.00479446
-0.265306	0.918367	0.00320687
-0.265306	0.959184	0.00160661
-0.265306	1	0
-0.22449	-1	0.00164137
-0.22449	-0.959184	0.00327627
-0.22449	-0.918367	0.00489826
-0.22449	-0.877551	0.00650097
-0.22449	-0.836735	0.00807806
-0.22449	-0.795918	0.00962333
-0.22449	-0.755102	0.0111307
-0.22449	-0.714286	0.0125942
-0.22449	-0.673469	0.0140081
-0.22449	-0.632653	0.0153668
-0.22449	-0.591837	0.0166649
-0.22449	-0.55102	0.0178974
-0.22449	-0.510204	0.0190593
-0.22449	-0.469388	0.0201461
-0.22449	-0.428571	0.0211535
-0.22449	-0.387755	0.0220776
-0.22449	-0.346939	0.0229145
-0.22449	-0.306122	0.0236611
-0.22449	-0.265306	0.0243145
-0.22449	-0.22449	0.0248719
-0.22449	-0.183673	0.0253312
-0.22449	-0.142857	0.0256906
-0.22449	-0.102041	0.0259487
-0.22449	-0.0612245	0.0261043
-0.22449	-0.0204082	0.026157
-0.22449	0.0204082	0.0261064
-0.22449	0.0612245	0.0259528
-0.22449	0.102041	0.0256967
-0.22449	0.142857	0.0253392
-0.22449	0.183673	0.0248816
-0.22449	0.22449	0.0243258
-0.22449	0.265306	0.0236739
-0.22449	0.306122	0.0229285
-0.22449	0.346939	0.0220926
-0.22449	0.387755	0.0211693
-0.22449	0.428571	0.0201624
-0.22449	0.469388	0.0190759
-0.22449	0.510204	0.0179139
-0.22449	0.55102	0.0166812
-0.22449	0.591837	0.0153826
-0.22449	0.632653	0.0140231
-0.22449	0.673469	0.0126082
-0.22449	0.714286	0.0111435
-0.22449	0.755102	0.00963469
-0.22449	0.795918	0.00808781
-0.22449	0.836735	0.00650896
-0.22449	0.877551	0.00490437
-0.22449	0.918367	0.00328039
-0.22449	0.959184	0.00164345
-0.22449	1	0
-0.183673	-1	0.00167168
-0.183673	-0.959184	0.00333677
-0.183673	-0.918367	0.00498872
-0.183673	-0.877551	0.00662102
-0.183673	-0.836735	0.00822724
-0.183673	-0.795918	0.00980105
-0.183673	-0.755102	0.0113362
-0.183673	-0.714286	0.0128268
-0.183673	-0.673469	0.0142668
-0.183673	-0.632653	0.0156506
-0.183673	-0.591837	0.0169727
-0.183673	-0.55102	0.0182279
-0.183673	-0.510204	0.0194113
-0.183673	-0.469388	0.0205182
-0.183673	-0.428571	0.0215442
-0.183673	-0.387755	0.0224853
-0.183673	-0.346939	0.0233377
-0.183673	-0.306122	0.0240981
-0.183673	-0.265306	0.0247635
-0.183673	-0.22449	0.0253312
-0.183673	-0.183673	0.025799
-0.183673	-0.142857	0.0261651
-0.183673	-0.102041	0.0264279
-0.183673	-0.0612245	0.0265864
-0.183673	-0.0204082	0.02664
-0.183673	0.0204082	0.0265885
-0.183673	0.0612245	0.0264321
-0.183673	0.102041	0.0261713
-0.183673	0.142857	0.0258072
-0.183673	0.183673	0.0253412
-0.183673	0.22449	0.0247751
-0.183673	0.265306	0.0241111
-0.183673	0.306122	0.023352
-0.183673	0.346939	0.0225006
-0.183673	0.387755	0.0215603
-0.183673	0.428571	0.0205348
-0.183673	0.469388	0.0194282
-0.183673	0.510204	0.0182448
-0.183673	0.55102	0.0169893
-0.183673	0.591837	0.0156666
-0.183673	0.632653	0.0142821
-0.183673	0.673469	0.012841
-0.183673	0.714286	0.0113493
-0.183673	0.755102	0.00981262
-0.183673	0.795918	0.00823717
-0.183673	0.836735	0.00662916
-0.183673	0.877551	0.00499494
-0.183673	0.918367	0.00334098
-0.183673	0.959184	0.0016738
-0.183673	1	0
-0.142857	-1	0.0016954
-0.142857	-0.959184	0.00338412
-0.142857	-0.918367	0.0050595
-0.142857	-0.877551	0.00671496
-0.142857	-0.836735	0.00834397
-0.142857	-0.795918	0.00994011
-0.142857	-0.755102	0.0114971
-0.142857	-0.714286	0.0130088
-0.142857	-0.673469	0.0144692
-0.142857	-0.632653	0.0158726
-0.142857	-0.591837	0.0172135
-0.142857	-0.55102	0.0184865
-0.142857	-0.510204	0.0196867
-0.142857	-0.469388	0.0208093
-0.142857	-0.428571	0.0218499
-0.142857	-0.387755	0.0228043
-0.142857	-0.346939	0.0236688
-0.142857	-0.306122	0.02444
-0.142857	-0.265306	0.0251148
-0.142857	-0.22449	0.0256906
-0.142857	-0.183673	0.0261651
-0.142857	-0.142857	0.0265363
-0.142857	-0.102041	0.0268028
-0.142857	-0.0612245	0.0269636
-0.142857	-0.0204082	0.027018
-0.142857	0.0204082	0.0269658
-0.142857	0.0612245	0.0268071
-0.142857	0.102041	0.0265426
-0.142857	0.142857	0.0261733
-0.142857	0.183673	0.0257007
-0.142857	0.22449	0.0251266
-0.142857	0.265306	0.0244532
-0.142857	0.306122	0.0236833
-0.142857	0.346939	0.0228198
-0.142857	0.387755	0.0218662
-0.142857	0.428571	0.0208261
-0.142857	0.469388	0.0197038
-0.142857	0.510204	0.0185036
-0.142857	0.55102	0.0172303
-0.142857	0.591837	0.0158889
-0.142857	0.632653	0.0144847
-0.142857	0.673469	0.0130232
-0.142857	0.714286	0.0115103
-0.142857	0.755102	0.00995184
-0.142857	0.795918	0.00835404
-0.142857	0.836735	0.00672322
-0.142857	0.877551	0.00506581
-0.142857	0.918367	0.00338838
-0.142857	0.959184	0.00169754
-0.142857	1	0
-0.102041	-1	0.00171243
-0.102041	-0.959184	0.00341811
-0.102041	-0.918367	0.00511032
-0.102041	-0.877551	0.00678241
-0.102041	-0.836735	0.00842778
-0.102041	-0.795918	0.01004
-0.102041	-0.755102	0.0116126
-0.102041	-0.714286	0.0131394
-0.102041	-0.673469	0.0146145
-0.102041	-0.632653	0.016032
-0.102041	-0.591837	0.0173864
-0.102041	-0.55102	0.0186722
-0.102041	-0.510204	0.0198845
-0.102041	-0.469388	0.0210183
-0.102041	-0.428571	0.0220693
-0.102041	-0.387755	0.0230334
-0.102041	-0.346939	0.0239066
-0.102041	-0.306122	0.0246855
-0.102041	-0.265306	0.0253671
-0.102041	-0.22449	0.0259487
-0.102041	-0.183673	0.0264279
-0.102041	-0.142857	0.0268028
-0.102041	-0.102041	0.0270721
-0.102041	-0.0612245	0.0272345
-0.102041	-0.0204082	0.0272894
-0.102041	0.0204082	0.0272366
-0.102041	0.0612245	0.0270764
-0.102041	0.102041	0.0268092
-0.102041	0.142857	0.0264362
-0.102041	0.183673	0.0259588
-0.102041	0.22449	0.025379
-0.102041	0.265306	0.0246988
-0.102041	0.306122	0.0239212
-0.102041	0.346939	0.023049
-0.102041	0.387755	0.0220858
-0.102041	0.428571	0.0210353
-0.102041	0.469388	0.0199017
-0.102041	0.510204	0.0186895
-0.102041	0.55102	0.0174034
-0.102041	0.591837	0.0160485
-0.102041	0.632653	0.0146302
-0.102041	0.673469	0.0131541
-0.102041	0.714286	0.0116259
-0.102041	0.755102	0.0100518
-0.102041	0.795918	0.00843796
-0.102041	0.836735	0.00679075
-0.102041	0.877551	0.0051167
-0.102041	0.918367	0.00342241
-0.102041	0.959184	0.0017146
-0.102041	1	0
-0.0612245	-1	0.0017227
-0.0612245	-0.959184	0.00343861
-0.0612245	-0.918367	0.00514098
-0.0612245	-0.877551	0.0068231
-0.0612245	-0.836735	0.00847834
-0.0612245	-0.795918	0.0101002
-0.0612245	-0.755102	0.0116822
-0.0612245	-0.714286	0.0132183
-0.0612245	-0.673469	0.0147022
-0.0612245	-0.632653	0.0161282
-0.0612245	-0.591837	0.0174907
-0.0612245	-0.55102	0.0187842
-0.0612245	-0.510204	0.0200037
-0.0612245	-0.469388	0.0211444
-0.0612245	-0.428571	0.0222017
-0.0612245	-0.387755	0.0231715
-0.0612245	-0.346939	0.02405
-0.0612245	-0.306122	0.0248336
-0.0612245	-0.265306	0.0255193
-0.0612245	-0.22449	0.0261043
-0.0612245	-0.183673	0.0265864
-0.0612245	-0.142857	0.0269636
-0.0612245	-0.102041	0.0272345
-0.0612245	-0.0612245	0.0273978
-0.0612245	-0.0204082	0.0274531
-0.0612245	0.0204082	0.0274
-0.0612245	0.0612245	0.0272388
-0.0612245	0.102041	0.02697
-0.0612245	0.142857	0.0265948
-0.0612245	0.183673	0.0261146
-0.0612245	0.22449	0.0255312
-0.0612245	0.265306	0.024847
-0.0612245	0.306122	0.0240647
-0.0612245	0.346939	0.0231873
-0.0612245	0.387755	0.0222183
-0.0612245	0.428571	0.0211615
-0.0612245	0.469388	0.0200211
-0.0612245	0.510204	0.0188016
-0.0612245	0.55102	0.0175078
-0.0612245	0.591837	0.0161448
-0.0612245	0.632653	0.014718
-0.0612245	0.673469	0.013233
-0.0612245	0.714286	0.0116956
-0.0612245	0.755102	0.0101121
-0.0612245	0.795918	0.00848857
-0.0612245	0.836735	0.00683149
-0.0612245	0.877551	0.00514739
-0.0612245	0.918367	0.00344294
-0.0612245	0.959184	0.00172488
-0.0612245	1	0
-0.0204082	-1	0.00172617
-0.0204082	-0.959184	0.00344555
-0.0204082	-0.918367	0.00515135
-0.0204082	-0.877551	0.00683686
-0.0204082	-0.836735	0.00849544
-0.0204082	-0.795918	0.0101206
-0.0204082	-0.755102	0.0117058
-0.0204082	-0.714286	0.0132449
-0.0204082	-0.673469	0.0147319
-0.0204082	-0.632653	0.0161608
-0.0204082	-0.591837	0.017526
-0.0204082	-0.55102	0.0188221
-0.0204082	-0.510204	0.0200441
-0.0204082	-0.469388	0.0211871
-0.0204082	-0.428571	0.0222465
-0.0204082	-0.387755	0.0232183
-0.0204082	-0.346939	0.0240985
-0.0204082	-0.306122	0.0248837
-0.0204082	-0.265306	0.0255708
-0.0204082	-0.22449	0.026157
-0.0204082	-0.183673	0.02664
-0.0204082	-0.142857	0.027018
-0.0204082	-0.102041	0.0272894
-0.0204082	-0.0612245	0.0274531
-0.0204082	-0.0204082	0.0275085
-0.0204082	0.0204082	0.0274553
-0.0204082	0.0612245	0.0272937
-0.0204082	0.102041	0.0270244
-0.0204082	0.142857	0.0266485
-0.0204082	0.183673	0.0261672
-0.0204082	0.22449	0.0255827
-0.0204082	0.265306	0.0248971
-0.0204082	0.306122	0.0241132
-0.0204082	0.346939	0.0232341
-0.0204082	0.387755	0.0222631
-0.0204082	0.428571	0.0212042
-0.0204082	0.469388	0.0200615
-0.0204082	0.510204	0.0188395
-0.0204082	0.55102	0.0175431
-0.0204082	0.591837	0.0161774
-0.0204082	0.632653	0.0147476
-0.0204082	0.673469	0.0132597
-0.0204082	0.714286	0.0117192
-0.0204082	0.755102	0.0101325
-0.0204082	0.795918	0.0085057
-0.0204082	0.836735	0.00684527
-0.0204082	0.877551	0.00515777
-0.0204082	0.918367	0.00344989
-0.0204082	0.959184	0.00172836
-0.0204082	1	0
0.0204082	-1	0.00172284
0.0204082	-0.959184	0.00343889
0.0204082	-0.918367	0.00514139
0.0204082	-0.877551	0.00682364
0.0204082	-0.836735	0.00847901
0.0204082	-0.795918	0.010101
0.0204082	-0.755102	0.0116832
0.0204082	-0.714286	0.0132193
0.0204082	-0.673469	0.0147034
0.0204082	-0.632653	0.0161295
0.0204082	-0.591837	0.0174921
0.0204082	-0.55102	0.0187857
0.0204082	-0.510204	0.0200053
0.0204082	-0.469388	0.0211461
0.0204082	-0.428571	0.0222035
0.0204082	-0.387755	0.0231734
0.0204082	-0.346939	0.0240519
0.0204082	-0.306122	0.0248356
0.0204082	-0.265306	0.0255213
0.0204082	-0.22449	0.0261064
0.0204082	-0.183673	0.0265885
0.0204082	-0.142857	0.0269658
0.0204082	-0.102041	0.0272366
0.0204082	-0.0612245	0.0274
0.0204082	-0.0204082	0.0274553
0.0204082	0.0204082	0.0274022
0.0204082	0.0612245	0.027241
0.0204082	0.102041	0.0269722
0.0204082	0.142857	0.0265969
0.0204082	0.183673	0.0261166
0.0204082	0.22449	0.0255332
0.0204082	0.265306	0.024849
0.0204082	0.306122	0.0240666
0.0204082	0.346939	0.0231891
0.0204082	0.387755	0.0222201
0.0204082	0.428571	0.0211632
0.0204082	0.469388	0.0200227
0.0204082	0.510204	0.0188031
0.0204082	0.55102	0.0175092
0.0204082	0.591837	0.0161461
0.0204082	0.632653	0.0147191
0.0204082	0.673469	0.013234
0.0204082	0.714286	0.0116966
0.0204082	0.755102	0.0101129
0.0204082	0.795918	0.00848925
0.0204082	0.836735	0.00683203
0.0204082	0.877551	0.0051478
0.0204082	0.918367	0.00344322
0.0204082	0.959184	0.00172502
0.0204082	1	0
0.0612245	-1	0.0017127
0.0612245	-0.959184	0.00341865
0.0612245	-0.918367	0.00511114
0.0612245	-0.877551	0.00678349
0.0612245	-0.836735	0.00842912
0.0612245	-0.795918	0.0100415
0.0612245	-0.755102	0.0116144
0.0612245	-0.714286	0.0131415
0.0612245	-0.673469	0.0146169
0.0612245	-0.632653	0.0160346
0.0612245	-0.591837	0.0173892
0.0612245	-0.55102	0.0186752
0.0612245	-0.510204	0.0198876
0.0612245	-0.469388	0.0210217
0.0612245	-0.428571	0.0220728
0.0612245	-0.387755	0.023037
0.0612245	-0.346939	0.0239104
0.0612245	-0.306122	0.0246894
0.0612245	-0.265306	0.0253711
0.0612245	-0.22449	0.0259528
0.0612245	-0.183673	0.0264321
0.0612245	-0.142857	0.0268071
0.0612245	-0.102041	0.0270764
0.0612245	-0.0612245	0.0272388
0.0612245	-0.0204082	0.0272937
0.0612245	0.0204082	0.027241
0.0612245	0.0612245	0.0270807
0.0612245	0.102041	0.0268135
0.0612245	0.142857	0.0264404
0.0612245	0.183673	0.025963
0.0612245	0.22449	0.025383
0.0612245	0.265306	0.0247028
0.0612245	0.306122	0.023925
0.0612245	0.346939	0.0230527
0.0612245	0.387755	0.0220893
0.0612245	0.428571	0.0210387
0.0612245	0.469388	0.0199049
0.0612245	0.510204	0.0186925
0.0612245	0.55102	0.0174062
0.0612245	0.591837	0.0160511
0.0612245	0.632653	0.0146325
0.0612245	0.673469	0.0131561
0.0612245	0.714286	0.0116278
0.0612245	0.755102	0.0100534
0.0612245	0.795918	0.0084393
0.0612245	0.836735	0.00679183
0.0612245	0.877551	0.00511751
0.0612245	0.918367	0.00342296
0.0612245	0.959184	0.00171487
0.0612245	1	0
0.102041	-1	0.0016958
0.102041	-0.959184	0.00338492
0.102041	-0.918367	0.00506071
0.102041	-0.877551	0.00671656
0.102041	-0.836735	0.00834595
0.102041	-0.795918	0.00994247
0.102041	-0.755102	0.0114998
0.102041	-0.714286	0.0130119
0.102041	-0.673469	0.0144726
0.102041	-0.632653	0.0158764
0.102041	-0.591837	0.0172176
0.102041	-0.55102	0.0184909
0.102041	-0.510204	0.0196914
0.102041	-0.469388	0.0208142
0.102041	-0.428571	0.0218551
0.102041	-0.387755	0.0228097
0.102041	-0.346939	0.0236744
0.102041	-0.306122	0.0244458
0.102041	-0.265306	0.0251208
0.102041	-0.22449	0.0256967
0.102041	-0.183673	0.0261713
0.102041	-0.142857	0.0265426
0.102041	-0.102041	0.0268092
0.102041	-0.0612245	0.02697
0.102041	-0.0204082	0.0270244
0.102041	0.0204082	0.0269722
0.102041	0.0612245	0.0268135
0.102041	0.102041	0.0265489
0.102041	0.142857	0.0261795
0.102041	0.183673	0.0257068
0.102041	0.22449	0.0251325
0.102041	0.265306	0.024459
0.102041	0.306122	0.0236889
0.102041	0.346939	0.0228252
0.102041	0.387755	0.0218714
0.102041	0.428571	0.0208311
0.102041	0.469388	0.0197085
0.102041	0.510204	0.018508
0.102041	0.55102	0.0172344
0.102041	0.591837	0.0158927
0.102041	0.632653	0.0144881
0.102041	0.673469	0.0130263
0.102041	0.714286	0.011513
0.102041	0.755102	0.00995421
0.102041	0.795918	0.00835603
0.102041	0.836735	0.00672482
0.102041	0.877551	0.00506702
0.102041	0.918367	0.00338918
0.102041	0.959184	0.00169795
0.102041	1	0
0.142857	-1	0.00167221
0.142857	-0.959184	0.00333783
0.142857	-0.918367	0.0049903
0.142857	-0.877551	0.00662311
0.142857	-0.836735	0.00822984
0.142857	-0.795918	0.00980414
0.142857	-0.755102	0.0113398
0.142857	-0.714286	0.0128308
0.142857	-0.673469	0.0142713
0.142857	-0.632653	0.0156555
0.142857	-0.591837	0.016978
0.142857	-0.55102	0.0182337
0.142857	-0.510204	0.0194174
0.142857	-0.469388	0.0205247
0.142857	-0.428571	0.021551
0.142857	-0.387755	0.0224924
0.142857	-0.346939	0.0233451
0.142857	-0.306122	0.0241057
0.142857	-0.265306	0.0247713
0.142857	-0.22449	0.0253392
0.142857	-0.183673	0.0258072
0.142857	-0.142857	0.0261733
0.142857	-0.102041	0.0264362
0.142857	-0.0612245	0.0265948
0.142857	-0.0204082	0.0266485
0.142857	0.0204082	0.0265969
0.142857	0.0612245	0.0264404
0.142857	0.102041	0.0261795
0.142857	0.142857	0.0258153
0.142857	0.183673	0.0253491
0.142857	0.22449	0.0247829
0.142857	0.265306	0.0241187
0.142857	0.306122	0.0233593
0.142857	0.346939	0.0225077
0.142857	0.387755	0.0215671
0.142857	0.428571	0.0205413
0.142857	0.469388	0.0194343
0.142857	0.510204	0.0182505
0.142857	0.55102	0.0169946
0.142857	0.591837	0.0156716
0.142857	0.632653	0.0142866
0.142857	0.673469	0.0128451
0.142857	0.714286	0.0113528
0.142857	0.755102	0.00981571
0.142857	0.795918	0.00823977
0.142857	0.836735	0.00663126
0.142857	0.877551	0.00499652
0.142857	0.918367	0.00334203
0.142857	0.959184	0.00167433
0.142857	1	0
0.183673	-1	0.00164201
0.183673	-0.959184	0.00327755
0.183673	-0.918367	0.00490019
0.183673	-0.877551	0.00650351
0.183673	-0.836735	0.00808123
0.183673	-0.795918	0.0096271
0.183673	-0.755102	0.0111351
0.183673	-0.714286	0.0125991
0.183673	-0.673469	0.0140136
0.183673	-0.632653	0.0153728
0.183673	-0.591837	0.0166715
0.183673	-0.55102	0.0179044
0.183673	-0.510204	0.0190668
0.183673	-0.469388	0.020154
0.183673	-0.428571	0.0211618
0.183673	-0.387755	0.0220862
0.183673	-0.346939	0.0229235
0.183673	-0.306122	0.0236704
0.183673	-0.265306	0.024324
0.183673	-0.22449	0.0248816
0.183673	-0.183673	0.0253412
0.183673	-0.142857	0.0257007
0.183673	-0.102041	0.0259588
0.183673	-0.0612245	0.0261146
0.183673	-0.0204082	0.0261672
0.183673	0.0204082	0.0261166
0.183673	0.0612245	0.025963
0.183673	0.102041	0.0257068
0.183673	0.142857	0.0253491
0.183673	0.183673	0.0248914
0.183673	0.22449	0.0243354
0.183673	0.265306	0.0236832
0.183673	0.306122	0.0229375
0.183673	0.346939	0.0221012
0.183673	0.387755	0.0211776
0.183673	0.428571	0.0201703
0.183673	0.469388	0.0190834
0.183673	0.510204	0.017921
0.183673	0.55102	0.0166878
0.183673	0.591837	0.0153886
0.183673	0.632653	0.0140286
0.183673	0.673469	0.0126131
0.183673	0.714286	0.0111478
0.183673	0.755102	0.00963846
0.183673	0.795918	0.00809098
0.183673	0.836735	0.00651151
0.183673	0.877551	0.0049063
0.183673	0.918367	0.00328168
0.183673	0.959184	0.00164409
0.183673	1	0
0.22449	-1	0.00160533
0.22449	-0.959184	0.00320434
0.22449	-0.918367	0.00479072
0.22449	-0.877551	0.00635824
0.22449	-0.836735	0.0079007
0.22449	-0.795918	0.00941205
0.22449	-0.755102	0.0108863
0.22449	-0.714286	0.0123177
0.22449	-0.673469	0.0137005
0.22449	-0.632653	0.0150294
0.22449	-0.591837	0.016299
0.22449	-0.55102	0.0175044
0.22449	-0.510204	0.0186409
0.22449	-0.469388	0.0197038
0.22449	-0.428571	0.0206891
0.22449	-0.387755	0.0215928
0.22449	-0.346939	0.0224114
0.22449	-0.306122	0.0231417
0.22449	-0.265306	0.0237806
0.22449	-0.22449	0.0243258
0.22449	-0.183673	0.0247751
0.22449	-0.142857	0.0251266
0.22449	-0.102041	0.025379
0.22449	-0.0612245	0.0255312
0.22449	-0.0204082	0.0255827
0.22449	0.0204082	0.0255332
0.22449	0.0612245	0.025383
0.22449	0.102041	0.0251325
0.22449	0.142857	0.0247829
0.22449	0.183673	0.0243354
0.22449	0.22449	0.0237917
0.22449	0.265306	0.0231542
0.22449	0.306122	0.0224251
0.22449	0.346939	0.0216075
0.22449	0.387755	0.0207045
0.22449	0.428571	0.0197198
0.22449	0.469388	0.0186571
0.22449	0.510204	0.0175206
0.22449	0.55102	0.016315
0.22449	0.591837	0.0150448
0.22449	0.632653	0.0137152
0.22449	0.673469	0.0123314
0.22449	0.714286	0.0108988
0.22449	0.755102	0.00942315
0.22449	0.795918	0.00791024
0.22449	0.836735	0.00636605
0.22449	0.877551	0.0047967
0.22449	0.918367	0.00320837
0.22449	0.959184	0.00160736
0.22449	1	0
0.265306	-1	0.00156231
0.265306	-0.959184	0.00311847
0.265306	-0.918367	0.00466234
0.265306	-0.877551	0.00618785
0.265306	-0.836735	0.00768898
0.265306	-0.795918	0.00915982
0.265306	-0.755102	0.0105946
0.265306	-0.714286	0.0119876
0.265306	-0.673469	0.0133334
0.265306	-0.632653	0.0146266
0.265306	-0.591837	0.0158622
0.265306	-0.55102	0.0170354
0.265306	-0.510204	0.0181413
0.265306	-0.469388	0.0191758
0.265306	-0.428571	0.0201347
0.265306	-0.387755	0.0210142
0.265306	-0.346939	0.0218108
0.265306	-0.306122	0.0225215
0.265306	-0.265306	0.0231434
0.265306	-0.22449	0.0236739
0.265306	-0.183673	0.0241111
0.265306	-0.142857	0.0244532
0.265306	-0.102041	0.0246988
0.265306	-0.0612245	0.024847
0.265306	-0.0204082	0.0248971
0.265306	0.0204082	0.024849
0.265306	0.0612245	0.0247028
0.265306	0.102041	0.024459
0.265306	0.142857	0.0241187
0.265306	0.183673	0.0236832
0.265306	0.22449	0.0231542
0.265306	0.265306	0.0225337
0.265306	0.306122	0.0218242
0.265306	0.346939	0.0210285
0.265306	0.387755	0.0201497
0.265306	0.428571	0.0191913
0.265306	0.469388	0.0181571
0.265306	0.510204	0.0170511
0.265306	0.55102	0.0158778
0.265306	0.591837	0.0146417
0.265306	0.632653	0.0133477
0.265306	0.673469	0.0120009
0.265306	0.714286	0.0106067
0.265306	0.755102	0.00917063
0.265306	0.795918	0.00769826
0.265306	0.836735	0.00619545
0.265306	0.877551	0.00466815
0.265306	0.918367	0.00312239
0.265306	0.959184	0.00156429
0.265306	1	0
0.306122	-1	0.00151312
0.306122	-0.959184	0.00302028
0.306122	-0.918367	0.00451554
0.306122	-0.877551	0.00599301
0.306122	-0.836735	0.00744688
0.306122	-0.795918	0.00887141
0.306122	-0.755102	0.010261
0.306122	-0.714286	0.0116102
0.306122	-0.673469	0.0129136
0.306122	-0.632653	0.0141661
0.306122	-0.591837	0.0153628
0.306122	-0.55102	0.016499
0.306122	-0.510204	0.0175701
0.306122	-0.469388	0.018572
0.306122	-0.428571	0.0195007
0.306122	-0.387755	0.0203525
0.306122	-0.346939	0.0211241
0.306122	-0.306122	0.0218124
0.306122	-0.265306	0.0224147
0.306122	-0.22449	0.0229285
0.306122	-0.183673	0.023352
0.306122	-0.142857	0.0236833
0.306122	-0.102041	0.0239212
0.306122	-0.0612245	0.0240647
0.306122	-0.0204082	0.0241132
0.306122	0.0204082	0.0240666
0.306122	0.0612245	0.023925
0.306122	0.102041	0.0236889
0.306122	0.142857	0.0233593
0.306122	0.183673	0.0229375
0.306122	0.22449	0.0224251
0.306122	0.265306	0.0218242
0.306122	0.306122	0.021137
0.306122	0.346939	0.0203664
0.306122	0.387755	0.0195153
0.306122	0.428571	0.018587
0.306122	0.469388	0.0175854
0.306122	0.510204	0.0165142
0.306122	0.55102	0.0153778
0.306122	0.591837	0.0141806
0.306122	0.632653	0.0129274
0.306122	0.673469	0.0116231
0.306122	0.714286	0.0102728
0.306122	0.755102	0.00888188
0.306122	0.795918	0.00745587
0.306122	0.836735	0.00600038
0.306122	0.877551	0.00452117
0.306122	0.918367	0.00302408
0.306122	0.959184	0.00151504
0.306122	1	0
0.346939	-1	0.00145795
0.346939	-0.959184	0.00291016
0.346939	-0.918367	0.0043509
0.346939	-0.877551	0.00577451
0.346939	-0.836735	0.00717537
0.346939	-0.795918	0.00854796
0.346939	-0.755102	0.00988688
0.346939	-0.714286	0.0111868
0.346939	-0.673469	0.0124427
0.346939	-0.632653	0.0136496
0.346939	-0.591837	0.0148027
0.346939	-0.55102	0.0158974
0.346939	-0.510204	0.0169295
0.346939	-0.469388	0.0178949
0.346939	-0.428571	0.0187897
0.346939	-0.387755	0.0196105
0.346939	-0.346939	0.0203539
0.346939	-0.306122	0.0210171
0.346939	-0.265306	0.0215974
0.346939	-0.22449	0.0220926
0.346939	-0.183673	0.0225006
0.346939	-0.142857	0.0228198
0.346939	-0.102041	0.023049
0.346939	-0.0612245	0.0231873
0.346939	-0.0204082	0.0232341
0.346939	0.0204082	0.0231891
0.346939	0.0612245	0.0230527
0.346939	0.102041	0.0228252
0.346939	0.142857	0.0225077
0.346939	0.183673	0.0221012
0.346939	0.22449	0.0216075
0.346939	0.265306	0.0210285
0.346939	0.306122	0.0203664
0.346939	0.346939	0.0196238
0.346939	0.387755	0.0188037
0.346939	0.428571	0.0179094
0.346939	0.469388	0.0169442
0.346939	0.510204	0.0159121
0.346939	0.55102	0.0148172
0.346939	0.591837	0.0136636
0.346939	0.632653	0.0124561
0.346939	0.673469	0.0111993
0.346939	0.714286	0.00989824
0.346939	0.755102	0.00855805
0.346939	0.795918	0.00718403
0.346939	0.836735	0.00578161
0.346939	0.877551	0.00435633
0.346939	0.918367	0.00291382
0.346939	0.959184	0.0014598
0.346939	1	0
0.387755	-1	0.00139702
0.387755	-0.959184	0.00278854
0.387755	-0.918367	0.00416908
0.387755	-0.877551	0.00553319
0.387755	-0.836735	0.00687551
0.387755	-0.795918	0.00819074
0.387755	-0.755102	0.00947371
0.387755	-0.714286	0.0107194
0.387755	-0.673469	0.0119228
0.387755	-0.632653	0.0130792
0.387755	-0.591837	0.0141841
0.387755	-0.55102	0.0152331
0.387755	-0.510204	0.016222
0.387755	-0.469388	0.0171471
0.387755	-0.428571	0.0180045
0.387755	-0.387755	0.018791
0.387755	-0.346939	0.0195033
0.387755	-0.306122	0.0201388
0.387755	-0.265306	0.0206949
0.387755	-0.22449	0.0211693
0.387755	-0.183673	0.0215603
0.387755	-0.142857	0.0218662
0.387755	-0.102041	0.0220858
0.387755	-0.0612245	0.0222183
0.387755	-0.0204082	0.0222631
0.387755	0.0204082	0.0222201
0.387755	0.0612245	0.0220893
0.387755	0.102041	0.0218714
0.387755	0.142857	0.0215671
0.387755	0.183673	0.0211776
0.387755	0.22449	0.0207045
0.387755	0.265306	0.0201497
0.387755	0.306122	0.0195153
0.387755	0.346939	0.0188037
0.387755	0.387755	0.0180179
0.387755	0.428571	0.0171609
0.387755	0.469388	0.0162361
0.387755	0.510204	0.0152472
0.387755	0.55102	0.014198
0.387755	0.591837	0.0130926
0.387755	0.632653	0.0119355
0.387755	0.673469	0.0107313
0.387755	0.714286	0.00948459
0.387755	0.755102	0.00820041
0.387755	0.795918	0.00688381
0.387755	0.836735	0.00554
0.387755	0.877551	0.00417428
0.387755	0.918367	0.00279206
0.387755	0.959184	0.00139879
0.387755	1	0
0.428571	-1	0.00133058
0.428571	-0.959184	0.00265591
0.428571	-0.918367	0.00397078
0.428571	-0.877551	0.00527002
0.428571	-0.836735	0.00654849
0.428571	-0.795918	0.00780116
0.428571	-0.755102	0.00902311
0.428571	-0.714286	0.0102095
0.428571	-0.673469	0.0113557
0.428571	-0.632653	0.0124571
0.428571	-0.591837	0.0135094
0.428571	-0.55102	0.0145085
0.428571	-0.510204	0.0154505
0.428571	-0.469388	0.0163315
0.428571	-0.428571	0.0171481
0.428571	-0.387755	0.0178972
0.428571	-0.346939	0.0185757
0.428571	-0.306122	0.0191809
0.428571	-0.265306	0.0197106
0.428571	-0.22449	0.0201624
0.428571	-0.183673	0.0205348
0.428571	-0.142857	0.0208261
0.428571	-0.102041	0.0210353
0.428571	-0.0612245	0.0211615
0.428571	-0.0204082	0.0212042
0.428571	0.0204082	0.0211632
0.428571	0.0612245	0.0210387
0.428571	0.102041	0.0208311
0.428571	0.142857	0.0205413
0.428571	0.183673	0.0201703
0.428571	0.22449	0.0197198
0.428571	0.265306	0.0191913
0.428571	0.306122	0.018587
0.428571	0.346939	0.0179094
0.428571	0.387755	0.0171609
0.428571	0.428571	0.0163447
0.428571	0.469388	0.0154639
0.428571	0.510204	0.014522
0.428571	0.55102	0.0135226
0.428571	0.591837	0.0124699
0.428571	0.632653	0.0113678
0.428571	0.673469	0.0102209
0.428571	0.714286	0.00903347
0.428571	0.755102	0.00781037
0.428571	0.795918	0.0065564
0.428571	0.836735	0.0052765
0.428571	0.877551	0.00397574
0.428571	0.918367	0.00265926
0.428571	0.959184	0.00133226
0.428571	1	0
0.469388	-1	0.00125887
0.469388	-0.959184	0.00251278
0.469388	-0.918367	0.0037568
0.469388	-0.877551	0.00498602
0.469388	-0.836735	0.00619559
0.469388	-0.795918	0.00738076
0.469388	-0.755102	0.00853685
0.469388	-0.714286	0.00965931
0.469388	-0.673469	0.0107437
0.469388	-0.632653	0.0117858
0.469388	-0.591837	0.0127814
0.469388	-0.55102	0.0137267
0.469388	-0.510204	0.0146178
0.469388	-0.469388	0.0154514
0.469388	-0.428571	0.016224
0.469388	-0.387755	0.0169327
0.469388	-0.346939	0.0175746
0.469388	-0.306122	0.0181473
0.469388	-0.265306	0.0186484
0.469388	-0.22449	0.0190759
0.469388	-0.183673	0.0194282
0.469388	-0.142857	0.0197038
0.469388	-0.102041	0.0199017
0.469388	-0.0612245	0.0200211
0.469388	-0.0204082	0.0200615
0.469388	0.0204082	0.0200227
0.469388	0.0612245	0.0199049
0.469388	0.102041	0.0197085
0.469388	0.142857	0.0194343
0.469388	0.183673	0.0190834
0.469388	0.22449	0.0186571
0.469388	0.265306	0.0181571
0.469388	0.306122	0.0175854
0.469388	0.346939	0.0169442
0.469388	0.387755	0.0162361
0.469388	0.428571	0.0154639
0.469388	0.469388	0.0146305
0.469388	0.510204	0.0137394
0.469388	0.55102	0.0127939
0.469388	0.591837	0.0117979
0.469388	0.632653	0.0107552
0.469388	0.673469	0.00967006
0.469388	0.714286	0.00854666
0.469388	0.755102	0.00738947
0.469388	0.795918	0.00620307
0.469388	0.836735	0.00499215
0.469388	0.877551	0.00376148
0.469388	0.918367	0.00251595
0.469388	0.959184	0.00126047
0.469388	1	0
0.510204	-1	0.00118219
0.510204	-0.959184	0.00235973
0.510204	-0.918367	0.00352797
0.510204	-0.877551	0.00468231
0.510204	-0.836735	0.00581821
0.510204	-0.795918	0.00693119
0.510204	-0.755102	0.00801686
0.510204	-0.714286	0.00907095
0.510204	-0.673469	0.0100893
0.510204	-0.632653	0.0110679
0.510204	-0.591837	0.0120029
0.510204	-0.55102	0.0128906
0.510204	-0.510204	0.0137274
0.510204	-0.469388	0.0145102
0.510204	-0.428571	0.0152358
0.510204	-0.387755	0.0159013
0.510204	-0.346939	0.0165042
0.510204	-0.306122	0.0170419
0.510204	-0.265306	0.0175125
0.510204	-0.22449	0.0179139
0.510204	-0.183673	0.0182448
0.510204	-0.142857	0.0185036
0.510204	-0.102041	0.0186895
0.510204	-0.0612245	0.0188016
0.510204	-0.0204082	0.0188395
0.510204	0.0204082	0.0188031
0.510204	0.0612245	0.0186925
0.510204	0.102041	0.018508
0.510204	0.142857	0.0182505
0.510204	0.183673	0.017921
0.510204	0.22449	0.0175206
0.510204	0.265306	0.0170511
0.510204	0.306122	0.0165142
0.510204	0.346939	0.0159121
0.510204	0.387755	0.0152472
0.510204	0.428571	0.014522
0.510204	0.469388	0.0137394
0.510204	0.510204	0.0129025
0.510204	0.55102	0.0120146
0.510204	0.591837	0.0110793
0.510204	0.632653	0.0101001
0.510204	0.673469	0.00908104
0.510204	0.714286	0.00802607
0.510204	0.755102	0.00693937
0.510204	0.795918	0.00582523
0.510204	0.836735	0.00468807
0.510204	0.877551	0.00353237
0.510204	0.918367	0.0023627
0.510204	0.959184	0.00118369
0.510204	1	0
0.55102	-1	0.00110084
0.55102	-0.959184	0.00219735
0.55102	-0.918367	0.00328519
0.55102	-0.877551	0.0043601
0.55102	-0.836735	0.00541784
0.55102	-0.795918	0.00645423
0.55102	-0.755102	0.00746519
0.55102	-0.714286	0.00844674
0.55102	-0.673469	0.00939502
0.55102	-0.632653	0.0103063
0.55102	-0.591837	0.0111769
0.55102	-0.55102	0.0120035
0.55102	-0.510204	0.0127828
0.55102	-0.469388	0.0135117
0.55102	-0.428571	0.0141874
0.55102	-0.387755	0.0148071
0.55102	-0.346939	0.0153684
0.55102	-0.306122	0.0158692
0.55102	-0.265306	0.0163074
0.55102	-0.22449	0.0166812
0.55102	-0.183673	0.0169893
0.55102	-0.142857	0.0172303
0.55102	-0.102041	0.0174034
0.55102	-0.0612245	0.0175078
0.55102	-0.0204082	0.0175431
0.55102	0.0204082	0.0175092
0.55102	0.0612245	0.0174062
0.55102	0.102041	0.0172344
0.55102	0.142857	0.0169946
0.55102	0.183673	0.0166878
0.55102	0.22449	0.016315
0.55102	0.265306	0.0158778
0.55102	0.306122	0.0153778
0.55102	0.346939	0.0148172
0.55102	0.387755	0.014198
0.55102	0.428571	0.0135226
0.55102	0.469388	0.0127939
0.55102	0.510204	0.0120146
0.55102	0.55102	0.0111878
0.55102	0.591837	0.0103169
0.55102	0.632653	0.00940509
0.55102	0.673469	0.00845614
0.55102	0.714286	0.00747376
0.55102	0.755102	0.00646184
0.55102	0.795918	0.00542438
0.55102	0.836735	0.00436546
0.55102	0.877551	0.00328929
0.55102	0.918367	0.00220011
0.55102	0.959184	0.00110224
0.55102	1	0
0.591837	-1	0.00101514
0.591837	-0.959184	0.00202628
0.591837	-0.918367	0.00302944
0.591837	-0.877551	0.00402066
0.591837	-0.836735	0.00499605
0.591837	-0.795918	0.00595175
0.591837	-0.755102	0.00688401
0.591837	-0.714286	0.00778915
0.591837	-0.673469	0.0086636
0.591837	-0.632653	0.00950391
0.591837	-0.591837	0.0103068
0.591837	-0.55102	0.011069
0.591837	-0.510204	0.0117876
0.591837	-0.469388	0.0124598
0.591837	-0.428571	0.0130829
0.591837	-0.387755	0.0136543
0.591837	-0.346939	0.014172
0.591837	-0.306122	0.0146337
0.591837	-0.265306	0.0150378
0.591837	-0.22449	0.0153826
0.591837	-0.183673	0.0156666
0.591837	-0.142857	0.0158889
0.591837	-0.102041	0.0160485
0.591837	-0.0612245	0.0161448
0.591837	-0.0204082	0.0161774
0.591837	0.0204082	0.0161461
0.591837	0.0612245	0.0160511
0.591837	0.102041	0.0158927
0.591837	0.142857	0.0156716
0.591837	0.183673	0.0153886
0.591837	0.22449	0.0150448
0.591837	0.265306	0.0146417
0.591837	0.306122	0.0141806
0.591837	0.346939	0.0136636
0.591837	0.387755	0.0130926
0.591837	0.428571	0.0124699
0.591837	0.469388	0.0117979
0.591837	0.510204	0.0110793
0.591837	0.55102	0.0103169
0.591837	0.591837	0.00951367
0.591837	0.632653	0.00867288
0.591837	0.673469	0.00779781
0.591837	0.714286	0.00689192
0.591837	0.755102	0.00595878
0.591837	0.795918	0.00500208
0.591837	0.836735	0.00402561
0.591837	0.877551	0.00303321
0.591837	0.918367	0.00202883
0.591837	0.959184	0.00101642
0.591837	1	0
0.632653	-1	0.000925424
0.632653	-0.959184	0.0018472
0.632653	-0.918367	0.00276171
0.632653	-0.877551	0.00366533
0.632653	-0.836735	0.00455451
0.632653	-0.795918	0.00542576
0.632653	-0.755102	0.00627563
0.632653	-0.714286	0.00710077
0.632653	-0.673469	0.00789794
0.632653	-0.632653	0.00866399
0.632653	-0.591837	0.0093959
0.632653	-0.55102	0.0100908
0.632653	-0.510204	0.0107459
0.632653	-0.469388	0.0113587
0.632653	-0.428571	0.0119266
0.632653	-0.387755	0.0124476
0.632653	-0.346939	0.0129195
0.632653	-0.306122	0.0133405
0.632653	-0.265306	0.0137088
0.632653	-0.22449	0.0140231
0.632653	-0.183673	0.0142821
0.632653	-0.142857	0.0144847
0.632653	-0.102041	0.0146302
0.632653	-0.0612245	0.014718
0.632653	-0.0204082	0.0147476
0.632653	0.0204082	0.0147191
0.632653	0.0612245	0.0146325
0.632653	0.102041	0.0144881
0.632653	0.142857	0.0142866
0.632653	0.183673	0.0140286
0.632653	0.22449	0.0137152
0.632653	0.265306	0.0133477
0.632653	0.306122	0.0129274
0.632653	0.346939	0.0124561
0.632653	0.387755	0.0119355
0.632653	0.428571	0.0113678
0.632653	0.469388	0.0107552
0.632653	0.510204	0.0101001
0.632653	0.55102	0.00940509
0.632653	0.591837	0.00867288
0.632653	0.632653	0.0079064
0.632653	0.673469	0.00710867
0.632653	0.714286	0.00628283
0.632653	0.755102	0.00543216
0.632653	0.795918	0.00456001
0.632653	0.836735	0.00366984
0.632653	0.877551	0.00276515
0.632653	0.918367	0.00184953
0.632653	0.959184	0.000926596
0.632653	1	0
0.673469	-1	0.000832051
0.673469	-0.959184	0.00166082
0.673469	-0.918367	0.00248306
0.673469	-0.877551	0.00329551
0.673469	-0.836735	0.00409498
0.673469	-0.795918	0.00487831
0.673469	-0.755102	0.00564243
0.673469	-0.714286	0.00638432
0.673469	-0.673469	0.00710106
0.673469	-0.632653	0.00778982
0.673469	-0.591837	0.00844788
0.673469	-0.55102	0.00907265
0.673469	-0.510204	0.00966166
0.673469	-0.469388	0.0102126
0.673469	-0.428571	0.0107233
0.673469	-0.387755	0.0111917
0.673469	-0.346939	0.011616
0.673469	-0.306122	0.0119944
0.673469	-0.265306	0.0123256
0.673469	-0.22449	0.0126082
0.673469	-0.183673	0.012841
0.673469	-0.142857	0.0130232
0.673469	-0.102041	0.0131541
0.673469	-0.0612245	0.013233
0.673469	-0.0204082	0.0132597
0.673469	0.0204082	0.013234
0.673469	0.0612245	0.0131561
0.673469	0.102041	0.0130263
0.673469	0.142857	0.0128451
0.673469	0.183673	0.0126131
0.673469	0.22449	0.0123314
0.673469	0.265306	0.0120009
0.673469	0.306122	0.0116231
0.673469	0.346939	0.0111993
0.673469	0.387755	0.0107313
0.673469	0.428571	0.0102209
0.673469	0.469388	0.00967006
0.673469	0.510204	0.00908104
0.673469	0.55102	0.00845614
0.673469	0.591837	0.00779781
0.673469	0.632653	0.00710867
0.673469	0.673469	0.00639142
0.673469	0.714286	0.00564891
0.673469	0.755102	0.00488407
0.673469	0.795918	0.00409992
0.673469	0.836735	0.00329956
0.673469	0.877551	0.00248615
0.673469	0.918367	0.00166292
0.673469	0.959184	0.000833105
0.673469	1	0
0.714286	-1	0.000735389
0.714286	-0.959184	0.00146788
0.714286	-0.918367	0.00219459
0.714286	-0.877551	0.00291266
0.714286	-0.836735	0.00361925
0.714286	-0.795918	0.00431159
0.714286	-0.755102	0.00498693
0.714286	-0.714286	0.00564264
0.714286	-0.673469	0.00627611
0.714286	-0.632653	0.00688485
0.714286	-0.591837	0.00746646
0.714286	-0.55102	0.00801865
0.714286	-0.510204	0.00853924
0.714286	-0.469388	0.00902617
0.714286	-0.428571	0.00947752
0.714286	-0.387755	0.00989151
0.714286	-0.346939	0.0102665
0.714286	-0.306122	0.010601
0.714286	-0.265306	0.0108937
0.714286	-0.22449	0.0111435
0.714286	-0.183673	0.0113493
0.714286	-0.142857	0.0115103
0.714286	-0.102041	0.0116259
0.714286	-0.0612245	0.0116956
0.714286	-0.0204082	0.0117192
0.714286	0.0204082	0.0116966
0.714286	0.0612245	0.0116278
0.714286	0.102041	0.011513
0.714286	0.142857	0.0113528
0.714286	0.183673	0.0111478
0.714286	0.22449	0.0108988
0.714286	0.265306	0.0106067
0.714286	0.306122	0.0102728
0.714286	0.346939	0.00989824
0.714286	0.387755	0.00948459
0.714286	0.428571	0.00903347
0.714286	0.469388	0.00854666
0.714286	0.510204	0.00802607
0.714286	0.55102	0.00747376
0.714286	0.591837	0.00689192
0.714286	0.632653	0.00628283
0.714286	0.673469	0.00564891
0.714286	0.714286	0.00499266
0.714286	0.755102	0.00431667
0.714286	0.795918	0.00362362
0.714286	0.836735	0.00291624
0.714286	0.877551	0.00219733
0.714286	0.918367	0.00146973
0.714286	0.959184	0.000736321
0.714286	1	0
0.755102	-1	0.00063582
0.755102	-0.959184	0.00126914
0.755102	-0.918367	0.00189745
0.755102	-0.877551	0.0025183
0.755102	-0.836735	0.00312922
0.755102	-0.795918	0.00372781
0.755102	-0.755102	0.00431172
0.755102	-0.714286	0.00487864
0.755102	-0.673469	0.00542635
0.755102	-0.632653	0.00595267
0.755102	-0.591837	0.00645553
0.755102	-0.55102	0.00693295
0.755102	-0.510204	0.00738306
0.755102	-0.469388	0.00780406
0.755102	-0.428571	0.0081943
0.755102	-0.387755	0.00855224
0.755102	-0.346939	0.00887646
0.755102	-0.306122	0.00916568
0.755102	-0.265306	0.00941875
0.755102	-0.22449	0.00963469
0.755102	-0.183673	0.00981262
0.755102	-0.142857	0.00995184
0.755102	-0.102041	0.0100518
0.755102	-0.0612245	0.0101121
0.755102	-0.0204082	0.0101325
0.755102	0.0204082	0.0101129
0.755102	0.0612245	0.0100534
0.755102	0.102041	0.00995421
0.755102	0.142857	0.00981571
0.755102	0.183673	0.00963846
0.755102	0.22449	0.00942315
0.755102	0.265306	0.00917063
0.755102	0.306122	0.00888188
0.755102	0.346939	0.00855805
0.755102	0.387755	0.00820041
0.755102	0.428571	0.00781037
0.755102	0.469388	0.00738947
0.755102	0.510204	0.00693937
0.755102	0.55102	0.00646184
0.755102	0.591837	0.00595878
0.755102	0.632653	0.00543216
0.755102	0.673469	0.00488407
0.755102	0.714286	0.00431667
0.755102	0.755102	0.00373221
0.755102	0.795918	0.003133
0.755102	0.836735	0.00252139
0.755102	0.877551	0.00189982
0.755102	0.918367	0.00127073
0.755102	0.959184	0.000636626
0.755102	1	0
0.795918	-1	0.000533738
0.795918	-0.959184	0.00106537
0.795918	-0.918367	0.00159281
0.795918	-0.877551	0.00211398
0.795918	-0.836735	0.00262681
0.795918	-0.795918	0.0031293
0.795918	-0.755102	0.00361946
0.795918	-0.714286	0.00409536
0.795918	-0.673469	0.00455513
0.795918	-0.632653	0.00499695
0.795918	-0.591837	0.00541908
0.795918	-0.55102	0.00581985
0.795918	-0.510204	0.00619769
0.795918	-0.469388	0.0065511
0.795918	-0.428571	0.00687868
0.795918	-0.387755	0.00717915
0.795918	-0.346939	0.00745132
0.795918	-0.306122	0.0076941
0.795918	-0.265306	0.00790655
0.795918	-0.22449	0.00808781
0.795918	-0.183673	0.00823717
0.795918	-0.142857	0.00835404
0.795918	-0.102041	0.00843796
0.795918	-0.0612245	0.00848857
0.795918	-0.0204082	0.0085057
0.795918	0.0204082	0.00848925
0.795918	0.0612245	0.0084393
0.795918	0.102041	0.00835603
0.795918	0.142857	0.00823977
0.795918	0.183673	0.00809098
0.795918	0.22449	0.00791024
0.795918	0.265306	0.00769826
0.795918	0.306122	0.00745587
0.795918	0.346939	0.00718403
0.795918	0.387755	0.00688381
0.795918	0.428571	0.0065564
0.795918	0.469388	0.00620307
0.795918	0.510204	0.00582523
0.795918	0.55102	0.00542438
0.795918	0.591837	0.00500208
0.795918	0.632653	0.00456001
0.795918	0.673469	0.00409992
0.795918	0.714286	0.00362362
0.795918	0.755102	0.003133
0.795918	0.795918	0.00262998
0.795918	0.836735	0.00211658
0.795918	0.877551	0.0015948
0.795918	0.918367	0.00106671
0.795918	0.959184	0.000534414
0.795918	1	0
0.836735	-1	0.000429545
0.836735	-0.959184	0.000857397
0.836735	-0.918367	0.00128187
0.836735	-0.877551	0.0017013
0.836735	-0.836735	0.00211402
0.836735	-0.795918	0.00251842
0.836735	-0.755102	0.00291289
0.836735	-0.714286	0.00329589
0.836735	-0.673469	0.00366591
0.836735	-0.632653	0.00402148
0.836735	-0.591837	0.0043612
0.836735	-0.55102	0.00468374
0.836735	-0.510204	0.00498781
0.836735	-0.469388	0.00527223
0.836735	-0.428571	0.00553587
0.836735	-0.387755	0.00577768
0.836735	-0.346939	0.00599672
0.836735	-0.306122	0.00619211
0.836735	-0.265306	0.00636308
0.836735	-0.22449	0.00650896
0.836735	-0.183673	0.00662916
0.836735	-0.142857	0.00672322
0.836735	-0.102041	0.00679075
0.836735	-0.0612245	0.00683149
0.836735	-0.0204082	0.00684527
0.836735	0.0204082	0.00683203
0.836735	0.0612245	0.00679183
0.836735	0.102041	0.00672482
0.836735	0.142857	0.00663126
0.836735	0.183673	0.00651151
0.836735	0.22449	0.00636605
0.836735	0.265306	0.00619545
0.836735	0.306122	0.00600038
0.836735	0.346939	0.00578161
0.836735	0.387755	0.00554
0.836735	0.428571	0.0052765
0.836735	0.469388	0.00499215
0.836735	0.510204	0.00468807
0.836735	0.55102	0.00436546
0.836735	0.591837	0.00402561
0.836735	0.632653	0.00366984
0.836735	0.673469	0.00329956
0.836735	0.714286	0.00291624
0.836735	0.755102	0.00252139
0.836735	0.795918	0.00211658
0.836735	0.836735	0.00170339
0.836735	0.877551	0.00128347
0.836735	0.918367	0.000858477
0.836735	0.959184	0.000430089
0.836735	1	0
0.877551	-1	0.000323653
0.877551	-0.959184	0.000646032
0.877551	-0.918367	0.000965866
0.877551	-0.877551	0.0012819
0.877551	-0.836735	0.00159287
0.877551	-0.795918	0.00189758
0.877551	-0.755102	0.00219481
0.877551	-0.714286	0.00248339
0.877551	-0.673469	0.00276219
0.877551	-0.632653	0.0030301
0.877551	-0.591837	0.00328608
0.877551	-0.55102	0.0035291
0.877551	-0.510204	0.00375822
0.877551	-0.469388	0.00397252
0.877551	-0.428571	0.00417117
0.877551	-0.387755	0.00435337
0.877551	-0.346939	0.00451841
0.877551	-0.306122	0.00466563
0.877551	-0.265306	0.00479446
0.877551	-0.22449	0.00490437
0.877551	-0.183673	0.00499494
0.877551	-0.142857	0.00506581
0.877551	-0.102041	0.0051167
0.877551	-0.0612245	0.00514739
0.877551	-0.0204082	0.00515777
0.877551	0.0204082	0.0051478
0.877551	0.0612245	0.00511751
0.877551	0.102041	0.00506702
0.877551	0.142857	0.00499652
0.877551	0.183673	0.0049063
0.877551	0.22449	0.0047967
0.877551	0.265306	0.00466815
0.877551	0.306122	0.00452117
0.877551	0.346939	0.00435633
0.877551	0.387755	0.00417428
0.877551	0.428571	0.00397574
0.877551	0.469388	0.00376148
0.877551	0.510204	0.00353237
0.877551	0.55102	0.00328929
0.877551	0.591837	0.00303321
0.877551	0.632653	0.00276515
0.877551	0.673469	0.00248615
0.877551	0.714286	0.00219733
0.877551	0.755102	0.00189982
0.877551	0.795918	0.0015948
0.877551	0.836735	0.00128347
0.877551	0.877551	0.00096707
0.877551	0.918367	0.000646846
0.877551	0.959184	0.000324064
0.877551	1	0
0.918367	-1	0.000216483
0.918367	-0.959184	0.000432112
0.918367	-0.918367	0.00064604
0.918367	-0.877551	0.000857423
0.918367	-0.836735	0.00106543
0.918367	-0.795918	0.00126924
0.918367	-0.755102	0.00146804
0.918367	-0.714286	0.00166107
0.918367	-0.673469	0.00184755
0.918367	-0.632653	0.00202675
0.918367	-0.591837	0.00219796
0.918367	-0.55102	0.00236052
0.918367	-0.510204	0.00251377
0.918367	-0.469388	0.00265711
0.918367	-0.428571	0.00278997
0.918367	-0.387755	0.00291184
0.918367	-0.346939	0.00302223
0.918367	-0.306122	0.00312071
0.918367	-0.265306	0.00320687
0.918367	-0.22449	0.00328039
0.918367	-0.183673	0.00334098
0.918367	-0.142857	0.00338838
0.918367	-0.102041	0.00342241
0.918367	-0.0612245	0.00344294
0.918367	-0.0204082	0.00344989
0.918367	0.0204082	0.00344322
0.918367	0.0612245	0.00342296
0.918367	0.102041	0.00338918
0.918367	0.142857	0.00334203
0.918367	0.183673	0.00328168
0.918367	0.22449	0.00320837
0.918367	0.265306	0.00312239
0.918367	0.306122	0.00302408
0.918367	0.346939	0.00291382
0.918367	0.387755	0.00279206
0.918367	0.428571	0.00265926
0.918367	0.469388	0.00251595
0.918367	0.510204	0.0023627
0.918367	0.55102	0.00220011
0.918367	0.591837	0.00202883
0.918367	0.632653	0.00184953
0.918367	0.673469	0.00166292
0.918367	0.714286	0.00146973
0.918367	0.755102	0.00127073
0.918367	0.795918	0.00106671
0.918367	0.836735	0.000858477
0.918367	0.877551	0.000646846
0.918367	0.918367	0.000432657
0.918367	0.959184	0.000216757
0.918367	1	0
0.959184	-1	0.000108456
0.959184	-0.959184	0.000216484
0.959184	-0.918367	0.00032366
0.959184	-0.877551	0.000429561
0.959184	-0.836735	0.000533769
0.959184	-0.795918	0.000635875
0.959184	-0.755102	0.000735476
0.959184	-0.714286	0.00083218
0.959184	-0.673469	0.000925604
0.959184	-0.632653	0.00101538
0.959184	-0.591837	0.00110116
0.959184	-0.55102	0.0011826
0.959184	-0.510204	0.00125937
0.959184	-0.469388	0.00133119
0.959184	-0.428571	0.00139775
0.959184	-0.387755	0.00145881
0.959184	-0.346939	0.00151411
0.959184	-0.306122	0.00156344
0.959184	-0.265306	0.00160661
0.959184	-0.22449	0.00164345
0.959184	-0.183673	0.0016738
0.959184	-0.142857	0.00169754
0.959184	-0.102041	0.0017146
0.959184	-0.0612245	0.00172488
0.959184	-0.0204082	0.00172836
0.959184	0.0204082	0.00172502
0.959184	0.0612245	0.00171487
0.959184	0.102041	0.00169795
0.959184	0.142857	0.00167433
0.959184	0.183673	0.00164409
0.959184	0.22449	0.00160736
0.959184	0.265306	0.00156429
0.959184	0.306122	0.00151504
0.959184	0.346939	0.0014598
0.959184	0.387755	0.00139879
0.959184	0.428571	0.00133226
0.959184	0.469388	0.00126047
0.959184	0.510204	0.00118369
0.959184	0.55102	0.00110224
0.959184	0.591837	0.00101642
0.959184	0.632653	0.000926596
0.959184	0.673469	0.000833105
0.959184	0.714286	0.000736321
0.959184	0.755102	0.000636626
0.959184	0.795918	0.000534414
0.959184	0.836735	0.000430089
0.959184	0.877551	0.000324064
0.959184	0.918367	0.000216757
0.959184	0.959184	0.000108593
0.959184	1	0
1	-1	0
1	-0.959184	0
1	-0.918367	0
1	-0.877551	0
1	-0.836735	0
1	-0.795918	0
1	-0.755102	0
1	-0.714286	0
1	-0.673469	0
1	-0.632653	0
1	-0.591837	0
1	-0.55102	0
1	-0.510204	0
1	-0.469388	0
1	-0.428571	0
1	-0.387755	0
1	-0.346939	0
1	-0.306122	0
1	-0.265306	0
1	-0.22449	0
1	-0.183673	0
1	-0.142857	0
1	-0.102041	0
1	-0.0612245	0
1	-0.0204082	0
1	0.0204082	0
1	0.0612245	0
1	0.102041	0
1	0.142857	0
1	0.183673	0
1	0.22449	0
1	0.265306	0
1	0.306122	0
1	0.346939	0
1	0.387755	0
1	0.428571	0
1	0.469388	0
1	0.510204	0
1	0.55102	0
1	0.591837	0
1	0.632653	0
1	0.673469	0
1	0.714286	0
1	0.755102	0
1	0.795918	0
1	0.836735	0
1	0.877551	0
1	0.918367	0
1	0.959184	0
1	1	0
