-1	-1	0.00118831
-1	-0.959184	0.0023792
-1	-0.918367	0.00357496
-1	-0.877551	0.0047774
-1	-0.836735	0.00598754
-1	-0.795918	0.00720546
-1	-0.755102	0.00843013
-1	-0.714286	0.00965928
-1	-0.673469	0.0108893
-1	-0.632653	0.0121154
-1	-0.591837	0.0133314
-1	-0.55102	0.0145298
-1	-0.510204	0.0157024
-1	-0.469388	0.0168399
-1	-0.428571	0.0179322
-1	-0.387755	0.0189691
-1	-0.346939	0.01994
-1	-0.306122	0.0208345
-1	-0.265306	0.0216425
-1	-0.22449	0.0223544
-1	-0.183673	0.0229616
-1	-0.142857	0.0234566
-1	-0.102041	0.0238329
-1	-0.0612245	0.0240857
-1	-0.0204082	0.0242116
-1	0.0204082	0.0242086
-1	0.0612245	0.0240767
-1	0.102041	0.0238173
-1	0.142857	0.0234334
-1	0.183673	0.0229296
-1	0.22449	0.0223119
-1	0.265306	0.0215873
-1	0.306122	0.0207642
-1	0.346939	0.0198513
-1	0.387755	0.0188583
-1	0.428571	0.0177952
-1	0.469388	0.0166717
-1	0.510204	0.0154978
-1	0.55102	0.0142827
-1	0.591837	0.0130352
-1	0.632653	0.0117632
-1	0.673469	0.0104736
-1	0.714286	0.00917234
-1	0.755102	0.0078641
-1	0.795918	0.0065525
-1	0.836735	0.00524005
-1	0.877551	0.00392824
-1	0.918367	0.00261774
-1	0.959184	0.00130849
-1	1	0
-0.959184	-1	0.0023792
-0.959184	-0.959184	0.00476355
-0.959184	-0.918367	0.00715767
-0.959184	-0.877551	0.00956514
-0.959184	-0.836735	0.011988
-0.959184	-0.795918	0.0144265
-0.959184	-0.755102	0.0168785
-0.959184	-0.714286	0.0193395
-0.959184	-0.673469	0.0218022
-0.959184	-0.632653	0.024257
-0.959184	-0.591837	0.0266915
-0.959184	-0.55102	0.0290911
-0.959184	-0.510204	0.0314388
-0.959184	-0.469388	0.0337161
-0.959184	-0.428571	0.0359032
-0.959184	-0.387755	0.0379792
-0.959184	-0.346939	0.0399232
-0.959184	-0.306122	0.0417141
-0.959184	-0.265306	0.0433317
-0.959184	-0.22449	0.0447571
-0.959184	-0.183673	0.0459728
-0.959184	-0.142857	0.0469638
-0.959184	-0.102041	0.0477173
-0.959184	-0.0612245	0.0482235
-0.959184	-0.0204082	0.0484754
-0.959184	0.0204082	0.0484695
-0.959184	0.0612245	0.0482053
-0.959184	0.102041	0.0476859
-0.959184	0.142857	0.0469174
-0.959184	0.183673	0.0459088
-0.959184	0.22449	0.044672
-0.959184	0.265306	0.0432213
-0.959184	0.306122	0.0415731
-0.959184	0.346939	0.0397455
-0.959184	0.387755	0.0377574
-0.959184	0.428571	0.0356288
-0.959184	0.469388	0.0333795
-0.959184	0.510204	0.031029
-0.959184	0.55102	0.0285963
-0.959184	0.591837	0.0260986
-0.959184	0.632653	0.0235518
-0.959184	0.673469	0.0209699
-0.959184	0.714286	0.0183645
-0.959184	0.755102	0.0157452
-0.959184	0.795918	0.0131192
-0.959184	0.836735	0.0104914
-0.959184	0.877551	0.00786498
-0.959184	0.918367	0.00524114
-0.959184	0.959184	0.00261982
-0.959184	1	0
-0.918367	-1	0.00357496
-0.918367	-0.959184	0.00715767
-0.918367	-0.918367	0.0107551
-0.918367	-0.877551	0.0143725
-0.918367	-0.836735	0.0180131
-0.918367	-0.795918	0.0216771
-0.918367	-0.755102	0.0253615
-0.918367	-0.714286	0.0290593
-0.918367	-0.673469	0.0327598
-0.918367	-0.632653	0.0364483
-0.918367	-0.591837	0.0401064
-0.918367	-0.55102	0.0437119
-0.918367	-0.510204	0.0472395
-0.918367	-0.469388	0.0506614
-0.918367	-0.428571	0.0539476
-0.918367	-0.387755	0.0570671
-0.918367	-0.346939	0.059988
-0.918367	-0.306122	0.0626789
-0.918367	-0.265306	0.0651096
-0.918367	-0.22449	0.0672513
-0.918367	-0.183673	0.0690781
-0.918367	-0.142857	0.0705671
-0.918367	-0.102041	0.0716993
-0.918367	-0.0612245	0.0724598
-0.918367	-0.0204082	0.0728383
-0.918367	0.0204082	0.0728294
-0.918367	0.0612245	0.0724326
-0.918367	0.102041	0.0716521
-0.918367	0.142857	0.0704973
-0.918367	0.183673	0.0689818
-0.918367	0.22449	0.0671234
-0.918367	0.265306	0.0649437
-0.918367	0.306122	0.0624672
-0.918367	0.346939	0.059721
-0.918367	0.387755	0.0567338
-0.918367	0.428571	0.0535353
-0.918367	0.469388	0.0501555
-0.918367	0.510204	0.0466238
-0.918367	0.55102	0.0429684
-0.918367	0.591837	0.0392154
-0.918367	0.632653	0.0353887
-0.918367	0.673469	0.0315091
-0.918367	0.714286	0.0275943
-0.918367	0.755102	0.0236586
-0.918367	0.795918	0.0197127
-0.918367	0.836735	0.0157643
-0.918367	0.877551	0.0118178
-0.918367	0.918367	0.00787528
-0.918367	0.959184	0.00393651
-0.918367	1	0
-0.877551	-1	0.0047774
-0.877551	-0.959184	0.00956514
-0.877551	-0.918367	0.0143725
-0.877551	-0.877551	0.0192067
-0.877551	-0.836735	0.0240718
-0.877551	-0.795918	0.0289682
-0.877551	-0.755102	0.0338917
-0.877551	-0.714286	0.0388332
-0.877551	-0.673469	0.0437784
-0.877551	-0.632653	0.0487076
-0.877551	-0.591837	0.053596
-0.877551	-0.55102	0.0584141
-0.877551	-0.510204	0.0631282
-0.877551	-0.469388	0.067701
-0.877551	-0.428571	0.0720925
-0.877551	-0.387755	0.0762611
-0.877551	-0.346939	0.0801644
-0.877551	-0.306122	0.0837604
-0.877551	-0.265306	0.0870085
-0.877551	-0.22449	0.0898706
-0.877551	-0.183673	0.0923118
-0.877551	-0.142857	0.0943016
-0.877551	-0.102041	0.0958146
-0.877551	-0.0612245	0.0968309
-0.877551	-0.0204082	0.0973367
-0.877551	0.0204082	0.0973248
-0.877551	0.0612245	0.0967945
-0.877551	0.102041	0.0957516
-0.877551	0.142857	0.0942083
-0.877551	0.183673	0.0921831
-0.877551	0.22449	0.0896997
-0.877551	0.265306	0.0867868
-0.877551	0.306122	0.0834774
-0.877551	0.346939	0.0798076
-0.877551	0.387755	0.0758157
-0.877551	0.428571	0.0715414
-0.877551	0.469388	0.0670249
-0.877551	0.510204	0.0623054
-0.877551	0.55102	0.0574205
-0.877551	0.591837	0.0524052
-0.877551	0.632653	0.0472915
-0.877551	0.673469	0.042107
-0.877551	0.714286	0.0368755
-0.877551	0.755102	0.0316161
-0.877551	0.795918	0.026343
-0.877551	0.836735	0.0210666
-0.877551	0.877551	0.0157927
-0.877551	0.918367	0.0105241
-0.877551	0.959184	0.00526054
-0.877551	1	0
-0.836735	-1	0.00598754
-0.836735	-0.959184	0.011988
-0.836735	-0.918367	0.0180131
-0.836735	-0.877551	0.0240718
-0.836735	-0.836735	0.0301693
-0.836735	-0.795918	0.0363059
-0.836735	-0.755102	0.0424766
-0.836735	-0.714286	0.0486698
-0.836735	-0.673469	0.0548675
-0.836735	-0.632653	0.0610452
-0.836735	-0.591837	0.0671718
-0.836735	-0.55102	0.0732103
-0.836735	-0.510204	0.0791184
-0.836735	-0.469388	0.0848494
-0.836735	-0.428571	0.0903533
-0.836735	-0.387755	0.0955777
-0.836735	-0.346939	0.10047
-0.836735	-0.306122	0.104977
-0.836735	-0.265306	0.109047
-0.836735	-0.22449	0.112634
-0.836735	-0.183673	0.115694
-0.836735	-0.142857	0.118188
-0.836735	-0.102041	0.120084
-0.836735	-0.0612245	0.121357
-0.836735	-0.0204082	0.121991
-0.836735	0.0204082	0.121977
-0.836735	0.0612245	0.121312
-0.836735	0.102041	0.120005
-0.836735	0.142857	0.118071
-0.836735	0.183673	0.115533
-0.836735	0.22449	0.11242
-0.836735	0.265306	0.108769
-0.836735	0.306122	0.104622
-0.836735	0.346939	0.100022
-0.836735	0.387755	0.0950194
-0.836735	0.428571	0.0896626
-0.836735	0.469388	0.0840021
-0.836735	0.510204	0.0780872
-0.836735	0.55102	0.071965
-0.836735	0.591837	0.0656794
-0.836735	0.632653	0.0592703
-0.836735	0.673469	0.0527727
-0.836735	0.714286	0.0462161
-0.836735	0.755102	0.0396244
-0.836735	0.795918	0.0330158
-0.836735	0.836735	0.0264028
-0.836735	0.877551	0.0197931
-0.836735	0.918367	0.0131899
-0.836735	0.959184	0.00659305
-0.836735	1	0
-0.795918	-1	0.00720546
-0.795918	-0.959184	0.0144265
-0.795918	-0.918367	0.0216771
-0.795918	-0.877551	0.0289682
-0.795918	-0.836735	0.0363059
-0.795918	-0.795918	0.0436908
-0.795918	-0.755102	0.0511166
-0.795918	-0.714286	0.0585695
-0.795918	-0.673469	0.0660279
-0.795918	-0.632653	0.0734621
-0.795918	-0.591837	0.0808348
-0.795918	-0.55102	0.0881015
-0.795918	-0.510204	0.0952113
-0.795918	-0.469388	0.102108
-0.795918	-0.428571	0.108731
-0.795918	-0.387755	0.115018
-0.795918	-0.346939	0.120905
-0.795918	-0.306122	0.126329
-0.795918	-0.265306	0.131227
-0.795918	-0.22449	0.135544
-0.795918	-0.183673	0.139226
-0.795918	-0.142857	0.142227
-0.795918	-0.102041	0.144508
-0.795918	-0.0612245	0.146041
-0.795918	-0.0204082	0.146804
-0.795918	0.0204082	0.146786
-0.795918	0.0612245	0.145986
-0.795918	0.102041	0.144413
-0.795918	0.142857	0.142086
-0.795918	0.183673	0.139031
-0.795918	0.22449	0.135286
-0.795918	0.265306	0.130893
-0.795918	0.306122	0.125902
-0.795918	0.346939	0.120367
-0.795918	0.387755	0.114346
-0.795918	0.428571	0.1079
-0.795918	0.469388	0.101088
-0.795918	0.510204	0.0939703
-0.795918	0.55102	0.0866028
-0.795918	0.591837	0.0790388
-0.795918	0.632653	0.0713261
-0.795918	0.673469	0.0635069
-0.795918	0.714286	0.0556167
-0.795918	0.755102	0.0476843
-0.795918	0.795918	0.0397314
-0.795918	0.836735	0.0317733
-0.795918	0.877551	0.0238191
-0.795918	0.918367	0.0158728
-0.795918	0.959184	0.00793412
-0.795918	1	0
-0.755102	-1	0.00843013
-0.755102	-0.959184	0.0168785
-0.755102	-0.918367	0.0253615
-0.755102	-0.877551	0.0338917
-0.755102	-0.836735	0.0424766
-0.755102	-0.795918	0.0511166
-0.755102	-0.755102	0.0598044
-0.755102	-0.714286	0.068524
-0.755102	-0.673469	0.0772499
-0.755102	-0.632653	0.0859476
-0.755102	-0.591837	0.0945733
-0.755102	-0.55102	0.103075
-0.755102	-0.510204	0.111393
-0.755102	-0.469388	0.119462
-0.755102	-0.428571	0.127211
-0.755102	-0.387755	0.134566
-0.755102	-0.346939	0.141453
-0.755102	-0.306122	0.147798
-0.755102	-0.265306	0.15353
-0.755102	-0.22449	0.15858
-0.755102	-0.183673	0.162887
-0.755102	-0.142857	0.166398
-0.755102	-0.102041	0.169068
-0.755102	-0.0612245	0.170861
-0.755102	-0.0204082	0.171753
-0.755102	0.0204082	0.171732
-0.755102	0.0612245	0.170797
-0.755102	0.102041	0.168956
-0.755102	0.142857	0.166234
-0.755102	0.183673	0.16266
-0.755102	0.22449	0.158278
-0.755102	0.265306	0.153138
-0.755102	0.306122	0.147299
-0.755102	0.346939	0.140824
-0.755102	0.387755	0.13378
-0.755102	0.428571	0.126238
-0.755102	0.469388	0.118269
-0.755102	0.510204	0.109941
-0.755102	0.55102	0.101321
-0.755102	0.591837	0.092472
-0.755102	0.632653	0.0834485
-0.755102	0.673469	0.0743004
-0.755102	0.714286	0.0650693
-0.755102	0.755102	0.0557886
-0.755102	0.795918	0.0464841
-0.755102	0.836735	0.0371735
-0.755102	0.877551	0.0278674
-0.755102	0.918367	0.0185706
-0.755102	0.959184	0.00928261
-0.755102	1	0
-0.714286	-1	0.00965928
-0.714286	-0.959184	0.0193395
-0.714286	-0.918367	0.0290593
-0.714286	-0.877551	0.0388332
-0.714286	-0.836735	0.0486698
-0.714286	-0.795918	0.0585695
-0.714286	-0.755102	0.068524
-0.714286	-0.714286	0.0785148
-0.714286	-0.673469	0.0885129
-0.714286	-0.632653	0.0984786
-0.714286	-0.591837	0.108362
-0.714286	-0.55102	0.118103
-0.714286	-0.510204	0.127634
-0.714286	-0.469388	0.136879
-0.714286	-0.428571	0.145757
-0.714286	-0.387755	0.154185
-0.714286	-0.346939	0.162076
-0.714286	-0.306122	0.169346
-0.714286	-0.265306	0.175913
-0.714286	-0.22449	0.181699
-0.714286	-0.183673	0.186634
-0.714286	-0.142857	0.190657
-0.714286	-0.102041	0.193716
-0.714286	-0.0612245	0.195771
-0.714286	-0.0204082	0.196793
-0.714286	0.0204082	0.196769
-0.714286	0.0612245	0.195697
-0.714286	0.102041	0.193589
-0.714286	0.142857	0.190469
-0.714286	0.183673	0.186374
-0.714286	0.22449	0.181354
-0.714286	0.265306	0.175465
-0.714286	0.306122	0.168774
-0.714286	0.346939	0.161354
-0.714286	0.387755	0.153284
-0.714286	0.428571	0.144643
-0.714286	0.469388	0.135511
-0.714286	0.510204	0.12597
-0.714286	0.55102	0.116094
-0.714286	0.591837	0.105954
-0.714286	0.632653	0.0956151
-0.714286	0.673469	0.0851333
-0.714286	0.714286	0.0745563
-0.714286	0.755102	0.0639226
-0.714286	0.795918	0.0532615
-0.714286	0.836735	0.0425934
-0.714286	0.877551	0.0319305
-0.714286	0.918367	0.0212782
-0.714286	0.959184	0.010636
-0.714286	1	0
-0.673469	-1	0.0108893
-0.673469	-0.959184	0.0218022
-0.673469	-0.918367	0.0327598
-0.673469	-0.877551	0.0437784
-0.673469	-0.836735	0.0548675
-0.673469	-0.795918	0.0660279
-0.673469	-0.755102	0.0772499
-0.673469	-0.714286	0.0885129
-0.673469	-0.673469	0.0997841
-0.673469	-0.632653	0.111019
-0.673469	-0.591837	0.12216
-0.673469	-0.55102	0.133142
-0.673469	-0.510204	0.143886
-0.673469	-0.469388	0.154308
-0.673469	-0.428571	0.164317
-0.673469	-0.387755	0.173818
-0.673469	-0.346939	0.182714
-0.673469	-0.306122	0.190909
-0.673469	-0.265306	0.198312
-0.673469	-0.22449	0.204835
-0.673469	-0.183673	0.210399
-0.673469	-0.142857	0.214934
-0.673469	-0.102041	0.218382
-0.673469	-0.0612245	0.220698
-0.673469	-0.0204082	0.221851
-0.673469	0.0204082	0.221824
-0.673469	0.0612245	0.220615
-0.673469	0.102041	0.218238
-0.673469	0.142857	0.214721
-0.673469	0.183673	0.210105
-0.673469	0.22449	0.204445
-0.673469	0.265306	0.197807
-0.673469	0.306122	0.190264
-0.673469	0.346939	0.1819
-0.673469	0.387755	0.172802
-0.673469	0.428571	0.16306
-0.673469	0.469388	0.152767
-0.673469	0.510204	0.14201
-0.673469	0.55102	0.130877
-0.673469	0.591837	0.119446
-0.673469	0.632653	0.10779
-0.673469	0.673469	0.0959739
-0.673469	0.714286	0.0840501
-0.673469	0.755102	0.0720624
-0.673469	0.795918	0.0600438
-0.673469	0.836735	0.0480172
-0.673469	0.877551	0.0359966
-0.673469	0.918367	0.0239877
-0.673469	0.959184	0.0119904
-0.673469	1	0
-0.632653	-1	0.0121154
-0.632653	-0.959184	0.024257
-0.632653	-0.918367	0.0364483
-0.632653	-0.877551	0.0487076
-0.632653	-0.836735	0.0610452
-0.632653	-0.795918	0.0734621
-0.632653	-0.755102	0.0859476
-0.632653	-0.714286	0.0984786
-0.632653	-0.673469	0.111019
-0.632653	-0.632653	0.123518
-0.632653	-0.591837	0.135914
-0.632653	-0.55102	0.148132
-0.632653	-0.510204	0.160085
-0.632653	-0.469388	0.171681
-0.632653	-0.428571	0.182816
-0.632653	-0.387755	0.193386
-0.632653	-0.346939	0.203284
-0.632653	-0.306122	0.212402
-0.632653	-0.265306	0.220638
-0.632653	-0.22449	0.227895
-0.632653	-0.183673	0.234085
-0.632653	-0.142857	0.239131
-0.632653	-0.102041	0.242967
-0.632653	-0.0612245	0.245544
-0.632653	-0.0204082	0.246827
-0.632653	0.0204082	0.246796
-0.632653	0.0612245	0.245452
-0.632653	0.102041	0.242807
-0.632653	0.142857	0.238894
-0.632653	0.183673	0.233759
-0.632653	0.22449	0.227462
-0.632653	0.265306	0.220076
-0.632653	0.306122	0.211684
-0.632653	0.346939	0.202379
-0.632653	0.387755	0.192256
-0.632653	0.428571	0.181418
-0.632653	0.469388	0.169966
-0.632653	0.510204	0.157998
-0.632653	0.55102	0.145611
-0.632653	0.591837	0.132894
-0.632653	0.632653	0.119926
-0.632653	0.673469	0.106779
-0.632653	0.714286	0.0935132
-0.632653	0.755102	0.0801759
-0.632653	0.795918	0.0668041
-0.632653	0.836735	0.0534235
-0.632653	0.877551	0.0400495
-0.632653	0.918367	0.0266885
-0.632653	0.959184	0.0133405
-0.632653	1	0
-0.591837	-1	0.0133314
-0.591837	-0.959184	0.0266915
-0.591837	-0.918367	0.0401064
-0.591837	-0.877551	0.053596
-0.591837	-0.836735	0.0671718
-0.591837	-0.795918	0.0808348
-0.591837	-0.755102	0.0945733
-0.591837	-0.714286	0.108362
-0.591837	-0.673469	0.12216
-0.591837	-0.632653	0.135914
-0.591837	-0.591837	0.149554
-0.591837	-0.55102	0.162997
-0.591837	-0.510204	0.176151
-0.591837	-0.469388	0.188909
-0.591837	-0.428571	0.201162
-0.591837	-0.387755	0.212793
-0.591837	-0.346939	0.223684
-0.591837	-0.306122	0.233717
-0.591837	-0.265306	0.242779
-0.591837	-0.22449	0.250765
-0.591837	-0.183673	0.257576
-0.591837	-0.142857	0.263127
-0.591837	-0.102041	0.267348
-0.591837	-0.0612245	0.270184
-0.591837	-0.0204082	0.271595
-0.591837	0.0204082	0.271562
-0.591837	0.0612245	0.270082
-0.591837	0.102041	0.267172
-0.591837	0.142857	0.262867
-0.591837	0.183673	0.257216
-0.591837	0.22449	0.250287
-0.591837	0.265306	0.24216
-0.591837	0.306122	0.232927
-0.591837	0.346939	0.222688
-0.591837	0.387755	0.21155
-0.591837	0.428571	0.199624
-0.591837	0.469388	0.187022
-0.591837	0.510204	0.173854
-0.591837	0.55102	0.160224
-0.591837	0.591837	0.14623
-0.591837	0.632653	0.131962
-0.591837	0.673469	0.117495
-0.591837	0.714286	0.102898
-0.591837	0.755102	0.0882222
-0.591837	0.795918	0.0735085
-0.591837	0.836735	0.0587851
-0.591837	0.877551	0.0440688
-0.591837	0.918367	0.029367
-0.591837	0.959184	0.0146793
-0.591837	1	0
-0.55102	-1	0.0145298
-0.55102	-0.959184	0.0290911
-0.55102	-0.918367	0.0437119
-0.55102	-0.877551	0.0584141
-0.55102	-0.836735	0.0732103
-0.55102	-0.795918	0.0881015
-0.55102	-0.755102	0.103075
-0.55102	-0.714286	0.118103
-0.55102	-0.673469	0.133142
-0.55102	-0.632653	0.148132
-0.55102	-0.591837	0.162997
-0.55102	-0.55102	0.177649
-0.55102	-0.510204	0.191985
-0.55102	-0.469388	0.20589
-0.55102	-0.428571	0.219244
-0.55102	-0.387755	0.23192
-0.55102	-0.346939	0.24379
-0.55102	-0.306122	0.254725
-0.55102	-0.265306	0.264601
-0.55102	-0.22449	0.273304
-0.55102	-0.183673	0.280727
-0.55102	-0.142857	0.286778
-0.55102	-0.102041	0.291379
-0.55102	-0.0612245	0.294469
-0.55102	-0.0204082	0.296007
-0.55102	0.0204082	0.295971
-0.55102	0.0612245	0.294358
-0.55102	0.102041	0.291187
-0.55102	0.142857	0.286494
-0.55102	0.183673	0.280336
-0.55102	0.22449	0.272784
-0.55102	0.265306	0.263927
-0.55102	0.306122	0.253863
-0.55102	0.346939	0.242704
-0.55102	0.387755	0.230565
-0.55102	0.428571	0.217568
-0.55102	0.469388	0.203833
-0.55102	0.510204	0.189481
-0.55102	0.55102	0.174626
-0.55102	0.591837	0.159375
-0.55102	0.632653	0.143824
-0.55102	0.673469	0.128057
-0.55102	0.714286	0.112148
-0.55102	0.755102	0.0961527
-0.55102	0.795918	0.0801164
-0.55102	0.836735	0.0640695
-0.55102	0.877551	0.0480304
-0.55102	0.918367	0.032007
-0.55102	0.959184	0.0159989
-0.55102	1	0
-0.510204	-1	0.0157024
-0.510204	-0.959184	0.0314388
-0.510204	-0.918367	0.0472395
-0.510204	-0.877551	0.0631282
-0.510204	-0.836735	0.0791184
-0.510204	-0.795918	0.0952113
-0.510204	-0.755102	0.111393
-0.510204	-0.714286	0.127634
-0.510204	-0.673469	0.143886
-0.510204	-0.632653	0.160085
-0.510204	-0.591837	0.176151
-0.510204	-0.55102	0.191985
-0.510204	-0.510204	0.207477
-0.510204	-0.469388	0.222504
-0.510204	-0.428571	0.236936
-0.510204	-0.387755	0.250634
-0.510204	-0.346939	0.263461
-0.510204	-0.306122	0.275278
-0.510204	-0.265306	0.285952
-0.510204	-0.22449	0.295357
-0.510204	-0.183673	0.303379
-0.510204	-0.142857	0.309918
-0.510204	-0.102041	0.314889
-0.510204	-0.0612245	0.318229
-0.510204	-0.0204082	0.319891
-0.510204	0.0204082	0.319852
-0.510204	0.0612245	0.318109
-0.510204	0.102041	0.314682
-0.510204	0.142857	0.309611
-0.510204	0.183673	0.302956
-0.510204	0.22449	0.294795
-0.510204	0.265306	0.285223
-0.510204	0.306122	0.274348
-0.510204	0.346939	0.262288
-0.510204	0.387755	0.24917
-0.510204	0.428571	0.235123
-0.510204	0.469388	0.220281
-0.510204	0.510204	0.204771
-0.510204	0.55102	0.188718
-0.510204	0.591837	0.172236
-0.510204	0.632653	0.15543
-0.510204	0.673469	0.138391
-0.510204	0.714286	0.121198
-0.510204	0.755102	0.103912
-0.510204	0.795918	0.0865817
-0.510204	0.836735	0.0692398
-0.510204	0.877551	0.0519063
-0.510204	0.918367	0.0345899
-0.510204	0.959184	0.01729
-0.510204	1	0
-0.469388	-1	0.0168399
-0.469388	-0.959184	0.0337161
-0.469388	-0.918367	0.0506614
-0.469388	-0.877551	0.067701
-0.469388	-0.836735	0.0848494
-0.469388	-0.795918	0.102108
-0.469388	-0.755102	0.119462
-0.469388	-0.714286	0.136879
-0.469388	-0.673469	0.154308
-0.469388	-0.632653	0.171681
-0.469388	-0.591837	0.188909
-0.469388	-0.55102	0.20589
-0.469388	-0.510204	0.222504
-0.469388	-0.469388	0.23862
-0.469388	-0.428571	0.254096
-0.469388	-0.387755	0.268787
-0.469388	-0.346939	0.282543
-0.469388	-0.306122	0.295215
-0.469388	-0.265306	0.306662
-0.469388	-0.22449	0.316748
-0.469388	-0.183673	0.325351
-0.469388	-0.142857	0.332363
-0.469388	-0.102041	0.337695
-0.469388	-0.0612245	0.341276
-0.469388	-0.0204082	0.343059
-0.469388	0.0204082	0.343017
-0.469388	0.0612245	0.341148
-0.469388	0.102041	0.337472
-0.469388	0.142857	0.332034
-0.469388	0.183673	0.324897
-0.469388	0.22449	0.316145
-0.469388	0.265306	0.30588
-0.469388	0.306122	0.294217
-0.469388	0.346939	0.281284
-0.469388	0.387755	0.267216
-0.469388	0.428571	0.252153
-0.469388	0.469388	0.236235
-0.469388	0.510204	0.219602
-0.469388	0.55102	0.202386
-0.469388	0.591837	0.184711
-0.469388	0.632653	0.166687
-0.469388	0.673469	0.148415
-0.469388	0.714286	0.129976
-0.469388	0.755102	0.111439
-0.469388	0.795918	0.092853
-0.469388	0.836735	0.0742551
-0.469388	0.877551	0.0556661
-0.469388	0.918367	0.0370954
-0.469388	0.959184	0.0185424
-0.469388	1	0
-0.428571	-1	0.0179322
-0.428571	-0.959184	0.0359032
-0.428571	-0.918367	0.0539476
-0.428571	-0.877551	0.0720925
-0.428571	-0.836735	0.0903533
-0.428571	-0.795918	0.108731
-0.428571	-0.755102	0.127211
-0.428571	-0.714286	0.145757
-0.428571	-0.673469	0.164317
-0.428571	-0.632653	0.182816
-0.428571	-0.591837	0.201162
-0.428571	-0.55102	0.219244
-0.428571	-0.510204	0.236936
-0.428571	-0.469388	0.254096
-0.428571	-0.428571	0.270576
-0.428571	-0.387755	0.28622
-0.428571	-0.346939	0.300868
-0.428571	-0.306122	0.314362
-0.428571	-0.265306	0.326551
-0.428571	-0.22449	0.337291
-0.428571	-0.183673	0.346451
-0.428571	-0.142857	0.353918
-0.428571	-0.102041	0.359596
-0.428571	-0.0612245	0.363409
-0.428571	-0.0204082	0.365307
-0.428571	0.0204082	0.365263
-0.428571	0.0612245	0.363273
-0.428571	0.102041	0.359359
-0.428571	0.142857	0.353568
-0.428571	0.183673	0.345968
-0.428571	0.22449	0.336649
-0.428571	0.265306	0.325718
-0.428571	0.306122	0.313299
-0.428571	0.346939	0.299527
-0.428571	0.387755	0.284547
-0.428571	0.428571	0.268507
-0.428571	0.469388	0.251557
-0.428571	0.510204	0.233846
-0.428571	0.55102	0.215513
-0.428571	0.591837	0.196691
-0.428571	0.632653	0.177499
-0.428571	0.673469	0.158041
-0.428571	0.714286	0.138407
-0.428571	0.755102	0.118667
-0.428571	0.795918	0.0988758
-0.428571	0.836735	0.0790715
-0.428571	0.877551	0.0592769
-0.428571	0.918367	0.0395015
-0.428571	0.959184	0.0197451
-0.428571	1	0
-0.387755	-1	0.0189691
-0.387755	-0.959184	0.0379792
-0.387755	-0.918367	0.0570671
-0.387755	-0.877551	0.0762611
-0.387755	-0.836735	0.0955777
-0.387755	-0.795918	0.115018
-0.387755	-0.755102	0.134566
-0.387755	-0.714286	0.154185
-0.387755	-0.673469	0.173818
-0.387755	-0.632653	0.193386
-0.387755	-0.591837	0.212793
-0.387755	-0.55102	0.23192
-0.387755	-0.510204	0.250634
-0.387755	-0.469388	0.268787
-0.387755	-0.428571	0.28622
-0.387755	-0.387755	0.302768
-0.387755	-0.346939	0.318262
-0.387755	-0.306122	0.332536
-0.387755	-0.265306	0.34543
-0.387755	-0.22449	0.356791
-0.387755	-0.183673	0.366481
-0.387755	-0.142857	0.374379
-0.387755	-0.102041	0.380385
-0.387755	-0.0612245	0.384419
-0.387755	-0.0204082	0.386426
-0.387755	0.0204082	0.386379
-0.387755	0.0612245	0.384274
-0.387755	0.102041	0.380134
-0.387755	0.142857	0.374008
-0.387755	0.183673	0.365969
-0.387755	0.22449	0.356111
-0.387755	0.265306	0.344549
-0.387755	0.306122	0.331412
-0.387755	0.346939	0.316844
-0.387755	0.387755	0.300998
-0.387755	0.428571	0.28403
-0.387755	0.469388	0.266101
-0.387755	0.510204	0.247366
-0.387755	0.55102	0.227973
-0.387755	0.591837	0.208063
-0.387755	0.632653	0.187761
-0.387755	0.673469	0.167179
-0.387755	0.714286	0.146409
-0.387755	0.755102	0.125528
-0.387755	0.795918	0.104593
-0.387755	0.836735	0.0836435
-0.387755	0.877551	0.0627043
-0.387755	0.918367	0.0417856
-0.387755	0.959184	0.0208868
-0.387755	1	0
-0.346939	-1	0.01994
-0.346939	-0.959184	0.0399232
-0.346939	-0.918367	0.059988
-0.346939	-0.877551	0.0801644
-0.346939	-0.836735	0.10047
-0.346939	-0.795918	0.120905
-0.346939	-0.755102	0.141453
-0.346939	-0.714286	0.162076
-0.346939	-0.673469	0.182714
-0.346939	-0.632653	0.203284
-0.346939	-0.591837	0.223684
-0.346939	-0.55102	0.24379
-0.346939	-0.510204	0.263461
-0.346939	-0.469388	0.282543
-0.346939	-0.428571	0.300868
-0.346939	-0.387755	0.318262
-0.346939	-0.346939	0.334549
-0.346939	-0.306122	0.349554
-0.346939	-0.265306	0.363107
-0.346939	-0.22449	0.375049
-0.346939	-0.183673	0.385235
-0.346939	-0.142857	0.393538
-0.346939	-0.102041	0.39985
-0.346939	-0.0612245	0.404091
-0.346939	-0.0204082	0.406201
-0.346939	0.0204082	0.406151
-0.346939	0.0612245	0.403939
-0.346939	0.102041	0.399587
-0.346939	0.142857	0.393148
-0.346939	0.183673	0.384697
-0.346939	0.22449	0.374335
-0.346939	0.265306	0.362181
-0.346939	0.306122	0.348372
-0.346939	0.346939	0.333059
-0.346939	0.387755	0.316401
-0.346939	0.428571	0.298566
-0.346939	0.469388	0.279719
-0.346939	0.510204	0.260025
-0.346939	0.55102	0.23964
-0.346939	0.591837	0.218711
-0.346939	0.632653	0.197371
-0.346939	0.673469	0.175735
-0.346939	0.714286	0.153903
-0.346939	0.755102	0.131953
-0.346939	0.795918	0.109946
-0.346939	0.836735	0.0879245
-0.346939	0.877551	0.0659136
-0.346939	0.918367	0.0439242
-0.346939	0.959184	0.0219559
-0.346939	1	0
-0.306122	-1	0.0208345
-0.306122	-0.959184	0.0417141
-0.306122	-0.918367	0.0626789
-0.306122	-0.877551	0.0837604
-0.306122	-0.836735	0.104977
-0.306122	-0.795918	0.126329
-0.306122	-0.755102	0.147798
-0.306122	-0.714286	0.169346
-0.306122	-0.673469	0.190909
-0.306122	-0.632653	0.212402
-0.306122	-0.591837	0.233717
-0.306122	-0.55102	0.254725
-0.306122	-0.510204	0.275278
-0.306122	-0.469388	0.295215
-0.306122	-0.428571	0.314362
-0.306122	-0.387755	0.332536
-0.306122	-0.346939	0.349554
-0.306122	-0.306122	0.365232
-0.306122	-0.265306	0.379392
-0.306122	-0.22449	0.39187
-0.306122	-0.183673	0.402512
-0.306122	-0.142857	0.411187
-0.306122	-0.102041	0.417783
-0.306122	-0.0612245	0.422214
-0.306122	-0.0204082	0.424419
-0.306122	0.0204082	0.424367
-0.306122	0.0612245	0.422055
-0.306122	0.102041	0.417508
-0.306122	0.142857	0.41078
-0.306122	0.183673	0.401951
-0.306122	0.22449	0.391124
-0.306122	0.265306	0.378425
-0.306122	0.306122	0.363996
-0.306122	0.346939	0.347996
-0.306122	0.387755	0.330592
-0.306122	0.428571	0.311957
-0.306122	0.469388	0.292265
-0.306122	0.510204	0.271688
-0.306122	0.55102	0.250389
-0.306122	0.591837	0.228521
-0.306122	0.632653	0.206224
-0.306122	0.673469	0.183618
-0.306122	0.714286	0.160806
-0.306122	0.755102	0.137871
-0.306122	0.795918	0.114878
-0.306122	0.836735	0.0918684
-0.306122	0.877551	0.0688702
-0.306122	0.918367	0.0458945
-0.306122	0.959184	0.0229407
-0.306122	1	0
-0.265306	-1	0.0216425
-0.265306	-0.959184	0.0433317
-0.265306	-0.918367	0.0651096
-0.265306	-0.877551	0.0870085
-0.265306	-0.836735	0.109047
-0.265306	-0.795918	0.131227
-0.265306	-0.755102	0.15353
-0.265306	-0.714286	0.175913
-0.265306	-0.673469	0.198312
-0.265306	-0.632653	0.220638
-0.265306	-0.591837	0.242779
-0.265306	-0.55102	0.264601
-0.265306	-0.510204	0.285952
-0.265306	-0.469388	0.306662
-0.265306	-0.428571	0.326551
-0.265306	-0.387755	0.34543
-0.265306	-0.346939	0.363107
-0.265306	-0.306122	0.379392
-0.265306	-0.265306	0.394102
-0.265306	-0.22449	0.407063
-0.265306	-0.183673	0.418118
-0.265306	-0.142857	0.427129
-0.265306	-0.102041	0.433981
-0.265306	-0.0612245	0.438583
-0.265306	-0.0204082	0.440874
-0.265306	0.0204082	0.44082
-0.265306	0.0612245	0.438418
-0.265306	0.102041	0.433695
-0.265306	0.142857	0.426706
-0.265306	0.183673	0.417535
-0.265306	0.22449	0.406288
-0.265306	0.265306	0.393097
-0.265306	0.306122	0.378109
-0.265306	0.346939	0.361489
-0.265306	0.387755	0.34341
-0.265306	0.428571	0.324053
-0.265306	0.469388	0.303597
-0.265306	0.510204	0.282222
-0.265306	0.55102	0.260098
-0.265306	0.591837	0.237382
-0.265306	0.632653	0.21422
-0.265306	0.673469	0.190737
-0.265306	0.714286	0.167041
-0.265306	0.755102	0.143218
-0.265306	0.795918	0.119332
-0.265306	0.836735	0.0954308
-0.265306	0.877551	0.0715408
-0.265306	0.918367	0.0476742
-0.265306	0.959184	0.0238303
-0.265306	1	0
-0.22449	-1	0.0223544
-0.22449	-0.959184	0.0447571
-0.22449	-0.918367	0.0672513
-0.22449	-0.877551	0.0898706
-0.22449	-0.836735	0.112634
-0.22449	-0.795918	0.135544
-0.22449	-0.755102	0.15858
-0.22449	-0.714286	0.181699
-0.22449	-0.673469	0.204835
-0.22449	-0.632653	0.227895
-0.22449	-0.591837	0.250765
-0.22449	-0.55102	0.273304
-0.22449	-0.510204	0.295357
-0.22449	-0.469388	0.316748
-0.22449	-0.428571	0.337291
-0.22449	-0.387755	0.356791
-0.22449	-0.346939	0.375049
-0.22449	-0.306122	0.39187
-0.22449	-0.265306	0.407063
-0.22449	-0.22449	0.42045
-0.22449	-0.183673	0.431869
-0.22449	-0.142857	0.441177
-0.22449	-0.102041	0.448253
-0.22449	-0.0612245	0.453007
-0.22449	-0.0204082	0.455373
-0.22449	0.0204082	0.455317
-0.22449	0.0612245	0.452836
-0.22449	0.102041	0.447958
-0.22449	0.142857	0.440739
-0.22449	0.183673	0.431266
-0.22449	0.22449	0.41965
-0.22449	0.265306	0.406025
-0.22449	0.306122	0.390544
-0.22449	0.346939	0.373378
-0.22449	0.387755	0.354704
-0.22449	0.428571	0.33471
-0.22449	0.469388	0.313582
-0.22449	0.510204	0.291504
-0.22449	0.55102	0.268652
-0.22449	0.591837	0.24519
-0.22449	0.632653	0.221266
-0.22449	0.673469	0.197011
-0.22449	0.714286	0.172535
-0.22449	0.755102	0.147928
-0.22449	0.795918	0.123257
-0.22449	0.836735	0.0985698
-0.22449	0.877551	0.073894
-0.22449	0.918367	0.0492423
-0.22449	0.959184	0.0246142
-0.22449	1	0
-0.183673	-1	0.0229616
-0.183673	-0.959184	0.0459728
-0.183673	-0.918367	0.0690781
-0.183673	-0.877551	0.0923118
-0.183673	-0.836735	0.115694
-0.183673	-0.795918	0.139226
-0.183673	-0.755102	0.162887
-0.183673	-0.714286	0.186634
-0.183673	-0.673469	0.210399
-0.183673	-0.632653	0.234085
-0.183673	-0.591837	0.257576
-0.183673	-0.55102	0.280727
-0.183673	-0.510204	0.303379
-0.183673	-0.469388	0.325351
-0.183673	-0.428571	0.346451
-0.183673	-0.387755	0.366481
-0.183673	-0.346939	0.385235
-0.183673	-0.306122	0.402512
-0.183673	-0.265306	0.418118
-0.183673	-0.22449	0.431869
-0.183673	-0.183673	0.443598
-0.183673	-0.142857	0.453158
-0.183673	-0.102041	0.460427
-0.183673	-0.0612245	0.465309
-0.183673	-0.0204082	0.46774
-0.183673	0.0204082	0.467682
-0.183673	0.0612245	0.465134
-0.183673	0.102041	0.460123
-0.183673	0.142857	0.452709
-0.183673	0.183673	0.442979
-0.183673	0.22449	0.431047
-0.183673	0.265306	0.417052
-0.183673	0.306122	0.401151
-0.183673	0.346939	0.383518
-0.183673	0.387755	0.364338
-0.183673	0.428571	0.343801
-0.183673	0.469388	0.322099
-0.183673	0.510204	0.299422
-0.183673	0.55102	0.275949
-0.183673	0.591837	0.251849
-0.183673	0.632653	0.227276
-0.183673	0.673469	0.202362
-0.183673	0.714286	0.177222
-0.183673	0.755102	0.151946
-0.183673	0.795918	0.126605
-0.183673	0.836735	0.101247
-0.183673	0.877551	0.0759011
-0.183673	0.918367	0.0505799
-0.183673	0.959184	0.0252827
-0.183673	1	0
-0.142857	-1	0.0234566
-0.142857	-0.959184	0.0469638
-0.142857	-0.918367	0.0705671
-0.142857	-0.877551	0.0943016
-0.142857	-0.836735	0.118188
-0.142857	-0.795918	0.142227
-0.142857	-0.755102	0.166398
-0.142857	-0.714286	0.190657
-0.142857	-0.673469	0.214934
-0.142857	-0.632653	0.239131
-0.142857	-0.591837	0.263127
-0.142857	-0.55102	0.286778
-0.142857	-0.510204	0.309918
-0.142857	-0.469388	0.332363
-0.142857	-0.428571	0.353918
-0.142857	-0.387755	0.374379
-0.142857	-0.346939	0.393538
-0.142857	-0.306122	0.411187
-0.142857	-0.265306	0.427129
-0.142857	-0.22449	0.441177
-0.142857	-0.183673	0.453158
-0.142857	-0.142857	0.462924
-0.142857	-0.102041	0.47035
-0.142857	-0.0612245	0.475337
-0.142857	-0.0204082	0.47782
-0.142857	0.0204082	0.477761
-0.142857	0.0612245	0.475158
-0.142857	0.102041	0.47004
-0.142857	0.142857	0.462465
-0.142857	0.183673	0.452525
-0.142857	0.22449	0.440336
-0.142857	0.265306	0.42604
-0.142857	0.306122	0.409796
-0.142857	0.346939	0.391784
-0.142857	0.387755	0.37219
-0.142857	0.428571	0.351211
-0.142857	0.469388	0.329041
-0.142857	0.510204	0.305875
-0.142857	0.55102	0.281896
-0.142857	0.591837	0.257278
-0.142857	0.632653	0.232174
-0.142857	0.673469	0.206724
-0.142857	0.714286	0.181042
-0.142857	0.755102	0.155221
-0.142857	0.795918	0.129334
-0.142857	0.836735	0.103429
-0.142857	0.877551	0.0775372
-0.142857	0.918367	0.0516701
-0.142857	0.959184	0.0258277
-0.142857	1	0
-0.102041	-1	0.0238329
-0.102041	-0.959184	0.0477173
-0.102041	-0.918367	0.0716993
-0.102041	-0.877551	0.0958146
-0.102041	-0.836735	0.120084
-0.102041	-0.795918	0.144508
-0.102041	-0.755102	0.169068
-0.102041	-0.714286	0.193716
-0.102041	-0.673469	0.218382
-0.102041	-0.632653	0.242967
-0.102041	-0.591837	0.267348
-0.102041	-0.55102	0.291379
-0.102041	-0.510204	0.314889
-0.102041	-0.469388	0.337695
-0.102041	-0.428571	0.359596
-0.102041	-0.387755	0.380385
-0.102041	-0.346939	0.39985
-0.102041	-0.306122	0.417783
-0.102041	-0.265306	0.433981
-0.102041	-0.22449	0.448253
-0.102041	-0.183673	0.460427
-0.102041	-0.142857	0.47035
-0.102041	-0.102041	0.477894
-0.102041	-0.0612245	0.482962
-0.102041	-0.0204082	0.485484
-0.102041	0.0204082	0.485425
-0.102041	0.0612245	0.48278
-0.102041	0.102041	0.477579
-0.102041	0.142857	0.469884
-0.102041	0.183673	0.459784
-0.102041	0.22449	0.4474
-0.102041	0.265306	0.432874
-0.102041	0.306122	0.41637
-0.102041	0.346939	0.398068
-0.102041	0.387755	0.378161
-0.102041	0.428571	0.356844
-0.102041	0.469388	0.33432
-0.102041	0.510204	0.310782
-0.102041	0.55102	0.286419
-0.102041	0.591837	0.261405
-0.102041	0.632653	0.235899
-0.102041	0.673469	0.21004
-0.102041	0.714286	0.183946
-0.102041	0.755102	0.157712
-0.102041	0.795918	0.131409
-0.102041	0.836735	0.105089
-0.102041	0.877551	0.0787811
-0.102041	0.918367	0.0524991
-0.102041	0.959184	0.0262421
-0.102041	1	0
-0.0612245	-1	0.0240857
-0.0612245	-0.959184	0.0482235
-0.0612245	-0.918367	0.0724598
-0.0612245	-0.877551	0.0968309
-0.0612245	-0.836735	0.121357
-0.0612245	-0.795918	0.146041
-0.0612245	-0.755102	0.170861
-0.0612245	-0.714286	0.195771
-0.0612245	-0.673469	0.220698
-0.0612245	-0.632653	0.245544
-0.0612245	-0.591837	0.270184
-0.0612245	-0.55102	0.294469
-0.0612245	-0.510204	0.318229
-0.0612245	-0.469388	0.341276
-0.0612245	-0.428571	0.363409
-0.0612245	-0.387755	0.384419
-0.0612245	-0.346939	0.404091
-0.0612245	-0.306122	0.422214
-0.0612245	-0.265306	0.438583
-0.0612245	-0.22449	0.453007
-0.0612245	-0.183673	0.465309
-0.0612245	-0.142857	0.475337
-0.0612245	-0.102041	0.482962
-0.0612245	-0.0612245	0.488084
-0.0612245	-0.0204082	0.490633
-0.0612245	0.0204082	0.490572
-0.0612245	0.0612245	0.4879
-0.0612245	0.102041	0.482644
-0.0612245	0.142857	0.474866
-0.0612245	0.183673	0.46466
-0.0612245	0.22449	0.452144
-0.0612245	0.265306	0.437464
-0.0612245	0.306122	0.420785
-0.0612245	0.346939	0.40229
-0.0612245	0.387755	0.382171
-0.0612245	0.428571	0.360629
-0.0612245	0.469388	0.337865
-0.0612245	0.510204	0.314078
-0.0612245	0.55102	0.289456
-0.0612245	0.591837	0.264177
-0.0612245	0.632653	0.238401
-0.0612245	0.673469	0.212268
-0.0612245	0.714286	0.185897
-0.0612245	0.755102	0.159384
-0.0612245	0.795918	0.132803
-0.0612245	0.836735	0.106203
-0.0612245	0.877551	0.0796167
-0.0612245	0.918367	0.0530559
-0.0612245	0.959184	0.0265204
-0.0612245	1	0
-0.0204082	-1	0.0242116
-0.0204082	-0.959184	0.0484754
-0.0204082	-0.918367	0.0728383
-0.0204082	-0.877551	0.0973367
-0.0204082	-0.836735	0.121991
-0.0204082	-0.795918	0.146804
-0.0204082	-0.755102	0.171753
-0.0204082	-0.714286	0.196793
-0.0204082	-0.673469	0.221851
-0.0204082	-0.632653	0.246827
-0.0204082	-0.591837	0.271595
-0.0204082	-0.55102	0.296007
-0.0204082	-0.510204	0.319891
-0.0204082	-0.469388	0.343059
-0.0204082	-0.428571	0.365307
-0.0204082	-0.387755	0.386426
-0.0204082	-0.346939	0.406201
-0.0204082	-0.306122	0.424419
-0.0204082	-0.265306	0.440874
-0.0204082	-0.22449	0.455373
-0.0204082	-0.183673	0.46774
-0.0204082	-0.142857	0.47782
-0.0204082	-0.102041	0.485484
-0.0204082	-0.0612245	0.490633
-0.0204082	-0.0204082	0.493195
-0.0204082	0.0204082	0.493135
-0.0204082	0.0612245	0.490448
-0.0204082	0.102041	0.485164
-0.0204082	0.142857	0.477346
-0.0204082	0.183673	0.467087
-0.0204082	0.22449	0.454506
-0.0204082	0.265306	0.439749
-0.0204082	0.306122	0.422983
-0.0204082	0.346939	0.404391
-0.0204082	0.387755	0.384167
-0.0204082	0.428571	0.362512
-0.0204082	0.469388	0.33963
-0.0204082	0.510204	0.315718
-0.0204082	0.55102	0.290968
-0.0204082	0.591837	0.265557
-0.0204082	0.632653	0.239646
-0.0204082	0.673469	0.213377
-0.0204082	0.714286	0.186868
-0.0204082	0.755102	0.160217
-0.0204082	0.795918	0.133497
-0.0204082	0.836735	0.106758
-0.0204082	0.877551	0.0800326
-0.0204082	0.918367	0.0533331
-0.0204082	0.959184	0.0266589
-0.0204082	1	0
0.0204082	-1	0.0242086
0.0204082	-0.959184	0.0484695
0.0204082	-0.918367	0.0728294
0.0204082	-0.877551	0.0973248
0.0204082	-0.836735	0.121977
0.0204082	-0.795918	0.146786
0.0204082	-0.755102	0.171732
0.0204082	-0.714286	0.196769
0.0204082	-0.673469	0.221824
0.0204082	-0.632653	0.246796
0.0204082	-0.591837	0.271562
0.0204082	-0.55102	0.295971
0.0204082	-0.510204	0.319852
0.0204082	-0.469388	0.343017
0.0204082	-0.428571	0.365263
0.0204082	-0.387755	0.386379
0.0204082	-0.346939	0.406151
0.0204082	-0.306122	0.424367
0.0204082	-0.265306	0.44082
0.0204082	-0.22449	0.455317
0.0204082	-0.183673	0.467682
0.0204082	-0.142857	0.477761
0.0204082	-0.102041	0.485425
0.0204082	-0.0612245	0.490572
0.0204082	-0.0204082	0.493135
0.0204082	0.0204082	0.493074
0.0204082	0.0612245	0.490388
0.0204082	0.102041	0.485105
0.0204082	0.142857	0.477288
0.0204082	0.183673	0.467029
0.0204082	0.22449	0.45445
0.0204082	0.265306	0.439695
0.0204082	0.306122	0.422931
0.0204082	0.346939	0.404341
0.0204082	0.387755	0.38412
0.0204082	0.428571	0.362468
0.0204082	0.469388	0.339588
0.0204082	0.510204	0.31568
0.0204082	0.55102	0.290932
0.0204082	0.591837	0.265525
0.0204082	0.632653	0.239617
0.0204082	0.673469	0.21335
0.0204082	0.714286	0.186845
0.0204082	0.755102	0.160197
0.0204082	0.795918	0.13348
0.0204082	0.836735	0.106745
0.0204082	0.877551	0.0800228
0.0204082	0.918367	0.0533265
0.0204082	0.959184	0.0266557
0.0204082	1	0
0.0612245	-1	0.0240767
0.0612245	-0.959184	0.0482053
0.0612245	-0.918367	0.0724326
0.0612245	-0.877551	0.0967945
0.0612245	-0.836735	0.121312
0.0612245	-0.795918	0.145986
0.0612245	-0.755102	0.170797
0.0612245	-0.714286	0.195697
0.0612245	-0.673469	0.220615
0.0612245	-0.632653	0.245452
0.0612245	-0.591837	0.270082
0.0612245	-0.55102	0.294358
0.0612245	-0.510204	0.318109
0.0612245	-0.469388	0.341148
0.0612245	-0.428571	0.363273
0.0612245	-0.387755	0.384274
0.0612245	-0.346939	0.403939
0.0612245	-0.306122	0.422055
0.0612245	-0.265306	0.438418
0.0612245	-0.22449	0.452836
0.0612245	-0.183673	0.465134
0.0612245	-0.142857	0.475158
0.0612245	-0.102041	0.48278
0.0612245	-0.0612245	0.4879
0.0612245	-0.0204082	0.490448
0.0612245	0.0204082	0.490388
0.0612245	0.0612245	0.487716
0.0612245	0.102041	0.482462
0.0612245	0.142857	0.474687
0.0612245	0.183673	0.464485
0.0612245	0.22449	0.451974
0.0612245	0.265306	0.437299
0.0612245	0.306122	0.420627
0.0612245	0.346939	0.402138
0.0612245	0.387755	0.382027
0.0612245	0.428571	0.360493
0.0612245	0.469388	0.337738
0.0612245	0.510204	0.31396
0.0612245	0.55102	0.289347
0.0612245	0.591837	0.264078
0.0612245	0.632653	0.238311
0.0612245	0.673469	0.212188
0.0612245	0.714286	0.185827
0.0612245	0.755102	0.159324
0.0612245	0.795918	0.132753
0.0612245	0.836735	0.106163
0.0612245	0.877551	0.0795868
0.0612245	0.918367	0.053036
0.0612245	0.959184	0.0265104
0.0612245	1	0
0.102041	-1	0.0238173
0.102041	-0.959184	0.0476859
0.102041	-0.918367	0.0716521
0.102041	-0.877551	0.0957516
0.102041	-0.836735	0.120005
0.102041	-0.795918	0.144413
0.102041	-0.755102	0.168956
0.102041	-0.714286	0.193589
0.102041	-0.673469	0.218238
0.102041	-0.632653	0.242807
0.102041	-0.591837	0.267172
0.102041	-0.55102	0.291187
0.102041	-0.510204	0.314682
0.102041	-0.469388	0.337472
0.102041	-0.428571	0.359359
0.102041	-0.387755	0.380134
0.102041	-0.346939	0.399587
0.102041	-0.306122	0.417508
0.102041	-0.265306	0.433695
0.102041	-0.22449	0.447958
0.102041	-0.183673	0.460123
0.102041	-0.142857	0.47004
0.102041	-0.102041	0.477579
0.102041	-0.0612245	0.482644
0.102041	-0.0204082	0.485164
0.102041	0.0204082	0.485105
0.102041	0.0612245	0.482462
0.102041	0.102041	0.477265
0.102041	0.142857	0.469574
0.102041	0.183673	0.459481
0.102041	0.22449	0.447105
0.102041	0.265306	0.432588
0.102041	0.306122	0.416096
0.102041	0.346939	0.397806
0.102041	0.387755	0.377911
0.102041	0.428571	0.356609
0.102041	0.469388	0.334099
0.102041	0.510204	0.310577
0.102041	0.55102	0.28623
0.102041	0.591837	0.261233
0.102041	0.632653	0.235744
0.102041	0.673469	0.209902
0.102041	0.714286	0.183825
0.102041	0.755102	0.157608
0.102041	0.795918	0.131323
0.102041	0.836735	0.10502
0.102041	0.877551	0.0787293
0.102041	0.918367	0.0524645
0.102041	0.959184	0.0262248
0.102041	1	0
0.142857	-1	0.0234334
0.142857	-0.959184	0.0469174
0.142857	-0.918367	0.0704973
0.142857	-0.877551	0.0942083
0.142857	-0.836735	0.118071
0.142857	-0.795918	0.142086
0.142857	-0.755102	0.166234
0.142857	-0.714286	0.190469
0.142857	-0.673469	0.214721
0.142857	-0.632653	0.238894
0.142857	-0.591837	0.262867
0.142857	-0.55102	0.286494
0.142857	-0.510204	0.309611
0.142857	-0.469388	0.332034
0.142857	-0.428571	0.353568
0.142857	-0.387755	0.374008
0.142857	-0.346939	0.393148
0.142857	-0.306122	0.41078
0.142857	-0.265306	0.426706
0.142857	-0.22449	0.440739
0.142857	-0.183673	0.452709
0.142857	-0.142857	0.462465
0.142857	-0.102041	0.469884
0.142857	-0.0612245	0.474866
0.142857	-0.0204082	0.477346
0.142857	0.0204082	0.477288
0.142857	0.0612245	0.474687
0.142857	0.102041	0.469574
0.142857	0.142857	0.462007
0.142857	0.183673	0.452077
0.142857	0.22449	0.4399
0.142857	0.265306	0.425618
0.142857	0.306122	0.40939
0.142857	0.346939	0.391396
0.142857	0.387755	0.371821
0.142857	0.428571	0.350863
0.142857	0.469388	0.328715
0.142857	0.510204	0.305572
0.142857	0.55102	0.281617
0.142857	0.591837	0.257023
0.142857	0.632653	0.231945
0.142857	0.673469	0.206519
0.142857	0.714286	0.180862
0.142857	0.755102	0.155068
0.142857	0.795918	0.129206
0.142857	0.836735	0.103327
0.142857	0.877551	0.0774604
0.142857	0.918367	0.051619
0.142857	0.959184	0.0258021
0.142857	1	0
0.183673	-1	0.0229296
0.183673	-0.959184	0.0459088
0.183673	-0.918367	0.0689818
0.183673	-0.877551	0.0921831
0.183673	-0.836735	0.115533
0.183673	-0.795918	0.139031
0.183673	-0.755102	0.16266
0.183673	-0.714286	0.186374
0.183673	-0.673469	0.210105
0.183673	-0.632653	0.233759
0.183673	-0.591837	0.257216
0.183673	-0.55102	0.280336
0.183673	-0.510204	0.302956
0.183673	-0.469388	0.324897
0.183673	-0.428571	0.345968
0.183673	-0.387755	0.365969
0.183673	-0.346939	0.384697
0.183673	-0.306122	0.401951
0.183673	-0.265306	0.417535
0.183673	-0.22449	0.431266
0.183673	-0.183673	0.442979
0.183673	-0.142857	0.452525
0.183673	-0.102041	0.459784
0.183673	-0.0612245	0.46466
0.183673	-0.0204082	0.467087
0.183673	0.0204082	0.467029
0.183673	0.0612245	0.464485
0.183673	0.102041	0.459481
0.183673	0.142857	0.452077
0.183673	0.183673	0.44236
0.183673	0.22449	0.430445
0.183673	0.265306	0.416469
0.183673	0.306122	0.400591
0.183673	0.346939	0.382983
0.183673	0.387755	0.363829
0.183673	0.428571	0.343321
0.183673	0.469388	0.32165
0.183673	0.510204	0.299004
0.183673	0.55102	0.275564
0.183673	0.591837	0.251498
0.183673	0.632653	0.226959
0.183673	0.673469	0.20208
0.183673	0.714286	0.176975
0.183673	0.755102	0.151734
0.183673	0.795918	0.126429
0.183673	0.836735	0.101106
0.183673	0.877551	0.0757953
0.183673	0.918367	0.0505093
0.183673	0.959184	0.0252475
0.183673	1	0
0.22449	-1	0.0223119
0.22449	-0.959184	0.044672
0.22449	-0.918367	0.0671234
0.22449	-0.877551	0.0896997
0.22449	-0.836735	0.11242
0.22449	-0.795918	0.135286
0.22449	-0.755102	0.158278
0.22449	-0.714286	0.181354
0.22449	-0.673469	0.204445
0.22449	-0.632653	0.227462
0.22449	-0.591837	0.250287
0.22449	-0.55102	0.272784
0.22449	-0.510204	0.294795
0.22449	-0.469388	0.316145
0.22449	-0.428571	0.336649
0.22449	-0.387755	0.356111
0.22449	-0.346939	0.374335
0.22449	-0.306122	0.391124
0.22449	-0.265306	0.406288
0.22449	-0.22449	0.41965
0.22449	-0.183673	0.431047
0.22449	-0.142857	0.440336
0.22449	-0.102041	0.4474
0.22449	-0.0612245	0.452144
0.22449	-0.0204082	0.454506
0.22449	0.0204082	0.45445
0.22449	0.0612245	0.451974
0.22449	0.102041	0.447105
0.22449	0.142857	0.4399
0.22449	0.183673	0.430445
0.22449	0.22449	0.418851
0.22449	0.265306	0.405252
0.22449	0.306122	0.389801
0.22449	0.346939	0.372667
0.22449	0.387755	0.354029
0.22449	0.428571	0.334073
0.22449	0.469388	0.312986
0.22449	0.510204	0.29095
0.22449	0.55102	0.268141
0.22449	0.591837	0.244723
0.22449	0.632653	0.220845
0.22449	0.673469	0.196636
0.22449	0.714286	0.172207
0.22449	0.755102	0.147647
0.22449	0.795918	0.123023
0.22449	0.836735	0.0983823
0.22449	0.877551	0.0737535
0.22449	0.918367	0.0491487
0.22449	0.959184	0.0245673
0.22449	1	0
0.265306	-1	0.0215873
0.265306	-0.959184	0.0432213
0.265306	-0.918367	0.0649437
0.265306	-0.877551	0.0867868
0.265306	-0.836735	0.108769
0.265306	-0.795918	0.130893
0.265306	-0.755102	0.153138
0.265306	-0.714286	0.175465
0.265306	-0.673469	0.197807
0.265306	-0.632653	0.220076
0.265306	-0.591837	0.24216
0.265306	-0.55102	0.263927
0.265306	-0.510204	0.285223
0.265306	-0.469388	0.30588
0.265306	-0.428571	0.325718
0.265306	-0.387755	0.344549
0.265306	-0.346939	0.362181
0.265306	-0.306122	0.378425
0.265306	-0.265306	0.393097
0.265306	-0.22449	0.406025
0.265306	-0.183673	0.417052
0.265306	-0.142857	0.42604
0.265306	-0.102041	0.432874
0.265306	-0.0612245	0.437464
0.265306	-0.0204082	0.439749
0.265306	0.0204082	0.439695
0.265306	0.0612245	0.437299
0.265306	0.102041	0.432588
0.265306	0.142857	0.425618
0.265306	0.183673	0.416469
0.265306	0.22449	0.405252
0.265306	0.265306	0.392094
0.265306	0.306122	0.377145
0.265306	0.346939	0.360567
0.265306	0.387755	0.342534
0.265306	0.428571	0.323226
0.265306	0.469388	0.302823
0.265306	0.510204	0.281503
0.265306	0.55102	0.259434
0.265306	0.591837	0.236777
0.265306	0.632653	0.213674
0.265306	0.673469	0.190251
0.265306	0.714286	0.166615
0.265306	0.755102	0.142853
0.265306	0.795918	0.119028
0.265306	0.836735	0.0951876
0.265306	0.877551	0.0713585
0.265306	0.918367	0.0475527
0.265306	0.959184	0.0237696
0.265306	1	0
0.306122	-1	0.0207642
0.306122	-0.959184	0.0415731
0.306122	-0.918367	0.0624672
0.306122	-0.877551	0.0834774
0.306122	-0.836735	0.104622
0.306122	-0.795918	0.125902
0.306122	-0.755102	0.147299
0.306122	-0.714286	0.168774
0.306122	-0.673469	0.190264
0.306122	-0.632653	0.211684
0.306122	-0.591837	0.232927
0.306122	-0.55102	0.253863
0.306122	-0.510204	0.274348
0.306122	-0.469388	0.294217
0.306122	-0.428571	0.313299
0.306122	-0.387755	0.331412
0.306122	-0.346939	0.348372
0.306122	-0.306122	0.363996
0.306122	-0.265306	0.378109
0.306122	-0.22449	0.390544
0.306122	-0.183673	0.401151
0.306122	-0.142857	0.409796
0.306122	-0.102041	0.41637
0.306122	-0.0612245	0.420785
0.306122	-0.0204082	0.422983
0.306122	0.0204082	0.422931
0.306122	0.0612245	0.420627
0.306122	0.102041	0.416096
0.306122	0.142857	0.40939
0.306122	0.183673	0.400591
0.306122	0.22449	0.389801
0.306122	0.265306	0.377145
0.306122	0.306122	0.362765
0.306122	0.346939	0.346819
0.306122	0.387755	0.329474
0.306122	0.428571	0.310902
0.306122	0.469388	0.291277
0.306122	0.510204	0.270769
0.306122	0.55102	0.249542
0.306122	0.591837	0.227749
0.306122	0.632653	0.205527
0.306122	0.673469	0.182997
0.306122	0.714286	0.160262
0.306122	0.755102	0.137405
0.306122	0.795918	0.114489
0.306122	0.836735	0.091558
0.306122	0.877551	0.0686375
0.306122	0.918367	0.0457394
0.306122	0.959184	0.0228632
0.306122	1	0
0.346939	-1	0.0198513
0.346939	-0.959184	0.0397455
0.346939	-0.918367	0.059721
0.346939	-0.877551	0.0798076
0.346939	-0.836735	0.100022
0.346939	-0.795918	0.120367
0.346939	-0.755102	0.140824
0.346939	-0.714286	0.161354
0.346939	-0.673469	0.1819
0.346939	-0.632653	0.202379
0.346939	-0.591837	0.222688
0.346939	-0.55102	0.242704
0.346939	-0.510204	0.262288
0.346939	-0.469388	0.281284
0.346939	-0.428571	0.299527
0.346939	-0.387755	0.316844
0.346939	-0.346939	0.333059
0.346939	-0.306122	0.347996
0.346939	-0.265306	0.361489
0.346939	-0.22449	0.373378
0.346939	-0.183673	0.383518
0.346939	-0.142857	0.391784
0.346939	-0.102041	0.398068
0.346939	-0.0612245	0.40229
0.346939	-0.0204082	0.404391
0.346939	0.0204082	0.404341
0.346939	0.0612245	0.402138
0.346939	0.102041	0.397806
0.346939	0.142857	0.391396
0.346939	0.183673	0.382983
0.346939	0.22449	0.372667
0.346939	0.265306	0.360567
0.346939	0.306122	0.346819
0.346939	0.346939	0.331575
0.346939	0.387755	0.314992
0.346939	0.428571	0.297236
0.346939	0.469388	0.278473
0.346939	0.510204	0.258867
0.346939	0.55102	0.238573
0.346939	0.591837	0.217737
0.346939	0.632653	0.196492
0.346939	0.673469	0.174953
0.346939	0.714286	0.153217
0.346939	0.755102	0.131365
0.346939	0.795918	0.109456
0.346939	0.836735	0.087533
0.346939	0.877551	0.0656201
0.346939	0.918367	0.0437287
0.346939	0.959184	0.0218581
0.346939	1	0
0.387755	-1	0.0188583
0.387755	-0.959184	0.0377574
0.387755	-0.918367	0.0567338
0.387755	-0.877551	0.0758157
0.387755	-0.836735	0.0950194
0.387755	-0.795918	0.114346
0.387755	-0.755102	0.13378
0.387755	-0.714286	0.153284
0.387755	-0.673469	0.172802
0.387755	-0.632653	0.192256
0.387755	-0.591837	0.21155
0.387755	-0.55102	0.230565
0.387755	-0.510204	0.24917
0.387755	-0.469388	0.267216
0.387755	-0.428571	0.284547
0.387755	-0.387755	0.300998
0.387755	-0.346939	0.316401
0.387755	-0.306122	0.330592
0.387755	-0.265306	0.34341
0.387755	-0.22449	0.354704
0.387755	-0.183673	0.364338
0.387755	-0.142857	0.37219
0.387755	-0.102041	0.378161
0.387755	-0.0612245	0.382171
0.387755	-0.0204082	0.384167
0.387755	0.0204082	0.38412
0.387755	0.0612245	0.382027
0.387755	0.102041	0.377911
0.387755	0.142857	0.371821
0.387755	0.183673	0.363829
0.387755	0.22449	0.354029
0.387755	0.265306	0.342534
0.387755	0.306122	0.329474
0.387755	0.346939	0.314992
0.387755	0.387755	0.299238
0.387755	0.428571	0.28237
0.387755	0.469388	0.264546
0.387755	0.510204	0.24592
0.387755	0.55102	0.226641
0.387755	0.591837	0.206847
0.387755	0.632653	0.186664
0.387755	0.673469	0.166202
0.387755	0.714286	0.145554
0.387755	0.755102	0.124795
0.387755	0.795918	0.103982
0.387755	0.836735	0.0831548
0.387755	0.877551	0.062338
0.387755	0.918367	0.0415415
0.387755	0.959184	0.0207648
0.387755	1	0
0.428571	-1	0.0177952
0.428571	-0.959184	0.0356288
0.428571	-0.918367	0.0535353
0.428571	-0.877551	0.0715414
0.428571	-0.836735	0.0896626
0.428571	-0.795918	0.1079
0.428571	-0.755102	0.126238
0.428571	-0.714286	0.144643
0.428571	-0.673469	0.16306
0.428571	-0.632653	0.181418
0.428571	-0.591837	0.199624
0.428571	-0.55102	0.217568
0.428571	-0.510204	0.235123
0.428571	-0.469388	0.252153
0.428571	-0.428571	0.268507
0.428571	-0.387755	0.28403
0.428571	-0.346939	0.298566
0.428571	-0.306122	0.311957
0.428571	-0.265306	0.324053
0.428571	-0.22449	0.33471
0.428571	-0.183673	0.343801
0.428571	-0.142857	0.351211
0.428571	-0.102041	0.356844
0.428571	-0.0612245	0.360629
0.428571	-0.0204082	0.362512
0.428571	0.0204082	0.362468
0.428571	0.0612245	0.360493
0.428571	0.102041	0.356609
0.428571	0.142857	0.350863
0.428571	0.183673	0.343321
0.428571	0.22449	0.334073
0.428571	0.265306	0.323226
0.428571	0.306122	0.310902
0.428571	0.346939	0.297236
0.428571	0.387755	0.28237
0.428571	0.428571	0.266453
0.428571	0.469388	0.249633
0.428571	0.510204	0.232057
0.428571	0.55102	0.213865
0.428571	0.591837	0.195187
0.428571	0.632653	0.176142
0.428571	0.673469	0.156833
0.428571	0.714286	0.137348
0.428571	0.755102	0.11776
0.428571	0.795918	0.0981198
0.428571	0.836735	0.078467
0.428571	0.877551	0.0588237
0.428571	0.918367	0.0391996
0.428571	0.959184	0.0195942
0.428571	1	0
0.469388	-1	0.0166717
0.469388	-0.959184	0.0333795
0.469388	-0.918367	0.0501555
0.469388	-0.877551	0.0670249
0.469388	-0.836735	0.0840021
0.469388	-0.795918	0.101088
0.469388	-0.755102	0.118269
0.469388	-0.714286	0.135511
0.469388	-0.673469	0.152767
0.469388	-0.632653	0.169966
0.469388	-0.591837	0.187022
0.469388	-0.55102	0.203833
0.469388	-0.510204	0.220281
0.469388	-0.469388	0.236235
0.469388	-0.428571	0.251557
0.469388	-0.387755	0.266101
0.469388	-0.346939	0.279719
0.469388	-0.306122	0.292265
0.469388	-0.265306	0.303597
0.469388	-0.22449	0.313582
0.469388	-0.183673	0.322099
0.469388	-0.142857	0.329041
0.469388	-0.102041	0.33432
0.469388	-0.0612245	0.337865
0.469388	-0.0204082	0.33963
0.469388	0.0204082	0.339588
0.469388	0.0612245	0.337738
0.469388	0.102041	0.334099
0.469388	0.142857	0.328715
0.469388	0.183673	0.32165
0.469388	0.22449	0.312986
0.469388	0.265306	0.302823
0.469388	0.306122	0.291277
0.469388	0.346939	0.278473
0.469388	0.387755	0.264546
0.469388	0.428571	0.249633
0.469388	0.469388	0.233875
0.469388	0.510204	0.217408
0.469388	0.55102	0.200364
0.469388	0.591837	0.182865
0.469388	0.632653	0.165022
0.469388	0.673469	0.146932
0.469388	0.714286	0.128678
0.469388	0.755102	0.110326
0.469388	0.795918	0.0919256
0.469388	0.836735	0.0735135
0.469388	0.877551	0.0551102
0.469388	0.918367	0.0367249
0.469388	0.959184	0.0183572
0.469388	1	0
0.510204	-1	0.0154978
0.510204	-0.959184	0.031029
0.510204	-0.918367	0.0466238
0.510204	-0.877551	0.0623054
0.510204	-0.836735	0.0780872
0.510204	-0.795918	0.0939703
0.510204	-0.755102	0.109941
0.510204	-0.714286	0.12597
0.510204	-0.673469	0.14201
0.510204	-0.632653	0.157998
0.510204	-0.591837	0.173854
0.510204	-0.55102	0.189481
0.510204	-0.510204	0.204771
0.510204	-0.469388	0.219602
0.510204	-0.428571	0.233846
0.510204	-0.387755	0.247366
0.510204	-0.346939	0.260025
0.510204	-0.306122	0.271688
0.510204	-0.265306	0.282222
0.510204	-0.22449	0.291504
0.510204	-0.183673	0.299422
0.510204	-0.142857	0.305875
0.510204	-0.102041	0.310782
0.510204	-0.0612245	0.314078
0.510204	-0.0204082	0.315718
0.510204	0.0204082	0.31568
0.510204	0.0612245	0.31396
0.510204	0.102041	0.310577
0.510204	0.142857	0.305572
0.510204	0.183673	0.299004
0.510204	0.22449	0.29095
0.510204	0.265306	0.281503
0.510204	0.306122	0.270769
0.510204	0.346939	0.258867
0.510204	0.387755	0.24592
0.510204	0.428571	0.232057
0.510204	0.469388	0.217408
0.510204	0.510204	0.202101
0.510204	0.55102	0.186257
0.510204	0.591837	0.16999
0.510204	0.632653	0.153403
0.510204	0.673469	0.136587
0.510204	0.714286	0.119618
0.510204	0.755102	0.102557
0.510204	0.795918	0.085453
0.510204	0.836735	0.0683372
0.510204	0.877551	0.0512297
0.510204	0.918367	0.034139
0.510204	0.959184	0.0170646
0.510204	1	0
0.55102	-1	0.0142827
0.55102	-0.959184	0.0285963
0.55102	-0.918367	0.0429684
0.55102	-0.877551	0.0574205
0.55102	-0.836735	0.071965
0.55102	-0.795918	0.0866028
0.55102	-0.755102	0.101321
0.55102	-0.714286	0.116094
0.55102	-0.673469	0.130877
0.55102	-0.632653	0.145611
0.55102	-0.591837	0.160224
0.55102	-0.55102	0.174626
0.55102	-0.510204	0.188718
0.55102	-0.469388	0.202386
0.55102	-0.428571	0.215513
0.55102	-0.387755	0.227973
0.55102	-0.346939	0.23964
0.55102	-0.306122	0.250389
0.55102	-0.265306	0.260098
0.55102	-0.22449	0.268652
0.55102	-0.183673	0.275949
0.55102	-0.142857	0.281896
0.55102	-0.102041	0.286419
0.55102	-0.0612245	0.289456
0.55102	-0.0204082	0.290968
0.55102	0.0204082	0.290932
0.55102	0.0612245	0.289347
0.55102	0.102041	0.28623
0.55102	0.142857	0.281617
0.55102	0.183673	0.275564
0.55102	0.22449	0.268141
0.55102	0.265306	0.259434
0.55102	0.306122	0.249542
0.55102	0.346939	0.238573
0.55102	0.387755	0.226641
0.55102	0.428571	0.213865
0.55102	0.469388	0.200364
0.55102	0.510204	0.186257
0.55102	0.55102	0.171655
0.55102	0.591837	0.156663
0.55102	0.632653	0.141376
0.55102	0.673469	0.125878
0.55102	0.714286	0.11024
0.55102	0.755102	0.0945168
0.55102	0.795918	0.0787534
0.55102	0.836735	0.0629795
0.55102	0.877551	0.0472133
0.55102	0.918367	0.0314625
0.55102	0.959184	0.0157267
0.55102	1	0
0.591837	-1	0.0130352
0.591837	-0.959184	0.0260986
0.591837	-0.918367	0.0392154
0.591837	-0.877551	0.0524052
0.591837	-0.836735	0.0656794
0.591837	-0.795918	0.0790388
0.591837	-0.755102	0.092472
0.591837	-0.714286	0.105954
0.591837	-0.673469	0.119446
0.591837	-0.632653	0.132894
0.591837	-0.591837	0.14623
0.591837	-0.55102	0.159375
0.591837	-0.510204	0.172236
0.591837	-0.469388	0.184711
0.591837	-0.428571	0.196691
0.591837	-0.387755	0.208063
0.591837	-0.346939	0.218711
0.591837	-0.306122	0.228521
0.591837	-0.265306	0.237382
0.591837	-0.22449	0.24519
0.591837	-0.183673	0.251849
0.591837	-0.142857	0.257278
0.591837	-0.102041	0.261405
0.591837	-0.0612245	0.264177
0.591837	-0.0204082	0.265557
0.591837	0.0204082	0.265525
0.591837	0.0612245	0.264078
0.591837	0.102041	0.261233
0.591837	0.142857	0.257023
0.591837	0.183673	0.251498
0.591837	0.22449	0.244723
0.591837	0.265306	0.236777
0.591837	0.306122	0.227749
0.591837	0.346939	0.217737
0.591837	0.387755	0.206847
0.591837	0.428571	0.195187
0.591837	0.469388	0.182865
0.591837	0.510204	0.16999
0.591837	0.55102	0.156663
0.591837	0.591837	0.14298
0.591837	0.632653	0.129029
0.591837	0.673469	0.114884
0.591837	0.714286	0.100611
0.591837	0.755102	0.0862618
0.591837	0.795918	0.0718751
0.591837	0.836735	0.0574789
0.591837	0.877551	0.0430896
0.591837	0.918367	0.0287145
0.591837	0.959184	0.0143531
0.591837	1	0
0.632653	-1	0.0117632
0.632653	-0.959184	0.0235518
0.632653	-0.918367	0.0353887
0.632653	-0.877551	0.0472915
0.632653	-0.836735	0.0592703
0.632653	-0.795918	0.0713261
0.632653	-0.755102	0.0834485
0.632653	-0.714286	0.0956151
0.632653	-0.673469	0.10779
0.632653	-0.632653	0.119926
0.632653	-0.591837	0.131962
0.632653	-0.55102	0.143824
0.632653	-0.510204	0.15543
0.632653	-0.469388	0.166687
0.632653	-0.428571	0.177499
0.632653	-0.387755	0.187761
0.632653	-0.346939	0.197371
0.632653	-0.306122	0.206224
0.632653	-0.265306	0.21422
0.632653	-0.22449	0.221266
0.632653	-0.183673	0.227276
0.632653	-0.142857	0.232174
0.632653	-0.102041	0.235899
0.632653	-0.0612245	0.238401
0.632653	-0.0204082	0.239646
0.632653	0.0204082	0.239617
0.632653	0.0612245	0.238311
0.632653	0.102041	0.235744
0.632653	0.142857	0.231945
0.632653	0.183673	0.226959
0.632653	0.22449	0.220845
0.632653	0.265306	0.213674
0.632653	0.306122	0.205527
0.632653	0.346939	0.196492
0.632653	0.387755	0.186664
0.632653	0.428571	0.176142
0.632653	0.469388	0.165022
0.632653	0.510204	0.153403
0.632653	0.55102	0.141376
0.632653	0.591837	0.129029
0.632653	0.632653	0.116439
0.632653	0.673469	0.103674
0.632653	0.714286	0.0907939
0.632653	0.755102	0.0778445
0.632653	0.795918	0.0648616
0.632653	0.836735	0.0518701
0.632653	0.877551	0.0388849
0.632653	0.918367	0.0259125
0.632653	0.959184	0.0129526
0.632653	1	0
0.673469	-1	0.0104736
0.673469	-0.959184	0.0209699
0.673469	-0.918367	0.0315091
0.673469	-0.877551	0.042107
0.673469	-0.836735	0.0527727
0.673469	-0.795918	0.0635069
0.673469	-0.755102	0.0743004
0.673469	-0.714286	0.0851333
0.673469	-0.673469	0.0959739
0.673469	-0.632653	0.106779
0.673469	-0.591837	0.117495
0.673469	-0.55102	0.128057
0.673469	-0.510204	0.138391
0.673469	-0.469388	0.148415
0.673469	-0.428571	0.158041
0.673469	-0.387755	0.167179
0.673469	-0.346939	0.175735
0.673469	-0.306122	0.183618
0.673469	-0.265306	0.190737
0.673469	-0.22449	0.197011
0.673469	-0.183673	0.202362
0.673469	-0.142857	0.206724
0.673469	-0.102041	0.21004
0.673469	-0.0612245	0.212268
0.673469	-0.0204082	0.213377
0.673469	0.0204082	0.21335
0.673469	0.0612245	0.212188
0.673469	0.102041	0.209902
0.673469	0.142857	0.206519
0.673469	0.183673	0.20208
0.673469	0.22449	0.196636
0.673469	0.265306	0.190251
0.673469	0.306122	0.182997
0.673469	0.346939	0.174953
0.673469	0.387755	0.166202
0.673469	0.428571	0.156833
0.673469	0.469388	0.146932
0.673469	0.510204	0.136587
0.673469	0.55102	0.125878
0.673469	0.591837	0.114884
0.673469	0.632653	0.103674
0.673469	0.673469	0.0923091
0.673469	0.714286	0.0808407
0.673469	0.755102	0.0693108
0.673469	0.795918	0.0577511
0.673469	0.836735	0.0461838
0.673469	0.877551	0.0346222
0.673469	0.918367	0.0230719
0.673469	0.959184	0.0115326
0.673469	1	0
0.714286	-1	0.00917234
0.714286	-0.959184	0.0183645
0.714286	-0.918367	0.0275943
0.714286	-0.877551	0.0368755
0.714286	-0.836735	0.0462161
0.714286	-0.795918	0.0556167
0.714286	-0.755102	0.0650693
0.714286	-0.714286	0.0745563
0.714286	-0.673469	0.0840501
0.714286	-0.632653	0.0935132
0.714286	-0.591837	0.102898
0.714286	-0.55102	0.112148
0.714286	-0.510204	0.121198
0.714286	-0.469388	0.129976
0.714286	-0.428571	0.138407
0.714286	-0.387755	0.146409
0.714286	-0.346939	0.153903
0.714286	-0.306122	0.160806
0.714286	-0.265306	0.167041
0.714286	-0.22449	0.172535
0.714286	-0.183673	0.177222
0.714286	-0.142857	0.181042
0.714286	-0.102041	0.183946
0.714286	-0.0612245	0.185897
0.714286	-0.0204082	0.186868
0.714286	0.0204082	0.186845
0.714286	0.0612245	0.185827
0.714286	0.102041	0.183825
0.714286	0.142857	0.180862
0.714286	0.183673	0.176975
0.714286	0.22449	0.172207
0.714286	0.265306	0.166615
0.714286	0.306122	0.160262
0.714286	0.346939	0.153217
0.714286	0.387755	0.145554
0.714286	0.428571	0.137348
0.714286	0.469388	0.128678
0.714286	0.510204	0.119618
0.714286	0.55102	0.11024
0.714286	0.591837	0.100611
0.714286	0.632653	0.0907939
0.714286	0.673469	0.0808407
0.714286	0.714286	0.0707971
0.714286	0.755102	0.0606996
0.714286	0.795918	0.0505761
0.714286	0.836735	0.0404459
0.714286	0.877551	0.0303207
0.714286	0.918367	0.0202054
0.714286	0.959184	0.0100998
0.714286	1	0
0.755102	-1	0.0078641
0.755102	-0.959184	0.0157452
0.755102	-0.918367	0.0236586
0.755102	-0.877551	0.0316161
0.755102	-0.836735	0.0396244
0.755102	-0.795918	0.0476843
0.755102	-0.755102	0.0557886
0.755102	-0.714286	0.0639226
0.755102	-0.673469	0.0720624
0.755102	-0.632653	0.0801759
0.755102	-0.591837	0.0882222
0.755102	-0.55102	0.0961527
0.755102	-0.510204	0.103912
0.755102	-0.469388	0.111439
0.755102	-0.428571	0.118667
0.755102	-0.387755	0.125528
0.755102	-0.346939	0.131953
0.755102	-0.306122	0.137871
0.755102	-0.265306	0.143218
0.755102	-0.22449	0.147928
0.755102	-0.183673	0.151946
0.755102	-0.142857	0.155221
0.755102	-0.102041	0.157712
0.755102	-0.0612245	0.159384
0.755102	-0.0204082	0.160217
0.755102	0.0204082	0.160197
0.755102	0.0612245	0.159324
0.755102	0.102041	0.157608
0.755102	0.142857	0.155068
0.755102	0.183673	0.151734
0.755102	0.22449	0.147647
0.755102	0.265306	0.142853
0.755102	0.306122	0.137405
0.755102	0.346939	0.131365
0.755102	0.387755	0.124795
0.755102	0.428571	0.11776
0.755102	0.469388	0.110326
0.755102	0.510204	0.102557
0.755102	0.55102	0.0945168
0.755102	0.591837	0.0862618
0.755102	0.632653	0.0778445
0.755102	0.673469	0.0693108
0.755102	0.714286	0.0606996
0.755102	0.755102	0.0520423
0.755102	0.795918	0.0433627
0.755102	0.836735	0.0346773
0.755102	0.877551	0.0259961
0.755102	0.918367	0.0173236
0.755102	0.959184	0.0086593
0.755102	1	0
0.795918	-1	0.0065525
0.795918	-0.959184	0.0131192
0.795918	-0.918367	0.0197127
0.795918	-0.877551	0.026343
0.795918	-0.836735	0.0330158
0.795918	-0.795918	0.0397314
0.795918	-0.755102	0.0464841
0.795918	-0.714286	0.0532615
0.795918	-0.673469	0.0600438
0.795918	-0.632653	0.0668041
0.795918	-0.591837	0.0735085
0.795918	-0.55102	0.0801164
0.795918	-0.510204	0.0865817
0.795918	-0.469388	0.092853
0.795918	-0.428571	0.0988758
0.795918	-0.387755	0.104593
0.795918	-0.346939	0.109946
0.795918	-0.306122	0.114878
0.795918	-0.265306	0.119332
0.795918	-0.22449	0.123257
0.795918	-0.183673	0.126605
0.795918	-0.142857	0.129334
0.795918	-0.102041	0.131409
0.795918	-0.0612245	0.132803
0.795918	-0.0204082	0.133497
0.795918	0.0204082	0.13348
0.795918	0.0612245	0.132753
0.795918	0.102041	0.131323
0.795918	0.142857	0.129206
0.795918	0.183673	0.126429
0.795918	0.22449	0.123023
0.795918	0.265306	0.119028
0.795918	0.306122	0.114489
0.795918	0.346939	0.109456
0.795918	0.387755	0.103982
0.795918	0.428571	0.0981198
0.795918	0.469388	0.0919256
0.795918	0.510204	0.085453
0.795918	0.55102	0.0787534
0.795918	0.591837	0.0718751
0.795918	0.632653	0.0648616
0.795918	0.673469	0.0577511
0.795918	0.714286	0.0505761
0.795918	0.755102	0.0433627
0.795918	0.795918	0.0361306
0.795918	0.836735	0.0288937
0.795918	0.877551	0.0216605
0.795918	0.918367	0.0144343
0.795918	0.959184	0.00721509
0.795918	1	0
0.836735	-1	0.00524005
0.836735	-0.959184	0.0104914
0.836735	-0.918367	0.0157643
0.836735	-0.877551	0.0210666
0.836735	-0.836735	0.0264028
0.836735	-0.795918	0.0317733
0.836735	-0.755102	0.0371735
0.836735	-0.714286	0.0425934
0.836735	-0.673469	0.0480172
0.836735	-0.632653	0.0534235
0.836735	-0.591837	0.0587851
0.836735	-0.55102	0.0640695
0.836735	-0.510204	0.0692398
0.836735	-0.469388	0.0742551
0.836735	-0.428571	0.0790715
0.836735	-0.387755	0.0836435
0.836735	-0.346939	0.0879245
0.836735	-0.306122	0.0918684
0.836735	-0.265306	0.0954308
0.836735	-0.22449	0.0985698
0.836735	-0.183673	0.101247
0.836735	-0.142857	0.103429
0.836735	-0.102041	0.105089
0.836735	-0.0612245	0.106203
0.836735	-0.0204082	0.106758
0.836735	0.0204082	0.106745
0.836735	0.0612245	0.106163
0.836735	0.102041	0.10502
0.836735	0.142857	0.103327
0.836735	0.183673	0.101106
0.836735	0.22449	0.0983823
0.836735	0.265306	0.0951876
0.836735	0.306122	0.091558
0.836735	0.346939	0.087533
0.836735	0.387755	0.0831548
0.836735	0.428571	0.078467
0.836735	0.469388	0.0735135
0.836735	0.510204	0.0683372
0.836735	0.55102	0.0629795
0.836735	0.591837	0.0574789
0.836735	0.632653	0.0518701
0.836735	0.673469	0.0461838
0.836735	0.714286	0.0404459
0.836735	0.755102	0.0346773
0.836735	0.795918	0.0288937
0.836735	0.836735	0.0231064
0.836735	0.877551	0.0173219
0.836735	0.918367	0.0115432
0.836735	0.959184	0.00576992
0.836735	1	0
0.877551	-1	0.00392824
0.877551	-0.959184	0.00786498
0.877551	-0.918367	0.0118178
0.877551	-0.877551	0.0157927
0.877551	-0.836735	0.0197931
0.877551	-0.795918	0.0238191
0.877551	-0.755102	0.0278674
0.877551	-0.714286	0.0319305
0.877551	-0.673469	0.0359966
0.877551	-0.632653	0.0400495
0.877551	-0.591837	0.0440688
0.877551	-0.55102	0.0480304
0.877551	-0.510204	0.0519063
0.877551	-0.469388	0.0556661
0.877551	-0.428571	0.0592769
0.877551	-0.387755	0.0627043
0.877551	-0.346939	0.0659136
0.877551	-0.306122	0.0688702
0.877551	-0.265306	0.0715408
0.877551	-0.22449	0.073894
0.877551	-0.183673	0.0759011
0.877551	-0.142857	0.0775372
0.877551	-0.102041	0.0787811
0.877551	-0.0612245	0.0796167
0.877551	-0.0204082	0.0800326
0.877551	0.0204082	0.0800228
0.877551	0.0612245	0.0795868
0.877551	0.102041	0.0787293
0.877551	0.142857	0.0774604
0.877551	0.183673	0.0757953
0.877551	0.22449	0.0737535
0.877551	0.265306	0.0713585
0.877551	0.306122	0.0686375
0.877551	0.346939	0.0656201
0.877551	0.387755	0.062338
0.877551	0.428571	0.0588237
0.877551	0.469388	0.0551102
0.877551	0.510204	0.0512297
0.877551	0.55102	0.0472133
0.877551	0.591837	0.0430896
0.877551	0.632653	0.0388849
0.877551	0.673469	0.0346222
0.877551	0.714286	0.0303207
0.877551	0.755102	0.0259961
0.877551	0.795918	0.0216605
0.877551	0.836735	0.0173219
0.877551	0.877551	0.0129855
0.877551	0.918367	0.00865343
0.877551	0.959184	0.00432547
0.877551	1	0
0.918367	-1	0.00261774
0.918367	-0.959184	0.00524114
0.918367	-0.918367	0.00787528
0.918367	-0.877551	0.0105241
0.918367	-0.836735	0.0131899
0.918367	-0.795918	0.0158728
0.918367	-0.755102	0.0185706
0.918367	-0.714286	0.0212782
0.918367	-0.673469	0.0239877
0.918367	-0.632653	0.0266885
0.918367	-0.591837	0.029367
0.918367	-0.55102	0.032007
0.918367	-0.510204	0.0345899
0.918367	-0.469388	0.0370954
0.918367	-0.428571	0.0395015
0.918367	-0.387755	0.0417856
0.918367	-0.346939	0.0439242
0.918367	-0.306122	0.0458945
0.918367	-0.265306	0.0476742
0.918367	-0.22449	0.0492423
0.918367	-0.183673	0.0505799
0.918367	-0.142857	0.0516701
0.918367	-0.102041	0.0524991
0.918367	-0.0612245	0.0530559
0.918367	-0.0204082	0.0533331
0.918367	0.0204082	0.0533265
0.918367	0.0612245	0.053036
0.918367	0.102041	0.0524645
0.918367	0.142857	0.051619
0.918367	0.183673	0.0505093
0.918367	0.22449	0.0491487
0.918367	0.265306	0.0475527
0.918367	0.306122	0.0457394
0.918367	0.346939	0.0437287
0.918367	0.387755	0.0415415
0.918367	0.428571	0.0391996
0.918367	0.469388	0.0367249
0.918367	0.510204	0.034139
0.918367	0.55102	0.0314625
0.918367	0.591837	0.0287145
0.918367	0.632653	0.0259125
0.918367	0.673469	0.0230719
0.918367	0.714286	0.0202054
0.918367	0.755102	0.0173236
0.918367	0.795918	0.0144343
0.918367	0.836735	0.0115432
0.918367	0.877551	0.00865343
0.918367	0.918367	0.00576655
0.918367	0.959184	0.00288245
0.918367	1	0
0.959184	-1	0.00130849
0.959184	-0.959184	0.00261982
0.959184	-0.918367	0.00393651
0.959184	-0.877551	0.00526054
0.959184	-0.836735	0.00659305
0.959184	-0.795918	0.00793412
0.959184	-0.755102	0.00928261
0.959184	-0.714286	0.010636
0.959184	-0.673469	0.0119904
0.959184	-0.632653	0.0133405
0.959184	-0.591837	0.0146793
0.959184	-0.55102	0.0159989
0.959184	-0.510204	0.01729
0.959184	-0.469388	0.0185424
0.959184	-0.428571	0.0197451
0.959184	-0.387755	0.0208868
0.959184	-0.346939	0.0219559
0.959184	-0.306122	0.0229407
0.959184	-0.265306	0.0238303
0.959184	-0.22449	0.0246142
0.959184	-0.183673	0.0252827
0.959184	-0.142857	0.0258277
0.959184	-0.102041	0.0262421
0.959184	-0.0612245	0.0265204
0.959184	-0.0204082	0.0266589
0.959184	0.0204082	0.0266557
0.959184	0.0612245	0.0265104
0.959184	0.102041	0.0262248
0.959184	0.142857	0.0258021
0.959184	0.183673	0.0252475
0.959184	0.22449	0.0245673
0.959184	0.265306	0.0237696
0.959184	0.306122	0.0228632
0.959184	0.346939	0.0218581
0.959184	0.387755	0.0207648
0.959184	0.428571	0.0195942
0.959184	0.469388	0.0183572
0.959184	0.510204	0.0170646
0.959184	0.55102	0.0157267
0.959184	0.591837	0.0143531
0.959184	0.632653	0.0129526
0.959184	0.673469	0.0115326
0.959184	0.714286	0.0100998
0.959184	0.755102	0.0086593
0.959184	0.795918	0.00721509
0.959184	0.836735	0.00576992
0.959184	0.877551	0.00432547
0.959184	0.918367	0.00288245
0.959184	0.959184	0.00144081
0.959184	1	0
1	-1	0
1	-0.959184	0
1	-0.918367	0
1	-0.877551	0
1	-0.836735	0
1	-0.795918	0
1	-0.755102	0
1	-0.714286	0
1	-0.673469	0
1	-0.632653	0
1	-0.591837	0
1	-0.55102	0
1	-0.510204	0
1	-0.469388	0
1	-0.428571	0
1	-0.387755	0
1	-0.346939	0
1	-0.306122	0
1	-0.265306	0
1	-0.22449	0
1	-0.183673	0
1	-0.142857	0
1	-0.102041	0
1	-0.0612245	0
1	-0.0204082	0
1	0.0204082	0
1	0.0612245	0
1	0.102041	0
1	0.142857	0
1	0.183673	0
1	0.22449	0
1	0.265306	0
1	0.306122	0
1	0.346939	0
1	0.387755	0
1	0.428571	0
1	0.469388	0
1	0.510204	0
1	0.55102	0
1	0.591837	0
1	0.632653	0
1	0.673469	0
1	0.714286	0
1	0.755102	0
1	0.795918	0
1	0.836735	0
1	0.877551	0
1	0.918367	0
1	0.959184	0
1	1	0
