-1	-1	0.000510256
-1	-0.959184	0.00101855
-1	-0.918367	0.00152295
-1	-0.877551	0.00202149
-1	-0.836735	0.00251227
-1	-0.795918	0.0029934
-1	-0.755102	0.00346301
-1	-0.714286	0.00391928
-1	-0.673469	0.00436045
-1	-0.632653	0.00478478
-1	-0.591837	0.00519062
-1	-0.55102	0.00557636
-1	-0.510204	0.00594049
-1	-0.469388	0.00628154
-1	-0.428571	0.00659816
-1	-0.387755	0.00688908
-1	-0.346939	0.0071531
-1	-0.306122	0.00738916
-1	-0.265306	0.00759629
-1	-0.22449	0.00777361
-1	-0.183673	0.0079204
-1	-0.142857	0.00803601
-1	-0.102041	0.00811996
-1	-0.0612245	0.00817185
-1	-0.0204082	0.00819146
-1	0.0204082	0.00817864
-1	0.0612245	0.00813342
-1	0.102041	0.00805594
-1	0.142857	0.00794648
-1	0.183673	0.00780544
-1	0.22449	0.00763335
-1	0.265306	0.00743088
-1	0.306122	0.00719882
-1	0.346939	0.00693807
-1	0.387755	0.00664966
-1	0.428571	0.00633473
-1	0.469388	0.00599453
-1	0.510204	0.0056304
-1	0.55102	0.00524381
-1	0.591837	0.00483628
-1	0.632653	0.00440944
-1	0.673469	0.003965
-1	0.714286	0.00350473
-1	0.755102	0.00303046
-1	0.795918	0.0025441
-1	0.836735	0.00204757
-1	0.877551	0.00154288
-1	0.918367	0.00103202
-1	0.959184	0.000517042
-1	1	0
-0.959184	-1	0.00101855
-0.959184	-0.959184	0.0020332
-0.959184	-0.918367	0.00304005
-0.959184	-0.877551	0.00403523
-0.959184	-0.836735	0.00501491
-0.959184	-0.795918	0.00597531
-0.959184	-0.755102	0.00691273
-0.959184	-0.714286	0.00782353
-0.959184	-0.673469	0.00870417
-0.959184	-0.632653	0.00955121
-0.959184	-0.591837	0.0103613
-0.959184	-0.55102	0.0111313
-0.959184	-0.510204	0.0118582
-0.959184	-0.469388	0.012539
-0.959184	-0.428571	0.013171
-0.959184	-0.387755	0.0137517
-0.959184	-0.346939	0.0142788
-0.959184	-0.306122	0.01475
-0.959184	-0.265306	0.0151634
-0.959184	-0.22449	0.0155174
-0.959184	-0.183673	0.0158104
-0.959184	-0.142857	0.0160412
-0.959184	-0.102041	0.0162088
-0.959184	-0.0612245	0.0163124
-0.959184	-0.0204082	0.0163515
-0.959184	0.0204082	0.0163259
-0.959184	0.0612245	0.0162356
-0.959184	0.102041	0.016081
-0.959184	0.142857	0.0158625
-0.959184	0.183673	0.0155809
-0.959184	0.22449	0.0152374
-0.959184	0.265306	0.0148333
-0.959184	0.306122	0.01437
-0.959184	0.346939	0.0138495
-0.959184	0.387755	0.0132738
-0.959184	0.428571	0.0126452
-0.959184	0.469388	0.0119661
-0.959184	0.510204	0.0112392
-0.959184	0.55102	0.0104675
-0.959184	0.591837	0.009654
-0.959184	0.632653	0.00880197
-0.959184	0.673469	0.00791479
-0.959184	0.714286	0.00699601
-0.959184	0.755102	0.0060493
-0.959184	0.795918	0.00507844
-0.959184	0.836735	0.00408729
-0.959184	0.877551	0.00307984
-0.959184	0.918367	0.00206008
-0.959184	0.959184	0.0010321
-0.959184	1	0
-0.918367	-1	0.00152295
-0.918367	-0.959184	0.00304005
-0.918367	-0.918367	0.00454549
-0.918367	-0.877551	0.00603348
-0.918367	-0.836735	0.0074983
-0.918367	-0.795918	0.0089343
-0.918367	-0.755102	0.0103359
-0.918367	-0.714286	0.0116978
-0.918367	-0.673469	0.0130145
-0.918367	-0.632653	0.014281
-0.918367	-0.591837	0.0154923
-0.918367	-0.55102	0.0166436
-0.918367	-0.510204	0.0177304
-0.918367	-0.469388	0.0187483
-0.918367	-0.428571	0.0196933
-0.918367	-0.387755	0.0205616
-0.918367	-0.346939	0.0213497
-0.918367	-0.306122	0.0220542
-0.918367	-0.265306	0.0226724
-0.918367	-0.22449	0.0232017
-0.918367	-0.183673	0.0236398
-0.918367	-0.142857	0.0239848
-0.918367	-0.102041	0.0242354
-0.918367	-0.0612245	0.0243903
-0.918367	-0.0204082	0.0244488
-0.918367	0.0204082	0.0244105
-0.918367	0.0612245	0.0242756
-0.918367	0.102041	0.0240443
-0.918367	0.142857	0.0237176
-0.918367	0.183673	0.0232967
-0.918367	0.22449	0.022783
-0.918367	0.265306	0.0221787
-0.918367	0.306122	0.0214861
-0.918367	0.346939	0.0207078
-0.918367	0.387755	0.019847
-0.918367	0.428571	0.0189071
-0.918367	0.469388	0.0178917
-0.918367	0.510204	0.0168049
-0.918367	0.55102	0.015651
-0.918367	0.591837	0.0144347
-0.918367	0.632653	0.0131607
-0.918367	0.673469	0.0118342
-0.918367	0.714286	0.0104605
-0.918367	0.755102	0.00904493
-0.918367	0.795918	0.00759329
-0.918367	0.836735	0.00611133
-0.918367	0.877551	0.00460498
-0.918367	0.918367	0.00308024
-0.918367	0.959184	0.0015432
-0.918367	1	0
-0.877551	-1	0.00202149
-0.877551	-0.959184	0.00403523
-0.877551	-0.918367	0.00603348
-0.877551	-0.877551	0.00800858
-0.877551	-0.836735	0.00995292
-0.877551	-0.795918	0.011859
-0.877551	-0.755102	0.0137195
-0.877551	-0.714286	0.0155271
-0.877551	-0.673469	0.0172749
-0.877551	-0.632653	0.018956
-0.877551	-0.591837	0.0205638
-0.877551	-0.55102	0.022092
-0.877551	-0.510204	0.0235345
-0.877551	-0.469388	0.0248857
-0.877551	-0.428571	0.0261401
-0.877551	-0.387755	0.0272926
-0.877551	-0.346939	0.0283386
-0.877551	-0.306122	0.0292738
-0.877551	-0.265306	0.0300944
-0.877551	-0.22449	0.0307969
-0.877551	-0.183673	0.0313784
-0.877551	-0.142857	0.0318364
-0.877551	-0.102041	0.032169
-0.877551	-0.0612245	0.0323746
-0.877551	-0.0204082	0.0324522
-0.877551	0.0204082	0.0324015
-0.877551	0.0612245	0.0322223
-0.877551	0.102041	0.0319154
-0.877551	0.142857	0.0314817
-0.877551	0.183673	0.030923
-0.877551	0.22449	0.0302412
-0.877551	0.265306	0.0294391
-0.877551	0.306122	0.0285197
-0.877551	0.346939	0.0274867
-0.877551	0.387755	0.0263441
-0.877551	0.428571	0.0250964
-0.877551	0.469388	0.0237486
-0.877551	0.510204	0.0223061
-0.877551	0.55102	0.0207745
-0.877551	0.591837	0.01916
-0.877551	0.632653	0.017469
-0.877551	0.673469	0.0157082
-0.877551	0.714286	0.0138847
-0.877551	0.755102	0.0120058
-0.877551	0.795918	0.010079
-0.877551	0.836735	0.00811192
-0.877551	0.877551	0.00611245
-0.877551	0.918367	0.00408857
-0.877551	0.959184	0.00204837
-0.877551	1	0
-0.836735	-1	0.00251227
-0.836735	-0.959184	0.00501491
-0.836735	-0.918367	0.0074983
-0.836735	-0.877551	0.00995292
-0.836735	-0.836735	0.0123693
-0.836735	-0.795918	0.0147382
-0.836735	-0.755102	0.0170503
-0.836735	-0.714286	0.0192968
-0.836735	-0.673469	0.0214689
-0.836735	-0.632653	0.0235581
-0.836735	-0.591837	0.0255563
-0.836735	-0.55102	0.0274555
-0.836735	-0.510204	0.0292483
-0.836735	-0.469388	0.0309275
-0.836735	-0.428571	0.0324864
-0.836735	-0.387755	0.0339187
-0.836735	-0.346939	0.0352187
-0.836735	-0.306122	0.0363809
-0.836735	-0.265306	0.0374007
-0.836735	-0.22449	0.0382738
-0.836735	-0.183673	0.0389965
-0.836735	-0.142857	0.0395657
-0.836735	-0.102041	0.039979
-0.836735	-0.0612245	0.0402346
-0.836735	-0.0204082	0.0403311
-0.836735	0.0204082	0.040268
-0.836735	0.0612245	0.0400453
-0.836735	0.102041	0.0396639
-0.836735	0.142857	0.0391249
-0.836735	0.183673	0.0384305
-0.836735	0.22449	0.0375832
-0.836735	0.265306	0.0365863
-0.836735	0.306122	0.0354438
-0.836735	0.346939	0.03416
-0.836735	0.387755	0.03274
-0.836735	0.428571	0.0311894
-0.836735	0.469388	0.0295144
-0.836735	0.510204	0.0277216
-0.836735	0.55102	0.0258182
-0.836735	0.591837	0.0238117
-0.836735	0.632653	0.0217101
-0.836735	0.673469	0.0195219
-0.836735	0.714286	0.0172557
-0.836735	0.755102	0.0149206
-0.836735	0.795918	0.012526
-0.836735	0.836735	0.0100813
-0.836735	0.877551	0.00759644
-0.836735	0.918367	0.0050812
-0.836735	0.959184	0.00254568
-0.836735	1	0
-0.795918	-1	0.0029934
-0.795918	-0.959184	0.00597531
-0.795918	-0.918367	0.0089343
-0.795918	-0.877551	0.011859
-0.795918	-0.836735	0.0147382
-0.795918	-0.795918	0.0175607
-0.795918	-0.755102	0.0203156
-0.795918	-0.714286	0.0229923
-0.795918	-0.673469	0.0255804
-0.795918	-0.632653	0.0280698
-0.795918	-0.591837	0.0304506
-0.795918	-0.55102	0.0327135
-0.795918	-0.510204	0.0348497
-0.795918	-0.469388	0.0368505
-0.795918	-0.428571	0.0387079
-0.795918	-0.387755	0.0404145
-0.795918	-0.346939	0.0419634
-0.795918	-0.306122	0.0433483
-0.795918	-0.265306	0.0445633
-0.795918	-0.22449	0.0456036
-0.795918	-0.183673	0.0464647
-0.795918	-0.142857	0.047143
-0.795918	-0.102041	0.0476354
-0.795918	-0.0612245	0.0479399
-0.795918	-0.0204082	0.0480549
-0.795918	0.0204082	0.0479797
-0.795918	0.0612245	0.0477144
-0.795918	0.102041	0.0472599
-0.795918	0.142857	0.0466177
-0.795918	0.183673	0.0457903
-0.795918	0.22449	0.0447808
-0.795918	0.265306	0.043593
-0.795918	0.306122	0.0422316
-0.795918	0.346939	0.0407019
-0.795918	0.387755	0.03901
-0.795918	0.428571	0.0371625
-0.795918	0.469388	0.0351667
-0.795918	0.510204	0.0330306
-0.795918	0.55102	0.0307626
-0.795918	0.591837	0.0283718
-0.795918	0.632653	0.0258678
-0.795918	0.673469	0.0232605
-0.795918	0.714286	0.0205604
-0.795918	0.755102	0.0177781
-0.795918	0.795918	0.0149249
-0.795918	0.836735	0.012012
-0.795918	0.877551	0.00905123
-0.795918	0.918367	0.00605431
-0.795918	0.959184	0.00303321
-0.795918	1	0
-0.755102	-1	0.00346301
-0.755102	-0.959184	0.00691273
-0.755102	-0.918367	0.0103359
-0.755102	-0.877551	0.0137195
-0.755102	-0.836735	0.0170503
-0.755102	-0.795918	0.0203156
-0.755102	-0.755102	0.0235028
-0.755102	-0.714286	0.0265994
-0.755102	-0.673469	0.0295935
-0.755102	-0.632653	0.0324734
-0.755102	-0.591837	0.0352277
-0.755102	-0.55102	0.0378457
-0.755102	-0.510204	0.040317
-0.755102	-0.469388	0.0426316
-0.755102	-0.428571	0.0447805
-0.755102	-0.387755	0.0467548
-0.755102	-0.346939	0.0485467
-0.755102	-0.306122	0.0501488
-0.755102	-0.265306	0.0515545
-0.755102	-0.22449	0.052758
-0.755102	-0.183673	0.0537542
-0.755102	-0.142857	0.0545389
-0.755102	-0.102041	0.0551086
-0.755102	-0.0612245	0.0554608
-0.755102	-0.0204082	0.0555938
-0.755102	0.0204082	0.0555069
-0.755102	0.0612245	0.0552
-0.755102	0.102041	0.0546741
-0.755102	0.142857	0.0539312
-0.755102	0.183673	0.052974
-0.755102	0.22449	0.0518061
-0.755102	0.265306	0.050432
-0.755102	0.306122	0.048857
-0.755102	0.346939	0.0470873
-0.755102	0.387755	0.04513
-0.755102	0.428571	0.0429926
-0.755102	0.469388	0.0406837
-0.755102	0.510204	0.0382125
-0.755102	0.55102	0.0355887
-0.755102	0.591837	0.0328229
-0.755102	0.632653	0.029926
-0.755102	0.673469	0.0269097
-0.755102	0.714286	0.0237859
-0.755102	0.755102	0.0205672
-0.755102	0.795918	0.0172663
-0.755102	0.836735	0.0138965
-0.755102	0.877551	0.0104712
-0.755102	0.918367	0.00700412
-0.755102	0.959184	0.00350906
-0.755102	1	0
-0.714286	-1	0.00391928
-0.714286	-0.959184	0.00782353
-0.714286	-0.918367	0.0116978
-0.714286	-0.877551	0.0155271
-0.714286	-0.836735	0.0192968
-0.714286	-0.795918	0.0229923
-0.714286	-0.755102	0.0265994
-0.714286	-0.714286	0.0301041
-0.714286	-0.673469	0.0334927
-0.714286	-0.632653	0.036752
-0.714286	-0.591837	0.0398692
-0.714286	-0.55102	0.0428322
-0.714286	-0.510204	0.045629
-0.714286	-0.469388	0.0482486
-0.714286	-0.428571	0.0506806
-0.714286	-0.387755	0.0529151
-0.714286	-0.346939	0.0549431
-0.714286	-0.306122	0.0567563
-0.714286	-0.265306	0.0583472
-0.714286	-0.22449	0.0597093
-0.714286	-0.183673	0.0608367
-0.714286	-0.142857	0.0617247
-0.714286	-0.102041	0.0623695
-0.714286	-0.0612245	0.0627682
-0.714286	-0.0204082	0.0629187
-0.714286	0.0204082	0.0628203
-0.714286	0.0612245	0.062473
-0.714286	0.102041	0.0618778
-0.714286	0.142857	0.0610371
-0.714286	0.183673	0.0599537
-0.714286	0.22449	0.0586319
-0.714286	0.265306	0.0570767
-0.714286	0.306122	0.0552943
-0.714286	0.346939	0.0532914
-0.714286	0.387755	0.0510761
-0.714286	0.428571	0.0486572
-0.714286	0.469388	0.0460441
-0.714286	0.510204	0.0432472
-0.714286	0.55102	0.0402778
-0.714286	0.591837	0.0371475
-0.714286	0.632653	0.033869
-0.714286	0.673469	0.0304552
-0.714286	0.714286	0.0269199
-0.714286	0.755102	0.023277
-0.714286	0.795918	0.0195413
-0.714286	0.836735	0.0157275
-0.714286	0.877551	0.0118509
-0.714286	0.918367	0.00792696
-0.714286	0.959184	0.00397141
-0.714286	1	0
-0.673469	-1	0.00436045
-0.673469	-0.959184	0.00870417
-0.673469	-0.918367	0.0130145
-0.673469	-0.877551	0.0172749
-0.673469	-0.836735	0.0214689
-0.673469	-0.795918	0.0255804
-0.673469	-0.755102	0.0295935
-0.673469	-0.714286	0.0334927
-0.673469	-0.673469	0.0372627
-0.673469	-0.632653	0.0408889
-0.673469	-0.591837	0.044357
-0.673469	-0.55102	0.0476535
-0.673469	-0.510204	0.0507651
-0.673469	-0.469388	0.0536796
-0.673469	-0.428571	0.0563854
-0.673469	-0.387755	0.0588714
-0.673469	-0.346939	0.0611277
-0.673469	-0.306122	0.0631449
-0.673469	-0.265306	0.0649149
-0.673469	-0.22449	0.0664303
-0.673469	-0.183673	0.0676846
-0.673469	-0.142857	0.0686727
-0.673469	-0.102041	0.06939
-0.673469	-0.0612245	0.0698335
-0.673469	-0.0204082	0.070001
-0.673469	0.0204082	0.0698915
-0.673469	0.0612245	0.0695051
-0.673469	0.102041	0.068843
-0.673469	0.142857	0.0679076
-0.673469	0.183673	0.0667023
-0.673469	0.22449	0.0652317
-0.673469	0.265306	0.0635015
-0.673469	0.306122	0.0615183
-0.673469	0.346939	0.0592901
-0.673469	0.387755	0.0568254
-0.673469	0.428571	0.0541342
-0.673469	0.469388	0.0512269
-0.673469	0.510204	0.0481152
-0.673469	0.55102	0.0448115
-0.673469	0.591837	0.041329
-0.673469	0.632653	0.0376814
-0.673469	0.673469	0.0338834
-0.673469	0.714286	0.02995
-0.673469	0.755102	0.0258972
-0.673469	0.795918	0.0217409
-0.673469	0.836735	0.0174978
-0.673469	0.877551	0.0131848
-0.673469	0.918367	0.00881924
-0.673469	0.959184	0.00441844
-0.673469	1	0
-0.632653	-1	0.00478478
-0.632653	-0.959184	0.00955121
-0.632653	-0.918367	0.014281
-0.632653	-0.877551	0.018956
-0.632653	-0.836735	0.0235581
-0.632653	-0.795918	0.0280698
-0.632653	-0.755102	0.0324734
-0.632653	-0.714286	0.036752
-0.632653	-0.673469	0.0408889
-0.632653	-0.632653	0.044868
-0.632653	-0.591837	0.0486736
-0.632653	-0.55102	0.0522908
-0.632653	-0.510204	0.0557053
-0.632653	-0.469388	0.0589034
-0.632653	-0.428571	0.0618725
-0.632653	-0.387755	0.0646004
-0.632653	-0.346939	0.0670762
-0.632653	-0.306122	0.0692898
-0.632653	-0.265306	0.0712321
-0.632653	-0.22449	0.0728949
-0.632653	-0.183673	0.0742713
-0.632653	-0.142857	0.0753555
-0.632653	-0.102041	0.0761427
-0.632653	-0.0612245	0.0766293
-0.632653	-0.0204082	0.0768131
-0.632653	0.0204082	0.0766929
-0.632653	0.0612245	0.0762689
-0.632653	0.102041	0.0755424
-0.632653	0.142857	0.0745159
-0.632653	0.183673	0.0731933
-0.632653	0.22449	0.0715796
-0.632653	0.265306	0.069681
-0.632653	0.306122	0.0675049
-0.632653	0.346939	0.0650598
-0.632653	0.387755	0.0623553
-0.632653	0.428571	0.0594022
-0.632653	0.469388	0.056212
-0.632653	0.510204	0.0527975
-0.632653	0.55102	0.0491723
-0.632653	0.591837	0.0453508
-0.632653	0.632653	0.0413483
-0.632653	0.673469	0.0371807
-0.632653	0.714286	0.0328646
-0.632653	0.755102	0.0284173
-0.632653	0.795918	0.0238566
-0.632653	0.836735	0.0192006
-0.632653	0.877551	0.0144679
-0.632653	0.918367	0.00967748
-0.632653	0.959184	0.00484842
-0.632653	1	0
-0.591837	-1	0.00519062
-0.591837	-0.959184	0.0103613
-0.591837	-0.918367	0.0154923
-0.591837	-0.877551	0.0205638
-0.591837	-0.836735	0.0255563
-0.591837	-0.795918	0.0304506
-0.591837	-0.755102	0.0352277
-0.591837	-0.714286	0.0398692
-0.591837	-0.673469	0.044357
-0.591837	-0.632653	0.0486736
-0.591837	-0.591837	0.052802
-0.591837	-0.55102	0.056726
-0.591837	-0.510204	0.0604301
-0.591837	-0.469388	0.0638995
-0.591837	-0.428571	0.0671204
-0.591837	-0.387755	0.0700797
-0.591837	-0.346939	0.0727655
-0.591837	-0.306122	0.0751669
-0.591837	-0.265306	0.0772739
-0.591837	-0.22449	0.0790777
-0.591837	-0.183673	0.0805709
-0.591837	-0.142857	0.081747
-0.591837	-0.102041	0.082601
-0.591837	-0.0612245	0.0831289
-0.591837	-0.0204082	0.0833283
-0.591837	0.0204082	0.0831979
-0.591837	0.0612245	0.0827379
-0.591837	0.102041	0.0819498
-0.591837	0.142857	0.0808362
-0.591837	0.183673	0.0794015
-0.591837	0.22449	0.0776509
-0.591837	0.265306	0.0755913
-0.591837	0.306122	0.0732306
-0.591837	0.346939	0.0705781
-0.591837	0.387755	0.0676442
-0.591837	0.428571	0.0644406
-0.591837	0.469388	0.0609798
-0.591837	0.510204	0.0572757
-0.591837	0.55102	0.0533431
-0.591837	0.591837	0.0491974
-0.591837	0.632653	0.0448554
-0.591837	0.673469	0.0403343
-0.591837	0.714286	0.0356521
-0.591837	0.755102	0.0308276
-0.591837	0.795918	0.02588
-0.591837	0.836735	0.0208291
-0.591837	0.877551	0.015695
-0.591837	0.918367	0.0104983
-0.591837	0.959184	0.00525965
-0.591837	1	0
-0.55102	-1	0.00557636
-0.55102	-0.959184	0.0111313
-0.55102	-0.918367	0.0166436
-0.55102	-0.877551	0.022092
-0.55102	-0.836735	0.0274555
-0.55102	-0.795918	0.0327135
-0.55102	-0.755102	0.0378457
-0.55102	-0.714286	0.0428322
-0.55102	-0.673469	0.0476535
-0.55102	-0.632653	0.0522908
-0.55102	-0.591837	0.056726
-0.55102	-0.55102	0.0609417
-0.55102	-0.510204	0.064921
-0.55102	-0.469388	0.0686483
-0.55102	-0.428571	0.0721085
-0.55102	-0.387755	0.0752877
-0.55102	-0.346939	0.0781732
-0.55102	-0.306122	0.080753
-0.55102	-0.265306	0.0830165
-0.55102	-0.22449	0.0849544
-0.55102	-0.183673	0.0865586
-0.55102	-0.142857	0.0878221
-0.55102	-0.102041	0.0887395
-0.55102	-0.0612245	0.0893067
-0.55102	-0.0204082	0.0895209
-0.55102	0.0204082	0.0893808
-0.55102	0.0612245	0.0888867
-0.55102	0.102041	0.0880399
-0.55102	0.142857	0.0868436
-0.55102	0.183673	0.0853022
-0.55102	0.22449	0.0834216
-0.55102	0.265306	0.0812089
-0.55102	0.306122	0.0786728
-0.55102	0.346939	0.0758232
-0.55102	0.387755	0.0726712
-0.55102	0.428571	0.0692295
-0.55102	0.469388	0.0655116
-0.55102	0.510204	0.0615322
-0.55102	0.55102	0.0573073
-0.55102	0.591837	0.0528536
-0.55102	0.632653	0.0481889
-0.55102	0.673469	0.0433318
-0.55102	0.714286	0.0383016
-0.55102	0.755102	0.0331186
-0.55102	0.795918	0.0278033
-0.55102	0.836735	0.0223771
-0.55102	0.877551	0.0168614
-0.55102	0.918367	0.0112785
-0.55102	0.959184	0.00565053
-0.55102	1	0
-0.510204	-1	0.00594049
-0.510204	-0.959184	0.0118582
-0.510204	-0.918367	0.0177304
-0.510204	-0.877551	0.0235345
-0.510204	-0.836735	0.0292483
-0.510204	-0.795918	0.0348497
-0.510204	-0.755102	0.040317
-0.510204	-0.714286	0.045629
-0.510204	-0.673469	0.0507651
-0.510204	-0.632653	0.0557053
-0.510204	-0.591837	0.0604301
-0.510204	-0.55102	0.064921
-0.510204	-0.510204	0.0691602
-0.510204	-0.469388	0.0731308
-0.510204	-0.428571	0.076817
-0.510204	-0.387755	0.0802039
-0.510204	-0.346939	0.0832777
-0.510204	-0.306122	0.0860259
-0.510204	-0.265306	0.0884373
-0.510204	-0.22449	0.0905018
-0.510204	-0.183673	0.0922107
-0.510204	-0.142857	0.0935567
-0.510204	-0.102041	0.094534
-0.510204	-0.0612245	0.0951382
-0.510204	-0.0204082	0.0953664
-0.510204	0.0204082	0.0952172
-0.510204	0.0612245	0.0946907
-0.510204	0.102041	0.0937887
-0.510204	0.142857	0.0925143
-0.510204	0.183673	0.0908723
-0.510204	0.22449	0.0888688
-0.510204	0.265306	0.0865116
-0.510204	0.306122	0.0838099
-0.510204	0.346939	0.0807742
-0.510204	0.387755	0.0774165
-0.510204	0.428571	0.07375
-0.510204	0.469388	0.0697893
-0.510204	0.510204	0.0655501
-0.510204	0.55102	0.0610493
-0.510204	0.591837	0.0563048
-0.510204	0.632653	0.0513355
-0.510204	0.673469	0.0461612
-0.510204	0.714286	0.0408027
-0.510204	0.755102	0.0352812
-0.510204	0.795918	0.0296188
-0.510204	0.836735	0.0238382
-0.510204	0.877551	0.0179624
-0.510204	0.918367	0.012015
-0.510204	0.959184	0.00601949
-0.510204	1	0
-0.469388	-1	0.00628154
-0.469388	-0.959184	0.012539
-0.469388	-0.918367	0.0187483
-0.469388	-0.877551	0.0248857
-0.469388	-0.836735	0.0309275
-0.469388	-0.795918	0.0368505
-0.469388	-0.755102	0.0426316
-0.469388	-0.714286	0.0482486
-0.469388	-0.673469	0.0536796
-0.469388	-0.632653	0.0589034
-0.469388	-0.591837	0.0638995
-0.469388	-0.55102	0.0686483
-0.469388	-0.510204	0.0731308
-0.469388	-0.469388	0.0773294
-0.469388	-0.428571	0.0812272
-0.469388	-0.387755	0.0848085
-0.469388	-0.346939	0.0880588
-0.469388	-0.306122	0.0909649
-0.469388	-0.265306	0.0935147
-0.469388	-0.22449	0.0956977
-0.469388	-0.183673	0.0975046
-0.469388	-0.142857	0.0989279
-0.469388	-0.102041	0.0999614
-0.469388	-0.0612245	0.1006
-0.469388	-0.0204082	0.100842
-0.469388	0.0204082	0.100684
-0.469388	0.0612245	0.100127
-0.469388	0.102041	0.0991733
-0.469388	0.142857	0.0978258
-0.469388	0.183673	0.0960894
-0.469388	0.22449	0.093971
-0.469388	0.265306	0.0914784
-0.469388	0.306122	0.0886216
-0.469388	0.346939	0.0854116
-0.469388	0.387755	0.0818611
-0.469388	0.428571	0.0779842
-0.469388	0.469388	0.0737961
-0.469388	0.510204	0.0693135
-0.469388	0.55102	0.0645543
-0.469388	0.591837	0.0595374
-0.469388	0.632653	0.0542828
-0.469388	0.673469	0.0488114
-0.469388	0.714286	0.0431452
-0.469388	0.755102	0.0373067
-0.469388	0.795918	0.0313193
-0.469388	0.836735	0.0252068
-0.469388	0.877551	0.0189937
-0.469388	0.918367	0.0127048
-0.469388	0.959184	0.00636508
-0.469388	1	0
-0.428571	-1	0.00659816
-0.428571	-0.959184	0.013171
-0.428571	-0.918367	0.0196933
-0.428571	-0.877551	0.0261401
-0.428571	-0.836735	0.0324864
-0.428571	-0.795918	0.0387079
-0.428571	-0.755102	0.0447805
-0.428571	-0.714286	0.0506806
-0.428571	-0.673469	0.0563854
-0.428571	-0.632653	0.0618725
-0.428571	-0.591837	0.0671204
-0.428571	-0.55102	0.0721085
-0.428571	-0.510204	0.076817
-0.428571	-0.469388	0.0812272
-0.428571	-0.428571	0.0853215
-0.428571	-0.387755	0.0890833
-0.428571	-0.346939	0.0924974
-0.428571	-0.306122	0.0955499
-0.428571	-0.265306	0.0982283
-0.428571	-0.22449	0.100521
-0.428571	-0.183673	0.102419
-0.428571	-0.142857	0.103914
-0.428571	-0.102041	0.105
-0.428571	-0.0612245	0.105671
-0.428571	-0.0204082	0.105924
-0.428571	0.0204082	0.105759
-0.428571	0.0612245	0.105174
-0.428571	0.102041	0.104172
-0.428571	0.142857	0.102757
-0.428571	0.183673	0.100933
-0.428571	0.22449	0.0987076
-0.428571	0.265306	0.0960894
-0.428571	0.306122	0.0930886
-0.428571	0.346939	0.0897168
-0.428571	0.387755	0.0859874
-0.428571	0.428571	0.081915
-0.428571	0.469388	0.0775158
-0.428571	0.510204	0.0728072
-0.428571	0.55102	0.0678081
-0.428571	0.591837	0.0625383
-0.428571	0.632653	0.0570189
-0.428571	0.673469	0.0512718
-0.428571	0.714286	0.0453199
-0.428571	0.755102	0.0391872
-0.428571	0.795918	0.0328979
-0.428571	0.836735	0.0264774
-0.428571	0.877551	0.0199511
-0.428571	0.918367	0.0133451
-0.428571	0.959184	0.00668592
-0.428571	1	0
-0.387755	-1	0.00688908
-0.387755	-0.959184	0.0137517
-0.387755	-0.918367	0.0205616
-0.387755	-0.877551	0.0272926
-0.387755	-0.836735	0.0339187
-0.387755	-0.795918	0.0404145
-0.387755	-0.755102	0.0467548
-0.387755	-0.714286	0.0529151
-0.387755	-0.673469	0.0588714
-0.387755	-0.632653	0.0646004
-0.387755	-0.591837	0.0700797
-0.387755	-0.55102	0.0752877
-0.387755	-0.510204	0.0802039
-0.387755	-0.469388	0.0848085
-0.387755	-0.428571	0.0890833
-0.387755	-0.387755	0.093011
-0.387755	-0.346939	0.0965756
-0.387755	-0.306122	0.0997627
-0.387755	-0.265306	0.102559
-0.387755	-0.22449	0.104953
-0.387755	-0.183673	0.106935
-0.387755	-0.142857	0.108496
-0.387755	-0.102041	0.109629
-0.387755	-0.0612245	0.11033
-0.387755	-0.0204082	0.110595
-0.387755	0.0204082	0.110422
-0.387755	0.0612245	0.109811
-0.387755	0.102041	0.108765
-0.387755	0.142857	0.107287
-0.387755	0.183673	0.105383
-0.387755	0.22449	0.10306
-0.387755	0.265306	0.100326
-0.387755	0.306122	0.0971929
-0.387755	0.346939	0.0936724
-0.387755	0.387755	0.0897785
-0.387755	0.428571	0.0855266
-0.387755	0.469388	0.0809334
-0.387755	0.510204	0.0760173
-0.387755	0.55102	0.0707978
-0.387755	0.591837	0.0652957
-0.387755	0.632653	0.0595328
-0.387755	0.673469	0.0535323
-0.387755	0.714286	0.0473181
-0.387755	0.755102	0.0409149
-0.387755	0.795918	0.0343484
-0.387755	0.836735	0.0276448
-0.387755	0.877551	0.0208307
-0.387755	0.918367	0.0139335
-0.387755	0.959184	0.0069807
-0.387755	1	0
-0.346939	-1	0.0071531
-0.346939	-0.959184	0.0142788
-0.346939	-0.918367	0.0213497
-0.346939	-0.877551	0.0283386
-0.346939	-0.836735	0.0352187
-0.346939	-0.795918	0.0419634
-0.346939	-0.755102	0.0485467
-0.346939	-0.714286	0.0549431
-0.346939	-0.673469	0.0611277
-0.346939	-0.632653	0.0670762
-0.346939	-0.591837	0.0727655
-0.346939	-0.55102	0.0781732
-0.346939	-0.510204	0.0832777
-0.346939	-0.469388	0.0880588
-0.346939	-0.428571	0.0924974
-0.346939	-0.387755	0.0965756
-0.346939	-0.346939	0.100277
-0.346939	-0.306122	0.103586
-0.346939	-0.265306	0.10649
-0.346939	-0.22449	0.108976
-0.346939	-0.183673	0.111033
-0.346939	-0.142857	0.112654
-0.346939	-0.102041	0.113831
-0.346939	-0.0612245	0.114558
-0.346939	-0.0204082	0.114833
-0.346939	0.0204082	0.114654
-0.346939	0.0612245	0.11402
-0.346939	0.102041	0.112934
-0.346939	0.142857	0.111399
-0.346939	0.183673	0.109422
-0.346939	0.22449	0.107009
-0.346939	0.265306	0.104171
-0.346939	0.306122	0.100918
-0.346939	0.346939	0.0972624
-0.346939	0.387755	0.0932193
-0.346939	0.428571	0.0888044
-0.346939	0.469388	0.0840352
-0.346939	0.510204	0.0789307
-0.346939	0.55102	0.0735111
-0.346939	0.591837	0.0677981
-0.346939	0.632653	0.0618144
-0.346939	0.673469	0.055584
-0.346939	0.714286	0.0491316
-0.346939	0.755102	0.042483
-0.346939	0.795918	0.0356648
-0.346939	0.836735	0.0287042
-0.346939	0.877551	0.0216291
-0.346939	0.918367	0.0144675
-0.346939	0.959184	0.00724823
-0.346939	1	0
-0.306122	-1	0.00738916
-0.306122	-0.959184	0.01475
-0.306122	-0.918367	0.0220542
-0.306122	-0.877551	0.0292738
-0.306122	-0.836735	0.0363809
-0.306122	-0.795918	0.0433483
-0.306122	-0.755102	0.0501488
-0.306122	-0.714286	0.0567563
-0.306122	-0.673469	0.0631449
-0.306122	-0.632653	0.0692898
-0.306122	-0.591837	0.0751669
-0.306122	-0.55102	0.080753
-0.306122	-0.510204	0.0860259
-0.306122	-0.469388	0.0909649
-0.306122	-0.428571	0.0955499
-0.306122	-0.387755	0.0997627
-0.306122	-0.346939	0.103586
-0.306122	-0.306122	0.107005
-0.306122	-0.265306	0.110004
-0.306122	-0.22449	0.112572
-0.306122	-0.183673	0.114698
-0.306122	-0.142857	0.116372
-0.306122	-0.102041	0.117587
-0.306122	-0.0612245	0.118339
-0.306122	-0.0204082	0.118623
-0.306122	0.0204082	0.118437
-0.306122	0.0612245	0.117782
-0.306122	0.102041	0.11666
-0.306122	0.142857	0.115075
-0.306122	0.183673	0.113033
-0.306122	0.22449	0.110541
-0.306122	0.265306	0.107609
-0.306122	0.306122	0.104248
-0.306122	0.346939	0.100472
-0.306122	0.387755	0.0962956
-0.306122	0.428571	0.091735
-0.306122	0.469388	0.0868085
-0.306122	0.510204	0.0815355
-0.306122	0.55102	0.0759371
-0.306122	0.591837	0.0700355
-0.306122	0.632653	0.0638544
-0.306122	0.673469	0.0574183
-0.306122	0.714286	0.050753
-0.306122	0.755102	0.043885
-0.306122	0.795918	0.0368418
-0.306122	0.836735	0.0296515
-0.306122	0.877551	0.0223428
-0.306122	0.918367	0.014945
-0.306122	0.959184	0.00748743
-0.306122	1	0
-0.265306	-1	0.00759629
-0.265306	-0.959184	0.0151634
-0.265306	-0.918367	0.0226724
-0.265306	-0.877551	0.0300944
-0.265306	-0.836735	0.0374007
-0.265306	-0.795918	0.0445633
-0.265306	-0.755102	0.0515545
-0.265306	-0.714286	0.0583472
-0.265306	-0.673469	0.0649149
-0.265306	-0.632653	0.0712321
-0.265306	-0.591837	0.0772739
-0.265306	-0.55102	0.0830165
-0.265306	-0.510204	0.0884373
-0.265306	-0.469388	0.0935147
-0.265306	-0.428571	0.0982283
-0.265306	-0.387755	0.102559
-0.265306	-0.346939	0.10649
-0.265306	-0.306122	0.110004
-0.265306	-0.265306	0.113088
-0.265306	-0.22449	0.115727
-0.265306	-0.183673	0.117913
-0.265306	-0.142857	0.119634
-0.265306	-0.102041	0.120884
-0.265306	-0.0612245	0.121656
-0.265306	-0.0204082	0.121948
-0.265306	0.0204082	0.121757
-0.265306	0.0612245	0.121084
-0.265306	0.102041	0.119931
-0.265306	0.142857	0.118301
-0.265306	0.183673	0.116201
-0.265306	0.22449	0.113639
-0.265306	0.265306	0.110625
-0.265306	0.306122	0.10717
-0.265306	0.346939	0.103288
-0.265306	0.387755	0.0989949
-0.265306	0.428571	0.0943064
-0.265306	0.469388	0.0892418
-0.265306	0.510204	0.083821
-0.265306	0.55102	0.0780656
-0.265306	0.591837	0.0719987
-0.265306	0.632653	0.0656443
-0.265306	0.673469	0.0590278
-0.265306	0.714286	0.0521756
-0.265306	0.755102	0.0451151
-0.265306	0.795918	0.0378745
-0.265306	0.836735	0.0304827
-0.265306	0.877551	0.0229691
-0.265306	0.918367	0.0153639
-0.265306	0.959184	0.00769731
-0.265306	1	0
-0.22449	-1	0.00777361
-0.22449	-0.959184	0.0155174
-0.22449	-0.918367	0.0232017
-0.22449	-0.877551	0.0307969
-0.22449	-0.836735	0.0382738
-0.22449	-0.795918	0.0456036
-0.22449	-0.755102	0.052758
-0.22449	-0.714286	0.0597093
-0.22449	-0.673469	0.0664303
-0.22449	-0.632653	0.0728949
-0.22449	-0.591837	0.0790777
-0.22449	-0.55102	0.0849544
-0.22449	-0.510204	0.0905018
-0.22449	-0.469388	0.0956977
-0.22449	-0.428571	0.100521
-0.22449	-0.387755	0.104953
-0.22449	-0.346939	0.108976
-0.22449	-0.306122	0.112572
-0.22449	-0.265306	0.115727
-0.22449	-0.22449	0.118429
-0.22449	-0.183673	0.120665
-0.22449	-0.142857	0.122427
-0.22449	-0.102041	0.123705
-0.22449	-0.0612245	0.124496
-0.22449	-0.0204082	0.124795
-0.22449	0.0204082	0.124599
-0.22449	0.0612245	0.123911
-0.22449	0.102041	0.12273
-0.22449	0.142857	0.121063
-0.22449	0.183673	0.118914
-0.22449	0.22449	0.116292
-0.22449	0.265306	0.113208
-0.22449	0.306122	0.109672
-0.22449	0.346939	0.1057
-0.22449	0.387755	0.101306
-0.22449	0.428571	0.0965079
-0.22449	0.469388	0.091325
-0.22449	0.510204	0.0857777
-0.22449	0.55102	0.079888
-0.22449	0.591837	0.0736794
-0.22449	0.632653	0.0671767
-0.22449	0.673469	0.0604057
-0.22449	0.714286	0.0533936
-0.22449	0.755102	0.0461683
-0.22449	0.795918	0.0387586
-0.22449	0.836735	0.0311943
-0.22449	0.877551	0.0235053
-0.22449	0.918367	0.0157225
-0.22449	0.959184	0.00787699
-0.22449	1	0
-0.183673	-1	0.0079204
-0.183673	-0.959184	0.0158104
-0.183673	-0.918367	0.0236398
-0.183673	-0.877551	0.0313784
-0.183673	-0.836735	0.0389965
-0.183673	-0.795918	0.0464647
-0.183673	-0.755102	0.0537542
-0.183673	-0.714286	0.0608367
-0.183673	-0.673469	0.0676846
-0.183673	-0.632653	0.0742713
-0.183673	-0.591837	0.0805709
-0.183673	-0.55102	0.0865586
-0.183673	-0.510204	0.0922107
-0.183673	-0.469388	0.0975046
-0.183673	-0.428571	0.102419
-0.183673	-0.387755	0.106935
-0.183673	-0.346939	0.111033
-0.183673	-0.306122	0.114698
-0.183673	-0.265306	0.117913
-0.183673	-0.22449	0.120665
-0.183673	-0.183673	0.122944
-0.183673	-0.142857	0.124738
-0.183673	-0.102041	0.126041
-0.183673	-0.0612245	0.126847
-0.183673	-0.0204082	0.127151
-0.183673	0.0204082	0.126952
-0.183673	0.0612245	0.12625
-0.183673	0.102041	0.125048
-0.183673	0.142857	0.123348
-0.183673	0.183673	0.121159
-0.183673	0.22449	0.118488
-0.183673	0.265306	0.115345
-0.183673	0.306122	0.111743
-0.183673	0.346939	0.107695
-0.183673	0.387755	0.103219
-0.183673	0.428571	0.0983302
-0.183673	0.469388	0.0930494
-0.183673	0.510204	0.0873974
-0.183673	0.55102	0.0813965
-0.183673	0.591837	0.0750706
-0.183673	0.632653	0.0684451
-0.183673	0.673469	0.0615463
-0.183673	0.714286	0.0544018
-0.183673	0.755102	0.04704
-0.183673	0.795918	0.0394905
-0.183673	0.836735	0.0317833
-0.183673	0.877551	0.0239492
-0.183673	0.918367	0.0160194
-0.183673	0.959184	0.00802573
-0.183673	1	0
-0.142857	-1	0.00803601
-0.142857	-0.959184	0.0160412
-0.142857	-0.918367	0.0239848
-0.142857	-0.877551	0.0318364
-0.142857	-0.836735	0.0395657
-0.142857	-0.795918	0.047143
-0.142857	-0.755102	0.0545389
-0.142857	-0.714286	0.0617247
-0.142857	-0.673469	0.0686727
-0.142857	-0.632653	0.0753555
-0.142857	-0.591837	0.081747
-0.142857	-0.55102	0.0878221
-0.142857	-0.510204	0.0935567
-0.142857	-0.469388	0.0989279
-0.142857	-0.428571	0.103914
-0.142857	-0.387755	0.108496
-0.142857	-0.346939	0.112654
-0.142857	-0.306122	0.116372
-0.142857	-0.265306	0.119634
-0.142857	-0.22449	0.122427
-0.142857	-0.183673	0.124738
-0.142857	-0.142857	0.126559
-0.142857	-0.102041	0.127881
-0.142857	-0.0612245	0.128698
-0.142857	-0.0204082	0.129007
-0.142857	0.0204082	0.128805
-0.142857	0.0612245	0.128093
-0.142857	0.102041	0.126873
-0.142857	0.142857	0.125149
-0.142857	0.183673	0.122928
-0.142857	0.22449	0.120218
-0.142857	0.265306	0.117029
-0.142857	0.306122	0.113374
-0.142857	0.346939	0.109268
-0.142857	0.387755	0.104725
-0.142857	0.428571	0.0997656
-0.142857	0.469388	0.0944077
-0.142857	0.510204	0.0886731
-0.142857	0.55102	0.0825846
-0.142857	0.591837	0.0761665
-0.142857	0.632653	0.0694442
-0.142857	0.673469	0.0624447
-0.142857	0.714286	0.0551959
-0.142857	0.755102	0.0477267
-0.142857	0.795918	0.0400669
-0.142857	0.836735	0.0322472
-0.142857	0.877551	0.0242987
-0.142857	0.918367	0.0162533
-0.142857	0.959184	0.00814288
-0.142857	1	0
-0.102041	-1	0.00811996
-0.102041	-0.959184	0.0162088
-0.102041	-0.918367	0.0242354
-0.102041	-0.877551	0.032169
-0.102041	-0.836735	0.039979
-0.102041	-0.795918	0.0476354
-0.102041	-0.755102	0.0551086
-0.102041	-0.714286	0.0623695
-0.102041	-0.673469	0.06939
-0.102041	-0.632653	0.0761427
-0.102041	-0.591837	0.082601
-0.102041	-0.55102	0.0887395
-0.102041	-0.510204	0.094534
-0.102041	-0.469388	0.0999614
-0.102041	-0.428571	0.105
-0.102041	-0.387755	0.109629
-0.102041	-0.346939	0.113831
-0.102041	-0.306122	0.117587
-0.102041	-0.265306	0.120884
-0.102041	-0.22449	0.123705
-0.102041	-0.183673	0.126041
-0.102041	-0.142857	0.127881
-0.102041	-0.102041	0.129217
-0.102041	-0.0612245	0.130043
-0.102041	-0.0204082	0.130355
-0.102041	0.0204082	0.130151
-0.102041	0.0612245	0.129431
-0.102041	0.102041	0.128198
-0.102041	0.142857	0.126456
-0.102041	0.183673	0.124212
-0.102041	0.22449	0.121473
-0.102041	0.265306	0.118251
-0.102041	0.306122	0.114558
-0.102041	0.346939	0.110409
-0.102041	0.387755	0.105819
-0.102041	0.428571	0.100808
-0.102041	0.469388	0.0953939
-0.102041	0.510204	0.0895994
-0.102041	0.55102	0.0834473
-0.102041	0.591837	0.0769621
-0.102041	0.632653	0.0701696
-0.102041	0.673469	0.063097
-0.102041	0.714286	0.0557725
-0.102041	0.755102	0.0482253
-0.102041	0.795918	0.0404855
-0.102041	0.836735	0.0325841
-0.102041	0.877551	0.0245526
-0.102041	0.918367	0.016423
-0.102041	0.959184	0.00822795
-0.102041	1	0
-0.0612245	-1	0.00817185
-0.0612245	-0.959184	0.0163124
-0.0612245	-0.918367	0.0243903
-0.0612245	-0.877551	0.0323746
-0.0612245	-0.836735	0.0402346
-0.0612245	-0.795918	0.0479399
-0.0612245	-0.755102	0.0554608
-0.0612245	-0.714286	0.0627682
-0.0612245	-0.673469	0.0698335
-0.0612245	-0.632653	0.0766293
-0.0612245	-0.591837	0.0831289
-0.0612245	-0.55102	0.0893067
-0.0612245	-0.510204	0.0951382
-0.0612245	-0.469388	0.1006
-0.0612245	-0.428571	0.105671
-0.0612245	-0.387755	0.11033
-0.0612245	-0.346939	0.114558
-0.0612245	-0.306122	0.118339
-0.0612245	-0.265306	0.121656
-0.0612245	-0.22449	0.124496
-0.0612245	-0.183673	0.126847
-0.0612245	-0.142857	0.128698
-0.0612245	-0.102041	0.130043
-0.0612245	-0.0612245	0.130874
-0.0612245	-0.0204082	0.131188
-0.0612245	0.0204082	0.130983
-0.0612245	0.0612245	0.130258
-0.0612245	0.102041	0.129018
-0.0612245	0.142857	0.127265
-0.0612245	0.183673	0.125006
-0.0612245	0.22449	0.12225
-0.0612245	0.265306	0.119007
-0.0612245	0.306122	0.115291
-0.0612245	0.346939	0.111115
-0.0612245	0.387755	0.106496
-0.0612245	0.428571	0.101452
-0.0612245	0.469388	0.0960036
-0.0612245	0.510204	0.0901721
-0.0612245	0.55102	0.0839806
-0.0612245	0.591837	0.077454
-0.0612245	0.632653	0.0706181
-0.0612245	0.673469	0.0635003
-0.0612245	0.714286	0.0561289
-0.0612245	0.755102	0.0485335
-0.0612245	0.795918	0.0407442
-0.0612245	0.836735	0.0327923
-0.0612245	0.877551	0.0247095
-0.0612245	0.918367	0.016528
-0.0612245	0.959184	0.00828053
-0.0612245	1	0
-0.0204082	-1	0.00819146
-0.0204082	-0.959184	0.0163515
-0.0204082	-0.918367	0.0244488
-0.0204082	-0.877551	0.0324522
-0.0204082	-0.836735	0.0403311
-0.0204082	-0.795918	0.0480549
-0.0204082	-0.755102	0.0555938
-0.0204082	-0.714286	0.0629187
-0.0204082	-0.673469	0.070001
-0.0204082	-0.632653	0.0768131
-0.0204082	-0.591837	0.0833283
-0.0204082	-0.55102	0.0895209
-0.0204082	-0.510204	0.0953664
-0.0204082	-0.469388	0.100842
-0.0204082	-0.428571	0.105924
-0.0204082	-0.387755	0.110595
-0.0204082	-0.346939	0.114833
-0.0204082	-0.306122	0.118623
-0.0204082	-0.265306	0.121948
-0.0204082	-0.22449	0.124795
-0.0204082	-0.183673	0.127151
-0.0204082	-0.142857	0.129007
-0.0204082	-0.102041	0.130355
-0.0204082	-0.0612245	0.131188
-0.0204082	-0.0204082	0.131503
-0.0204082	0.0204082	0.131297
-0.0204082	0.0612245	0.130571
-0.0204082	0.102041	0.129327
-0.0204082	0.142857	0.12757
-0.0204082	0.183673	0.125306
-0.0204082	0.22449	0.122543
-0.0204082	0.265306	0.119293
-0.0204082	0.306122	0.115567
-0.0204082	0.346939	0.111381
-0.0204082	0.387755	0.106751
-0.0204082	0.428571	0.101695
-0.0204082	0.469388	0.0962339
-0.0204082	0.510204	0.0903884
-0.0204082	0.55102	0.0841821
-0.0204082	0.591837	0.0776398
-0.0204082	0.632653	0.0707875
-0.0204082	0.673469	0.0636526
-0.0204082	0.714286	0.0562636
-0.0204082	0.755102	0.0486499
-0.0204082	0.795918	0.040842
-0.0204082	0.836735	0.032871
-0.0204082	0.877551	0.0247688
-0.0204082	0.918367	0.0165677
-0.0204082	0.959184	0.00830039
-0.0204082	1	0
0.0204082	-1	0.00817864
0.0204082	-0.959184	0.0163259
0.0204082	-0.918367	0.0244105
0.0204082	-0.877551	0.0324015
0.0204082	-0.836735	0.040268
0.0204082	-0.795918	0.0479797
0.0204082	-0.755102	0.0555069
0.0204082	-0.714286	0.0628203
0.0204082	-0.673469	0.0698915
0.0204082	-0.632653	0.0766929
0.0204082	-0.591837	0.0831979
0.0204082	-0.55102	0.0893808
0.0204082	-0.510204	0.0952172
0.0204082	-0.469388	0.100684
0.0204082	-0.428571	0.105759
0.0204082	-0.387755	0.110422
0.0204082	-0.346939	0.114654
0.0204082	-0.306122	0.118437
0.0204082	-0.265306	0.121757
0.0204082	-0.22449	0.124599
0.0204082	-0.183673	0.126952
0.0204082	-0.142857	0.128805
0.0204082	-0.102041	0.130151
0.0204082	-0.0612245	0.130983
0.0204082	-0.0204082	0.131297
0.0204082	0.0204082	0.131091
0.0204082	0.0612245	0.130367
0.0204082	0.102041	0.129125
0.0204082	0.142857	0.12737
0.0204082	0.183673	0.12511
0.0204082	0.22449	0.122351
0.0204082	0.265306	0.119106
0.0204082	0.306122	0.115386
0.0204082	0.346939	0.111207
0.0204082	0.387755	0.106584
0.0204082	0.428571	0.101536
0.0204082	0.469388	0.0960833
0.0204082	0.510204	0.090247
0.0204082	0.55102	0.0840504
0.0204082	0.591837	0.0775183
0.0204082	0.632653	0.0706768
0.0204082	0.673469	0.063553
0.0204082	0.714286	0.0561755
0.0204082	0.755102	0.0485738
0.0204082	0.795918	0.0407781
0.0204082	0.836735	0.0328196
0.0204082	0.877551	0.02473
0.0204082	0.918367	0.0165417
0.0204082	0.959184	0.00828741
0.0204082	1	0
0.0612245	-1	0.00813342
0.0612245	-0.959184	0.0162356
0.0612245	-0.918367	0.0242756
0.0612245	-0.877551	0.0322223
0.0612245	-0.836735	0.0400453
0.0612245	-0.795918	0.0477144
0.0612245	-0.755102	0.0552
0.0612245	-0.714286	0.062473
0.0612245	-0.673469	0.0695051
0.0612245	-0.632653	0.0762689
0.0612245	-0.591837	0.0827379
0.0612245	-0.55102	0.0888867
0.0612245	-0.510204	0.0946907
0.0612245	-0.469388	0.100127
0.0612245	-0.428571	0.105174
0.0612245	-0.387755	0.109811
0.0612245	-0.346939	0.11402
0.0612245	-0.306122	0.117782
0.0612245	-0.265306	0.121084
0.0612245	-0.22449	0.123911
0.0612245	-0.183673	0.12625
0.0612245	-0.142857	0.128093
0.0612245	-0.102041	0.129431
0.0612245	-0.0612245	0.130258
0.0612245	-0.0204082	0.130571
0.0612245	0.0204082	0.130367
0.0612245	0.0612245	0.129646
0.0612245	0.102041	0.128411
0.0612245	0.142857	0.126666
0.0612245	0.183673	0.124418
0.0612245	0.22449	0.121675
0.0612245	0.265306	0.118447
0.0612245	0.306122	0.114748
0.0612245	0.346939	0.110592
0.0612245	0.387755	0.105995
0.0612245	0.428571	0.100975
0.0612245	0.469388	0.0955521
0.0612245	0.510204	0.089748
0.0612245	0.55102	0.0835857
0.0612245	0.591837	0.0770897
0.0612245	0.632653	0.070286
0.0612245	0.673469	0.0632016
0.0612245	0.714286	0.055865
0.0612245	0.755102	0.0483052
0.0612245	0.795918	0.0405526
0.0612245	0.836735	0.0326381
0.0612245	0.877551	0.0245933
0.0612245	0.918367	0.0164503
0.0612245	0.959184	0.00824159
0.0612245	1	0
0.102041	-1	0.00805594
0.102041	-0.959184	0.016081
0.102041	-0.918367	0.0240443
0.102041	-0.877551	0.0319154
0.102041	-0.836735	0.0396639
0.102041	-0.795918	0.0472599
0.102041	-0.755102	0.0546741
0.102041	-0.714286	0.0618778
0.102041	-0.673469	0.068843
0.102041	-0.632653	0.0755424
0.102041	-0.591837	0.0819498
0.102041	-0.55102	0.0880399
0.102041	-0.510204	0.0937887
0.102041	-0.469388	0.0991733
0.102041	-0.428571	0.104172
0.102041	-0.387755	0.108765
0.102041	-0.346939	0.112934
0.102041	-0.306122	0.11666
0.102041	-0.265306	0.119931
0.102041	-0.22449	0.12273
0.102041	-0.183673	0.125048
0.102041	-0.142857	0.126873
0.102041	-0.102041	0.128198
0.102041	-0.0612245	0.129018
0.102041	-0.0204082	0.129327
0.102041	0.0204082	0.129125
0.102041	0.0612245	0.128411
0.102041	0.102041	0.127188
0.102041	0.142857	0.125459
0.102041	0.183673	0.123233
0.102041	0.22449	0.120516
0.102041	0.265306	0.117319
0.102041	0.306122	0.113655
0.102041	0.346939	0.109539
0.102041	0.387755	0.104985
0.102041	0.428571	0.100013
0.102041	0.469388	0.0946419
0.102041	0.510204	0.0888931
0.102041	0.55102	0.0827895
0.102041	0.591837	0.0763554
0.102041	0.632653	0.0696165
0.102041	0.673469	0.0625996
0.102041	0.714286	0.0553328
0.102041	0.755102	0.0478451
0.102041	0.795918	0.0401663
0.102041	0.836735	0.0323272
0.102041	0.877551	0.024359
0.102041	0.918367	0.0162936
0.102041	0.959184	0.00816308
0.102041	1	0
0.142857	-1	0.00794648
0.142857	-0.959184	0.0158625
0.142857	-0.918367	0.0237176
0.142857	-0.877551	0.0314817
0.142857	-0.836735	0.0391249
0.142857	-0.795918	0.0466177
0.142857	-0.755102	0.0539312
0.142857	-0.714286	0.0610371
0.142857	-0.673469	0.0679076
0.142857	-0.632653	0.0745159
0.142857	-0.591837	0.0808362
0.142857	-0.55102	0.0868436
0.142857	-0.510204	0.0925143
0.142857	-0.469388	0.0978258
0.142857	-0.428571	0.102757
0.142857	-0.387755	0.107287
0.142857	-0.346939	0.111399
0.142857	-0.306122	0.115075
0.142857	-0.265306	0.118301
0.142857	-0.22449	0.121063
0.142857	-0.183673	0.123348
0.142857	-0.142857	0.125149
0.142857	-0.102041	0.126456
0.142857	-0.0612245	0.127265
0.142857	-0.0204082	0.12757
0.142857	0.0204082	0.12737
0.142857	0.0612245	0.126666
0.142857	0.102041	0.125459
0.142857	0.142857	0.123755
0.142857	0.183673	0.121558
0.142857	0.22449	0.118878
0.142857	0.265306	0.115725
0.142857	0.306122	0.112111
0.142857	0.346939	0.10805
0.142857	0.387755	0.103559
0.142857	0.428571	0.098654
0.142857	0.469388	0.0933559
0.142857	0.510204	0.0876852
0.142857	0.55102	0.0816645
0.142857	0.591837	0.0753179
0.142857	0.632653	0.0686705
0.142857	0.673469	0.061749
0.142857	0.714286	0.0545809
0.142857	0.755102	0.047195
0.142857	0.795918	0.0396205
0.142857	0.836735	0.0318879
0.142857	0.877551	0.024028
0.142857	0.918367	0.0160722
0.142857	0.959184	0.00805216
0.142857	1	0
0.183673	-1	0.00780544
0.183673	-0.959184	0.0155809
0.183673	-0.918367	0.0232967
0.183673	-0.877551	0.030923
0.183673	-0.836735	0.0384305
0.183673	-0.795918	0.0457903
0.183673	-0.755102	0.052974
0.183673	-0.714286	0.0599537
0.183673	-0.673469	0.0667023
0.183673	-0.632653	0.0731933
0.183673	-0.591837	0.0794015
0.183673	-0.55102	0.0853022
0.183673	-0.510204	0.0908723
0.183673	-0.469388	0.0960894
0.183673	-0.428571	0.100933
0.183673	-0.387755	0.105383
0.183673	-0.346939	0.109422
0.183673	-0.306122	0.113033
0.183673	-0.265306	0.116201
0.183673	-0.22449	0.118914
0.183673	-0.183673	0.121159
0.183673	-0.142857	0.122928
0.183673	-0.102041	0.124212
0.183673	-0.0612245	0.125006
0.183673	-0.0204082	0.125306
0.183673	0.0204082	0.12511
0.183673	0.0612245	0.124418
0.183673	0.102041	0.123233
0.183673	0.142857	0.121558
0.183673	0.183673	0.119401
0.183673	0.22449	0.116768
0.183673	0.265306	0.113671
0.183673	0.306122	0.110121
0.183673	0.346939	0.106132
0.183673	0.387755	0.101721
0.183673	0.428571	0.096903
0.183673	0.469388	0.0916989
0.183673	0.510204	0.0861289
0.183673	0.55102	0.080215
0.183673	0.591837	0.073981
0.183673	0.632653	0.0674517
0.183673	0.673469	0.060653
0.183673	0.714286	0.0536122
0.183673	0.755102	0.0463573
0.183673	0.795918	0.0389173
0.183673	0.836735	0.031322
0.183673	0.877551	0.0236015
0.183673	0.918367	0.0157869
0.183673	0.959184	0.00790924
0.183673	1	0
0.22449	-1	0.00763335
0.22449	-0.959184	0.0152374
0.22449	-0.918367	0.022783
0.22449	-0.877551	0.0302412
0.22449	-0.836735	0.0375832
0.22449	-0.795918	0.0447808
0.22449	-0.755102	0.0518061
0.22449	-0.714286	0.0586319
0.22449	-0.673469	0.0652317
0.22449	-0.632653	0.0715796
0.22449	-0.591837	0.0776509
0.22449	-0.55102	0.0834216
0.22449	-0.510204	0.0888688
0.22449	-0.469388	0.093971
0.22449	-0.428571	0.0987076
0.22449	-0.387755	0.10306
0.22449	-0.346939	0.107009
0.22449	-0.306122	0.110541
0.22449	-0.265306	0.113639
0.22449	-0.22449	0.116292
0.22449	-0.183673	0.118488
0.22449	-0.142857	0.120218
0.22449	-0.102041	0.121473
0.22449	-0.0612245	0.12225
0.22449	-0.0204082	0.122543
0.22449	0.0204082	0.122351
0.22449	0.0612245	0.121675
0.22449	0.102041	0.120516
0.22449	0.142857	0.118878
0.22449	0.183673	0.116768
0.22449	0.22449	0.114194
0.22449	0.265306	0.111165
0.22449	0.306122	0.107693
0.22449	0.346939	0.103792
0.22449	0.387755	0.0994779
0.22449	0.428571	0.0947666
0.22449	0.469388	0.0896772
0.22449	0.510204	0.08423
0.22449	0.55102	0.0784465
0.22449	0.591837	0.07235
0.22449	0.632653	0.0659646
0.22449	0.673469	0.0593158
0.22449	0.714286	0.0524302
0.22449	0.755102	0.0453352
0.22449	0.795918	0.0380593
0.22449	0.836735	0.0306314
0.22449	0.877551	0.0230812
0.22449	0.918367	0.0154389
0.22449	0.959184	0.00773487
0.22449	1	0
0.265306	-1	0.00743088
0.265306	-0.959184	0.0148333
0.265306	-0.918367	0.0221787
0.265306	-0.877551	0.0294391
0.265306	-0.836735	0.0365863
0.265306	-0.795918	0.043593
0.265306	-0.755102	0.050432
0.265306	-0.714286	0.0570767
0.265306	-0.673469	0.0635015
0.265306	-0.632653	0.069681
0.265306	-0.591837	0.0755913
0.265306	-0.55102	0.0812089
0.265306	-0.510204	0.0865116
0.265306	-0.469388	0.0914784
0.265306	-0.428571	0.0960894
0.265306	-0.387755	0.100326
0.265306	-0.346939	0.104171
0.265306	-0.306122	0.107609
0.265306	-0.265306	0.110625
0.265306	-0.22449	0.113208
0.265306	-0.183673	0.115345
0.265306	-0.142857	0.117029
0.265306	-0.102041	0.118251
0.265306	-0.0612245	0.119007
0.265306	-0.0204082	0.119293
0.265306	0.0204082	0.119106
0.265306	0.0612245	0.118447
0.265306	0.102041	0.117319
0.265306	0.142857	0.115725
0.265306	0.183673	0.113671
0.265306	0.22449	0.111165
0.265306	0.265306	0.108216
0.265306	0.306122	0.104837
0.265306	0.346939	0.101039
0.265306	0.387755	0.0968393
0.265306	0.428571	0.092253
0.265306	0.469388	0.0872986
0.265306	0.510204	0.0819958
0.265306	0.55102	0.0763658
0.265306	0.591837	0.0704309
0.265306	0.632653	0.0642149
0.265306	0.673469	0.0577425
0.265306	0.714286	0.0510395
0.265306	0.755102	0.0441328
0.265306	0.795918	0.0370498
0.265306	0.836735	0.0298189
0.265306	0.877551	0.022469
0.265306	0.918367	0.0150294
0.265306	0.959184	0.00752971
0.265306	1	0
0.306122	-1	0.00719882
0.306122	-0.959184	0.01437
0.306122	-0.918367	0.0214861
0.306122	-0.877551	0.0285197
0.306122	-0.836735	0.0354438
0.306122	-0.795918	0.0422316
0.306122	-0.755102	0.048857
0.306122	-0.714286	0.0552943
0.306122	-0.673469	0.0615183
0.306122	-0.632653	0.0675049
0.306122	-0.591837	0.0732306
0.306122	-0.55102	0.0786728
0.306122	-0.510204	0.0838099
0.306122	-0.469388	0.0886216
0.306122	-0.428571	0.0930886
0.306122	-0.387755	0.0971929
0.306122	-0.346939	0.100918
0.306122	-0.306122	0.104248
0.306122	-0.265306	0.10717
0.306122	-0.22449	0.109672
0.306122	-0.183673	0.111743
0.306122	-0.142857	0.113374
0.306122	-0.102041	0.114558
0.306122	-0.0612245	0.115291
0.306122	-0.0204082	0.115567
0.306122	0.0204082	0.115386
0.306122	0.0612245	0.114748
0.306122	0.102041	0.113655
0.306122	0.142857	0.112111
0.306122	0.183673	0.110121
0.306122	0.22449	0.107693
0.306122	0.265306	0.104837
0.306122	0.306122	0.101563
0.306122	0.346939	0.097884
0.306122	0.387755	0.0938151
0.306122	0.428571	0.089372
0.306122	0.469388	0.0845723
0.306122	0.510204	0.0794351
0.306122	0.55102	0.0739809
0.306122	0.591837	0.0682314
0.306122	0.632653	0.0622095
0.306122	0.673469	0.0559392
0.306122	0.714286	0.0494456
0.306122	0.755102	0.0427545
0.306122	0.795918	0.0358928
0.306122	0.836735	0.0288877
0.306122	0.877551	0.0217673
0.306122	0.918367	0.01456
0.306122	0.959184	0.00729456
0.306122	1	0
0.346939	-1	0.00693807
0.346939	-0.959184	0.0138495
0.346939	-0.918367	0.0207078
0.346939	-0.877551	0.0274867
0.346939	-0.836735	0.03416
0.346939	-0.795918	0.0407019
0.346939	-0.755102	0.0470873
0.346939	-0.714286	0.0532914
0.346939	-0.673469	0.0592901
0.346939	-0.632653	0.0650598
0.346939	-0.591837	0.0705781
0.346939	-0.55102	0.0758232
0.346939	-0.510204	0.0807742
0.346939	-0.469388	0.0854116
0.346939	-0.428571	0.0897168
0.346939	-0.387755	0.0936724
0.346939	-0.346939	0.0972624
0.346939	-0.306122	0.100472
0.346939	-0.265306	0.103288
0.346939	-0.22449	0.1057
0.346939	-0.183673	0.107695
0.346939	-0.142857	0.109268
0.346939	-0.102041	0.110409
0.346939	-0.0612245	0.111115
0.346939	-0.0204082	0.111381
0.346939	0.0204082	0.111207
0.346939	0.0612245	0.110592
0.346939	0.102041	0.109539
0.346939	0.142857	0.10805
0.346939	0.183673	0.106132
0.346939	0.22449	0.103792
0.346939	0.265306	0.101039
0.346939	0.306122	0.097884
0.346939	0.346939	0.0943386
0.346939	0.387755	0.090417
0.346939	0.428571	0.0861348
0.346939	0.469388	0.081509
0.346939	0.510204	0.0765579
0.346939	0.55102	0.0713013
0.346939	0.591837	0.06576
0.346939	0.632653	0.0599562
0.346939	0.673469	0.053913
0.346939	0.714286	0.0476546
0.346939	0.755102	0.0412059
0.346939	0.795918	0.0345927
0.346939	0.836735	0.0278413
0.346939	0.877551	0.0209789
0.346939	0.918367	0.0140326
0.346939	0.959184	0.00703034
0.346939	1	0
0.387755	-1	0.00664966
0.387755	-0.959184	0.0132738
0.387755	-0.918367	0.019847
0.387755	-0.877551	0.0263441
0.387755	-0.836735	0.03274
0.387755	-0.795918	0.03901
0.387755	-0.755102	0.04513
0.387755	-0.714286	0.0510761
0.387755	-0.673469	0.0568254
0.387755	-0.632653	0.0623553
0.387755	-0.591837	0.0676442
0.387755	-0.55102	0.0726712
0.387755	-0.510204	0.0774165
0.387755	-0.469388	0.0818611
0.387755	-0.428571	0.0859874
0.387755	-0.387755	0.0897785
0.387755	-0.346939	0.0932193
0.387755	-0.306122	0.0962956
0.387755	-0.265306	0.0989949
0.387755	-0.22449	0.101306
0.387755	-0.183673	0.103219
0.387755	-0.142857	0.104725
0.387755	-0.102041	0.105819
0.387755	-0.0612245	0.106496
0.387755	-0.0204082	0.106751
0.387755	0.0204082	0.106584
0.387755	0.0612245	0.105995
0.387755	0.102041	0.104985
0.387755	0.142857	0.103559
0.387755	0.183673	0.101721
0.387755	0.22449	0.0994779
0.387755	0.265306	0.0968393
0.387755	0.306122	0.0938151
0.387755	0.346939	0.090417
0.387755	0.387755	0.0866584
0.387755	0.428571	0.0825542
0.387755	0.469388	0.0781207
0.387755	0.510204	0.0733755
0.387755	0.55102	0.0683373
0.387755	0.591837	0.0630264
0.387755	0.632653	0.0574639
0.387755	0.673469	0.0516719
0.387755	0.714286	0.0456736
0.387755	0.755102	0.039493
0.387755	0.795918	0.0331547
0.387755	0.836735	0.026684
0.387755	0.877551	0.0201068
0.387755	0.918367	0.0134493
0.387755	0.959184	0.00673809
0.387755	1	0
0.428571	-1	0.00633473
0.428571	-0.959184	0.0126452
0.428571	-0.918367	0.0189071
0.428571	-0.877551	0.0250964
0.428571	-0.836735	0.0311894
0.428571	-0.795918	0.0371625
0.428571	-0.755102	0.0429926
0.428571	-0.714286	0.0486572
0.428571	-0.673469	0.0541342
0.428571	-0.632653	0.0594022
0.428571	-0.591837	0.0644406
0.428571	-0.55102	0.0692295
0.428571	-0.510204	0.07375
0.428571	-0.469388	0.0779842
0.428571	-0.428571	0.081915
0.428571	-0.387755	0.0855266
0.428571	-0.346939	0.0888044
0.428571	-0.306122	0.091735
0.428571	-0.265306	0.0943064
0.428571	-0.22449	0.0965079
0.428571	-0.183673	0.0983302
0.428571	-0.142857	0.0997656
0.428571	-0.102041	0.100808
0.428571	-0.0612245	0.101452
0.428571	-0.0204082	0.101695
0.428571	0.0204082	0.101536
0.428571	0.0612245	0.100975
0.428571	0.102041	0.100013
0.428571	0.142857	0.098654
0.428571	0.183673	0.096903
0.428571	0.22449	0.0947666
0.428571	0.265306	0.092253
0.428571	0.306122	0.089372
0.428571	0.346939	0.0861348
0.428571	0.387755	0.0825542
0.428571	0.428571	0.0786444
0.428571	0.469388	0.0744209
0.428571	0.510204	0.0699004
0.428571	0.55102	0.0651008
0.428571	0.591837	0.0600414
0.428571	0.632653	0.0547424
0.428571	0.673469	0.0492247
0.428571	0.714286	0.0435105
0.428571	0.755102	0.0376226
0.428571	0.795918	0.0315845
0.428571	0.836735	0.0254202
0.428571	0.877551	0.0191545
0.428571	0.918367	0.0128123
0.428571	0.959184	0.00641898
0.428571	1	0
0.469388	-1	0.00599453
0.469388	-0.959184	0.0119661
0.469388	-0.918367	0.0178917
0.469388	-0.877551	0.0237486
0.469388	-0.836735	0.0295144
0.469388	-0.795918	0.0351667
0.469388	-0.755102	0.0406837
0.469388	-0.714286	0.0460441
0.469388	-0.673469	0.0512269
0.469388	-0.632653	0.056212
0.469388	-0.591837	0.0609798
0.469388	-0.55102	0.0655116
0.469388	-0.510204	0.0697893
0.469388	-0.469388	0.0737961
0.469388	-0.428571	0.0775158
0.469388	-0.387755	0.0809334
0.469388	-0.346939	0.0840352
0.469388	-0.306122	0.0868085
0.469388	-0.265306	0.0892418
0.469388	-0.22449	0.091325
0.469388	-0.183673	0.0930494
0.469388	-0.142857	0.0944077
0.469388	-0.102041	0.0953939
0.469388	-0.0612245	0.0960036
0.469388	-0.0204082	0.0962339
0.469388	0.0204082	0.0960833
0.469388	0.0612245	0.0955521
0.469388	0.102041	0.0946419
0.469388	0.142857	0.0933559
0.469388	0.183673	0.0916989
0.469388	0.22449	0.0896772
0.469388	0.265306	0.0872986
0.469388	0.306122	0.0845723
0.469388	0.346939	0.081509
0.469388	0.387755	0.0781207
0.469388	0.428571	0.0744209
0.469388	0.469388	0.0704242
0.469388	0.510204	0.0661464
0.469388	0.55102	0.0616046
0.469388	0.591837	0.056817
0.469388	0.632653	0.0518025
0.469388	0.673469	0.0465811
0.469388	0.714286	0.0411738
0.469388	0.755102	0.0356021
0.469388	0.795918	0.0298882
0.469388	0.836735	0.0240551
0.469388	0.877551	0.0181258
0.469388	0.918367	0.0121242
0.469388	0.959184	0.00607425
0.469388	1	0
0.510204	-1	0.0056304
0.510204	-0.959184	0.0112392
0.510204	-0.918367	0.0168049
0.510204	-0.877551	0.0223061
0.510204	-0.836735	0.0277216
0.510204	-0.795918	0.0330306
0.510204	-0.755102	0.0382125
0.510204	-0.714286	0.0432472
0.510204	-0.673469	0.0481152
0.510204	-0.632653	0.0527975
0.510204	-0.591837	0.0572757
0.510204	-0.55102	0.0615322
0.510204	-0.510204	0.0655501
0.510204	-0.469388	0.0693135
0.510204	-0.428571	0.0728072
0.510204	-0.387755	0.0760173
0.510204	-0.346939	0.0789307
0.510204	-0.306122	0.0815355
0.510204	-0.265306	0.083821
0.510204	-0.22449	0.0857777
0.510204	-0.183673	0.0873974
0.510204	-0.142857	0.0886731
0.510204	-0.102041	0.0895994
0.510204	-0.0612245	0.0901721
0.510204	-0.0204082	0.0903884
0.510204	0.0204082	0.090247
0.510204	0.0612245	0.089748
0.510204	0.102041	0.0888931
0.510204	0.142857	0.0876852
0.510204	0.183673	0.0861289
0.510204	0.22449	0.08423
0.510204	0.265306	0.0819958
0.510204	0.306122	0.0794351
0.510204	0.346939	0.0765579
0.510204	0.387755	0.0733755
0.510204	0.428571	0.0699004
0.510204	0.469388	0.0661464
0.510204	0.510204	0.0621285
0.510204	0.55102	0.0578626
0.510204	0.591837	0.0533657
0.510204	0.632653	0.0486558
0.510204	0.673469	0.0437517
0.510204	0.714286	0.0386728
0.510204	0.755102	0.0334395
0.510204	0.795918	0.0280728
0.510204	0.836735	0.0225939
0.510204	0.877551	0.0170248
0.510204	0.918367	0.0113878
0.510204	0.959184	0.00570528
0.510204	1	0
0.55102	-1	0.00524381
0.55102	-0.959184	0.0104675
0.55102	-0.918367	0.015651
0.55102	-0.877551	0.0207745
0.55102	-0.836735	0.0258182
0.55102	-0.795918	0.0307626
0.55102	-0.755102	0.0355887
0.55102	-0.714286	0.0402778
0.55102	-0.673469	0.0448115
0.55102	-0.632653	0.0491723
0.55102	-0.591837	0.0533431
0.55102	-0.55102	0.0573073
0.55102	-0.510204	0.0610493
0.55102	-0.469388	0.0645543
0.55102	-0.428571	0.0678081
0.55102	-0.387755	0.0707978
0.55102	-0.346939	0.0735111
0.55102	-0.306122	0.0759371
0.55102	-0.265306	0.0780656
0.55102	-0.22449	0.079888
0.55102	-0.183673	0.0813965
0.55102	-0.142857	0.0825846
0.55102	-0.102041	0.0834473
0.55102	-0.0612245	0.0839806
0.55102	-0.0204082	0.0841821
0.55102	0.0204082	0.0840504
0.55102	0.0612245	0.0835857
0.55102	0.102041	0.0827895
0.55102	0.142857	0.0816645
0.55102	0.183673	0.080215
0.55102	0.22449	0.0784465
0.55102	0.265306	0.0763658
0.55102	0.306122	0.0739809
0.55102	0.346939	0.0713013
0.55102	0.387755	0.0683373
0.55102	0.428571	0.0651008
0.55102	0.469388	0.0616046
0.55102	0.510204	0.0578626
0.55102	0.55102	0.0538896
0.55102	0.591837	0.0497015
0.55102	0.632653	0.045315
0.55102	0.673469	0.0407476
0.55102	0.714286	0.0360174
0.55102	0.755102	0.0311435
0.55102	0.795918	0.0261452
0.55102	0.836735	0.0210425
0.55102	0.877551	0.0158559
0.55102	0.918367	0.0106059
0.55102	0.959184	0.00531354
0.55102	1	0
0.591837	-1	0.00483628
0.591837	-0.959184	0.009654
0.591837	-0.918367	0.0144347
0.591837	-0.877551	0.01916
0.591837	-0.836735	0.0238117
0.591837	-0.795918	0.0283718
0.591837	-0.755102	0.0328229
0.591837	-0.714286	0.0371475
0.591837	-0.673469	0.041329
0.591837	-0.632653	0.0453508
0.591837	-0.591837	0.0491974
0.591837	-0.55102	0.0528536
0.591837	-0.510204	0.0563048
0.591837	-0.469388	0.0595374
0.591837	-0.428571	0.0625383
0.591837	-0.387755	0.0652957
0.591837	-0.346939	0.0677981
0.591837	-0.306122	0.0700355
0.591837	-0.265306	0.0719987
0.591837	-0.22449	0.0736794
0.591837	-0.183673	0.0750706
0.591837	-0.142857	0.0761665
0.591837	-0.102041	0.0769621
0.591837	-0.0612245	0.077454
0.591837	-0.0204082	0.0776398
0.591837	0.0204082	0.0775183
0.591837	0.0612245	0.0770897
0.591837	0.102041	0.0763554
0.591837	0.142857	0.0753179
0.591837	0.183673	0.073981
0.591837	0.22449	0.07235
0.591837	0.265306	0.0704309
0.591837	0.306122	0.0682314
0.591837	0.346939	0.06576
0.591837	0.387755	0.0630264
0.591837	0.428571	0.0600414
0.591837	0.469388	0.056817
0.591837	0.510204	0.0533657
0.591837	0.55102	0.0497015
0.591837	0.591837	0.0458389
0.591837	0.632653	0.0417933
0.591837	0.673469	0.0375808
0.591837	0.714286	0.0332183
0.591837	0.755102	0.0287231
0.591837	0.795918	0.0241133
0.591837	0.836735	0.0194072
0.591837	0.877551	0.0146236
0.591837	0.918367	0.00978163
0.591837	0.959184	0.0049006
0.591837	1	0
0.632653	-1	0.00440944
0.632653	-0.959184	0.00880197
0.632653	-0.918367	0.0131607
0.632653	-0.877551	0.017469
0.632653	-0.836735	0.0217101
0.632653	-0.795918	0.0258678
0.632653	-0.755102	0.029926
0.632653	-0.714286	0.033869
0.632653	-0.673469	0.0376814
0.632653	-0.632653	0.0413483
0.632653	-0.591837	0.0448554
0.632653	-0.55102	0.0481889
0.632653	-0.510204	0.0513355
0.632653	-0.469388	0.0542828
0.632653	-0.428571	0.0570189
0.632653	-0.387755	0.0595328
0.632653	-0.346939	0.0618144
0.632653	-0.306122	0.0638544
0.632653	-0.265306	0.0656443
0.632653	-0.22449	0.0671767
0.632653	-0.183673	0.0684451
0.632653	-0.142857	0.0694442
0.632653	-0.102041	0.0701696
0.632653	-0.0612245	0.0706181
0.632653	-0.0204082	0.0707875
0.632653	0.0204082	0.0706768
0.632653	0.0612245	0.070286
0.632653	0.102041	0.0696165
0.632653	0.142857	0.0686705
0.632653	0.183673	0.0674517
0.632653	0.22449	0.0659646
0.632653	0.265306	0.0642149
0.632653	0.306122	0.0622095
0.632653	0.346939	0.0599562
0.632653	0.387755	0.0574639
0.632653	0.428571	0.0547424
0.632653	0.469388	0.0518025
0.632653	0.510204	0.0486558
0.632653	0.55102	0.045315
0.632653	0.591837	0.0417933
0.632653	0.632653	0.0381047
0.632653	0.673469	0.034264
0.632653	0.714286	0.0302865
0.632653	0.755102	0.0261881
0.632653	0.795918	0.0219851
0.632653	0.836735	0.0176944
0.632653	0.877551	0.013333
0.632653	0.918367	0.00891833
0.632653	0.959184	0.00446808
0.632653	1	0
0.673469	-1	0.003965
0.673469	-0.959184	0.00791479
0.673469	-0.918367	0.0118342
0.673469	-0.877551	0.0157082
0.673469	-0.836735	0.0195219
0.673469	-0.795918	0.0232605
0.673469	-0.755102	0.0269097
0.673469	-0.714286	0.0304552
0.673469	-0.673469	0.0338834
0.673469	-0.632653	0.0371807
0.673469	-0.591837	0.0403343
0.673469	-0.55102	0.0433318
0.673469	-0.510204	0.0461612
0.673469	-0.469388	0.0488114
0.673469	-0.428571	0.0512718
0.673469	-0.387755	0.0535323
0.673469	-0.346939	0.055584
0.673469	-0.306122	0.0574183
0.673469	-0.265306	0.0590278
0.673469	-0.22449	0.0604057
0.673469	-0.183673	0.0615463
0.673469	-0.142857	0.0624447
0.673469	-0.102041	0.063097
0.673469	-0.0612245	0.0635003
0.673469	-0.0204082	0.0636526
0.673469	0.0204082	0.063553
0.673469	0.0612245	0.0632016
0.673469	0.102041	0.0625996
0.673469	0.142857	0.061749
0.673469	0.183673	0.060653
0.673469	0.22449	0.0593158
0.673469	0.265306	0.0577425
0.673469	0.306122	0.0559392
0.673469	0.346939	0.053913
0.673469	0.387755	0.0516719
0.673469	0.428571	0.0492247
0.673469	0.469388	0.0465811
0.673469	0.510204	0.0437517
0.673469	0.55102	0.0407476
0.673469	0.591837	0.0375808
0.673469	0.632653	0.034264
0.673469	0.673469	0.0308105
0.673469	0.714286	0.0272339
0.673469	0.755102	0.0235485
0.673469	0.795918	0.0197692
0.673469	0.836735	0.0159109
0.673469	0.877551	0.0119891
0.673469	0.918367	0.00801942
0.673469	0.959184	0.00401773
0.673469	1	0
0.714286	-1	0.00350473
0.714286	-0.959184	0.00699601
0.714286	-0.918367	0.0104605
0.714286	-0.877551	0.0138847
0.714286	-0.836735	0.0172557
0.714286	-0.795918	0.0205604
0.714286	-0.755102	0.0237859
0.714286	-0.714286	0.0269199
0.714286	-0.673469	0.02995
0.714286	-0.632653	0.0328646
0.714286	-0.591837	0.0356521
0.714286	-0.55102	0.0383016
0.714286	-0.510204	0.0408027
0.714286	-0.469388	0.0431452
0.714286	-0.428571	0.0453199
0.714286	-0.387755	0.0473181
0.714286	-0.346939	0.0491316
0.714286	-0.306122	0.050753
0.714286	-0.265306	0.0521756
0.714286	-0.22449	0.0533936
0.714286	-0.183673	0.0544018
0.714286	-0.142857	0.0551959
0.714286	-0.102041	0.0557725
0.714286	-0.0612245	0.0561289
0.714286	-0.0204082	0.0562636
0.714286	0.0204082	0.0561755
0.714286	0.0612245	0.055865
0.714286	0.102041	0.0553328
0.714286	0.142857	0.0545809
0.714286	0.183673	0.0536122
0.714286	0.22449	0.0524302
0.714286	0.265306	0.0510395
0.714286	0.306122	0.0494456
0.714286	0.346939	0.0476546
0.714286	0.387755	0.0456736
0.714286	0.428571	0.0435105
0.714286	0.469388	0.0411738
0.714286	0.510204	0.0386728
0.714286	0.55102	0.0360174
0.714286	0.591837	0.0332183
0.714286	0.632653	0.0302865
0.714286	0.673469	0.0272339
0.714286	0.714286	0.0240725
0.714286	0.755102	0.0208149
0.714286	0.795918	0.0174743
0.714286	0.836735	0.0140639
0.714286	0.877551	0.0105974
0.714286	0.918367	0.0070885
0.714286	0.959184	0.00355134
0.714286	1	0
0.755102	-1	0.00303046
0.755102	-0.959184	0.0060493
0.755102	-0.918367	0.00904493
0.755102	-0.877551	0.0120058
0.755102	-0.836735	0.0149206
0.755102	-0.795918	0.0177781
0.755102	-0.755102	0.0205672
0.755102	-0.714286	0.023277
0.755102	-0.673469	0.0258972
0.755102	-0.632653	0.0284173
0.755102	-0.591837	0.0308276
0.755102	-0.55102	0.0331186
0.755102	-0.510204	0.0352812
0.755102	-0.469388	0.0373067
0.755102	-0.428571	0.0391872
0.755102	-0.387755	0.0409149
0.755102	-0.346939	0.042483
0.755102	-0.306122	0.043885
0.755102	-0.265306	0.0451151
0.755102	-0.22449	0.0461683
0.755102	-0.183673	0.04704
0.755102	-0.142857	0.0477267
0.755102	-0.102041	0.0482253
0.755102	-0.0612245	0.0485335
0.755102	-0.0204082	0.0486499
0.755102	0.0204082	0.0485738
0.755102	0.0612245	0.0483052
0.755102	0.102041	0.0478451
0.755102	0.142857	0.047195
0.755102	0.183673	0.0463573
0.755102	0.22449	0.0453352
0.755102	0.265306	0.0441328
0.755102	0.306122	0.0427545
0.755102	0.346939	0.0412059
0.755102	0.387755	0.039493
0.755102	0.428571	0.0376226
0.755102	0.469388	0.0356021
0.755102	0.510204	0.0334395
0.755102	0.55102	0.0311435
0.755102	0.591837	0.0287231
0.755102	0.632653	0.0261881
0.755102	0.673469	0.0235485
0.755102	0.714286	0.0208149
0.755102	0.755102	0.0179982
0.755102	0.795918	0.0151097
0.755102	0.836735	0.0121608
0.755102	0.877551	0.0091633
0.755102	0.918367	0.00612927
0.755102	0.959184	0.00307076
0.755102	1	0
0.795918	-1	0.0025441
0.795918	-0.959184	0.00507844
0.795918	-0.918367	0.00759329
0.795918	-0.877551	0.010079
0.795918	-0.836735	0.012526
0.795918	-0.795918	0.0149249
0.795918	-0.755102	0.0172663
0.795918	-0.714286	0.0195413
0.795918	-0.673469	0.0217409
0.795918	-0.632653	0.0238566
0.795918	-0.591837	0.02588
0.795918	-0.55102	0.0278033
0.795918	-0.510204	0.0296188
0.795918	-0.469388	0.0313193
0.795918	-0.428571	0.0328979
0.795918	-0.387755	0.0343484
0.795918	-0.346939	0.0356648
0.795918	-0.306122	0.0368418
0.795918	-0.265306	0.0378745
0.795918	-0.22449	0.0387586
0.795918	-0.183673	0.0394905
0.795918	-0.142857	0.0400669
0.795918	-0.102041	0.0404855
0.795918	-0.0612245	0.0407442
0.795918	-0.0204082	0.040842
0.795918	0.0204082	0.0407781
0.795918	0.0612245	0.0405526
0.795918	0.102041	0.0401663
0.795918	0.142857	0.0396205
0.795918	0.183673	0.0389173
0.795918	0.22449	0.0380593
0.795918	0.265306	0.0370498
0.795918	0.306122	0.0358928
0.795918	0.346939	0.0345927
0.795918	0.387755	0.0331547
0.795918	0.428571	0.0315845
0.795918	0.469388	0.0298882
0.795918	0.510204	0.0280728
0.795918	0.55102	0.0261452
0.795918	0.591837	0.0241133
0.795918	0.632653	0.0219851
0.795918	0.673469	0.0197692
0.795918	0.714286	0.0174743
0.795918	0.755102	0.0151097
0.795918	0.795918	0.0126847
0.795918	0.836735	0.010209
0.795918	0.877551	0.00769267
0.795918	0.918367	0.00514557
0.795918	0.959184	0.00257793
0.795918	1	0
0.836735	-1	0.00204757
0.836735	-0.959184	0.00408729
0.836735	-0.918367	0.00611133
0.836735	-0.877551	0.00811192
0.836735	-0.836735	0.0100813
0.836735	-0.795918	0.012012
0.836735	-0.755102	0.0138965
0.836735	-0.714286	0.0157275
0.836735	-0.673469	0.0174978
0.836735	-0.632653	0.0192006
0.836735	-0.591837	0.0208291
0.836735	-0.55102	0.0223771
0.836735	-0.510204	0.0238382
0.836735	-0.469388	0.0252068
0.836735	-0.428571	0.0264774
0.836735	-0.387755	0.0276448
0.836735	-0.346939	0.0287042
0.836735	-0.306122	0.0296515
0.836735	-0.265306	0.0304827
0.836735	-0.22449	0.0311943
0.836735	-0.183673	0.0317833
0.836735	-0.142857	0.0322472
0.836735	-0.102041	0.0325841
0.836735	-0.0612245	0.0327923
0.836735	-0.0204082	0.032871
0.836735	0.0204082	0.0328196
0.836735	0.0612245	0.0326381
0.836735	0.102041	0.0323272
0.836735	0.142857	0.0318879
0.836735	0.183673	0.031322
0.836735	0.22449	0.0306314
0.836735	0.265306	0.0298189
0.836735	0.306122	0.0288877
0.836735	0.346939	0.0278413
0.836735	0.387755	0.026684
0.836735	0.428571	0.0254202
0.836735	0.469388	0.0240551
0.836735	0.510204	0.0225939
0.836735	0.55102	0.0210425
0.836735	0.591837	0.0194072
0.836735	0.632653	0.0176944
0.836735	0.673469	0.0159109
0.836735	0.714286	0.0140639
0.836735	0.755102	0.0121608
0.836735	0.795918	0.010209
0.836735	0.836735	0.00821658
0.836735	0.877551	0.00619132
0.836735	0.918367	0.00414133
0.836735	0.959184	0.00207481
0.836735	1	0
0.877551	-1	0.00154288
0.877551	-0.959184	0.00307984
0.877551	-0.918367	0.00460498
0.877551	-0.877551	0.00611245
0.877551	-0.836735	0.00759644
0.877551	-0.795918	0.00905123
0.877551	-0.755102	0.0104712
0.877551	-0.714286	0.0118509
0.877551	-0.673469	0.0131848
0.877551	-0.632653	0.0144679
0.877551	-0.591837	0.015695
0.877551	-0.55102	0.0168614
0.877551	-0.510204	0.0179624
0.877551	-0.469388	0.0189937
0.877551	-0.428571	0.0199511
0.877551	-0.387755	0.0208307
0.877551	-0.346939	0.0216291
0.877551	-0.306122	0.0223428
0.877551	-0.265306	0.0229691
0.877551	-0.22449	0.0235053
0.877551	-0.183673	0.0239492
0.877551	-0.142857	0.0242987
0.877551	-0.102041	0.0245526
0.877551	-0.0612245	0.0247095
0.877551	-0.0204082	0.0247688
0.877551	0.0204082	0.02473
0.877551	0.0612245	0.0245933
0.877551	0.102041	0.024359
0.877551	0.142857	0.024028
0.877551	0.183673	0.0236015
0.877551	0.22449	0.0230812
0.877551	0.265306	0.022469
0.877551	0.306122	0.0217673
0.877551	0.346939	0.0209789
0.877551	0.387755	0.0201068
0.877551	0.428571	0.0191545
0.877551	0.469388	0.0181258
0.877551	0.510204	0.0170248
0.877551	0.55102	0.0158559
0.877551	0.591837	0.0146236
0.877551	0.632653	0.013333
0.877551	0.673469	0.0119891
0.877551	0.714286	0.0105974
0.877551	0.755102	0.0091633
0.877551	0.795918	0.00769267
0.877551	0.836735	0.00619132
0.877551	0.877551	0.00466525
0.877551	0.918367	0.00312055
0.877551	0.959184	0.0015634
0.877551	1	0
0.918367	-1	0.00103202
0.918367	-0.959184	0.00206008
0.918367	-0.918367	0.00308024
0.918367	-0.877551	0.00408857
0.918367	-0.836735	0.0050812
0.918367	-0.795918	0.00605431
0.918367	-0.755102	0.00700412
0.918367	-0.714286	0.00792696
0.918367	-0.673469	0.00881924
0.918367	-0.632653	0.00967748
0.918367	-0.591837	0.0104983
0.918367	-0.55102	0.0112785
0.918367	-0.510204	0.012015
0.918367	-0.469388	0.0127048
0.918367	-0.428571	0.0133451
0.918367	-0.387755	0.0139335
0.918367	-0.346939	0.0144675
0.918367	-0.306122	0.014945
0.918367	-0.265306	0.0153639
0.918367	-0.22449	0.0157225
0.918367	-0.183673	0.0160194
0.918367	-0.142857	0.0162533
0.918367	-0.102041	0.016423
0.918367	-0.0612245	0.016528
0.918367	-0.0204082	0.0165677
0.918367	0.0204082	0.0165417
0.918367	0.0612245	0.0164503
0.918367	0.102041	0.0162936
0.918367	0.142857	0.0160722
0.918367	0.183673	0.0157869
0.918367	0.22449	0.0154389
0.918367	0.265306	0.0150294
0.918367	0.306122	0.01456
0.918367	0.346939	0.0140326
0.918367	0.387755	0.0134493
0.918367	0.428571	0.0128123
0.918367	0.469388	0.0121242
0.918367	0.510204	0.0113878
0.918367	0.55102	0.0106059
0.918367	0.591837	0.00978163
0.918367	0.632653	0.00891833
0.918367	0.673469	0.00801942
0.918367	0.714286	0.0070885
0.918367	0.755102	0.00612927
0.918367	0.795918	0.00514557
0.918367	0.836735	0.00414133
0.918367	0.877551	0.00312055
0.918367	0.918367	0.00208731
0.918367	0.959184	0.00104574
0.918367	1	0
0.959184	-1	0.000517042
0.959184	-0.959184	0.0010321
0.959184	-0.918367	0.0015432
0.959184	-0.877551	0.00204837
0.959184	-0.836735	0.00254568
0.959184	-0.795918	0.00303321
0.959184	-0.755102	0.00350906
0.959184	-0.714286	0.00397141
0.959184	-0.673469	0.00441844
0.959184	-0.632653	0.00484842
0.959184	-0.591837	0.00525965
0.959184	-0.55102	0.00565053
0.959184	-0.510204	0.00601949
0.959184	-0.469388	0.00636508
0.959184	-0.428571	0.00668592
0.959184	-0.387755	0.0069807
0.959184	-0.346939	0.00724823
0.959184	-0.306122	0.00748743
0.959184	-0.265306	0.00769731
0.959184	-0.22449	0.00787699
0.959184	-0.183673	0.00802573
0.959184	-0.142857	0.00814288
0.959184	-0.102041	0.00822795
0.959184	-0.0612245	0.00828053
0.959184	-0.0204082	0.00830039
0.959184	0.0204082	0.00828741
0.959184	0.0612245	0.00824159
0.959184	0.102041	0.00816308
0.959184	0.142857	0.00805216
0.959184	0.183673	0.00790924
0.959184	0.22449	0.00773487
0.959184	0.265306	0.00752971
0.959184	0.306122	0.00729456
0.959184	0.346939	0.00703034
0.959184	0.387755	0.00673809
0.959184	0.428571	0.00641898
0.959184	0.469388	0.00607425
0.959184	0.510204	0.00570528
0.959184	0.55102	0.00531354
0.959184	0.591837	0.0049006
0.959184	0.632653	0.00446808
0.959184	0.673469	0.00401773
0.959184	0.714286	0.00355134
0.959184	0.755102	0.00307076
0.959184	0.795918	0.00257793
0.959184	0.836735	0.00207481
0.959184	0.877551	0.0015634
0.959184	0.918367	0.00104574
0.959184	0.959184	0.000523918
0.959184	1	0
1	-1	0
1	-0.959184	0
1	-0.918367	0
1	-0.877551	0
1	-0.836735	0
1	-0.795918	0
1	-0.755102	0
1	-0.714286	0
1	-0.673469	0
1	-0.632653	0
1	-0.591837	0
1	-0.55102	0
1	-0.510204	0
1	-0.469388	0
1	-0.428571	0
1	-0.387755	0
1	-0.346939	0
1	-0.306122	0
1	-0.265306	0
1	-0.22449	0
1	-0.183673	0
1	-0.142857	0
1	-0.102041	0
1	-0.0612245	0
1	-0.0204082	0
1	0.0204082	0
1	0.0612245	0
1	0.102041	0
1	0.142857	0
1	0.183673	0
1	0.22449	0
1	0.265306	0
1	0.306122	0
1	0.346939	0
1	0.387755	0
1	0.428571	0
1	0.469388	0
1	0.510204	0
1	0.55102	0
1	0.591837	0
1	0.632653	0
1	0.673469	0
1	0.714286	0
1	0.755102	0
1	0.795918	0
1	0.836735	0
1	0.877551	0
1	0.918367	0
1	0.959184	0
1	1	0
