-1	-1	3.01638e-05
-1	-0.959184	6.02087e-05
-1	-0.918367	9.0016e-05
-1	-0.877551	0.000119468
-1	-0.836735	0.000148449
-1	-0.795918	0.000176844
-1	-0.755102	0.000204541
-1	-0.714286	0.000231432
-1	-0.673469	0.000257409
-1	-0.632653	0.00028237
-1	-0.591837	0.000306218
-1	-0.55102	0.000328857
-1	-0.510204	0.000350198
-1	-0.469388	0.000370158
-1	-0.428571	0.000388657
-1	-0.387755	0.000405623
-1	-0.346939	0.000420988
-1	-0.306122	0.000434692
-1	-0.265306	0.00044668
-1	-0.22449	0.000456906
-1	-0.183673	0.000465329
-1	-0.142857	0.000471915
-1	-0.102041	0.000476639
-1	-0.0612245	0.000479482
-1	-0.0204082	0.000480433
-1	0.0204082	0.000479488
-1	0.0612245	0.00047665
-1	0.102041	0.000471932
-1	0.142857	0.00046535
-1	0.183673	0.000456932
-1	0.22449	0.000446711
-1	0.265306	0.000434726
-1	0.306122	0.000421026
-1	0.346939	0.000405663
-1	0.387755	0.0003887
-1	0.428571	0.000370202
-1	0.469388	0.000350243
-1	0.510204	0.000328902
-1	0.55102	0.000306262
-1	0.591837	0.000282413
-1	0.632653	0.000257449
-1	0.673469	0.000231469
-1	0.714286	0.000204576
-1	0.755102	0.000176875
-1	0.795918	0.000148475
-1	0.836735	0.00011949
-1	0.877551	9.00325e-05
-1	0.918367	6.02198e-05
-1	0.959184	3.01695e-05
-1	1	0
-0.959184	-1	6.02087e-05
-0.959184	-0.959184	0.00012018
-0.959184	-0.918367	0.000179677
-0.959184	-0.877551	0.000238465
-0.959184	-0.836735	0.000296312
-0.959184	-0.795918	0.00035299
-0.959184	-0.755102	0.000408276
-0.959184	-0.714286	0.00046195
-0.959184	-0.673469	0.000513802
-0.959184	-0.632653	0.000563627
-0.959184	-0.591837	0.000611227
-0.959184	-0.55102	0.000656416
-0.959184	-0.510204	0.000699015
-0.959184	-0.469388	0.000738856
-0.959184	-0.428571	0.000775781
-0.959184	-0.387755	0.000809646
-0.959184	-0.346939	0.000840315
-0.959184	-0.306122	0.000867668
-0.959184	-0.265306	0.000891598
-0.959184	-0.22449	0.000912009
-0.959184	-0.183673	0.000928822
-0.959184	-0.142857	0.000941969
-0.959184	-0.102041	0.000951398
-0.959184	-0.0612245	0.000957073
-0.959184	-0.0204082	0.000958971
-0.959184	0.0204082	0.000957084
-0.959184	0.0612245	0.00095142
-0.959184	0.102041	0.000942001
-0.959184	0.142857	0.000928865
-0.959184	0.183673	0.000912062
-0.959184	0.22449	0.000891659
-0.959184	0.265306	0.000867737
-0.959184	0.306122	0.00084039
-0.959184	0.346939	0.000809726
-0.959184	0.387755	0.000775866
-0.959184	0.428571	0.000738944
-0.959184	0.469388	0.000699104
-0.959184	0.510204	0.000656505
-0.959184	0.55102	0.000611315
-0.959184	0.591837	0.000563712
-0.959184	0.632653	0.000513883
-0.959184	0.673469	0.000462026
-0.959184	0.714286	0.000408344
-0.959184	0.755102	0.000353051
-0.959184	0.795918	0.000296365
-0.959184	0.836735	0.000238508
-0.959184	0.877551	0.00017971
-0.959184	0.918367	0.000120202
-0.959184	0.959184	6.02199e-05
-0.959184	1	0
-0.918367	-1	9.0016e-05
-0.918367	-0.959184	0.000179677
-0.918367	-0.918367	0.000268629
-0.918367	-0.877551	0.000356521
-0.918367	-0.836735	0.000443006
-0.918367	-0.795918	0.000527744
-0.918367	-0.755102	0.000610399
-0.918367	-0.714286	0.000690646
-0.918367	-0.673469	0.000768168
-0.918367	-0.632653	0.000842659
-0.918367	-0.591837	0.000913825
-0.918367	-0.55102	0.000981386
-0.918367	-0.510204	0.00104507
-0.918367	-0.469388	0.00110464
-0.918367	-0.428571	0.00115984
-0.918367	-0.387755	0.00121047
-0.918367	-0.346939	0.00125633
-0.918367	-0.306122	0.00129722
-0.918367	-0.265306	0.001333
-0.918367	-0.22449	0.00136351
-0.918367	-0.183673	0.00138865
-0.918367	-0.142857	0.00140831
-0.918367	-0.102041	0.0014224
-0.918367	-0.0612245	0.00143089
-0.918367	-0.0204082	0.00143373
-0.918367	0.0204082	0.0014309
-0.918367	0.0612245	0.00142244
-0.918367	0.102041	0.00140835
-0.918367	0.142857	0.00138871
-0.918367	0.183673	0.00136359
-0.918367	0.22449	0.00133309
-0.918367	0.265306	0.00129732
-0.918367	0.306122	0.00125644
-0.918367	0.346939	0.00121059
-0.918367	0.387755	0.00115997
-0.918367	0.428571	0.00110477
-0.918367	0.469388	0.00104521
-0.918367	0.510204	0.000981519
-0.918367	0.55102	0.000913956
-0.918367	0.591837	0.000842786
-0.918367	0.632653	0.000768289
-0.918367	0.673469	0.000690759
-0.918367	0.714286	0.000610502
-0.918367	0.755102	0.000527835
-0.918367	0.795918	0.000443085
-0.918367	0.836735	0.000356585
-0.918367	0.877551	0.000268678
-0.918367	0.918367	0.00017971
-0.918367	0.959184	9.00327e-05
-0.918367	1	0
-0.877551	-1	0.000119468
-0.877551	-0.959184	0.000238465
-0.877551	-0.918367	0.000356521
-0.877551	-0.877551	0.00047317
-0.877551	-0.836735	0.000587952
-0.877551	-0.795918	0.000700415
-0.877551	-0.755102	0.000810114
-0.877551	-0.714286	0.000916617
-0.877551	-0.673469	0.0010195
-0.877551	-0.632653	0.00111837
-0.877551	-0.591837	0.00121282
-0.877551	-0.55102	0.00130248
-0.877551	-0.510204	0.00138701
-0.877551	-0.469388	0.00146606
-0.877551	-0.428571	0.00153933
-0.877551	-0.387755	0.00160653
-0.877551	-0.346939	0.00166738
-0.877551	-0.306122	0.00172166
-0.877551	-0.265306	0.00176914
-0.877551	-0.22449	0.00180964
-0.877551	-0.183673	0.001843
-0.877551	-0.142857	0.00186909
-0.877551	-0.102041	0.0018878
-0.877551	-0.0612245	0.00189906
-0.877551	-0.0204082	0.00190282
-0.877551	0.0204082	0.00189908
-0.877551	0.0612245	0.00188784
-0.877551	0.102041	0.00186915
-0.877551	0.142857	0.00184308
-0.877551	0.183673	0.00180974
-0.877551	0.22449	0.00176926
-0.877551	0.265306	0.00172179
-0.877551	0.306122	0.00166753
-0.877551	0.346939	0.00160669
-0.877551	0.387755	0.0015395
-0.877551	0.428571	0.00146624
-0.877551	0.469388	0.00138719
-0.877551	0.510204	0.00130266
-0.877551	0.55102	0.00121299
-0.877551	0.591837	0.00111854
-0.877551	0.632653	0.00101966
-0.877551	0.673469	0.000916767
-0.877551	0.714286	0.000810251
-0.877551	0.755102	0.000700536
-0.877551	0.795918	0.000588057
-0.877551	0.836735	0.000473255
-0.877551	0.877551	0.000356586
-0.877551	0.918367	0.000238509
-0.877551	0.959184	0.00011949
-0.877551	1	0
-0.836735	-1	0.000148449
-0.836735	-0.959184	0.000296312
-0.836735	-0.918367	0.000443006
-0.836735	-0.877551	0.000587952
-0.836735	-0.836735	0.000730579
-0.836735	-0.795918	0.000870323
-0.836735	-0.755102	0.00100663
-0.836735	-0.714286	0.00113897
-0.836735	-0.673469	0.00126682
-0.836735	-0.632653	0.00138966
-0.836735	-0.591837	0.00150703
-0.836735	-0.55102	0.00161844
-0.836735	-0.510204	0.00172347
-0.836735	-0.469388	0.0018217
-0.836735	-0.428571	0.00191275
-0.836735	-0.387755	0.00199624
-0.836735	-0.346939	0.00207186
-0.836735	-0.306122	0.0021393
-0.836735	-0.265306	0.0021983
-0.836735	-0.22449	0.00224863
-0.836735	-0.183673	0.00229008
-0.836735	-0.142857	0.00232249
-0.836735	-0.102041	0.00234574
-0.836735	-0.0612245	0.00235973
-0.836735	-0.0204082	0.00236441
-0.836735	0.0204082	0.00235976
-0.836735	0.0612245	0.0023458
-0.836735	0.102041	0.00232257
-0.836735	0.142857	0.00229018
-0.836735	0.183673	0.00224875
-0.836735	0.22449	0.00219845
-0.836735	0.265306	0.00213947
-0.836735	0.306122	0.00207204
-0.836735	0.346939	0.00199644
-0.836735	0.387755	0.00191295
-0.836735	0.428571	0.00182192
-0.836735	0.469388	0.00172369
-0.836735	0.510204	0.00161866
-0.836735	0.55102	0.00150724
-0.836735	0.591837	0.00138987
-0.836735	0.632653	0.00126702
-0.836735	0.673469	0.00113916
-0.836735	0.714286	0.0010068
-0.836735	0.755102	0.000870474
-0.836735	0.795918	0.000730708
-0.836735	0.836735	0.000588059
-0.836735	0.877551	0.000443087
-0.836735	0.918367	0.000296367
-0.836735	0.959184	0.000148477
-0.836735	1	0
-0.795918	-1	0.000176844
-0.795918	-0.959184	0.00035299
-0.795918	-0.918367	0.000527744
-0.795918	-0.877551	0.000700415
-0.795918	-0.836735	0.000870323
-0.795918	-0.795918	0.0010368
-0.795918	-0.755102	0.00119918
-0.795918	-0.714286	0.00135683
-0.795918	-0.673469	0.00150913
-0.795918	-0.632653	0.00165547
-0.795918	-0.591837	0.00179529
-0.795918	-0.55102	0.00192801
-0.795918	-0.510204	0.00205314
-0.795918	-0.469388	0.00217016
-0.795918	-0.428571	0.00227861
-0.795918	-0.387755	0.00237808
-0.795918	-0.346939	0.00246816
-0.795918	-0.306122	0.0025485
-0.795918	-0.265306	0.00261879
-0.795918	-0.22449	0.00267874
-0.795918	-0.183673	0.00272812
-0.795918	-0.142857	0.00276673
-0.795918	-0.102041	0.00279443
-0.795918	-0.0612245	0.0028111
-0.795918	-0.0204082	0.00281667
-0.795918	0.0204082	0.00281113
-0.795918	0.0612245	0.0027945
-0.795918	0.102041	0.00276683
-0.795918	0.142857	0.00272825
-0.795918	0.183673	0.00267889
-0.795918	0.22449	0.00261897
-0.795918	0.265306	0.0025487
-0.795918	0.306122	0.00246838
-0.795918	0.346939	0.00237832
-0.795918	0.387755	0.00227886
-0.795918	0.428571	0.00217041
-0.795918	0.469388	0.0020534
-0.795918	0.510204	0.00192828
-0.795918	0.55102	0.00179554
-0.795918	0.591837	0.00165572
-0.795918	0.632653	0.00150937
-0.795918	0.673469	0.00135705
-0.795918	0.714286	0.00119938
-0.795918	0.755102	0.00103698
-0.795918	0.795918	0.000870477
-0.795918	0.836735	0.000700541
-0.795918	0.877551	0.00052784
-0.795918	0.918367	0.000353055
-0.795918	0.959184	0.000176877
-0.795918	1	0
-0.755102	-1	0.000204541
-0.755102	-0.959184	0.000408276
-0.755102	-0.918367	0.000610399
-0.755102	-0.877551	0.000810114
-0.755102	-0.836735	0.00100663
-0.755102	-0.795918	0.00119918
-0.755102	-0.755102	0.001387
-0.755102	-0.714286	0.00156934
-0.755102	-0.673469	0.00174549
-0.755102	-0.632653	0.00191476
-0.755102	-0.591837	0.00207646
-0.755102	-0.55102	0.00222998
-0.755102	-0.510204	0.0023747
-0.755102	-0.469388	0.00251005
-0.755102	-0.428571	0.00263549
-0.755102	-0.387755	0.00275053
-0.755102	-0.346939	0.00285472
-0.755102	-0.306122	0.00294765
-0.755102	-0.265306	0.00302894
-0.755102	-0.22449	0.00309828
-0.755102	-0.183673	0.0031554
-0.755102	-0.142857	0.00320006
-0.755102	-0.102041	0.00323209
-0.755102	-0.0612245	0.00325137
-0.755102	-0.0204082	0.00325782
-0.755102	0.0204082	0.00325141
-0.755102	0.0612245	0.00323217
-0.755102	0.102041	0.00320017
-0.755102	0.142857	0.00315554
-0.755102	0.183673	0.00309846
-0.755102	0.22449	0.00302915
-0.755102	0.265306	0.00294788
-0.755102	0.306122	0.00285498
-0.755102	0.346939	0.00275081
-0.755102	0.387755	0.00263578
-0.755102	0.428571	0.00251034
-0.755102	0.469388	0.002375
-0.755102	0.510204	0.00223028
-0.755102	0.55102	0.00207676
-0.755102	0.591837	0.00191504
-0.755102	0.632653	0.00174577
-0.755102	0.673469	0.0015696
-0.755102	0.714286	0.00138723
-0.755102	0.755102	0.00119939
-0.755102	0.795918	0.00100681
-0.755102	0.836735	0.00081026
-0.755102	0.877551	0.000610511
-0.755102	0.918367	0.000408351
-0.755102	0.959184	0.000204579
-0.755102	1	0
-0.714286	-1	0.000231432
-0.714286	-0.959184	0.00046195
-0.714286	-0.918367	0.000690646
-0.714286	-0.877551	0.000916617
-0.714286	-0.836735	0.00113897
-0.714286	-0.795918	0.00135683
-0.714286	-0.755102	0.00156934
-0.714286	-0.714286	0.00177565
-0.714286	-0.673469	0.00197496
-0.714286	-0.632653	0.00216648
-0.714286	-0.591837	0.00234945
-0.714286	-0.55102	0.00252315
-0.714286	-0.510204	0.00268689
-0.714286	-0.469388	0.00284003
-0.714286	-0.428571	0.00298197
-0.714286	-0.387755	0.00311213
-0.714286	-0.346939	0.00323002
-0.714286	-0.306122	0.00333516
-0.714286	-0.265306	0.00342715
-0.714286	-0.22449	0.0035056
-0.714286	-0.183673	0.00357023
-0.714286	-0.142857	0.00362076
-0.714286	-0.102041	0.00365701
-0.714286	-0.0612245	0.00367882
-0.714286	-0.0204082	0.00368612
-0.714286	0.0204082	0.00367886
-0.714286	0.0612245	0.00365709
-0.714286	0.102041	0.00362089
-0.714286	0.142857	0.00357039
-0.714286	0.183673	0.00350581
-0.714286	0.22449	0.00342738
-0.714286	0.265306	0.00333543
-0.714286	0.306122	0.00323031
-0.714286	0.346939	0.00311245
-0.714286	0.387755	0.00298229
-0.714286	0.428571	0.00284037
-0.714286	0.469388	0.00268723
-0.714286	0.510204	0.00252349
-0.714286	0.55102	0.00234979
-0.714286	0.591837	0.00216681
-0.714286	0.632653	0.00197527
-0.714286	0.673469	0.00177594
-0.714286	0.714286	0.0015696
-0.714286	0.755102	0.00135707
-0.714286	0.795918	0.00113917
-0.714286	0.836735	0.000916782
-0.714286	0.877551	0.000690772
-0.714286	0.918367	0.000462036
-0.714286	0.959184	0.000231475
-0.714286	1	0
-0.673469	-1	0.000257409
-0.673469	-0.959184	0.000513802
-0.673469	-0.918367	0.000768168
-0.673469	-0.877551	0.0010195
-0.673469	-0.836735	0.00126682
-0.673469	-0.795918	0.00150913
-0.673469	-0.755102	0.00174549
-0.673469	-0.714286	0.00197496
-0.673469	-0.673469	0.00219665
-0.673469	-0.632653	0.00240966
-0.673469	-0.591837	0.00261317
-0.673469	-0.55102	0.00280636
-0.673469	-0.510204	0.00298848
-0.673469	-0.469388	0.00315881
-0.673469	-0.428571	0.00331668
-0.673469	-0.387755	0.00346146
-0.673469	-0.346939	0.00359258
-0.673469	-0.306122	0.00370952
-0.673469	-0.265306	0.00381183
-0.673469	-0.22449	0.00389909
-0.673469	-0.183673	0.00397097
-0.673469	-0.142857	0.00402718
-0.673469	-0.102041	0.00406749
-0.673469	-0.0612245	0.00409175
-0.673469	-0.0204082	0.00409987
-0.673469	0.0204082	0.0040918
-0.673469	0.0612245	0.00406758
-0.673469	0.102041	0.00402732
-0.673469	0.142857	0.00397115
-0.673469	0.183673	0.00389932
-0.673469	0.22449	0.00381209
-0.673469	0.265306	0.00370982
-0.673469	0.306122	0.0035929
-0.673469	0.346939	0.0034618
-0.673469	0.387755	0.00331704
-0.673469	0.428571	0.00315919
-0.673469	0.469388	0.00298886
-0.673469	0.510204	0.00280674
-0.673469	0.55102	0.00261354
-0.673469	0.591837	0.00241002
-0.673469	0.632653	0.00219699
-0.673469	0.673469	0.00197529
-0.673469	0.714286	0.00174579
-0.673469	0.755102	0.00150939
-0.673469	0.795918	0.00126704
-0.673469	0.836735	0.00101969
-0.673469	0.877551	0.000768309
-0.673469	0.918367	0.000513897
-0.673469	0.959184	0.000257457
-0.673469	1	0
-0.632653	-1	0.00028237
-0.632653	-0.959184	0.000563627
-0.632653	-0.918367	0.000842659
-0.632653	-0.877551	0.00111837
-0.632653	-0.836735	0.00138966
-0.632653	-0.795918	0.00165547
-0.632653	-0.755102	0.00191476
-0.632653	-0.714286	0.00216648
-0.632653	-0.673469	0.00240966
-0.632653	-0.632653	0.00264333
-0.632653	-0.591837	0.00286657
-0.632653	-0.55102	0.0030785
-0.632653	-0.510204	0.00327828
-0.632653	-0.469388	0.00346513
-0.632653	-0.428571	0.00363831
-0.632653	-0.387755	0.00379712
-0.632653	-0.346939	0.00394096
-0.632653	-0.306122	0.00406924
-0.632653	-0.265306	0.00418147
-0.632653	-0.22449	0.0042772
-0.632653	-0.183673	0.00435604
-0.632653	-0.142857	0.0044177
-0.632653	-0.102041	0.00446192
-0.632653	-0.0612245	0.00448854
-0.632653	-0.0204082	0.00449744
-0.632653	0.0204082	0.00448859
-0.632653	0.0612245	0.00446203
-0.632653	0.102041	0.00441785
-0.632653	0.142857	0.00435625
-0.632653	0.183673	0.00427744
-0.632653	0.22449	0.00418176
-0.632653	0.265306	0.00406957
-0.632653	0.306122	0.00394131
-0.632653	0.346939	0.0037975
-0.632653	0.387755	0.0036387
-0.632653	0.428571	0.00346554
-0.632653	0.469388	0.0032787
-0.632653	0.510204	0.00307892
-0.632653	0.55102	0.00286698
-0.632653	0.591837	0.00264373
-0.632653	0.632653	0.00241004
-0.632653	0.673469	0.00216683
-0.632653	0.714286	0.00191508
-0.632653	0.755102	0.00165576
-0.632653	0.795918	0.00138991
-0.632653	0.836735	0.00111857
-0.632653	0.877551	0.000842813
-0.632653	0.918367	0.000563731
-0.632653	0.959184	0.000282423
-0.632653	1	0
-0.591837	-1	0.000306218
-0.591837	-0.959184	0.000611227
-0.591837	-0.918367	0.000913825
-0.591837	-0.877551	0.00121282
-0.591837	-0.836735	0.00150703
-0.591837	-0.795918	0.00179529
-0.591837	-0.755102	0.00207646
-0.591837	-0.714286	0.00234945
-0.591837	-0.673469	0.00261317
-0.591837	-0.632653	0.00286657
-0.591837	-0.591837	0.00310866
-0.591837	-0.55102	0.00333849
-0.591837	-0.510204	0.00355515
-0.591837	-0.469388	0.00375778
-0.591837	-0.428571	0.00394558
-0.591837	-0.387755	0.00411781
-0.591837	-0.346939	0.00427379
-0.591837	-0.306122	0.00441291
-0.591837	-0.265306	0.00453461
-0.591837	-0.22449	0.00463842
-0.591837	-0.183673	0.00472393
-0.591837	-0.142857	0.00479079
-0.591837	-0.102041	0.00483875
-0.591837	-0.0612245	0.00486762
-0.591837	-0.0204082	0.00487727
-0.591837	0.0204082	0.00486767
-0.591837	0.0612245	0.00483887
-0.591837	0.102041	0.00479096
-0.591837	0.142857	0.00472415
-0.591837	0.183673	0.00463869
-0.591837	0.22449	0.00453492
-0.591837	0.265306	0.00441326
-0.591837	0.306122	0.00427417
-0.591837	0.346939	0.00411822
-0.591837	0.387755	0.00394601
-0.591837	0.428571	0.00375822
-0.591837	0.469388	0.0035556
-0.591837	0.510204	0.00333895
-0.591837	0.55102	0.00310911
-0.591837	0.591837	0.002867
-0.591837	0.632653	0.00261358
-0.591837	0.673469	0.00234983
-0.591837	0.714286	0.00207681
-0.591837	0.755102	0.0017956
-0.591837	0.795918	0.00150729
-0.591837	0.836735	0.00121304
-0.591837	0.877551	0.000913993
-0.591837	0.918367	0.00061134
-0.591837	0.959184	0.000306275
-0.591837	1	0
-0.55102	-1	0.000328857
-0.55102	-0.959184	0.000656416
-0.55102	-0.918367	0.000981386
-0.55102	-0.877551	0.00130248
-0.55102	-0.836735	0.00161844
-0.55102	-0.795918	0.00192801
-0.55102	-0.755102	0.00222998
-0.55102	-0.714286	0.00252315
-0.55102	-0.673469	0.00280636
-0.55102	-0.632653	0.0030785
-0.55102	-0.591837	0.00333849
-0.55102	-0.55102	0.00358531
-0.55102	-0.510204	0.00381799
-0.55102	-0.469388	0.00403559
-0.55102	-0.428571	0.00423728
-0.55102	-0.387755	0.00442224
-0.55102	-0.346939	0.00458976
-0.55102	-0.306122	0.00473916
-0.55102	-0.265306	0.00486986
-0.55102	-0.22449	0.00498135
-0.55102	-0.183673	0.00507318
-0.55102	-0.142857	0.00514499
-0.55102	-0.102041	0.00519649
-0.55102	-0.0612245	0.00522749
-0.55102	-0.0204082	0.00523785
-0.55102	0.0204082	0.00522755
-0.55102	0.0612245	0.00519661
-0.55102	0.102041	0.00514517
-0.55102	0.142857	0.00507341
-0.55102	0.183673	0.00498164
-0.55102	0.22449	0.0048702
-0.55102	0.265306	0.00473954
-0.55102	0.306122	0.00459017
-0.55102	0.346939	0.00442269
-0.55102	0.387755	0.00423774
-0.55102	0.428571	0.00403607
-0.55102	0.469388	0.00381847
-0.55102	0.510204	0.0035858
-0.55102	0.55102	0.00333897
-0.55102	0.591837	0.00307896
-0.55102	0.632653	0.0028068
-0.55102	0.673469	0.00252356
-0.55102	0.714286	0.00223036
-0.55102	0.755102	0.00192835
-0.55102	0.795918	0.00161873
-0.55102	0.836735	0.00130272
-0.55102	0.877551	0.000981565
-0.55102	0.918367	0.000656538
-0.55102	0.959184	0.000328918
-0.55102	1	0
-0.510204	-1	0.000350198
-0.510204	-0.959184	0.000699015
-0.510204	-0.918367	0.00104507
-0.510204	-0.877551	0.00138701
-0.510204	-0.836735	0.00172347
-0.510204	-0.795918	0.00205314
-0.510204	-0.755102	0.0023747
-0.510204	-0.714286	0.00268689
-0.510204	-0.673469	0.00298848
-0.510204	-0.632653	0.00327828
-0.510204	-0.591837	0.00355515
-0.510204	-0.55102	0.00381799
-0.510204	-0.510204	0.00406576
-0.510204	-0.469388	0.00429749
-0.510204	-0.428571	0.00451226
-0.510204	-0.387755	0.00470923
-0.510204	-0.346939	0.00488762
-0.510204	-0.306122	0.00504672
-0.510204	-0.265306	0.0051859
-0.510204	-0.22449	0.00530462
-0.510204	-0.183673	0.00540241
-0.510204	-0.142857	0.00547888
-0.510204	-0.102041	0.00553372
-0.510204	-0.0612245	0.00556673
-0.510204	-0.0204082	0.00557777
-0.510204	0.0204082	0.0055668
-0.510204	0.0612245	0.00553385
-0.510204	0.102041	0.00547907
-0.510204	0.142857	0.00540266
-0.510204	0.183673	0.00530493
-0.510204	0.22449	0.00518626
-0.510204	0.265306	0.00504712
-0.510204	0.306122	0.00488806
-0.510204	0.346939	0.0047097
-0.510204	0.387755	0.00451276
-0.510204	0.428571	0.004298
-0.510204	0.469388	0.00406628
-0.510204	0.510204	0.0038185
-0.510204	0.55102	0.00355566
-0.510204	0.591837	0.00327878
-0.510204	0.632653	0.00298895
-0.510204	0.673469	0.00268733
-0.510204	0.714286	0.0023751
-0.510204	0.755102	0.00205349
-0.510204	0.795918	0.00172378
-0.510204	0.836735	0.00138726
-0.510204	0.877551	0.00104527
-0.510204	0.918367	0.000699144
-0.510204	0.959184	0.000350264
-0.510204	1	0
-0.469388	-1	0.000370158
-0.469388	-0.959184	0.000738856
-0.469388	-0.918367	0.00110464
-0.469388	-0.877551	0.00146606
-0.469388	-0.836735	0.0018217
-0.469388	-0.795918	0.00217016
-0.469388	-0.755102	0.00251005
-0.469388	-0.714286	0.00284003
-0.469388	-0.673469	0.00315881
-0.469388	-0.632653	0.00346513
-0.469388	-0.591837	0.00375778
-0.469388	-0.55102	0.00403559
-0.469388	-0.510204	0.00429749
-0.469388	-0.469388	0.00454243
-0.469388	-0.428571	0.00476944
-0.469388	-0.387755	0.00497764
-0.469388	-0.346939	0.00516619
-0.469388	-0.306122	0.00533436
-0.469388	-0.265306	0.00548147
-0.469388	-0.22449	0.00560696
-0.469388	-0.183673	0.00571032
-0.469388	-0.142857	0.00579115
-0.469388	-0.102041	0.00584912
-0.469388	-0.0612245	0.00588401
-0.469388	-0.0204082	0.00589568
-0.469388	0.0204082	0.00588408
-0.469388	0.0612245	0.00584926
-0.469388	0.102041	0.00579135
-0.469388	0.142857	0.00571059
-0.469388	0.183673	0.00560728
-0.469388	0.22449	0.00548185
-0.469388	0.265306	0.00533478
-0.469388	0.306122	0.00516665
-0.469388	0.346939	0.00497813
-0.469388	0.387755	0.00476996
-0.469388	0.428571	0.00454297
-0.469388	0.469388	0.00429804
-0.469388	0.510204	0.00403614
-0.469388	0.55102	0.00375832
-0.469388	0.591837	0.00346565
-0.469388	0.632653	0.00315931
-0.469388	0.673469	0.0028405
-0.469388	0.714286	0.00251047
-0.469388	0.755102	0.00217053
-0.469388	0.795918	0.00182203
-0.469388	0.836735	0.00146633
-0.469388	0.877551	0.00110484
-0.469388	0.918367	0.000738993
-0.469388	0.959184	0.000370227
-0.469388	1	0
-0.428571	-1	0.000388657
-0.428571	-0.959184	0.000775781
-0.428571	-0.918367	0.00115984
-0.428571	-0.877551	0.00153933
-0.428571	-0.836735	0.00191275
-0.428571	-0.795918	0.00227861
-0.428571	-0.755102	0.00263549
-0.428571	-0.714286	0.00298197
-0.428571	-0.673469	0.00331668
-0.428571	-0.632653	0.00363831
-0.428571	-0.591837	0.00394558
-0.428571	-0.55102	0.00423728
-0.428571	-0.510204	0.00451226
-0.428571	-0.469388	0.00476944
-0.428571	-0.428571	0.0050078
-0.428571	-0.387755	0.0052264
-0.428571	-0.346939	0.00542438
-0.428571	-0.306122	0.00560095
-0.428571	-0.265306	0.00575542
-0.428571	-0.22449	0.00588718
-0.428571	-0.183673	0.0059957
-0.428571	-0.142857	0.00608057
-0.428571	-0.102041	0.00614144
-0.428571	-0.0612245	0.00617807
-0.428571	-0.0204082	0.00619032
-0.428571	0.0204082	0.00617814
-0.428571	0.0612245	0.00614158
-0.428571	0.102041	0.00608078
-0.428571	0.142857	0.00599598
-0.428571	0.183673	0.00588752
-0.428571	0.22449	0.00575581
-0.428571	0.265306	0.00560139
-0.428571	0.306122	0.00542486
-0.428571	0.346939	0.00522692
-0.428571	0.387755	0.00500835
-0.428571	0.428571	0.00477001
-0.428571	0.469388	0.00451284
-0.428571	0.510204	0.00423785
-0.428571	0.55102	0.00394614
-0.428571	0.591837	0.00363885
-0.428571	0.632653	0.0033172
-0.428571	0.673469	0.00298245
-0.428571	0.714286	0.00263593
-0.428571	0.755102	0.00227901
-0.428571	0.795918	0.00191308
-0.428571	0.836735	0.00153961
-0.428571	0.877551	0.00116006
-0.428571	0.918367	0.000775925
-0.428571	0.959184	0.00038873
-0.428571	1	0
-0.387755	-1	0.000405623
-0.387755	-0.959184	0.000809646
-0.387755	-0.918367	0.00121047
-0.387755	-0.877551	0.00160653
-0.387755	-0.836735	0.00199624
-0.387755	-0.795918	0.00237808
-0.387755	-0.755102	0.00275053
-0.387755	-0.714286	0.00311213
-0.387755	-0.673469	0.00346146
-0.387755	-0.632653	0.00379712
-0.387755	-0.591837	0.00411781
-0.387755	-0.55102	0.00442224
-0.387755	-0.510204	0.00470923
-0.387755	-0.469388	0.00497764
-0.387755	-0.428571	0.0052264
-0.387755	-0.387755	0.00545454
-0.387755	-0.346939	0.00566116
-0.387755	-0.306122	0.00584544
-0.387755	-0.265306	0.00600665
-0.387755	-0.22449	0.00614416
-0.387755	-0.183673	0.00625743
-0.387755	-0.142857	0.006346
-0.387755	-0.102041	0.00640952
-0.387755	-0.0612245	0.00644775
-0.387755	-0.0204082	0.00646054
-0.387755	0.0204082	0.00644783
-0.387755	0.0612245	0.00640967
-0.387755	0.102041	0.00634622
-0.387755	0.142857	0.00625772
-0.387755	0.183673	0.00614452
-0.387755	0.22449	0.00600706
-0.387755	0.265306	0.0058459
-0.387755	0.306122	0.00566167
-0.387755	0.346939	0.00545509
-0.387755	0.387755	0.00522697
-0.387755	0.428571	0.00497823
-0.387755	0.469388	0.00470983
-0.387755	0.510204	0.00442284
-0.387755	0.55102	0.0041184
-0.387755	0.591837	0.0037977
-0.387755	0.632653	0.003462
-0.387755	0.673469	0.00311264
-0.387755	0.714286	0.002751
-0.387755	0.755102	0.00237849
-0.387755	0.795918	0.00199659
-0.387755	0.836735	0.00160682
-0.387755	0.877551	0.0012107
-0.387755	0.918367	0.000809795
-0.387755	0.959184	0.000405698
-0.387755	1	0
-0.346939	-1	0.000420988
-0.346939	-0.959184	0.000840315
-0.346939	-0.918367	0.00125633
-0.346939	-0.877551	0.00166738
-0.346939	-0.836735	0.00207186
-0.346939	-0.795918	0.00246816
-0.346939	-0.755102	0.00285472
-0.346939	-0.714286	0.00323002
-0.346939	-0.673469	0.00359258
-0.346939	-0.632653	0.00394096
-0.346939	-0.591837	0.00427379
-0.346939	-0.55102	0.00458976
-0.346939	-0.510204	0.00488762
-0.346939	-0.469388	0.00516619
-0.346939	-0.428571	0.00542438
-0.346939	-0.387755	0.00566116
-0.346939	-0.346939	0.00587561
-0.346939	-0.306122	0.00606687
-0.346939	-0.265306	0.00623418
-0.346939	-0.22449	0.0063769
-0.346939	-0.183673	0.00649446
-0.346939	-0.142857	0.00658638
-0.346939	-0.102041	0.00665232
-0.346939	-0.0612245	0.006692
-0.346939	-0.0204082	0.00670527
-0.346939	0.0204082	0.00669207
-0.346939	0.0612245	0.00665247
-0.346939	0.102041	0.00658661
-0.346939	0.142857	0.00649476
-0.346939	0.183673	0.00637727
-0.346939	0.22449	0.00623461
-0.346939	0.265306	0.00606735
-0.346939	0.306122	0.00587613
-0.346939	0.346939	0.00566173
-0.346939	0.387755	0.00542497
-0.346939	0.428571	0.0051668
-0.346939	0.469388	0.00488824
-0.346939	0.510204	0.00459038
-0.346939	0.55102	0.0042744
-0.346939	0.591837	0.00394155
-0.346939	0.632653	0.00359314
-0.346939	0.673469	0.00323055
-0.346939	0.714286	0.0028552
-0.346939	0.755102	0.00246859
-0.346939	0.795918	0.00207222
-0.346939	0.836735	0.00166768
-0.346939	0.877551	0.00125656
-0.346939	0.918367	0.00084047
-0.346939	0.959184	0.000421066
-0.346939	1	0
-0.306122	-1	0.000434692
-0.306122	-0.959184	0.000867668
-0.306122	-0.918367	0.00129722
-0.306122	-0.877551	0.00172166
-0.306122	-0.836735	0.0021393
-0.306122	-0.795918	0.0025485
-0.306122	-0.755102	0.00294765
-0.306122	-0.714286	0.00333516
-0.306122	-0.673469	0.00370952
-0.306122	-0.632653	0.00406924
-0.306122	-0.591837	0.00441291
-0.306122	-0.55102	0.00473916
-0.306122	-0.510204	0.00504672
-0.306122	-0.469388	0.00533436
-0.306122	-0.428571	0.00560095
-0.306122	-0.387755	0.00584544
-0.306122	-0.346939	0.00606687
-0.306122	-0.306122	0.00626435
-0.306122	-0.265306	0.00643712
-0.306122	-0.22449	0.00658448
-0.306122	-0.183673	0.00670586
-0.306122	-0.142857	0.00680078
-0.306122	-0.102041	0.00686886
-0.306122	-0.0612245	0.00690983
-0.306122	-0.0204082	0.00692353
-0.306122	0.0204082	0.00690991
-0.306122	0.0612245	0.00686902
-0.306122	0.102041	0.00680102
-0.306122	0.142857	0.00670617
-0.306122	0.183673	0.00658486
-0.306122	0.22449	0.00643756
-0.306122	0.265306	0.00626485
-0.306122	0.306122	0.00606741
-0.306122	0.346939	0.00584602
-0.306122	0.387755	0.00560156
-0.306122	0.428571	0.00533499
-0.306122	0.469388	0.00504736
-0.306122	0.510204	0.00473981
-0.306122	0.55102	0.00441354
-0.306122	0.591837	0.00406986
-0.306122	0.632653	0.00371011
-0.306122	0.673469	0.00333571
-0.306122	0.714286	0.00294815
-0.306122	0.755102	0.00254894
-0.306122	0.795918	0.00213968
-0.306122	0.836735	0.00172197
-0.306122	0.877551	0.00129746
-0.306122	0.918367	0.000867829
-0.306122	0.959184	0.000434773
-0.306122	1	0
-0.265306	-1	0.00044668
-0.265306	-0.959184	0.000891598
-0.265306	-0.918367	0.001333
-0.265306	-0.877551	0.00176914
-0.265306	-0.836735	0.0021983
-0.265306	-0.795918	0.00261879
-0.265306	-0.755102	0.00302894
-0.265306	-0.714286	0.00342715
-0.265306	-0.673469	0.00381183
-0.265306	-0.632653	0.00418147
-0.265306	-0.591837	0.00453461
-0.265306	-0.55102	0.00486986
-0.265306	-0.510204	0.0051859
-0.265306	-0.469388	0.00548147
-0.265306	-0.428571	0.00575542
-0.265306	-0.387755	0.00600665
-0.265306	-0.346939	0.00623418
-0.265306	-0.306122	0.00643712
-0.265306	-0.265306	0.00661465
-0.265306	-0.22449	0.00676608
-0.265306	-0.183673	0.0068908
-0.265306	-0.142857	0.00698834
-0.265306	-0.102041	0.0070583
-0.265306	-0.0612245	0.0071004
-0.265306	-0.0204082	0.00711448
-0.265306	0.0204082	0.00710048
-0.265306	0.0612245	0.00705846
-0.265306	0.102041	0.00698858
-0.265306	0.142857	0.00689112
-0.265306	0.183673	0.00676647
-0.265306	0.22449	0.0066151
-0.265306	0.265306	0.00643763
-0.265306	0.306122	0.00623474
-0.265306	0.346939	0.00600725
-0.265306	0.387755	0.00575605
-0.265306	0.428571	0.00548213
-0.265306	0.469388	0.00518656
-0.265306	0.510204	0.00487053
-0.265306	0.55102	0.00453526
-0.265306	0.591837	0.0041821
-0.265306	0.632653	0.00381243
-0.265306	0.673469	0.00342771
-0.265306	0.714286	0.00302945
-0.265306	0.755102	0.00261924
-0.265306	0.795918	0.00219869
-0.265306	0.836735	0.00176946
-0.265306	0.877551	0.00133324
-0.265306	0.918367	0.000891763
-0.265306	0.959184	0.000446763
-0.265306	1	0
-0.22449	-1	0.000456906
-0.22449	-0.959184	0.000912009
-0.22449	-0.918367	0.00136351
-0.22449	-0.877551	0.00180964
-0.22449	-0.836735	0.00224863
-0.22449	-0.795918	0.00267874
-0.22449	-0.755102	0.00309828
-0.22449	-0.714286	0.0035056
-0.22449	-0.673469	0.00389909
-0.22449	-0.632653	0.0042772
-0.22449	-0.591837	0.00463842
-0.22449	-0.55102	0.00498135
-0.22449	-0.510204	0.00530462
-0.22449	-0.469388	0.00560696
-0.22449	-0.428571	0.00588718
-0.22449	-0.387755	0.00614416
-0.22449	-0.346939	0.0063769
-0.22449	-0.306122	0.00658448
-0.22449	-0.265306	0.00676608
-0.22449	-0.22449	0.00692097
-0.22449	-0.183673	0.00704855
-0.22449	-0.142857	0.00714832
-0.22449	-0.102041	0.00721988
-0.22449	-0.0612245	0.00726295
-0.22449	-0.0204082	0.00727735
-0.22449	0.0204082	0.00726303
-0.22449	0.0612245	0.00722005
-0.22449	0.102041	0.00714857
-0.22449	0.142857	0.00704888
-0.22449	0.183673	0.00692137
-0.22449	0.22449	0.00676654
-0.22449	0.265306	0.006585
-0.22449	0.306122	0.00637748
-0.22449	0.346939	0.00614478
-0.22449	0.387755	0.00588782
-0.22449	0.428571	0.00560763
-0.22449	0.469388	0.0053053
-0.22449	0.510204	0.00498203
-0.22449	0.55102	0.00463909
-0.22449	0.591837	0.00427784
-0.22449	0.632653	0.00389971
-0.22449	0.673469	0.00350618
-0.22449	0.714286	0.00309881
-0.22449	0.755102	0.0026792
-0.22449	0.795918	0.00224902
-0.22449	0.836735	0.00180997
-0.22449	0.877551	0.00136376
-0.22449	0.918367	0.000912178
-0.22449	0.959184	0.000456991
-0.22449	1	0
-0.183673	-1	0.000465329
-0.183673	-0.959184	0.000928822
-0.183673	-0.918367	0.00138865
-0.183673	-0.877551	0.001843
-0.183673	-0.836735	0.00229008
-0.183673	-0.795918	0.00272812
-0.183673	-0.755102	0.0031554
-0.183673	-0.714286	0.00357023
-0.183673	-0.673469	0.00397097
-0.183673	-0.632653	0.00435604
-0.183673	-0.591837	0.00472393
-0.183673	-0.55102	0.00507318
-0.183673	-0.510204	0.00540241
-0.183673	-0.469388	0.00571032
-0.183673	-0.428571	0.0059957
-0.183673	-0.387755	0.00625743
-0.183673	-0.346939	0.00649446
-0.183673	-0.306122	0.00670586
-0.183673	-0.265306	0.0068908
-0.183673	-0.22449	0.00704855
-0.183673	-0.183673	0.00717849
-0.183673	-0.142857	0.0072801
-0.183673	-0.102041	0.00735297
-0.183673	-0.0612245	0.00739683
-0.183673	-0.0204082	0.0074115
-0.183673	0.0204082	0.00739692
-0.183673	0.0612245	0.00735315
-0.183673	0.102041	0.00728035
-0.183673	0.142857	0.00717882
-0.183673	0.183673	0.00704896
-0.183673	0.22449	0.00689128
-0.183673	0.265306	0.00670639
-0.183673	0.306122	0.00649504
-0.183673	0.346939	0.00625805
-0.183673	0.387755	0.00599636
-0.183673	0.428571	0.005711
-0.183673	0.469388	0.0054031
-0.183673	0.510204	0.00507387
-0.183673	0.55102	0.00472461
-0.183673	0.591837	0.0043567
-0.183673	0.632653	0.00397159
-0.183673	0.673469	0.00357081
-0.183673	0.714286	0.00315593
-0.183673	0.755102	0.00272859
-0.183673	0.795918	0.00229048
-0.183673	0.836735	0.00184333
-0.183673	0.877551	0.0013889
-0.183673	0.918367	0.000928993
-0.183673	0.959184	0.000465415
-0.183673	1	0
-0.142857	-1	0.000471915
-0.142857	-0.959184	0.000941969
-0.142857	-0.918367	0.00140831
-0.142857	-0.877551	0.00186909
-0.142857	-0.836735	0.00232249
-0.142857	-0.795918	0.00276673
-0.142857	-0.755102	0.00320006
-0.142857	-0.714286	0.00362076
-0.142857	-0.673469	0.00402718
-0.142857	-0.632653	0.0044177
-0.142857	-0.591837	0.00479079
-0.142857	-0.55102	0.00514499
-0.142857	-0.510204	0.00547888
-0.142857	-0.469388	0.00579115
-0.142857	-0.428571	0.00608057
-0.142857	-0.387755	0.006346
-0.142857	-0.346939	0.00658638
-0.142857	-0.306122	0.00680078
-0.142857	-0.265306	0.00698834
-0.142857	-0.22449	0.00714832
-0.142857	-0.183673	0.0072801
-0.142857	-0.142857	0.00738314
-0.142857	-0.102041	0.00745705
-0.142857	-0.0612245	0.00750153
-0.142857	-0.0204082	0.00751641
-0.142857	0.0204082	0.00750162
-0.142857	0.0612245	0.00745723
-0.142857	0.102041	0.0073834
-0.142857	0.142857	0.00728043
-0.142857	0.183673	0.00714873
-0.142857	0.22449	0.00698882
-0.142857	0.265306	0.00680132
-0.142857	0.306122	0.00658697
-0.142857	0.346939	0.00634663
-0.142857	0.387755	0.00608123
-0.142857	0.428571	0.00579184
-0.142857	0.469388	0.00547957
-0.142857	0.510204	0.00514568
-0.142857	0.55102	0.00479148
-0.142857	0.591837	0.00441837
-0.142857	0.632653	0.00402781
-0.142857	0.673469	0.00362135
-0.142857	0.714286	0.0032006
-0.142857	0.755102	0.00276721
-0.142857	0.795918	0.0023229
-0.142857	0.836735	0.00186942
-0.142857	0.877551	0.00140856
-0.142857	0.918367	0.000942143
-0.142857	0.959184	0.000472003
-0.142857	1	0
-0.102041	-1	0.000476639
-0.102041	-0.959184	0.000951398
-0.102041	-0.918367	0.0014224
-0.102041	-0.877551	0.0018878
-0.102041	-0.836735	0.00234574
-0.102041	-0.795918	0.00279443
-0.102041	-0.755102	0.00323209
-0.102041	-0.714286	0.00365701
-0.102041	-0.673469	0.00406749
-0.102041	-0.632653	0.00446192
-0.102041	-0.591837	0.00483875
-0.102041	-0.55102	0.00519649
-0.102041	-0.510204	0.00553372
-0.102041	-0.469388	0.00584912
-0.102041	-0.428571	0.00614144
-0.102041	-0.387755	0.00640952
-0.102041	-0.346939	0.00665232
-0.102041	-0.306122	0.00686886
-0.102041	-0.265306	0.0070583
-0.102041	-0.22449	0.00721988
-0.102041	-0.183673	0.00735297
-0.102041	-0.142857	0.00745705
-0.102041	-0.102041	0.0075317
-0.102041	-0.0612245	0.00757663
-0.102041	-0.0204082	0.00759165
-0.102041	0.0204082	0.00757671
-0.102041	0.0612245	0.00753188
-0.102041	0.102041	0.00745731
-0.102041	0.142857	0.00735332
-0.102041	0.183673	0.0072203
-0.102041	0.22449	0.00705878
-0.102041	0.265306	0.0068694
-0.102041	0.306122	0.00665291
-0.102041	0.346939	0.00641016
-0.102041	0.387755	0.00614211
-0.102041	0.428571	0.00584981
-0.102041	0.469388	0.00553443
-0.102041	0.510204	0.0051972
-0.102041	0.55102	0.00483945
-0.102041	0.591837	0.0044626
-0.102041	0.632653	0.00406813
-0.102041	0.673469	0.0036576
-0.102041	0.714286	0.00323264
-0.102041	0.755102	0.00279492
-0.102041	0.795918	0.00234616
-0.102041	0.836735	0.00188814
-0.102041	0.877551	0.00142266
-0.102041	0.918367	0.000951574
-0.102041	0.959184	0.000476728
-0.102041	1	0
-0.0612245	-1	0.000479482
-0.0612245	-0.959184	0.000957073
-0.0612245	-0.918367	0.00143089
-0.0612245	-0.877551	0.00189906
-0.0612245	-0.836735	0.00235973
-0.0612245	-0.795918	0.0028111
-0.0612245	-0.755102	0.00325137
-0.0612245	-0.714286	0.00367882
-0.0612245	-0.673469	0.00409175
-0.0612245	-0.632653	0.00448854
-0.0612245	-0.591837	0.00486762
-0.0612245	-0.55102	0.00522749
-0.0612245	-0.510204	0.00556673
-0.0612245	-0.469388	0.00588401
-0.0612245	-0.428571	0.00617807
-0.0612245	-0.387755	0.00644775
-0.0612245	-0.346939	0.006692
-0.0612245	-0.306122	0.00690983
-0.0612245	-0.265306	0.0071004
-0.0612245	-0.22449	0.00726295
-0.0612245	-0.183673	0.00739683
-0.0612245	-0.142857	0.00750153
-0.0612245	-0.102041	0.00757663
-0.0612245	-0.0612245	0.00762182
-0.0612245	-0.0204082	0.00763693
-0.0612245	0.0204082	0.00762191
-0.0612245	0.0612245	0.0075768
-0.0612245	0.102041	0.00750179
-0.0612245	0.142857	0.00739718
-0.0612245	0.183673	0.00726336
-0.0612245	0.22449	0.00710089
-0.0612245	0.265306	0.00691038
-0.0612245	0.306122	0.0066926
-0.0612245	0.346939	0.0064484
-0.0612245	0.387755	0.00617875
-0.0612245	0.428571	0.00588471
-0.0612245	0.469388	0.00556744
-0.0612245	0.510204	0.0052282
-0.0612245	0.55102	0.00486831
-0.0612245	0.591837	0.00448922
-0.0612245	0.632653	0.0040924
-0.0612245	0.673469	0.00367942
-0.0612245	0.714286	0.00325192
-0.0612245	0.755102	0.00281159
-0.0612245	0.795918	0.00236015
-0.0612245	0.836735	0.0018994
-0.0612245	0.877551	0.00143115
-0.0612245	0.918367	0.00095725
-0.0612245	0.959184	0.000479572
-0.0612245	1	0
-0.0204082	-1	0.000480433
-0.0204082	-0.959184	0.000958971
-0.0204082	-0.918367	0.00143373
-0.0204082	-0.877551	0.00190282
-0.0204082	-0.836735	0.00236441
-0.0204082	-0.795918	0.00281667
-0.0204082	-0.755102	0.00325782
-0.0204082	-0.714286	0.00368612
-0.0204082	-0.673469	0.00409987
-0.0204082	-0.632653	0.00449744
-0.0204082	-0.591837	0.00487727
-0.0204082	-0.55102	0.00523785
-0.0204082	-0.510204	0.00557777
-0.0204082	-0.469388	0.00589568
-0.0204082	-0.428571	0.00619032
-0.0204082	-0.387755	0.00646054
-0.0204082	-0.346939	0.00670527
-0.0204082	-0.306122	0.00692353
-0.0204082	-0.265306	0.00711448
-0.0204082	-0.22449	0.00727735
-0.0204082	-0.183673	0.0074115
-0.0204082	-0.142857	0.00751641
-0.0204082	-0.102041	0.00759165
-0.0204082	-0.0612245	0.00763693
-0.0204082	-0.0204082	0.00765208
-0.0204082	0.0204082	0.00763702
-0.0204082	0.0612245	0.00759183
-0.0204082	0.102041	0.00751667
-0.0204082	0.142857	0.00741185
-0.0204082	0.183673	0.00727777
-0.0204082	0.22449	0.00711497
-0.0204082	0.265306	0.00692408
-0.0204082	0.306122	0.00670587
-0.0204082	0.346939	0.00646119
-0.0204082	0.387755	0.006191
-0.0204082	0.428571	0.00589638
-0.0204082	0.469388	0.00557848
-0.0204082	0.510204	0.00523856
-0.0204082	0.55102	0.00487797
-0.0204082	0.591837	0.00449812
-0.0204082	0.632653	0.00410051
-0.0204082	0.673469	0.00368672
-0.0204082	0.714286	0.00325837
-0.0204082	0.755102	0.00281716
-0.0204082	0.795918	0.00236483
-0.0204082	0.836735	0.00190317
-0.0204082	0.877551	0.00143399
-0.0204082	0.918367	0.000959148
-0.0204082	0.959184	0.000480523
-0.0204082	1	0
0.0204082	-1	0.000479488
0.0204082	-0.959184	0.000957084
0.0204082	-0.918367	0.0014309
0.0204082	-0.877551	0.00189908
0.0204082	-0.836735	0.00235976
0.0204082	-0.795918	0.00281113
0.0204082	-0.755102	0.00325141
0.0204082	-0.714286	0.00367886
0.0204082	-0.673469	0.0040918
0.0204082	-0.632653	0.00448859
0.0204082	-0.591837	0.00486767
0.0204082	-0.55102	0.00522755
0.0204082	-0.510204	0.0055668
0.0204082	-0.469388	0.00588408
0.0204082	-0.428571	0.00617814
0.0204082	-0.387755	0.00644783
0.0204082	-0.346939	0.00669207
0.0204082	-0.306122	0.00690991
0.0204082	-0.265306	0.00710048
0.0204082	-0.22449	0.00726303
0.0204082	-0.183673	0.00739692
0.0204082	-0.142857	0.00750162
0.0204082	-0.102041	0.00757671
0.0204082	-0.0612245	0.00762191
0.0204082	-0.0204082	0.00763702
0.0204082	0.0204082	0.007622
0.0204082	0.0612245	0.00757689
0.0204082	0.102041	0.00750188
0.0204082	0.142857	0.00739726
0.0204082	0.183673	0.00726345
0.0204082	0.22449	0.00710097
0.0204082	0.265306	0.00691046
0.0204082	0.306122	0.00669267
0.0204082	0.346939	0.00644847
0.0204082	0.387755	0.00617882
0.0204082	0.428571	0.00588478
0.0204082	0.469388	0.00556751
0.0204082	0.510204	0.00522826
0.0204082	0.55102	0.00486837
0.0204082	0.591837	0.00448927
0.0204082	0.632653	0.00409244
0.0204082	0.673469	0.00367946
0.0204082	0.714286	0.00325196
0.0204082	0.755102	0.00281162
0.0204082	0.795918	0.00236018
0.0204082	0.836735	0.00189942
0.0204082	0.877551	0.00143117
0.0204082	0.918367	0.000957261
0.0204082	0.959184	0.000479577
0.0204082	1	0
0.0612245	-1	0.00047665
0.0612245	-0.959184	0.00095142
0.0612245	-0.918367	0.00142244
0.0612245	-0.877551	0.00188784
0.0612245	-0.836735	0.0023458
0.0612245	-0.795918	0.0027945
0.0612245	-0.755102	0.00323217
0.0612245	-0.714286	0.00365709
0.0612245	-0.673469	0.00406758
0.0612245	-0.632653	0.00446203
0.0612245	-0.591837	0.00483887
0.0612245	-0.55102	0.00519661
0.0612245	-0.510204	0.00553385
0.0612245	-0.469388	0.00584926
0.0612245	-0.428571	0.00614158
0.0612245	-0.387755	0.00640967
0.0612245	-0.346939	0.00665247
0.0612245	-0.306122	0.00686902
0.0612245	-0.265306	0.00705846
0.0612245	-0.22449	0.00722005
0.0612245	-0.183673	0.00735315
0.0612245	-0.142857	0.00745723
0.0612245	-0.102041	0.00753188
0.0612245	-0.0612245	0.0075768
0.0612245	-0.0204082	0.00759183
0.0612245	0.0204082	0.00757689
0.0612245	0.0612245	0.00753205
0.0612245	0.102041	0.00745749
0.0612245	0.142857	0.00735349
0.0612245	0.183673	0.00722047
0.0612245	0.22449	0.00705895
0.0612245	0.265306	0.00686956
0.0612245	0.306122	0.00665307
0.0612245	0.346939	0.00641031
0.0612245	0.387755	0.00614225
0.0612245	0.428571	0.00584995
0.0612245	0.469388	0.00553456
0.0612245	0.510204	0.00519732
0.0612245	0.55102	0.00483956
0.0612245	0.591837	0.0044627
0.0612245	0.632653	0.00406822
0.0612245	0.673469	0.00365769
0.0612245	0.714286	0.00323272
0.0612245	0.755102	0.00279498
0.0612245	0.795918	0.00234621
0.0612245	0.836735	0.00188818
0.0612245	0.877551	0.0014227
0.0612245	0.918367	0.000951596
0.0612245	0.959184	0.000476739
0.0612245	1	0
0.102041	-1	0.000471932
0.102041	-0.959184	0.000942001
0.102041	-0.918367	0.00140835
0.102041	-0.877551	0.00186915
0.102041	-0.836735	0.00232257
0.102041	-0.795918	0.00276683
0.102041	-0.755102	0.00320017
0.102041	-0.714286	0.00362089
0.102041	-0.673469	0.00402732
0.102041	-0.632653	0.00441785
0.102041	-0.591837	0.00479096
0.102041	-0.55102	0.00514517
0.102041	-0.510204	0.00547907
0.102041	-0.469388	0.00579135
0.102041	-0.428571	0.00608078
0.102041	-0.387755	0.00634622
0.102041	-0.346939	0.00658661
0.102041	-0.306122	0.00680102
0.102041	-0.265306	0.00698858
0.102041	-0.22449	0.00714857
0.102041	-0.183673	0.00728035
0.102041	-0.142857	0.0073834
0.102041	-0.102041	0.00745731
0.102041	-0.0612245	0.00750179
0.102041	-0.0204082	0.00751667
0.102041	0.0204082	0.00750188
0.102041	0.0612245	0.00745749
0.102041	0.102041	0.00738366
0.102041	0.142857	0.00728069
0.102041	0.183673	0.00714898
0.102041	0.22449	0.00698906
0.102041	0.265306	0.00680156
0.102041	0.306122	0.0065872
0.102041	0.346939	0.00634685
0.102041	0.387755	0.00608145
0.102041	0.428571	0.00579204
0.102041	0.469388	0.00547977
0.102041	0.510204	0.00514586
0.102041	0.55102	0.00479165
0.102041	0.591837	0.00441852
0.102041	0.632653	0.00402795
0.102041	0.673469	0.00362148
0.102041	0.714286	0.00320071
0.102041	0.755102	0.00276731
0.102041	0.795918	0.00232298
0.102041	0.836735	0.00186949
0.102041	0.877551	0.00140861
0.102041	0.918367	0.000942176
0.102041	0.959184	0.00047202
0.102041	1	0
0.142857	-1	0.00046535
0.142857	-0.959184	0.000928865
0.142857	-0.918367	0.00138871
0.142857	-0.877551	0.00184308
0.142857	-0.836735	0.00229018
0.142857	-0.795918	0.00272825
0.142857	-0.755102	0.00315554
0.142857	-0.714286	0.00357039
0.142857	-0.673469	0.00397115
0.142857	-0.632653	0.00435625
0.142857	-0.591837	0.00472415
0.142857	-0.55102	0.00507341
0.142857	-0.510204	0.00540266
0.142857	-0.469388	0.00571059
0.142857	-0.428571	0.00599598
0.142857	-0.387755	0.00625772
0.142857	-0.346939	0.00649476
0.142857	-0.306122	0.00670617
0.142857	-0.265306	0.00689112
0.142857	-0.22449	0.00704888
0.142857	-0.183673	0.00717882
0.142857	-0.142857	0.00728043
0.142857	-0.102041	0.00735332
0.142857	-0.0612245	0.00739718
0.142857	-0.0204082	0.00741185
0.142857	0.0204082	0.00739726
0.142857	0.0612245	0.00735349
0.142857	0.102041	0.00728069
0.142857	0.142857	0.00717916
0.142857	0.183673	0.00704929
0.142857	0.22449	0.0068916
0.142857	0.265306	0.0067067
0.142857	0.306122	0.00649534
0.142857	0.346939	0.00625834
0.142857	0.387755	0.00599664
0.142857	0.428571	0.00571126
0.142857	0.469388	0.00540335
0.142857	0.510204	0.0050741
0.142857	0.55102	0.00472483
0.142857	0.591837	0.0043569
0.142857	0.632653	0.00397178
0.142857	0.673469	0.00357098
0.142857	0.714286	0.00315608
0.142857	0.755102	0.00272872
0.142857	0.795918	0.00229059
0.142857	0.836735	0.00184342
0.142857	0.877551	0.00138897
0.142857	0.918367	0.000929036
0.142857	0.959184	0.000465437
0.142857	1	0
0.183673	-1	0.000456932
0.183673	-0.959184	0.000912062
0.183673	-0.918367	0.00136359
0.183673	-0.877551	0.00180974
0.183673	-0.836735	0.00224875
0.183673	-0.795918	0.00267889
0.183673	-0.755102	0.00309846
0.183673	-0.714286	0.00350581
0.183673	-0.673469	0.00389932
0.183673	-0.632653	0.00427744
0.183673	-0.591837	0.00463869
0.183673	-0.55102	0.00498164
0.183673	-0.510204	0.00530493
0.183673	-0.469388	0.00560728
0.183673	-0.428571	0.00588752
0.183673	-0.387755	0.00614452
0.183673	-0.346939	0.00637727
0.183673	-0.306122	0.00658486
0.183673	-0.265306	0.00676647
0.183673	-0.22449	0.00692137
0.183673	-0.183673	0.00704896
0.183673	-0.142857	0.00714873
0.183673	-0.102041	0.0072203
0.183673	-0.0612245	0.00726336
0.183673	-0.0204082	0.00727777
0.183673	0.0204082	0.00726345
0.183673	0.0612245	0.00722047
0.183673	0.102041	0.00714898
0.183673	0.142857	0.00704929
0.183673	0.183673	0.00692177
0.183673	0.22449	0.00676693
0.183673	0.265306	0.00658538
0.183673	0.306122	0.00637784
0.183673	0.346939	0.00614513
0.183673	0.387755	0.00588816
0.183673	0.428571	0.00560795
0.183673	0.469388	0.0053056
0.183673	0.510204	0.00498231
0.183673	0.55102	0.00463936
0.183673	0.591837	0.00427809
0.183673	0.632653	0.00389993
0.183673	0.673469	0.00350638
0.183673	0.714286	0.00309898
0.183673	0.755102	0.00267936
0.183673	0.795918	0.00224915
0.183673	0.836735	0.00181007
0.183673	0.877551	0.00136384
0.183673	0.918367	0.000912231
0.183673	0.959184	0.000457017
0.183673	1	0
0.22449	-1	0.000446711
0.22449	-0.959184	0.000891659
0.22449	-0.918367	0.00133309
0.22449	-0.877551	0.00176926
0.22449	-0.836735	0.00219845
0.22449	-0.795918	0.00261897
0.22449	-0.755102	0.00302915
0.22449	-0.714286	0.00342738
0.22449	-0.673469	0.00381209
0.22449	-0.632653	0.00418176
0.22449	-0.591837	0.00453492
0.22449	-0.55102	0.0048702
0.22449	-0.510204	0.00518626
0.22449	-0.469388	0.00548185
0.22449	-0.428571	0.00575581
0.22449	-0.387755	0.00600706
0.22449	-0.346939	0.00623461
0.22449	-0.306122	0.00643756
0.22449	-0.265306	0.0066151
0.22449	-0.22449	0.00676654
0.22449	-0.183673	0.00689128
0.22449	-0.142857	0.00698882
0.22449	-0.102041	0.00705878
0.22449	-0.0612245	0.00710089
0.22449	-0.0204082	0.00711497
0.22449	0.0204082	0.00710097
0.22449	0.0612245	0.00705895
0.22449	0.102041	0.00698906
0.22449	0.142857	0.0068916
0.22449	0.183673	0.00676693
0.22449	0.22449	0.00661556
0.22449	0.265306	0.00643807
0.22449	0.306122	0.00623517
0.22449	0.346939	0.00600766
0.22449	0.387755	0.00575644
0.22449	0.428571	0.0054825
0.22449	0.469388	0.00518692
0.22449	0.510204	0.00487086
0.22449	0.55102	0.00453558
0.22449	0.591837	0.00418239
0.22449	0.632653	0.00381269
0.22449	0.673469	0.00342794
0.22449	0.714286	0.00302966
0.22449	0.755102	0.00261942
0.22449	0.795918	0.00219884
0.22449	0.836735	0.00176958
0.22449	0.877551	0.00133333
0.22449	0.918367	0.000891824
0.22449	0.959184	0.000446794
0.22449	1	0
0.265306	-1	0.000434726
0.265306	-0.959184	0.000867737
0.265306	-0.918367	0.00129732
0.265306	-0.877551	0.00172179
0.265306	-0.836735	0.00213947
0.265306	-0.795918	0.0025487
0.265306	-0.755102	0.00294788
0.265306	-0.714286	0.00333543
0.265306	-0.673469	0.00370982
0.265306	-0.632653	0.00406957
0.265306	-0.591837	0.00441326
0.265306	-0.55102	0.00473954
0.265306	-0.510204	0.00504712
0.265306	-0.469388	0.00533478
0.265306	-0.428571	0.00560139
0.265306	-0.387755	0.0058459
0.265306	-0.346939	0.00606735
0.265306	-0.306122	0.00626485
0.265306	-0.265306	0.00643763
0.265306	-0.22449	0.006585
0.265306	-0.183673	0.00670639
0.265306	-0.142857	0.00680132
0.265306	-0.102041	0.0068694
0.265306	-0.0612245	0.00691038
0.265306	-0.0204082	0.00692408
0.265306	0.0204082	0.00691046
0.265306	0.0612245	0.00686956
0.265306	0.102041	0.00680156
0.265306	0.142857	0.0067067
0.265306	0.183673	0.00658538
0.265306	0.22449	0.00643807
0.265306	0.265306	0.00626535
0.265306	0.306122	0.00606789
0.265306	0.346939	0.00584649
0.265306	0.387755	0.00560201
0.265306	0.428571	0.00533541
0.265306	0.469388	0.00504776
0.265306	0.510204	0.00474018
0.265306	0.55102	0.00441389
0.265306	0.591837	0.00407018
0.265306	0.632653	0.0037104
0.265306	0.673469	0.00333597
0.265306	0.714286	0.00294838
0.265306	0.755102	0.00254915
0.265306	0.795918	0.00213985
0.265306	0.836735	0.0017221
0.265306	0.877551	0.00129756
0.265306	0.918367	0.000867898
0.265306	0.959184	0.000434807
0.265306	1	0
0.306122	-1	0.000421026
0.306122	-0.959184	0.00084039
0.306122	-0.918367	0.00125644
0.306122	-0.877551	0.00166753
0.306122	-0.836735	0.00207204
0.306122	-0.795918	0.00246838
0.306122	-0.755102	0.00285498
0.306122	-0.714286	0.00323031
0.306122	-0.673469	0.0035929
0.306122	-0.632653	0.00394131
0.306122	-0.591837	0.00427417
0.306122	-0.55102	0.00459017
0.306122	-0.510204	0.00488806
0.306122	-0.469388	0.00516665
0.306122	-0.428571	0.00542486
0.306122	-0.387755	0.00566167
0.306122	-0.346939	0.00587613
0.306122	-0.306122	0.00606741
0.306122	-0.265306	0.00623474
0.306122	-0.22449	0.00637748
0.306122	-0.183673	0.00649504
0.306122	-0.142857	0.00658697
0.306122	-0.102041	0.00665291
0.306122	-0.0612245	0.0066926
0.306122	-0.0204082	0.00670587
0.306122	0.0204082	0.00669267
0.306122	0.0612245	0.00665307
0.306122	0.102041	0.0065872
0.306122	0.142857	0.00649534
0.306122	0.183673	0.00637784
0.306122	0.22449	0.00623517
0.306122	0.265306	0.00606789
0.306122	0.306122	0.00587666
0.306122	0.346939	0.00566223
0.306122	0.387755	0.00542546
0.306122	0.428571	0.00516727
0.306122	0.469388	0.00488868
0.306122	0.510204	0.00459079
0.306122	0.55102	0.00427479
0.306122	0.591837	0.00394191
0.306122	0.632653	0.00359347
0.306122	0.673469	0.00323084
0.306122	0.714286	0.00285546
0.306122	0.755102	0.00246881
0.306122	0.795918	0.00207241
0.306122	0.836735	0.00166783
0.306122	0.877551	0.00125667
0.306122	0.918367	0.000840546
0.306122	0.959184	0.000421104
0.306122	1	0
0.346939	-1	0.000405663
0.346939	-0.959184	0.000809726
0.346939	-0.918367	0.00121059
0.346939	-0.877551	0.00160669
0.346939	-0.836735	0.00199644
0.346939	-0.795918	0.00237832
0.346939	-0.755102	0.00275081
0.346939	-0.714286	0.00311245
0.346939	-0.673469	0.0034618
0.346939	-0.632653	0.0037975
0.346939	-0.591837	0.00411822
0.346939	-0.55102	0.00442269
0.346939	-0.510204	0.0047097
0.346939	-0.469388	0.00497813
0.346939	-0.428571	0.00522692
0.346939	-0.387755	0.00545509
0.346939	-0.346939	0.00566173
0.346939	-0.306122	0.00584602
0.346939	-0.265306	0.00600725
0.346939	-0.22449	0.00614478
0.346939	-0.183673	0.00625805
0.346939	-0.142857	0.00634663
0.346939	-0.102041	0.00641016
0.346939	-0.0612245	0.0064484
0.346939	-0.0204082	0.00646119
0.346939	0.0204082	0.00644847
0.346939	0.0612245	0.00641031
0.346939	0.102041	0.00634685
0.346939	0.142857	0.00625834
0.346939	0.183673	0.00614513
0.346939	0.22449	0.00600766
0.346939	0.265306	0.00584649
0.346939	0.306122	0.00566223
0.346939	0.346939	0.00545563
0.346939	0.387755	0.0052275
0.346939	0.428571	0.00497872
0.346939	0.469388	0.0047103
0.346939	0.510204	0.00442329
0.346939	0.55102	0.00411881
0.346939	0.591837	0.00379808
0.346939	0.632653	0.00346235
0.346939	0.673469	0.00311295
0.346939	0.714286	0.00275127
0.346939	0.755102	0.00237873
0.346939	0.795918	0.00199679
0.346939	0.836735	0.00160698
0.346939	0.877551	0.00121082
0.346939	0.918367	0.000809876
0.346939	0.959184	0.000405739
0.346939	1	0
0.387755	-1	0.0003887
0.387755	-0.959184	0.000775866
0.387755	-0.918367	0.00115997
0.387755	-0.877551	0.0015395
0.387755	-0.836735	0.00191295
0.387755	-0.795918	0.00227886
0.387755	-0.755102	0.00263578
0.387755	-0.714286	0.00298229
0.387755	-0.673469	0.00331704
0.387755	-0.632653	0.0036387
0.387755	-0.591837	0.00394601
0.387755	-0.55102	0.00423774
0.387755	-0.510204	0.00451276
0.387755	-0.469388	0.00476996
0.387755	-0.428571	0.00500835
0.387755	-0.387755	0.00522697
0.387755	-0.346939	0.00542497
0.387755	-0.306122	0.00560156
0.387755	-0.265306	0.00575605
0.387755	-0.22449	0.00588782
0.387755	-0.183673	0.00599636
0.387755	-0.142857	0.00608123
0.387755	-0.102041	0.00614211
0.387755	-0.0612245	0.00617875
0.387755	-0.0204082	0.006191
0.387755	0.0204082	0.00617882
0.387755	0.0612245	0.00614225
0.387755	0.102041	0.00608145
0.387755	0.142857	0.00599664
0.387755	0.183673	0.00588816
0.387755	0.22449	0.00575644
0.387755	0.265306	0.00560201
0.387755	0.306122	0.00542546
0.387755	0.346939	0.0052275
0.387755	0.387755	0.0050089
0.387755	0.428571	0.00477053
0.387755	0.469388	0.00451333
0.387755	0.510204	0.00423832
0.387755	0.55102	0.00394658
0.387755	0.591837	0.00363925
0.387755	0.632653	0.00331756
0.387755	0.673469	0.00298278
0.387755	0.714286	0.00263622
0.387755	0.755102	0.00227926
0.387755	0.795918	0.00191329
0.387755	0.836735	0.00153978
0.387755	0.877551	0.00116018
0.387755	0.918367	0.00077601
0.387755	0.959184	0.000388772
0.387755	1	0
0.428571	-1	0.000370202
0.428571	-0.959184	0.000738944
0.428571	-0.918367	0.00110477
0.428571	-0.877551	0.00146624
0.428571	-0.836735	0.00182192
0.428571	-0.795918	0.00217041
0.428571	-0.755102	0.00251034
0.428571	-0.714286	0.00284037
0.428571	-0.673469	0.00315919
0.428571	-0.632653	0.00346554
0.428571	-0.591837	0.00375822
0.428571	-0.55102	0.00403607
0.428571	-0.510204	0.004298
0.428571	-0.469388	0.00454297
0.428571	-0.428571	0.00477001
0.428571	-0.387755	0.00497823
0.428571	-0.346939	0.0051668
0.428571	-0.306122	0.00533499
0.428571	-0.265306	0.00548213
0.428571	-0.22449	0.00560763
0.428571	-0.183673	0.005711
0.428571	-0.142857	0.00579184
0.428571	-0.102041	0.00584981
0.428571	-0.0612245	0.00588471
0.428571	-0.0204082	0.00589638
0.428571	0.0204082	0.00588478
0.428571	0.0612245	0.00584995
0.428571	0.102041	0.00579204
0.428571	0.142857	0.00571126
0.428571	0.183673	0.00560795
0.428571	0.22449	0.0054825
0.428571	0.265306	0.00533541
0.428571	0.306122	0.00516727
0.428571	0.346939	0.00497872
0.428571	0.387755	0.00477053
0.428571	0.428571	0.00454351
0.428571	0.469388	0.00429855
0.428571	0.510204	0.00403662
0.428571	0.55102	0.00375876
0.428571	0.591837	0.00346607
0.428571	0.632653	0.00315969
0.428571	0.673469	0.00284083
0.428571	0.714286	0.00251077
0.428571	0.755102	0.00217079
0.428571	0.795918	0.00182224
0.428571	0.836735	0.0014665
0.428571	0.877551	0.00110497
0.428571	0.918367	0.00073908
0.428571	0.959184	0.000370271
0.428571	1	0
0.469388	-1	0.000350243
0.469388	-0.959184	0.000699104
0.469388	-0.918367	0.00104521
0.469388	-0.877551	0.00138719
0.469388	-0.836735	0.00172369
0.469388	-0.795918	0.0020534
0.469388	-0.755102	0.002375
0.469388	-0.714286	0.00268723
0.469388	-0.673469	0.00298886
0.469388	-0.632653	0.0032787
0.469388	-0.591837	0.0035556
0.469388	-0.55102	0.00381847
0.469388	-0.510204	0.00406628
0.469388	-0.469388	0.00429804
0.469388	-0.428571	0.00451284
0.469388	-0.387755	0.00470983
0.469388	-0.346939	0.00488824
0.469388	-0.306122	0.00504736
0.469388	-0.265306	0.00518656
0.469388	-0.22449	0.0053053
0.469388	-0.183673	0.0054031
0.469388	-0.142857	0.00547957
0.469388	-0.102041	0.00553443
0.469388	-0.0612245	0.00556744
0.469388	-0.0204082	0.00557848
0.469388	0.0204082	0.00556751
0.469388	0.0612245	0.00553456
0.469388	0.102041	0.00547977
0.469388	0.142857	0.00540335
0.469388	0.183673	0.0053056
0.469388	0.22449	0.00518692
0.469388	0.265306	0.00504776
0.469388	0.306122	0.00488868
0.469388	0.346939	0.0047103
0.469388	0.387755	0.00451333
0.469388	0.428571	0.00429855
0.469388	0.469388	0.0040668
0.469388	0.510204	0.00381899
0.469388	0.55102	0.00355611
0.469388	0.591837	0.0032792
0.469388	0.632653	0.00298933
0.469388	0.673469	0.00268767
0.469388	0.714286	0.0023754
0.469388	0.755102	0.00205375
0.469388	0.795918	0.001724
0.469388	0.836735	0.00138744
0.469388	0.877551	0.0010454
0.469388	0.918367	0.000699234
0.469388	0.959184	0.000350308
0.469388	1	0
0.510204	-1	0.000328902
0.510204	-0.959184	0.000656505
0.510204	-0.918367	0.000981519
0.510204	-0.877551	0.00130266
0.510204	-0.836735	0.00161866
0.510204	-0.795918	0.00192828
0.510204	-0.755102	0.00223028
0.510204	-0.714286	0.00252349
0.510204	-0.673469	0.00280674
0.510204	-0.632653	0.00307892
0.510204	-0.591837	0.00333895
0.510204	-0.55102	0.0035858
0.510204	-0.510204	0.0038185
0.510204	-0.469388	0.00403614
0.510204	-0.428571	0.00423785
0.510204	-0.387755	0.00442284
0.510204	-0.346939	0.00459038
0.510204	-0.306122	0.00473981
0.510204	-0.265306	0.00487053
0.510204	-0.22449	0.00498203
0.510204	-0.183673	0.00507387
0.510204	-0.142857	0.00514568
0.510204	-0.102041	0.0051972
0.510204	-0.0612245	0.0052282
0.510204	-0.0204082	0.00523856
0.510204	0.0204082	0.00522826
0.510204	0.0612245	0.00519732
0.510204	0.102041	0.00514586
0.510204	0.142857	0.0050741
0.510204	0.183673	0.00498231
0.510204	0.22449	0.00487086
0.510204	0.265306	0.00474018
0.510204	0.306122	0.00459079
0.510204	0.346939	0.00442329
0.510204	0.387755	0.00423832
0.510204	0.428571	0.00403662
0.510204	0.469388	0.00381899
0.510204	0.510204	0.00358629
0.510204	0.55102	0.00333943
0.510204	0.591837	0.00307938
0.510204	0.632653	0.00280718
0.510204	0.673469	0.0025239
0.510204	0.714286	0.00223066
0.510204	0.755102	0.00192861
0.510204	0.795918	0.00161895
0.510204	0.836735	0.0013029
0.510204	0.877551	0.000981699
0.510204	0.918367	0.000656627
0.510204	0.959184	0.000328963
0.510204	1	0
0.55102	-1	0.000306262
0.55102	-0.959184	0.000611315
0.55102	-0.918367	0.000913956
0.55102	-0.877551	0.00121299
0.55102	-0.836735	0.00150724
0.55102	-0.795918	0.00179554
0.55102	-0.755102	0.00207676
0.55102	-0.714286	0.00234979
0.55102	-0.673469	0.00261354
0.55102	-0.632653	0.00286698
0.55102	-0.591837	0.00310911
0.55102	-0.55102	0.00333897
0.55102	-0.510204	0.00355566
0.55102	-0.469388	0.00375832
0.55102	-0.428571	0.00394614
0.55102	-0.387755	0.0041184
0.55102	-0.346939	0.0042744
0.55102	-0.306122	0.00441354
0.55102	-0.265306	0.00453526
0.55102	-0.22449	0.00463909
0.55102	-0.183673	0.00472461
0.55102	-0.142857	0.00479148
0.55102	-0.102041	0.00483945
0.55102	-0.0612245	0.00486831
0.55102	-0.0204082	0.00487797
0.55102	0.0204082	0.00486837
0.55102	0.0612245	0.00483956
0.55102	0.102041	0.00479165
0.55102	0.142857	0.00472483
0.55102	0.183673	0.00463936
0.55102	0.22449	0.00453558
0.55102	0.265306	0.00441389
0.55102	0.306122	0.00427479
0.55102	0.346939	0.00411881
0.55102	0.387755	0.00394658
0.55102	0.428571	0.00375876
0.55102	0.469388	0.00355611
0.55102	0.510204	0.00333943
0.55102	0.55102	0.00310956
0.55102	0.591837	0.00286741
0.55102	0.632653	0.00261395
0.55102	0.673469	0.00235017
0.55102	0.714286	0.00207711
0.55102	0.755102	0.00179586
0.55102	0.795918	0.00150751
0.55102	0.836735	0.00121321
0.55102	0.877551	0.000914124
0.55102	0.918367	0.000611428
0.55102	0.959184	0.000306319
0.55102	1	0
0.591837	-1	0.000282413
0.591837	-0.959184	0.000563712
0.591837	-0.918367	0.000842786
0.591837	-0.877551	0.00111854
0.591837	-0.836735	0.00138987
0.591837	-0.795918	0.00165572
0.591837	-0.755102	0.00191504
0.591837	-0.714286	0.00216681
0.591837	-0.673469	0.00241002
0.591837	-0.632653	0.00264373
0.591837	-0.591837	0.002867
0.591837	-0.55102	0.00307896
0.591837	-0.510204	0.00327878
0.591837	-0.469388	0.00346565
0.591837	-0.428571	0.00363885
0.591837	-0.387755	0.0037977
0.591837	-0.346939	0.00394155
0.591837	-0.306122	0.00406986
0.591837	-0.265306	0.0041821
0.591837	-0.22449	0.00427784
0.591837	-0.183673	0.0043567
0.591837	-0.142857	0.00441837
0.591837	-0.102041	0.0044626
0.591837	-0.0612245	0.00448922
0.591837	-0.0204082	0.00449812
0.591837	0.0204082	0.00448927
0.591837	0.0612245	0.0044627
0.591837	0.102041	0.00441852
0.591837	0.142857	0.0043569
0.591837	0.183673	0.00427809
0.591837	0.22449	0.00418239
0.591837	0.265306	0.00407018
0.591837	0.306122	0.00394191
0.591837	0.346939	0.00379808
0.591837	0.387755	0.00363925
0.591837	0.428571	0.00346607
0.591837	0.469388	0.0032792
0.591837	0.510204	0.00307938
0.591837	0.55102	0.00286741
0.591837	0.591837	0.00264413
0.591837	0.632653	0.0024104
0.591837	0.673469	0.00216716
0.591837	0.714286	0.00191537
0.591837	0.755102	0.00165601
0.591837	0.795918	0.00139012
0.591837	0.836735	0.00111874
0.591837	0.877551	0.00084294
0.591837	0.918367	0.000563816
0.591837	0.959184	0.000282465
0.591837	1	0
0.632653	-1	0.000257449
0.632653	-0.959184	0.000513883
0.632653	-0.918367	0.000768289
0.632653	-0.877551	0.00101966
0.632653	-0.836735	0.00126702
0.632653	-0.795918	0.00150937
0.632653	-0.755102	0.00174577
0.632653	-0.714286	0.00197527
0.632653	-0.673469	0.00219699
0.632653	-0.632653	0.00241004
0.632653	-0.591837	0.00261358
0.632653	-0.55102	0.0028068
0.632653	-0.510204	0.00298895
0.632653	-0.469388	0.00315931
0.632653	-0.428571	0.0033172
0.632653	-0.387755	0.003462
0.632653	-0.346939	0.00359314
0.632653	-0.306122	0.00371011
0.632653	-0.265306	0.00381243
0.632653	-0.22449	0.00389971
0.632653	-0.183673	0.00397159
0.632653	-0.142857	0.00402781
0.632653	-0.102041	0.00406813
0.632653	-0.0612245	0.0040924
0.632653	-0.0204082	0.00410051
0.632653	0.0204082	0.00409244
0.632653	0.0612245	0.00406822
0.632653	0.102041	0.00402795
0.632653	0.142857	0.00397178
0.632653	0.183673	0.00389993
0.632653	0.22449	0.00381269
0.632653	0.265306	0.0037104
0.632653	0.306122	0.00359347
0.632653	0.346939	0.00346235
0.632653	0.387755	0.00331756
0.632653	0.428571	0.00315969
0.632653	0.469388	0.00298933
0.632653	0.510204	0.00280718
0.632653	0.55102	0.00261395
0.632653	0.591837	0.0024104
0.632653	0.632653	0.00219734
0.632653	0.673469	0.0019756
0.632653	0.714286	0.00174606
0.632653	0.755102	0.00150963
0.632653	0.795918	0.00126724
0.632653	0.836735	0.00101985
0.632653	0.877551	0.000768429
0.632653	0.918367	0.000513978
0.632653	0.959184	0.000257497
0.632653	1	0
0.673469	-1	0.000231469
0.673469	-0.959184	0.000462026
0.673469	-0.918367	0.000690759
0.673469	-0.877551	0.000916767
0.673469	-0.836735	0.00113916
0.673469	-0.795918	0.00135705
0.673469	-0.755102	0.0015696
0.673469	-0.714286	0.00177594
0.673469	-0.673469	0.00197529
0.673469	-0.632653	0.00216683
0.673469	-0.591837	0.00234983
0.673469	-0.55102	0.00252356
0.673469	-0.510204	0.00268733
0.673469	-0.469388	0.0028405
0.673469	-0.428571	0.00298245
0.673469	-0.387755	0.00311264
0.673469	-0.346939	0.00323055
0.673469	-0.306122	0.00333571
0.673469	-0.265306	0.00342771
0.673469	-0.22449	0.00350618
0.673469	-0.183673	0.00357081
0.673469	-0.142857	0.00362135
0.673469	-0.102041	0.0036576
0.673469	-0.0612245	0.00367942
0.673469	-0.0204082	0.00368672
0.673469	0.0204082	0.00367946
0.673469	0.0612245	0.00365769
0.673469	0.102041	0.00362148
0.673469	0.142857	0.00357098
0.673469	0.183673	0.00350638
0.673469	0.22449	0.00342794
0.673469	0.265306	0.00333597
0.673469	0.306122	0.00323084
0.673469	0.346939	0.00311295
0.673469	0.387755	0.00298278
0.673469	0.428571	0.00284083
0.673469	0.469388	0.00268767
0.673469	0.510204	0.0025239
0.673469	0.55102	0.00235017
0.673469	0.591837	0.00216716
0.673469	0.632653	0.0019756
0.673469	0.673469	0.00177623
0.673469	0.714286	0.00156986
0.673469	0.755102	0.00135729
0.673469	0.795918	0.00113936
0.673469	0.836735	0.000916932
0.673469	0.877551	0.000690885
0.673469	0.918367	0.000462111
0.673469	0.959184	0.000231512
0.673469	1	0
0.714286	-1	0.000204576
0.714286	-0.959184	0.000408344
0.714286	-0.918367	0.000610502
0.714286	-0.877551	0.000810251
0.714286	-0.836735	0.0010068
0.714286	-0.795918	0.00119938
0.714286	-0.755102	0.00138723
0.714286	-0.714286	0.0015696
0.714286	-0.673469	0.00174579
0.714286	-0.632653	0.00191508
0.714286	-0.591837	0.00207681
0.714286	-0.55102	0.00223036
0.714286	-0.510204	0.0023751
0.714286	-0.469388	0.00251047
0.714286	-0.428571	0.00263593
0.714286	-0.387755	0.002751
0.714286	-0.346939	0.0028552
0.714286	-0.306122	0.00294815
0.714286	-0.265306	0.00302945
0.714286	-0.22449	0.00309881
0.714286	-0.183673	0.00315593
0.714286	-0.142857	0.0032006
0.714286	-0.102041	0.00323264
0.714286	-0.0612245	0.00325192
0.714286	-0.0204082	0.00325837
0.714286	0.0204082	0.00325196
0.714286	0.0612245	0.00323272
0.714286	0.102041	0.00320071
0.714286	0.142857	0.00315608
0.714286	0.183673	0.00309898
0.714286	0.22449	0.00302966
0.714286	0.265306	0.00294838
0.714286	0.306122	0.00285546
0.714286	0.346939	0.00275127
0.714286	0.387755	0.00263622
0.714286	0.428571	0.00251077
0.714286	0.469388	0.0023754
0.714286	0.510204	0.00223066
0.714286	0.55102	0.00207711
0.714286	0.591837	0.00191537
0.714286	0.632653	0.00174606
0.714286	0.673469	0.00156986
0.714286	0.714286	0.00138746
0.714286	0.755102	0.00119959
0.714286	0.795918	0.00100698
0.714286	0.836735	0.000810397
0.714286	0.877551	0.000610614
0.714286	0.918367	0.00040842
0.714286	0.959184	0.000204614
0.714286	1	0
0.755102	-1	0.000176875
0.755102	-0.959184	0.000353051
0.755102	-0.918367	0.000527835
0.755102	-0.877551	0.000700536
0.755102	-0.836735	0.000870474
0.755102	-0.795918	0.00103698
0.755102	-0.755102	0.00119939
0.755102	-0.714286	0.00135707
0.755102	-0.673469	0.00150939
0.755102	-0.632653	0.00165576
0.755102	-0.591837	0.0017956
0.755102	-0.55102	0.00192835
0.755102	-0.510204	0.00205349
0.755102	-0.469388	0.00217053
0.755102	-0.428571	0.00227901
0.755102	-0.387755	0.00237849
0.755102	-0.346939	0.00246859
0.755102	-0.306122	0.00254894
0.755102	-0.265306	0.00261924
0.755102	-0.22449	0.0026792
0.755102	-0.183673	0.00272859
0.755102	-0.142857	0.00276721
0.755102	-0.102041	0.00279492
0.755102	-0.0612245	0.00281159
0.755102	-0.0204082	0.00281716
0.755102	0.0204082	0.00281162
0.755102	0.0612245	0.00279498
0.755102	0.102041	0.00276731
0.755102	0.142857	0.00272872
0.755102	0.183673	0.00267936
0.755102	0.22449	0.00261942
0.755102	0.265306	0.00254915
0.755102	0.306122	0.00246881
0.755102	0.346939	0.00237873
0.755102	0.387755	0.00227926
0.755102	0.428571	0.00217079
0.755102	0.469388	0.00205375
0.755102	0.510204	0.00192861
0.755102	0.55102	0.00179586
0.755102	0.591837	0.00165601
0.755102	0.632653	0.00150963
0.755102	0.673469	0.00135729
0.755102	0.714286	0.00119959
0.755102	0.755102	0.00103716
0.755102	0.795918	0.000870628
0.755102	0.836735	0.000700663
0.755102	0.877551	0.000527932
0.755102	0.918367	0.000353117
0.755102	0.959184	0.000176908
0.755102	1	0
0.795918	-1	0.000148475
0.795918	-0.959184	0.000296365
0.795918	-0.918367	0.000443085
0.795918	-0.877551	0.000588057
0.795918	-0.836735	0.000730708
0.795918	-0.795918	0.000870477
0.795918	-0.755102	0.00100681
0.795918	-0.714286	0.00113917
0.795918	-0.673469	0.00126704
0.795918	-0.632653	0.00138991
0.795918	-0.591837	0.00150729
0.795918	-0.55102	0.00161873
0.795918	-0.510204	0.00172378
0.795918	-0.469388	0.00182203
0.795918	-0.428571	0.00191308
0.795918	-0.387755	0.00199659
0.795918	-0.346939	0.00207222
0.795918	-0.306122	0.00213968
0.795918	-0.265306	0.00219869
0.795918	-0.22449	0.00224902
0.795918	-0.183673	0.00229048
0.795918	-0.142857	0.0023229
0.795918	-0.102041	0.00234616
0.795918	-0.0612245	0.00236015
0.795918	-0.0204082	0.00236483
0.795918	0.0204082	0.00236018
0.795918	0.0612245	0.00234621
0.795918	0.102041	0.00232298
0.795918	0.142857	0.00229059
0.795918	0.183673	0.00224915
0.795918	0.22449	0.00219884
0.795918	0.265306	0.00213985
0.795918	0.306122	0.00207241
0.795918	0.346939	0.00199679
0.795918	0.387755	0.00191329
0.795918	0.428571	0.00182224
0.795918	0.469388	0.001724
0.795918	0.510204	0.00161895
0.795918	0.55102	0.00150751
0.795918	0.591837	0.00139012
0.795918	0.632653	0.00126724
0.795918	0.673469	0.00113936
0.795918	0.714286	0.00100698
0.795918	0.755102	0.000870628
0.795918	0.795918	0.000730838
0.795918	0.836735	0.000588163
0.795918	0.877551	0.000443166
0.795918	0.918367	0.000296419
0.795918	0.959184	0.000148503
0.795918	1	0
0.836735	-1	0.00011949
0.836735	-0.959184	0.000238508
0.836735	-0.918367	0.000356585
0.836735	-0.877551	0.000473255
0.836735	-0.836735	0.000588059
0.836735	-0.795918	0.000700541
0.836735	-0.755102	0.00081026
0.836735	-0.714286	0.000916782
0.836735	-0.673469	0.00101969
0.836735	-0.632653	0.00111857
0.836735	-0.591837	0.00121304
0.836735	-0.55102	0.00130272
0.836735	-0.510204	0.00138726
0.836735	-0.469388	0.00146633
0.836735	-0.428571	0.00153961
0.836735	-0.387755	0.00160682
0.836735	-0.346939	0.00166768
0.836735	-0.306122	0.00172197
0.836735	-0.265306	0.00176946
0.836735	-0.22449	0.00180997
0.836735	-0.183673	0.00184333
0.836735	-0.142857	0.00186942
0.836735	-0.102041	0.00188814
0.836735	-0.0612245	0.0018994
0.836735	-0.0204082	0.00190317
0.836735	0.0204082	0.00189942
0.836735	0.0612245	0.00188818
0.836735	0.102041	0.00186949
0.836735	0.142857	0.00184342
0.836735	0.183673	0.00181007
0.836735	0.22449	0.00176958
0.836735	0.265306	0.0017221
0.836735	0.306122	0.00166783
0.836735	0.346939	0.00160698
0.836735	0.387755	0.00153978
0.836735	0.428571	0.0014665
0.836735	0.469388	0.00138744
0.836735	0.510204	0.0013029
0.836735	0.55102	0.00121321
0.836735	0.591837	0.00111874
0.836735	0.632653	0.00101985
0.836735	0.673469	0.000916932
0.836735	0.714286	0.000810397
0.836735	0.755102	0.000700663
0.836735	0.795918	0.000588163
0.836735	0.836735	0.000473341
0.836735	0.877551	0.00035665
0.836735	0.918367	0.000238552
0.836735	0.959184	0.000119512
0.836735	1	0
0.877551	-1	9.00325e-05
0.877551	-0.959184	0.00017971
0.877551	-0.918367	0.000268678
0.877551	-0.877551	0.000356586
0.877551	-0.836735	0.000443087
0.877551	-0.795918	0.00052784
0.877551	-0.755102	0.000610511
0.877551	-0.714286	0.000690772
0.877551	-0.673469	0.000768309
0.877551	-0.632653	0.000842813
0.877551	-0.591837	0.000913993
0.877551	-0.55102	0.000981565
0.877551	-0.510204	0.00104527
0.877551	-0.469388	0.00110484
0.877551	-0.428571	0.00116006
0.877551	-0.387755	0.0012107
0.877551	-0.346939	0.00125656
0.877551	-0.306122	0.00129746
0.877551	-0.265306	0.00133324
0.877551	-0.22449	0.00136376
0.877551	-0.183673	0.0013889
0.877551	-0.142857	0.00140856
0.877551	-0.102041	0.00142266
0.877551	-0.0612245	0.00143115
0.877551	-0.0204082	0.00143399
0.877551	0.0204082	0.00143117
0.877551	0.0612245	0.0014227
0.877551	0.102041	0.00140861
0.877551	0.142857	0.00138897
0.877551	0.183673	0.00136384
0.877551	0.22449	0.00133333
0.877551	0.265306	0.00129756
0.877551	0.306122	0.00125667
0.877551	0.346939	0.00121082
0.877551	0.387755	0.00116018
0.877551	0.428571	0.00110497
0.877551	0.469388	0.0010454
0.877551	0.510204	0.000981699
0.877551	0.55102	0.000914124
0.877551	0.591837	0.00084294
0.877551	0.632653	0.000768429
0.877551	0.673469	0.000690885
0.877551	0.714286	0.000610614
0.877551	0.755102	0.000527932
0.877551	0.795918	0.000443166
0.877551	0.836735	0.00035665
0.877551	0.877551	0.000268727
0.877551	0.918367	0.000179743
0.877551	0.959184	9.00492e-05
0.877551	1	0
0.918367	-1	6.02198e-05
0.918367	-0.959184	0.000120202
0.918367	-0.918367	0.00017971
0.918367	-0.877551	0.000238509
0.918367	-0.836735	0.000296367
0.918367	-0.795918	0.000353055
0.918367	-0.755102	0.000408351
0.918367	-0.714286	0.000462036
0.918367	-0.673469	0.000513897
0.918367	-0.632653	0.000563731
0.918367	-0.591837	0.00061134
0.918367	-0.55102	0.000656538
0.918367	-0.510204	0.000699144
0.918367	-0.469388	0.000738993
0.918367	-0.428571	0.000775925
0.918367	-0.387755	0.000809795
0.918367	-0.346939	0.00084047
0.918367	-0.306122	0.000867829
0.918367	-0.265306	0.000891763
0.918367	-0.22449	0.000912178
0.918367	-0.183673	0.000928993
0.918367	-0.142857	0.000942143
0.918367	-0.102041	0.000951574
0.918367	-0.0612245	0.00095725
0.918367	-0.0204082	0.000959148
0.918367	0.0204082	0.000957261
0.918367	0.0612245	0.000951596
0.918367	0.102041	0.000942176
0.918367	0.142857	0.000929036
0.918367	0.183673	0.000912231
0.918367	0.22449	0.000891824
0.918367	0.265306	0.000867898
0.918367	0.306122	0.000840546
0.918367	0.346939	0.000809876
0.918367	0.387755	0.00077601
0.918367	0.428571	0.00073908
0.918367	0.469388	0.000699234
0.918367	0.510204	0.000656627
0.918367	0.55102	0.000611428
0.918367	0.591837	0.000563816
0.918367	0.632653	0.000513978
0.918367	0.673469	0.000462111
0.918367	0.714286	0.00040842
0.918367	0.755102	0.000353117
0.918367	0.795918	0.000296419
0.918367	0.836735	0.000238552
0.918367	0.877551	0.000179743
0.918367	0.918367	0.000120224
0.918367	0.959184	6.0231e-05
0.918367	1	0
0.959184	-1	3.01695e-05
0.959184	-0.959184	6.02199e-05
0.959184	-0.918367	9.00327e-05
0.959184	-0.877551	0.00011949
0.959184	-0.836735	0.000148477
0.959184	-0.795918	0.000176877
0.959184	-0.755102	0.000204579
0.959184	-0.714286	0.000231475
0.959184	-0.673469	0.000257457
0.959184	-0.632653	0.000282423
0.959184	-0.591837	0.000306275
0.959184	-0.55102	0.000328918
0.959184	-0.510204	0.000350264
0.959184	-0.469388	0.000370227
0.959184	-0.428571	0.00038873
0.959184	-0.387755	0.000405698
0.959184	-0.346939	0.000421066
0.959184	-0.306122	0.000434773
0.959184	-0.265306	0.000446763
0.959184	-0.22449	0.000456991
0.959184	-0.183673	0.000465415
0.959184	-0.142857	0.000472003
0.959184	-0.102041	0.000476728
0.959184	-0.0612245	0.000479572
0.959184	-0.0204082	0.000480523
0.959184	0.0204082	0.000479577
0.959184	0.0612245	0.000476739
0.959184	0.102041	0.00047202
0.959184	0.142857	0.000465437
0.959184	0.183673	0.000457017
0.959184	0.22449	0.000446794
0.959184	0.265306	0.000434807
0.959184	0.306122	0.000421104
0.959184	0.346939	0.000405739
0.959184	0.387755	0.000388772
0.959184	0.428571	0.000370271
0.959184	0.469388	0.000350308
0.959184	0.510204	0.000328963
0.959184	0.55102	0.000306319
0.959184	0.591837	0.000282465
0.959184	0.632653	0.000257497
0.959184	0.673469	0.000231512
0.959184	0.714286	0.000204614
0.959184	0.755102	0.000176908
0.959184	0.795918	0.000148503
0.959184	0.836735	0.000119512
0.959184	0.877551	9.00492e-05
0.959184	0.918367	6.0231e-05
0.959184	0.959184	3.01751e-05
0.959184	1	0
1	-1	0
1	-0.959184	0
1	-0.918367	0
1	-0.877551	0
1	-0.836735	0
1	-0.795918	0
1	-0.755102	0
1	-0.714286	0
1	-0.673469	0
1	-0.632653	0
1	-0.591837	0
1	-0.55102	0
1	-0.510204	0
1	-0.469388	0
1	-0.428571	0
1	-0.387755	0
1	-0.346939	0
1	-0.306122	0
1	-0.265306	0
1	-0.22449	0
1	-0.183673	0
1	-0.142857	0
1	-0.102041	0
1	-0.0612245	0
1	-0.0204082	0
1	0.0204082	0
1	0.0612245	0
1	0.102041	0
1	0.142857	0
1	0.183673	0
1	0.22449	0
1	0.265306	0
1	0.306122	0
1	0.346939	0
1	0.387755	0
1	0.428571	0
1	0.469388	0
1	0.510204	0
1	0.55102	0
1	0.591837	0
1	0.632653	0
1	0.673469	0
1	0.714286	0
1	0.755102	0
1	0.795918	0
1	0.836735	0
1	0.877551	0
1	0.918367	0
1	0.959184	0
1	1	0
