-1	-1	6.43593e-05
-1	-0.959184	0.000128465
-1	-0.918367	0.000192064
-1	-0.877551	0.000254905
-1	-0.836735	0.000316742
-1	-0.795918	0.000377329
-1	-0.755102	0.000436429
-1	-0.714286	0.000493808
-1	-0.673469	0.000549239
-1	-0.632653	0.000602504
-1	-0.591837	0.000653393
-1	-0.55102	0.000701705
-1	-0.510204	0.00074725
-1	-0.469388	0.000789847
-1	-0.428571	0.000829329
-1	-0.387755	0.000865539
-1	-0.346939	0.000898336
-1	-0.306122	0.000927588
-1	-0.265306	0.000953181
-1	-0.22449	0.000975014
-1	-0.183673	0.000992999
-1	-0.142857	0.00100707
-1	-0.102041	0.00101716
-1	-0.0612245	0.00102324
-1	-0.0204082	0.00102528
-1	0.0204082	0.00102328
-1	0.0612245	0.00101723
-1	0.102041	0.00100718
-1	0.142857	0.000993143
-1	0.183673	0.000975189
-1	0.22449	0.000953385
-1	0.265306	0.000927818
-1	0.306122	0.000898587
-1	0.346939	0.000865809
-1	0.387755	0.000829612
-1	0.428571	0.000790139
-1	0.469388	0.000747547
-1	0.510204	0.000702002
-1	0.55102	0.000653685
-1	0.591837	0.000602787
-1	0.632653	0.000549508
-1	0.673469	0.000494059
-1	0.714286	0.000436658
-1	0.755102	0.000377533
-1	0.795918	0.000316917
-1	0.836735	0.000255049
-1	0.877551	0.000192173
-1	0.918367	0.000128539
-1	0.959184	6.43966e-05
-1	1	0
-0.959184	-1	0.000128465
-0.959184	-0.959184	0.000256423
-0.959184	-0.918367	0.00038337
-0.959184	-0.877551	0.000508806
-0.959184	-0.836735	0.000632235
-0.959184	-0.795918	0.000753171
-0.959184	-0.755102	0.000871137
-0.959184	-0.714286	0.000985668
-0.959184	-0.673469	0.00109631
-0.959184	-0.632653	0.00120263
-0.959184	-0.591837	0.00130421
-0.959184	-0.55102	0.00140064
-0.959184	-0.510204	0.00149155
-0.959184	-0.469388	0.00157658
-0.959184	-0.428571	0.00165539
-0.959184	-0.387755	0.00172767
-0.959184	-0.346939	0.00179313
-0.959184	-0.306122	0.00185152
-0.959184	-0.265306	0.0019026
-0.959184	-0.22449	0.00194618
-0.959184	-0.183673	0.00198208
-0.959184	-0.142857	0.00201016
-0.959184	-0.102041	0.00203031
-0.959184	-0.0612245	0.00204245
-0.959184	-0.0204082	0.00204652
-0.959184	0.0204082	0.00204252
-0.959184	0.0612245	0.00203046
-0.959184	0.102041	0.00201038
-0.959184	0.142857	0.00198237
-0.959184	0.183673	0.00194653
-0.959184	0.22449	0.00190301
-0.959184	0.265306	0.00185198
-0.959184	0.306122	0.00179363
-0.959184	0.346939	0.0017282
-0.959184	0.387755	0.00165595
-0.959184	0.428571	0.00157716
-0.959184	0.469388	0.00149215
-0.959184	0.510204	0.00140124
-0.959184	0.55102	0.00130479
-0.959184	0.591837	0.0012032
-0.959184	0.632653	0.00109685
-0.959184	0.673469	0.00098617
-0.959184	0.714286	0.000871595
-0.959184	0.755102	0.000753578
-0.959184	0.795918	0.000632584
-0.959184	0.836735	0.000509092
-0.959184	0.877551	0.000383589
-0.959184	0.918367	0.000256571
-0.959184	0.959184	0.000128539
-0.959184	1	0
-0.918367	-1	0.000192064
-0.918367	-0.959184	0.00038337
-0.918367	-0.918367	0.000573165
-0.918367	-0.877551	0.0007607
-0.918367	-0.836735	0.000945235
-0.918367	-0.795918	0.00112604
-0.918367	-0.755102	0.00130241
-0.918367	-0.714286	0.00147364
-0.918367	-0.673469	0.00163906
-0.918367	-0.632653	0.00179802
-0.918367	-0.591837	0.00194988
-0.918367	-0.55102	0.00209406
-0.918367	-0.510204	0.00222997
-0.918367	-0.469388	0.0023571
-0.918367	-0.428571	0.00247492
-0.918367	-0.387755	0.00258298
-0.918367	-0.346939	0.00268085
-0.918367	-0.306122	0.00276815
-0.918367	-0.265306	0.00284452
-0.918367	-0.22449	0.00290968
-0.918367	-0.183673	0.00296335
-0.918367	-0.142857	0.00300533
-0.918367	-0.102041	0.00303545
-0.918367	-0.0612245	0.0030536
-0.918367	-0.0204082	0.00305969
-0.918367	0.0204082	0.00305371
-0.918367	0.0612245	0.00303567
-0.918367	0.102041	0.00300566
-0.918367	0.142857	0.00296378
-0.918367	0.183673	0.0029102
-0.918367	0.22449	0.00284513
-0.918367	0.265306	0.00276883
-0.918367	0.306122	0.0026816
-0.918367	0.346939	0.00258378
-0.918367	0.387755	0.00247576
-0.918367	0.428571	0.00235797
-0.918367	0.469388	0.00223086
-0.918367	0.510204	0.00209495
-0.918367	0.55102	0.00195076
-0.918367	0.591837	0.00179886
-0.918367	0.632653	0.00163987
-0.918367	0.673469	0.00147439
-0.918367	0.714286	0.00130309
-0.918367	0.755102	0.00112665
-0.918367	0.795918	0.000945757
-0.918367	0.836735	0.000761128
-0.918367	0.877551	0.000573492
-0.918367	0.918367	0.000383591
-0.918367	0.959184	0.000192175
-0.918367	1	0
-0.877551	-1	0.000254905
-0.877551	-0.959184	0.000508806
-0.877551	-0.918367	0.0007607
-0.877551	-0.877551	0.00100959
-0.877551	-0.836735	0.00125451
-0.877551	-0.795918	0.00149447
-0.877551	-0.755102	0.00172855
-0.877551	-0.714286	0.0019558
-0.877551	-0.673469	0.00217535
-0.877551	-0.632653	0.00238631
-0.877551	-0.591837	0.00258787
-0.877551	-0.55102	0.00277922
-0.877551	-0.510204	0.0029596
-0.877551	-0.469388	0.00312832
-0.877551	-0.428571	0.00328469
-0.877551	-0.387755	0.00342811
-0.877551	-0.346939	0.003558
-0.877551	-0.306122	0.00367386
-0.877551	-0.265306	0.00377523
-0.877551	-0.22449	0.0038617
-0.877551	-0.183673	0.00393293
-0.877551	-0.142857	0.00398865
-0.877551	-0.102041	0.00402863
-0.877551	-0.0612245	0.00405271
-0.877551	-0.0204082	0.0040608
-0.877551	0.0204082	0.00405286
-0.877551	0.0612245	0.00402892
-0.877551	0.102041	0.00398908
-0.877551	0.142857	0.0039335
-0.877551	0.183673	0.00386239
-0.877551	0.22449	0.00377604
-0.877551	0.265306	0.00367477
-0.877551	0.306122	0.003559
-0.877551	0.346939	0.00342918
-0.877551	0.387755	0.00328581
-0.877551	0.428571	0.00312948
-0.877551	0.469388	0.00296078
-0.877551	0.510204	0.00278039
-0.877551	0.55102	0.00258903
-0.877551	0.591837	0.00238744
-0.877551	0.632653	0.00217642
-0.877551	0.673469	0.0019568
-0.877551	0.714286	0.00172946
-0.877551	0.755102	0.00149528
-0.877551	0.795918	0.0012552
-0.877551	0.836735	0.00101016
-0.877551	0.877551	0.000761134
-0.877551	0.918367	0.000509099
-0.877551	0.959184	0.000255053
-0.877551	1	0
-0.836735	-1	0.000316742
-0.836735	-0.959184	0.000632235
-0.836735	-0.918367	0.000945235
-0.836735	-0.877551	0.00125451
-0.836735	-0.836735	0.00155883
-0.836735	-0.795918	0.00185701
-0.836735	-0.755102	0.00214787
-0.836735	-0.714286	0.00243026
-0.836735	-0.673469	0.00270306
-0.836735	-0.632653	0.0029652
-0.836735	-0.591837	0.00321565
-0.836735	-0.55102	0.00345342
-0.836735	-0.510204	0.00367756
-0.836735	-0.469388	0.0038872
-0.836735	-0.428571	0.00408151
-0.836735	-0.387755	0.00425972
-0.836735	-0.346939	0.00442113
-0.836735	-0.306122	0.00456509
-0.836735	-0.265306	0.00469105
-0.836735	-0.22449	0.00479849
-0.836735	-0.183673	0.00488701
-0.836735	-0.142857	0.00495624
-0.836735	-0.102041	0.00500592
-0.836735	-0.0612245	0.00503584
-0.836735	-0.0204082	0.00504589
-0.836735	0.0204082	0.00503602
-0.836735	0.0612245	0.00500628
-0.836735	0.102041	0.00495678
-0.836735	0.142857	0.00488771
-0.836735	0.183673	0.00479935
-0.836735	0.22449	0.00469205
-0.836735	0.265306	0.00456622
-0.836735	0.306122	0.00442236
-0.836735	0.346939	0.00426105
-0.836735	0.387755	0.00408291
-0.836735	0.428571	0.00388864
-0.836735	0.469388	0.00367902
-0.836735	0.510204	0.00345488
-0.836735	0.55102	0.00321709
-0.836735	0.591837	0.00296659
-0.836735	0.632653	0.00270438
-0.836735	0.673469	0.00243149
-0.836735	0.714286	0.002149
-0.836735	0.755102	0.00185802
-0.836735	0.795918	0.0015597
-0.836735	0.836735	0.00125521
-0.836735	0.877551	0.000945774
-0.836735	0.918367	0.000632599
-0.836735	0.959184	0.000316926
-0.836735	1	0
-0.795918	-1	0.000377329
-0.795918	-0.959184	0.000753171
-0.795918	-0.918367	0.00112604
-0.795918	-0.877551	0.00149447
-0.795918	-0.836735	0.00185701
-0.795918	-0.795918	0.00221223
-0.795918	-0.755102	0.00255872
-0.795918	-0.714286	0.00289512
-0.795918	-0.673469	0.00322011
-0.795918	-0.632653	0.00353239
-0.795918	-0.591837	0.00383075
-0.795918	-0.55102	0.004114
-0.795918	-0.510204	0.00438102
-0.795918	-0.469388	0.00463076
-0.795918	-0.428571	0.00486224
-0.795918	-0.387755	0.00507453
-0.795918	-0.346939	0.00526681
-0.795918	-0.306122	0.00543832
-0.795918	-0.265306	0.00558837
-0.795918	-0.22449	0.00571637
-0.795918	-0.183673	0.00582181
-0.795918	-0.142857	0.00590429
-0.795918	-0.102041	0.00596347
-0.795918	-0.0612245	0.00599911
-0.795918	-0.0204082	0.00601108
-0.795918	0.0204082	0.00599933
-0.795918	0.0612245	0.0059639
-0.795918	0.102041	0.00590493
-0.795918	0.142857	0.00582265
-0.795918	0.183673	0.00571739
-0.795918	0.22449	0.00558956
-0.795918	0.265306	0.00543966
-0.795918	0.306122	0.00526829
-0.795918	0.346939	0.00507611
-0.795918	0.387755	0.0048639
-0.795918	0.428571	0.00463248
-0.795918	0.469388	0.00438276
-0.795918	0.510204	0.00411574
-0.795918	0.55102	0.00383246
-0.795918	0.591837	0.00353405
-0.795918	0.632653	0.00322169
-0.795918	0.673469	0.0028966
-0.795918	0.714286	0.00256007
-0.795918	0.755102	0.00221342
-0.795918	0.795918	0.00185804
-0.795918	0.836735	0.00149532
-0.795918	0.877551	0.00112669
-0.795918	0.918367	0.000753605
-0.795918	0.959184	0.000377548
-0.795918	1	0
-0.755102	-1	0.000436429
-0.755102	-0.959184	0.000871137
-0.755102	-0.918367	0.00130241
-0.755102	-0.877551	0.00172855
-0.755102	-0.836735	0.00214787
-0.755102	-0.795918	0.00255872
-0.755102	-0.755102	0.00295948
-0.755102	-0.714286	0.00334857
-0.755102	-0.673469	0.00372446
-0.755102	-0.632653	0.00408566
-0.755102	-0.591837	0.00443074
-0.755102	-0.55102	0.00475836
-0.755102	-0.510204	0.0050672
-0.755102	-0.469388	0.00535606
-0.755102	-0.428571	0.00562379
-0.755102	-0.387755	0.00586934
-0.755102	-0.346939	0.00609173
-0.755102	-0.306122	0.0062901
-0.755102	-0.265306	0.00646365
-0.755102	-0.22449	0.0066117
-0.755102	-0.183673	0.00673366
-0.755102	-0.142857	0.00682905
-0.755102	-0.102041	0.0068975
-0.755102	-0.0612245	0.00693873
-0.755102	-0.0204082	0.00695257
-0.755102	0.0204082	0.00693898
-0.755102	0.0612245	0.006898
-0.755102	0.102041	0.0068298
-0.755102	0.142857	0.00673463
-0.755102	0.183673	0.00661288
-0.755102	0.22449	0.00646503
-0.755102	0.265306	0.00629165
-0.755102	0.306122	0.00609344
-0.755102	0.346939	0.00587116
-0.755102	0.387755	0.00562571
-0.755102	0.428571	0.00535804
-0.755102	0.469388	0.00506921
-0.755102	0.510204	0.00476037
-0.755102	0.55102	0.00443273
-0.755102	0.591837	0.00408758
-0.755102	0.632653	0.00372629
-0.755102	0.673469	0.00335028
-0.755102	0.714286	0.00296104
-0.755102	0.755102	0.0025601
-0.755102	0.795918	0.00214906
-0.755102	0.836735	0.00172952
-0.755102	0.877551	0.00130315
-0.755102	0.918367	0.000871639
-0.755102	0.959184	0.000436682
-0.755102	1	0
-0.714286	-1	0.000493808
-0.714286	-0.959184	0.000985668
-0.714286	-0.918367	0.00147364
-0.714286	-0.877551	0.0019558
-0.714286	-0.836735	0.00243026
-0.714286	-0.795918	0.00289512
-0.714286	-0.755102	0.00334857
-0.714286	-0.714286	0.00378882
-0.714286	-0.673469	0.00421413
-0.714286	-0.632653	0.00462281
-0.714286	-0.591837	0.00501327
-0.714286	-0.55102	0.00538395
-0.714286	-0.510204	0.0057334
-0.714286	-0.469388	0.00606023
-0.714286	-0.428571	0.00636316
-0.714286	-0.387755	0.006641
-0.714286	-0.346939	0.00689263
-0.714286	-0.306122	0.00711707
-0.714286	-0.265306	0.00731344
-0.714286	-0.22449	0.00748095
-0.714286	-0.183673	0.00761895
-0.714286	-0.142857	0.00772689
-0.714286	-0.102041	0.00780433
-0.714286	-0.0612245	0.00785098
-0.714286	-0.0204082	0.00786665
-0.714286	0.0204082	0.00785127
-0.714286	0.0612245	0.0078049
-0.714286	0.102041	0.00772773
-0.714286	0.142857	0.00762005
-0.714286	0.183673	0.0074823
-0.714286	0.22449	0.00731501
-0.714286	0.265306	0.00711883
-0.714286	0.306122	0.00689456
-0.714286	0.346939	0.00664306
-0.714286	0.387755	0.00636534
-0.714286	0.428571	0.00606248
-0.714286	0.469388	0.00573568
-0.714286	0.510204	0.00538623
-0.714286	0.55102	0.00501551
-0.714286	0.591837	0.00462498
-0.714286	0.632653	0.00421619
-0.714286	0.673469	0.00379075
-0.714286	0.714286	0.00335033
-0.714286	0.755102	0.00289669
-0.714286	0.795918	0.0024316
-0.714286	0.836735	0.00195691
-0.714286	0.877551	0.00147448
-0.714286	0.918367	0.000986236
-0.714286	0.959184	0.000494094
-0.714286	1	0
-0.673469	-1	0.000549239
-0.673469	-0.959184	0.00109631
-0.673469	-0.918367	0.00163906
-0.673469	-0.877551	0.00217535
-0.673469	-0.836735	0.00270306
-0.673469	-0.795918	0.00322011
-0.673469	-0.755102	0.00372446
-0.673469	-0.714286	0.00421413
-0.673469	-0.673469	0.00468717
-0.673469	-0.632653	0.00514173
-0.673469	-0.591837	0.00557602
-0.673469	-0.55102	0.00598831
-0.673469	-0.510204	0.00637699
-0.673469	-0.469388	0.00674051
-0.673469	-0.428571	0.00707745
-0.673469	-0.387755	0.00738647
-0.673469	-0.346939	0.00766635
-0.673469	-0.306122	0.00791599
-0.673469	-0.265306	0.00813439
-0.673469	-0.22449	0.00832071
-0.673469	-0.183673	0.0084742
-0.673469	-0.142857	0.00859425
-0.673469	-0.102041	0.00868039
-0.673469	-0.0612245	0.00873227
-0.673469	-0.0204082	0.0087497
-0.673469	0.0204082	0.00873259
-0.673469	0.0612245	0.00868102
-0.673469	0.102041	0.00859519
-0.673469	0.142857	0.00847542
-0.673469	0.183673	0.0083222
-0.673469	0.22449	0.00813613
-0.673469	0.265306	0.00791794
-0.673469	0.306122	0.00766849
-0.673469	0.346939	0.00738876
-0.673469	0.387755	0.00707986
-0.673469	0.428571	0.00674301
-0.673469	0.469388	0.00637952
-0.673469	0.510204	0.00599085
-0.673469	0.55102	0.00557851
-0.673469	0.591837	0.00514415
-0.673469	0.632653	0.00468947
-0.673469	0.673469	0.00421627
-0.673469	0.714286	0.00372642
-0.673469	0.755102	0.00322185
-0.673469	0.795918	0.00270455
-0.673469	0.836735	0.00217657
-0.673469	0.877551	0.00164
-0.673469	0.918367	0.00109694
-0.673469	0.959184	0.000549557
-0.673469	1	0
-0.632653	-1	0.000602504
-0.632653	-0.959184	0.00120263
-0.632653	-0.918367	0.00179802
-0.632653	-0.877551	0.00238631
-0.632653	-0.836735	0.0029652
-0.632653	-0.795918	0.00353239
-0.632653	-0.755102	0.00408566
-0.632653	-0.714286	0.00462281
-0.632653	-0.673469	0.00514173
-0.632653	-0.632653	0.00564038
-0.632653	-0.591837	0.00611678
-0.632653	-0.55102	0.00656906
-0.632653	-0.510204	0.00699543
-0.632653	-0.469388	0.00739421
-0.632653	-0.428571	0.00776382
-0.632653	-0.387755	0.0081028
-0.632653	-0.346939	0.00840983
-0.632653	-0.306122	0.00868368
-0.632653	-0.265306	0.00892327
-0.632653	-0.22449	0.00912765
-0.632653	-0.183673	0.00929603
-0.632653	-0.142857	0.00942772
-0.632653	-0.102041	0.00952221
-0.632653	-0.0612245	0.00957913
-0.632653	-0.0204082	0.00959825
-0.632653	0.0204082	0.00957948
-0.632653	0.0612245	0.00952291
-0.632653	0.102041	0.00942875
-0.632653	0.142857	0.00929737
-0.632653	0.183673	0.00912929
-0.632653	0.22449	0.00892518
-0.632653	0.265306	0.00868583
-0.632653	0.306122	0.00841218
-0.632653	0.346939	0.00810533
-0.632653	0.387755	0.00776647
-0.632653	0.428571	0.00739694
-0.632653	0.469388	0.00699821
-0.632653	0.510204	0.00657184
-0.632653	0.55102	0.00611952
-0.632653	0.591837	0.00564303
-0.632653	0.632653	0.00514426
-0.632653	0.673469	0.00462517
-0.632653	0.714286	0.00408781
-0.632653	0.755102	0.0035343
-0.632653	0.795918	0.00296684
-0.632653	0.836735	0.00238766
-0.632653	0.877551	0.00179904
-0.632653	0.918367	0.00120333
-0.632653	0.959184	0.000602853
-0.632653	1	0
-0.591837	-1	0.000653393
-0.591837	-0.959184	0.00130421
-0.591837	-0.918367	0.00194988
-0.591837	-0.877551	0.00258787
-0.591837	-0.836735	0.00321565
-0.591837	-0.795918	0.00383075
-0.591837	-0.755102	0.00443074
-0.591837	-0.714286	0.00501327
-0.591837	-0.673469	0.00557602
-0.591837	-0.632653	0.00611678
-0.591837	-0.591837	0.00663342
-0.591837	-0.55102	0.0071239
-0.591837	-0.510204	0.00758628
-0.591837	-0.469388	0.00801874
-0.591837	-0.428571	0.00841957
-0.591837	-0.387755	0.00878719
-0.591837	-0.346939	0.00912015
-0.591837	-0.306122	0.00941712
-0.591837	-0.265306	0.00967695
-0.591837	-0.22449	0.0098986
-0.591837	-0.183673	0.0100812
-0.591837	-0.142857	0.010224
-0.591837	-0.102041	0.0103265
-0.591837	-0.0612245	0.0103882
-0.591837	-0.0204082	0.0104089
-0.591837	0.0204082	0.0103886
-0.591837	0.0612245	0.0103272
-0.591837	0.102041	0.0102251
-0.591837	0.142857	0.0100826
-0.591837	0.183673	0.00990038
-0.591837	0.22449	0.00967902
-0.591837	0.265306	0.00941945
-0.591837	0.306122	0.0091227
-0.591837	0.346939	0.00878992
-0.591837	0.387755	0.00842244
-0.591837	0.428571	0.00802171
-0.591837	0.469388	0.0075893
-0.591837	0.510204	0.00712692
-0.591837	0.55102	0.00663639
-0.591837	0.591837	0.00611966
-0.591837	0.632653	0.00557875
-0.591837	0.673469	0.00501582
-0.591837	0.714286	0.00443307
-0.591837	0.755102	0.00383282
-0.591837	0.795918	0.00321743
-0.591837	0.836735	0.00258932
-0.591837	0.877551	0.001951
-0.591837	0.918367	0.00130496
-0.591837	0.959184	0.000653772
-0.591837	1	0
-0.55102	-1	0.000701705
-0.55102	-0.959184	0.00140064
-0.55102	-0.918367	0.00209406
-0.55102	-0.877551	0.00277922
-0.55102	-0.836735	0.00345342
-0.55102	-0.795918	0.004114
-0.55102	-0.755102	0.00475836
-0.55102	-0.714286	0.00538395
-0.55102	-0.673469	0.00598831
-0.55102	-0.632653	0.00656906
-0.55102	-0.591837	0.0071239
-0.55102	-0.55102	0.00765064
-0.55102	-0.510204	0.00814721
-0.55102	-0.469388	0.00861165
-0.55102	-0.428571	0.00904212
-0.55102	-0.387755	0.00943692
-0.55102	-0.346939	0.00979449
-0.55102	-0.306122	0.0101134
-0.55102	-0.265306	0.0103925
-0.55102	-0.22449	0.0106305
-0.55102	-0.183673	0.0108266
-0.55102	-0.142857	0.01098
-0.55102	-0.102041	0.01109
-0.55102	-0.0612245	0.0111563
-0.55102	-0.0204082	0.0111786
-0.55102	0.0204082	0.0111567
-0.55102	0.0612245	0.0110908
-0.55102	0.102041	0.0109812
-0.55102	0.142857	0.0108282
-0.55102	0.183673	0.0106324
-0.55102	0.22449	0.0103947
-0.55102	0.265306	0.0101159
-0.55102	0.306122	0.00979723
-0.55102	0.346939	0.00943985
-0.55102	0.387755	0.0090452
-0.55102	0.428571	0.00861484
-0.55102	0.469388	0.00815045
-0.55102	0.510204	0.00765388
-0.55102	0.55102	0.00712709
-0.55102	0.591837	0.00657215
-0.55102	0.632653	0.00599125
-0.55102	0.673469	0.00538669
-0.55102	0.714286	0.00476086
-0.55102	0.755102	0.00411622
-0.55102	0.795918	0.00345532
-0.55102	0.836735	0.00278078
-0.55102	0.877551	0.00209525
-0.55102	0.918367	0.00140145
-0.55102	0.959184	0.000702112
-0.55102	1	0
-0.510204	-1	0.00074725
-0.510204	-0.959184	0.00149155
-0.510204	-0.918367	0.00222997
-0.510204	-0.877551	0.0029596
-0.510204	-0.836735	0.00367756
-0.510204	-0.795918	0.00438102
-0.510204	-0.755102	0.0050672
-0.510204	-0.714286	0.0057334
-0.510204	-0.673469	0.00637699
-0.510204	-0.632653	0.00699543
-0.510204	-0.591837	0.00758628
-0.510204	-0.55102	0.00814721
-0.510204	-0.510204	0.00867601
-0.510204	-0.469388	0.00917059
-0.510204	-0.428571	0.009629
-0.510204	-0.387755	0.0100494
-0.510204	-0.346939	0.0104302
-0.510204	-0.306122	0.0107698
-0.510204	-0.265306	0.011067
-0.510204	-0.22449	0.0113205
-0.510204	-0.183673	0.0115293
-0.510204	-0.142857	0.0116926
-0.510204	-0.102041	0.0118098
-0.510204	-0.0612245	0.0118804
-0.510204	-0.0204082	0.0119041
-0.510204	0.0204082	0.0118809
-0.510204	0.0612245	0.0118107
-0.510204	0.102041	0.0116939
-0.510204	0.142857	0.011531
-0.510204	0.183673	0.0113225
-0.510204	0.22449	0.0110694
-0.510204	0.265306	0.0107725
-0.510204	0.306122	0.0104331
-0.510204	0.346939	0.0100526
-0.510204	0.387755	0.00963229
-0.510204	0.428571	0.00917399
-0.510204	0.469388	0.00867946
-0.510204	0.510204	0.00815066
-0.510204	0.55102	0.00758968
-0.510204	0.591837	0.00699872
-0.510204	0.632653	0.00638012
-0.510204	0.673469	0.00573632
-0.510204	0.714286	0.00506986
-0.510204	0.755102	0.00438338
-0.510204	0.795918	0.00367959
-0.510204	0.836735	0.00296127
-0.510204	0.877551	0.00223125
-0.510204	0.918367	0.00149241
-0.510204	0.959184	0.000747683
-0.510204	1	0
-0.469388	-1	0.000789847
-0.469388	-0.959184	0.00157658
-0.469388	-0.918367	0.0023571
-0.469388	-0.877551	0.00312832
-0.469388	-0.836735	0.0038872
-0.469388	-0.795918	0.00463076
-0.469388	-0.755102	0.00535606
-0.469388	-0.714286	0.00606023
-0.469388	-0.673469	0.00674051
-0.469388	-0.632653	0.00739421
-0.469388	-0.591837	0.00801874
-0.469388	-0.55102	0.00861165
-0.469388	-0.510204	0.00917059
-0.469388	-0.469388	0.00969337
-0.469388	-0.428571	0.0101779
-0.469388	-0.387755	0.0106223
-0.469388	-0.346939	0.0110248
-0.469388	-0.306122	0.0113838
-0.469388	-0.265306	0.0116979
-0.469388	-0.22449	0.0119658
-0.469388	-0.183673	0.0121865
-0.469388	-0.142857	0.0123592
-0.469388	-0.102041	0.0124831
-0.469388	-0.0612245	0.0125577
-0.469388	-0.0204082	0.0125827
-0.469388	0.0204082	0.0125581
-0.469388	0.0612245	0.012484
-0.469388	0.102041	0.0123605
-0.469388	0.142857	0.0121883
-0.469388	0.183673	0.011968
-0.469388	0.22449	0.0117004
-0.469388	0.265306	0.0113866
-0.469388	0.306122	0.0110279
-0.469388	0.346939	0.0106256
-0.469388	0.387755	0.0101814
-0.469388	0.428571	0.00969695
-0.469388	0.469388	0.00917424
-0.469388	0.510204	0.00861529
-0.469388	0.55102	0.00802233
-0.469388	0.591837	0.00739768
-0.469388	0.632653	0.00674382
-0.469388	0.673469	0.00606332
-0.469388	0.714286	0.00535887
-0.469388	0.755102	0.00463326
-0.469388	0.795918	0.00388935
-0.469388	0.836735	0.00313008
-0.469388	0.877551	0.00235844
-0.469388	0.918367	0.00157749
-0.469388	0.959184	0.000790305
-0.469388	1	0
-0.428571	-1	0.000829329
-0.428571	-0.959184	0.00165539
-0.428571	-0.918367	0.00247492
-0.428571	-0.877551	0.00328469
-0.428571	-0.836735	0.00408151
-0.428571	-0.795918	0.00486224
-0.428571	-0.755102	0.00562379
-0.428571	-0.714286	0.00636316
-0.428571	-0.673469	0.00707745
-0.428571	-0.632653	0.00776382
-0.428571	-0.591837	0.00841957
-0.428571	-0.55102	0.00904212
-0.428571	-0.510204	0.009629
-0.428571	-0.469388	0.0101779
-0.428571	-0.428571	0.0106867
-0.428571	-0.387755	0.0111533
-0.428571	-0.346939	0.0115759
-0.428571	-0.306122	0.0119528
-0.428571	-0.265306	0.0122826
-0.428571	-0.22449	0.0125639
-0.428571	-0.183673	0.0127957
-0.428571	-0.142857	0.012977
-0.428571	-0.102041	0.013107
-0.428571	-0.0612245	0.0131854
-0.428571	-0.0204082	0.0132117
-0.428571	0.0204082	0.0131859
-0.428571	0.0612245	0.013108
-0.428571	0.102041	0.0129784
-0.428571	0.142857	0.0127976
-0.428571	0.183673	0.0125662
-0.428571	0.22449	0.0122852
-0.428571	0.265306	0.0119558
-0.428571	0.306122	0.0115791
-0.428571	0.346939	0.0111567
-0.428571	0.387755	0.0106903
-0.428571	0.428571	0.0101817
-0.428571	0.469388	0.00963283
-0.428571	0.510204	0.00904594
-0.428571	0.55102	0.00842334
-0.428571	0.591837	0.00776747
-0.428571	0.632653	0.00708092
-0.428571	0.673469	0.0063664
-0.428571	0.714286	0.00562675
-0.428571	0.755102	0.00486486
-0.428571	0.795918	0.00408377
-0.428571	0.836735	0.00328654
-0.428571	0.877551	0.00247633
-0.428571	0.918367	0.00165634
-0.428571	0.959184	0.00082981
-0.428571	1	0
-0.387755	-1	0.000865539
-0.387755	-0.959184	0.00172767
-0.387755	-0.918367	0.00258298
-0.387755	-0.877551	0.00342811
-0.387755	-0.836735	0.00425972
-0.387755	-0.795918	0.00507453
-0.387755	-0.755102	0.00586934
-0.387755	-0.714286	0.006641
-0.387755	-0.673469	0.00738647
-0.387755	-0.632653	0.0081028
-0.387755	-0.591837	0.00878719
-0.387755	-0.55102	0.00943692
-0.387755	-0.510204	0.0100494
-0.387755	-0.469388	0.0106223
-0.387755	-0.428571	0.0111533
-0.387755	-0.387755	0.0116403
-0.387755	-0.346939	0.0120813
-0.387755	-0.306122	0.0124747
-0.387755	-0.265306	0.0128189
-0.387755	-0.22449	0.0131125
-0.387755	-0.183673	0.0133544
-0.387755	-0.142857	0.0135436
-0.387755	-0.102041	0.0136793
-0.387755	-0.0612245	0.0137611
-0.387755	-0.0204082	0.0137886
-0.387755	0.0204082	0.0137616
-0.387755	0.0612245	0.0136803
-0.387755	0.102041	0.0135451
-0.387755	0.142857	0.0133563
-0.387755	0.183673	0.0131149
-0.387755	0.22449	0.0128216
-0.387755	0.265306	0.0124778
-0.387755	0.306122	0.0120847
-0.387755	0.346939	0.0116439
-0.387755	0.387755	0.0111571
-0.387755	0.428571	0.0106262
-0.387755	0.469388	0.0100534
-0.387755	0.510204	0.00944091
-0.387755	0.55102	0.00879112
-0.387755	0.591837	0.00810661
-0.387755	0.632653	0.00739009
-0.387755	0.673469	0.00664438
-0.387755	0.714286	0.00587242
-0.387755	0.755102	0.00507728
-0.387755	0.795918	0.00426207
-0.387755	0.836735	0.00343004
-0.387755	0.877551	0.00258445
-0.387755	0.918367	0.00172866
-0.387755	0.959184	0.000866041
-0.387755	1	0
-0.346939	-1	0.000898336
-0.346939	-0.959184	0.00179313
-0.346939	-0.918367	0.00268085
-0.346939	-0.877551	0.003558
-0.346939	-0.836735	0.00442113
-0.346939	-0.795918	0.00526681
-0.346939	-0.755102	0.00609173
-0.346939	-0.714286	0.00689263
-0.346939	-0.673469	0.00766635
-0.346939	-0.632653	0.00840983
-0.346939	-0.591837	0.00912015
-0.346939	-0.55102	0.00979449
-0.346939	-0.510204	0.0104302
-0.346939	-0.469388	0.0110248
-0.346939	-0.428571	0.0115759
-0.346939	-0.387755	0.0120813
-0.346939	-0.346939	0.0125391
-0.346939	-0.306122	0.0129474
-0.346939	-0.265306	0.0133046
-0.346939	-0.22449	0.0136094
-0.346939	-0.183673	0.0138604
-0.346939	-0.142857	0.0140568
-0.346939	-0.102041	0.0141977
-0.346939	-0.0612245	0.0142825
-0.346939	-0.0204082	0.014311
-0.346939	0.0204082	0.014283
-0.346939	0.0612245	0.0141987
-0.346939	0.102041	0.0140583
-0.346939	0.142857	0.0138624
-0.346939	0.183673	0.0136118
-0.346939	0.22449	0.0133075
-0.346939	0.265306	0.0129506
-0.346939	0.306122	0.0125426
-0.346939	0.346939	0.0120851
-0.346939	0.387755	0.0115798
-0.346939	0.428571	0.0110289
-0.346939	0.469388	0.0104344
-0.346939	0.510204	0.00979864
-0.346939	0.55102	0.00912423
-0.346939	0.591837	0.00841378
-0.346939	0.632653	0.00767011
-0.346939	0.673469	0.00689614
-0.346939	0.714286	0.00609494
-0.346939	0.755102	0.00526966
-0.346939	0.795918	0.00442357
-0.346939	0.836735	0.00356001
-0.346939	0.877551	0.00268238
-0.346939	0.918367	0.00179416
-0.346939	0.959184	0.000898857
-0.346939	1	0
-0.306122	-1	0.000927588
-0.306122	-0.959184	0.00185152
-0.306122	-0.918367	0.00276815
-0.306122	-0.877551	0.00367386
-0.306122	-0.836735	0.00456509
-0.306122	-0.795918	0.00543832
-0.306122	-0.755102	0.0062901
-0.306122	-0.714286	0.00711707
-0.306122	-0.673469	0.00791599
-0.306122	-0.632653	0.00868368
-0.306122	-0.591837	0.00941712
-0.306122	-0.55102	0.0101134
-0.306122	-0.510204	0.0107698
-0.306122	-0.469388	0.0113838
-0.306122	-0.428571	0.0119528
-0.306122	-0.387755	0.0124747
-0.306122	-0.346939	0.0129474
-0.306122	-0.306122	0.013369
-0.306122	-0.265306	0.0137379
-0.306122	-0.22449	0.0140525
-0.306122	-0.183673	0.0143117
-0.306122	-0.142857	0.0145145
-0.306122	-0.102041	0.01466
-0.306122	-0.0612245	0.0147476
-0.306122	-0.0204082	0.014777
-0.306122	0.0204082	0.0147481
-0.306122	0.0612245	0.014661
-0.306122	0.102041	0.0145161
-0.306122	0.142857	0.0143138
-0.306122	0.183673	0.0140551
-0.306122	0.22449	0.0137408
-0.306122	0.265306	0.0133723
-0.306122	0.306122	0.012951
-0.306122	0.346939	0.0124786
-0.306122	0.387755	0.0119569
-0.306122	0.428571	0.011388
-0.306122	0.469388	0.0107741
-0.306122	0.510204	0.0101177
-0.306122	0.55102	0.00942134
-0.306122	0.591837	0.00868776
-0.306122	0.632653	0.00791987
-0.306122	0.673469	0.0071207
-0.306122	0.714286	0.0062934
-0.306122	0.755102	0.00544125
-0.306122	0.795918	0.00456761
-0.306122	0.836735	0.00367593
-0.306122	0.877551	0.00276973
-0.306122	0.918367	0.00185259
-0.306122	0.959184	0.000928126
-0.306122	1	0
-0.265306	-1	0.000953181
-0.265306	-0.959184	0.0019026
-0.265306	-0.918367	0.00284452
-0.265306	-0.877551	0.00377523
-0.265306	-0.836735	0.00469105
-0.265306	-0.795918	0.00558837
-0.265306	-0.755102	0.00646365
-0.265306	-0.714286	0.00731344
-0.265306	-0.673469	0.00813439
-0.265306	-0.632653	0.00892327
-0.265306	-0.591837	0.00967695
-0.265306	-0.55102	0.0103925
-0.265306	-0.510204	0.011067
-0.265306	-0.469388	0.0116979
-0.265306	-0.428571	0.0122826
-0.265306	-0.387755	0.0128189
-0.265306	-0.346939	0.0133046
-0.265306	-0.306122	0.0137379
-0.265306	-0.265306	0.0141169
-0.265306	-0.22449	0.0144403
-0.265306	-0.183673	0.0147066
-0.265306	-0.142857	0.014915
-0.265306	-0.102041	0.0150645
-0.265306	-0.0612245	0.0151545
-0.265306	-0.0204082	0.0151847
-0.265306	0.0204082	0.0151551
-0.265306	0.0612245	0.0150656
-0.265306	0.102041	0.0149166
-0.265306	0.142857	0.0147087
-0.265306	0.183673	0.0144428
-0.265306	0.22449	0.0141199
-0.265306	0.265306	0.0137413
-0.265306	0.306122	0.0133084
-0.265306	0.346939	0.0128229
-0.265306	0.387755	0.0122868
-0.265306	0.428571	0.0117022
-0.265306	0.469388	0.0110714
-0.265306	0.510204	0.0103969
-0.265306	0.55102	0.00968128
-0.265306	0.591837	0.00892746
-0.265306	0.632653	0.00813838
-0.265306	0.673469	0.00731716
-0.265306	0.714286	0.00646705
-0.265306	0.755102	0.00559138
-0.265306	0.795918	0.00469364
-0.265306	0.836735	0.00377735
-0.265306	0.877551	0.00284615
-0.265306	0.918367	0.0019037
-0.265306	0.959184	0.000953734
-0.265306	1	0
-0.22449	-1	0.000975014
-0.22449	-0.959184	0.00194618
-0.22449	-0.918367	0.00290968
-0.22449	-0.877551	0.0038617
-0.22449	-0.836735	0.00479849
-0.22449	-0.795918	0.00571637
-0.22449	-0.755102	0.0066117
-0.22449	-0.714286	0.00748095
-0.22449	-0.673469	0.00832071
-0.22449	-0.632653	0.00912765
-0.22449	-0.591837	0.0098986
-0.22449	-0.55102	0.0106305
-0.22449	-0.510204	0.0113205
-0.22449	-0.469388	0.0119658
-0.22449	-0.428571	0.0125639
-0.22449	-0.387755	0.0131125
-0.22449	-0.346939	0.0136094
-0.22449	-0.306122	0.0140525
-0.22449	-0.265306	0.0144403
-0.22449	-0.22449	0.014771
-0.22449	-0.183673	0.0150435
-0.22449	-0.142857	0.0152566
-0.22449	-0.102041	0.0154095
-0.22449	-0.0612245	0.0155016
-0.22449	-0.0204082	0.0155325
-0.22449	0.0204082	0.0155022
-0.22449	0.0612245	0.0154106
-0.22449	0.102041	0.0152583
-0.22449	0.142857	0.0150456
-0.22449	0.183673	0.0147737
-0.22449	0.22449	0.0144433
-0.22449	0.265306	0.014056
-0.22449	0.306122	0.0136132
-0.22449	0.346939	0.0131166
-0.22449	0.387755	0.0125682
-0.22449	0.428571	0.0119702
-0.22449	0.469388	0.011325
-0.22449	0.510204	0.010635
-0.22449	0.55102	0.00990303
-0.22449	0.591837	0.00913194
-0.22449	0.632653	0.00832479
-0.22449	0.673469	0.00748476
-0.22449	0.714286	0.00661517
-0.22449	0.755102	0.00571945
-0.22449	0.795918	0.00480114
-0.22449	0.836735	0.00386387
-0.22449	0.877551	0.00291134
-0.22449	0.918367	0.0019473
-0.22449	0.959184	0.000975579
-0.22449	1	0
-0.183673	-1	0.000992999
-0.183673	-0.959184	0.00198208
-0.183673	-0.918367	0.00296335
-0.183673	-0.877551	0.00393293
-0.183673	-0.836735	0.00488701
-0.183673	-0.795918	0.00582181
-0.183673	-0.755102	0.00673366
-0.183673	-0.714286	0.00761895
-0.183673	-0.673469	0.0084742
-0.183673	-0.632653	0.00929603
-0.183673	-0.591837	0.0100812
-0.183673	-0.55102	0.0108266
-0.183673	-0.510204	0.0115293
-0.183673	-0.469388	0.0121865
-0.183673	-0.428571	0.0127957
-0.183673	-0.387755	0.0133544
-0.183673	-0.346939	0.0138604
-0.183673	-0.306122	0.0143117
-0.183673	-0.265306	0.0147066
-0.183673	-0.22449	0.0150435
-0.183673	-0.183673	0.015321
-0.183673	-0.142857	0.015538
-0.183673	-0.102041	0.0156938
-0.183673	-0.0612245	0.0157876
-0.183673	-0.0204082	0.0158191
-0.183673	0.0204082	0.0157881
-0.183673	0.0612245	0.0156949
-0.183673	0.102041	0.0155397
-0.183673	0.142857	0.0153232
-0.183673	0.183673	0.0150462
-0.183673	0.22449	0.0147098
-0.183673	0.265306	0.0143153
-0.183673	0.306122	0.0138643
-0.183673	0.346939	0.0133586
-0.183673	0.387755	0.0128001
-0.183673	0.428571	0.0121911
-0.183673	0.469388	0.0115339
-0.183673	0.510204	0.0108312
-0.183673	0.55102	0.0100857
-0.183673	0.591837	0.0093004
-0.183673	0.632653	0.00847836
-0.183673	0.673469	0.00762283
-0.183673	0.714286	0.0067372
-0.183673	0.755102	0.00582496
-0.183673	0.795918	0.00488971
-0.183673	0.836735	0.00393515
-0.183673	0.877551	0.00296504
-0.183673	0.918367	0.00198323
-0.183673	0.959184	0.000993575
-0.183673	1	0
-0.142857	-1	0.00100707
-0.142857	-0.959184	0.00201016
-0.142857	-0.918367	0.00300533
-0.142857	-0.877551	0.00398865
-0.142857	-0.836735	0.00495624
-0.142857	-0.795918	0.00590429
-0.142857	-0.755102	0.00682905
-0.142857	-0.714286	0.00772689
-0.142857	-0.673469	0.00859425
-0.142857	-0.632653	0.00942772
-0.142857	-0.591837	0.010224
-0.142857	-0.55102	0.01098
-0.142857	-0.510204	0.0116926
-0.142857	-0.469388	0.0123592
-0.142857	-0.428571	0.012977
-0.142857	-0.387755	0.0135436
-0.142857	-0.346939	0.0140568
-0.142857	-0.306122	0.0145145
-0.142857	-0.265306	0.014915
-0.142857	-0.22449	0.0152566
-0.142857	-0.183673	0.015538
-0.142857	-0.142857	0.0157581
-0.142857	-0.102041	0.0159161
-0.142857	-0.0612245	0.0160112
-0.142857	-0.0204082	0.0160432
-0.142857	0.0204082	0.0160118
-0.142857	0.0612245	0.0159172
-0.142857	0.102041	0.0157599
-0.142857	0.142857	0.0155403
-0.142857	0.183673	0.0152593
-0.142857	0.22449	0.0149182
-0.142857	0.265306	0.0145181
-0.142857	0.306122	0.0140607
-0.142857	0.346939	0.0135478
-0.142857	0.387755	0.0129814
-0.142857	0.428571	0.0123638
-0.142857	0.469388	0.0116973
-0.142857	0.510204	0.0109846
-0.142857	0.55102	0.0102286
-0.142857	0.591837	0.00943215
-0.142857	0.632653	0.00859847
-0.142857	0.673469	0.00773082
-0.142857	0.714286	0.00683264
-0.142857	0.755102	0.00590748
-0.142857	0.795918	0.00495898
-0.142857	0.836735	0.00399089
-0.142857	0.877551	0.00300705
-0.142857	0.918367	0.00201132
-0.142857	0.959184	0.00100765
-0.142857	1	0
-0.102041	-1	0.00101716
-0.102041	-0.959184	0.00203031
-0.102041	-0.918367	0.00303545
-0.102041	-0.877551	0.00402863
-0.102041	-0.836735	0.00500592
-0.102041	-0.795918	0.00596347
-0.102041	-0.755102	0.0068975
-0.102041	-0.714286	0.00780433
-0.102041	-0.673469	0.00868039
-0.102041	-0.632653	0.00952221
-0.102041	-0.591837	0.0103265
-0.102041	-0.55102	0.01109
-0.102041	-0.510204	0.0118098
-0.102041	-0.469388	0.0124831
-0.102041	-0.428571	0.013107
-0.102041	-0.387755	0.0136793
-0.102041	-0.346939	0.0141977
-0.102041	-0.306122	0.01466
-0.102041	-0.265306	0.0150645
-0.102041	-0.22449	0.0154095
-0.102041	-0.183673	0.0156938
-0.102041	-0.142857	0.0159161
-0.102041	-0.102041	0.0160756
-0.102041	-0.0612245	0.0161717
-0.102041	-0.0204082	0.016204
-0.102041	0.0204082	0.0161723
-0.102041	0.0612245	0.0160768
-0.102041	0.102041	0.0159178
-0.102041	0.142857	0.015696
-0.102041	0.183673	0.0154123
-0.102041	0.22449	0.0150677
-0.102041	0.265306	0.0146636
-0.102041	0.306122	0.0142016
-0.102041	0.346939	0.0136836
-0.102041	0.387755	0.0131115
-0.102041	0.428571	0.0124877
-0.102041	0.469388	0.0118145
-0.102041	0.510204	0.0110947
-0.102041	0.55102	0.0103311
-0.102041	0.591837	0.00952669
-0.102041	0.632653	0.00868465
-0.102041	0.673469	0.00780831
-0.102041	0.714286	0.00690112
-0.102041	0.755102	0.00596669
-0.102041	0.795918	0.00500868
-0.102041	0.836735	0.00403089
-0.102041	0.877551	0.00303719
-0.102041	0.918367	0.00203148
-0.102041	0.959184	0.00101775
-0.102041	1	0
-0.0612245	-1	0.00102324
-0.0612245	-0.959184	0.00204245
-0.0612245	-0.918367	0.0030536
-0.0612245	-0.877551	0.00405271
-0.0612245	-0.836735	0.00503584
-0.0612245	-0.795918	0.00599911
-0.0612245	-0.755102	0.00693873
-0.0612245	-0.714286	0.00785098
-0.0612245	-0.673469	0.00873227
-0.0612245	-0.632653	0.00957913
-0.0612245	-0.591837	0.0103882
-0.0612245	-0.55102	0.0111563
-0.0612245	-0.510204	0.0118804
-0.0612245	-0.469388	0.0125577
-0.0612245	-0.428571	0.0131854
-0.0612245	-0.387755	0.0137611
-0.0612245	-0.346939	0.0142825
-0.0612245	-0.306122	0.0147476
-0.0612245	-0.265306	0.0151545
-0.0612245	-0.22449	0.0155016
-0.0612245	-0.183673	0.0157876
-0.0612245	-0.142857	0.0160112
-0.0612245	-0.102041	0.0161717
-0.0612245	-0.0612245	0.0162684
-0.0612245	-0.0204082	0.0163008
-0.0612245	0.0204082	0.016269
-0.0612245	0.0612245	0.0161729
-0.0612245	0.102041	0.016013
-0.0612245	0.142857	0.0157898
-0.0612245	0.183673	0.0155044
-0.0612245	0.22449	0.0151577
-0.0612245	0.265306	0.0147512
-0.0612245	0.306122	0.0142865
-0.0612245	0.346939	0.0137654
-0.0612245	0.387755	0.0131899
-0.0612245	0.428571	0.0125623
-0.0612245	0.469388	0.0118851
-0.0612245	0.510204	0.011161
-0.0612245	0.55102	0.0103929
-0.0612245	0.591837	0.00958363
-0.0612245	0.632653	0.00873656
-0.0612245	0.673469	0.00785498
-0.0612245	0.714286	0.00694237
-0.0612245	0.755102	0.00600235
-0.0612245	0.795918	0.00503862
-0.0612245	0.836735	0.00405499
-0.0612245	0.877551	0.00305534
-0.0612245	0.918367	0.00204362
-0.0612245	0.959184	0.00102383
-0.0612245	1	0
-0.0204082	-1	0.00102528
-0.0204082	-0.959184	0.00204652
-0.0204082	-0.918367	0.00305969
-0.0204082	-0.877551	0.0040608
-0.0204082	-0.836735	0.00504589
-0.0204082	-0.795918	0.00601108
-0.0204082	-0.755102	0.00695257
-0.0204082	-0.714286	0.00786665
-0.0204082	-0.673469	0.0087497
-0.0204082	-0.632653	0.00959825
-0.0204082	-0.591837	0.0104089
-0.0204082	-0.55102	0.0111786
-0.0204082	-0.510204	0.0119041
-0.0204082	-0.469388	0.0125827
-0.0204082	-0.428571	0.0132117
-0.0204082	-0.387755	0.0137886
-0.0204082	-0.346939	0.014311
-0.0204082	-0.306122	0.014777
-0.0204082	-0.265306	0.0151847
-0.0204082	-0.22449	0.0155325
-0.0204082	-0.183673	0.0158191
-0.0204082	-0.142857	0.0160432
-0.0204082	-0.102041	0.016204
-0.0204082	-0.0612245	0.0163008
-0.0204082	-0.0204082	0.0163334
-0.0204082	0.0204082	0.0163014
-0.0204082	0.0612245	0.0162051
-0.0204082	0.102041	0.0160449
-0.0204082	0.142857	0.0158214
-0.0204082	0.183673	0.0155353
-0.0204082	0.22449	0.015188
-0.0204082	0.265306	0.0147807
-0.0204082	0.306122	0.014315
-0.0204082	0.346939	0.0137928
-0.0204082	0.387755	0.0132162
-0.0204082	0.428571	0.0125874
-0.0204082	0.469388	0.0119089
-0.0204082	0.510204	0.0111833
-0.0204082	0.55102	0.0104136
-0.0204082	0.591837	0.00960276
-0.0204082	0.632653	0.00875399
-0.0204082	0.673469	0.00787065
-0.0204082	0.714286	0.00695623
-0.0204082	0.755102	0.00601433
-0.0204082	0.795918	0.00504868
-0.0204082	0.836735	0.00406308
-0.0204082	0.877551	0.00306144
-0.0204082	0.918367	0.0020477
-0.0204082	0.959184	0.00102588
-0.0204082	1	0
0.0204082	-1	0.00102328
0.0204082	-0.959184	0.00204252
0.0204082	-0.918367	0.00305371
0.0204082	-0.877551	0.00405286
0.0204082	-0.836735	0.00503602
0.0204082	-0.795918	0.00599933
0.0204082	-0.755102	0.00693898
0.0204082	-0.714286	0.00785127
0.0204082	-0.673469	0.00873259
0.0204082	-0.632653	0.00957948
0.0204082	-0.591837	0.0103886
0.0204082	-0.55102	0.0111567
0.0204082	-0.510204	0.0118809
0.0204082	-0.469388	0.0125581
0.0204082	-0.428571	0.0131859
0.0204082	-0.387755	0.0137616
0.0204082	-0.346939	0.014283
0.0204082	-0.306122	0.0147481
0.0204082	-0.265306	0.0151551
0.0204082	-0.22449	0.0155022
0.0204082	-0.183673	0.0157881
0.0204082	-0.142857	0.0160118
0.0204082	-0.102041	0.0161723
0.0204082	-0.0612245	0.016269
0.0204082	-0.0204082	0.0163014
0.0204082	0.0204082	0.0162695
0.0204082	0.0612245	0.0161735
0.0204082	0.102041	0.0160135
0.0204082	0.142857	0.0157904
0.0204082	0.183673	0.015505
0.0204082	0.22449	0.0151583
0.0204082	0.265306	0.0147518
0.0204082	0.306122	0.014287
0.0204082	0.346939	0.0137659
0.0204082	0.387755	0.0131904
0.0204082	0.428571	0.0125628
0.0204082	0.469388	0.0118856
0.0204082	0.510204	0.0111614
0.0204082	0.55102	0.0103932
0.0204082	0.591837	0.00958398
0.0204082	0.632653	0.00873688
0.0204082	0.673469	0.00785526
0.0204082	0.714286	0.00694263
0.0204082	0.755102	0.00600257
0.0204082	0.795918	0.0050388
0.0204082	0.836735	0.00405514
0.0204082	0.877551	0.00305545
0.0204082	0.918367	0.0020437
0.0204082	0.959184	0.00102387
0.0204082	1	0
0.0612245	-1	0.00101723
0.0612245	-0.959184	0.00203046
0.0612245	-0.918367	0.00303567
0.0612245	-0.877551	0.00402892
0.0612245	-0.836735	0.00500628
0.0612245	-0.795918	0.0059639
0.0612245	-0.755102	0.006898
0.0612245	-0.714286	0.0078049
0.0612245	-0.673469	0.00868102
0.0612245	-0.632653	0.00952291
0.0612245	-0.591837	0.0103272
0.0612245	-0.55102	0.0110908
0.0612245	-0.510204	0.0118107
0.0612245	-0.469388	0.012484
0.0612245	-0.428571	0.013108
0.0612245	-0.387755	0.0136803
0.0612245	-0.346939	0.0141987
0.0612245	-0.306122	0.014661
0.0612245	-0.265306	0.0150656
0.0612245	-0.22449	0.0154106
0.0612245	-0.183673	0.0156949
0.0612245	-0.142857	0.0159172
0.0612245	-0.102041	0.0160768
0.0612245	-0.0612245	0.0161729
0.0612245	-0.0204082	0.0162051
0.0612245	0.0204082	0.0161735
0.0612245	0.0612245	0.0160779
0.0612245	0.102041	0.015919
0.0612245	0.142857	0.0156972
0.0612245	0.183673	0.0154134
0.0612245	0.22449	0.0150688
0.0612245	0.265306	0.0146647
0.0612245	0.306122	0.0142027
0.0612245	0.346939	0.0136846
0.0612245	0.387755	0.0131125
0.0612245	0.428571	0.0124886
0.0612245	0.469388	0.0118154
0.0612245	0.510204	0.0110955
0.0612245	0.55102	0.0103319
0.0612245	0.591837	0.00952738
0.0612245	0.632653	0.00868528
0.0612245	0.673469	0.00780887
0.0612245	0.714286	0.00690163
0.0612245	0.755102	0.00596712
0.0612245	0.795918	0.00500905
0.0612245	0.836735	0.00403119
0.0612245	0.877551	0.00303741
0.0612245	0.918367	0.00203163
0.0612245	0.959184	0.00101782
0.0612245	1	0
0.102041	-1	0.00100718
0.102041	-0.959184	0.00201038
0.102041	-0.918367	0.00300566
0.102041	-0.877551	0.00398908
0.102041	-0.836735	0.00495678
0.102041	-0.795918	0.00590493
0.102041	-0.755102	0.0068298
0.102041	-0.714286	0.00772773
0.102041	-0.673469	0.00859519
0.102041	-0.632653	0.00942875
0.102041	-0.591837	0.0102251
0.102041	-0.55102	0.0109812
0.102041	-0.510204	0.0116939
0.102041	-0.469388	0.0123605
0.102041	-0.428571	0.0129784
0.102041	-0.387755	0.0135451
0.102041	-0.346939	0.0140583
0.102041	-0.306122	0.0145161
0.102041	-0.265306	0.0149166
0.102041	-0.22449	0.0152583
0.102041	-0.183673	0.0155397
0.102041	-0.142857	0.0157599
0.102041	-0.102041	0.0159178
0.102041	-0.0612245	0.016013
0.102041	-0.0204082	0.0160449
0.102041	0.0204082	0.0160135
0.102041	0.0612245	0.015919
0.102041	0.102041	0.0157616
0.102041	0.142857	0.015542
0.102041	0.183673	0.015261
0.102041	0.22449	0.0149198
0.102041	0.265306	0.0145197
0.102041	0.306122	0.0140622
0.102041	0.346939	0.0135493
0.102041	0.387755	0.0129828
0.102041	0.428571	0.0123651
0.102041	0.469388	0.0116986
0.102041	0.510204	0.0109858
0.102041	0.55102	0.0102297
0.102041	0.591837	0.00943318
0.102041	0.632653	0.0085994
0.102041	0.673469	0.00773166
0.102041	0.714286	0.00683339
0.102041	0.755102	0.00590812
0.102041	0.795918	0.00495952
0.102041	0.836735	0.00399133
0.102041	0.877551	0.00300737
0.102041	0.918367	0.00201154
0.102041	0.959184	0.00100776
0.102041	1	0
0.142857	-1	0.000993143
0.142857	-0.959184	0.00198237
0.142857	-0.918367	0.00296378
0.142857	-0.877551	0.0039335
0.142857	-0.836735	0.00488771
0.142857	-0.795918	0.00582265
0.142857	-0.755102	0.00673463
0.142857	-0.714286	0.00762005
0.142857	-0.673469	0.00847542
0.142857	-0.632653	0.00929737
0.142857	-0.591837	0.0100826
0.142857	-0.55102	0.0108282
0.142857	-0.510204	0.011531
0.142857	-0.469388	0.0121883
0.142857	-0.428571	0.0127976
0.142857	-0.387755	0.0133563
0.142857	-0.346939	0.0138624
0.142857	-0.306122	0.0143138
0.142857	-0.265306	0.0147087
0.142857	-0.22449	0.0150456
0.142857	-0.183673	0.0153232
0.142857	-0.142857	0.0155403
0.142857	-0.102041	0.015696
0.142857	-0.0612245	0.0157898
0.142857	-0.0204082	0.0158214
0.142857	0.0204082	0.0157904
0.142857	0.0612245	0.0156972
0.142857	0.102041	0.015542
0.142857	0.142857	0.0153254
0.142857	0.183673	0.0150483
0.142857	0.22449	0.0147119
0.142857	0.265306	0.0143174
0.142857	0.306122	0.0138663
0.142857	0.346939	0.0133605
0.142857	0.387755	0.0128019
0.142857	0.428571	0.0121928
0.142857	0.469388	0.0115356
0.142857	0.510204	0.0108328
0.142857	0.55102	0.0100872
0.142857	0.591837	0.00930174
0.142857	0.632653	0.00847958
0.142857	0.673469	0.00762393
0.142857	0.714286	0.00673817
0.142857	0.755102	0.0058258
0.142857	0.795918	0.00489041
0.142857	0.836735	0.00393572
0.142857	0.877551	0.00296547
0.142857	0.918367	0.00198351
0.142857	0.959184	0.000993718
0.142857	1	0
0.183673	-1	0.000975189
0.183673	-0.959184	0.00194653
0.183673	-0.918367	0.0029102
0.183673	-0.877551	0.00386239
0.183673	-0.836735	0.00479935
0.183673	-0.795918	0.00571739
0.183673	-0.755102	0.00661288
0.183673	-0.714286	0.0074823
0.183673	-0.673469	0.0083222
0.183673	-0.632653	0.00912929
0.183673	-0.591837	0.00990038
0.183673	-0.55102	0.0106324
0.183673	-0.510204	0.0113225
0.183673	-0.469388	0.011968
0.183673	-0.428571	0.0125662
0.183673	-0.387755	0.0131149
0.183673	-0.346939	0.0136118
0.183673	-0.306122	0.0140551
0.183673	-0.265306	0.0144428
0.183673	-0.22449	0.0147737
0.183673	-0.183673	0.0150462
0.183673	-0.142857	0.0152593
0.183673	-0.102041	0.0154123
0.183673	-0.0612245	0.0155044
0.183673	-0.0204082	0.0155353
0.183673	0.0204082	0.015505
0.183673	0.0612245	0.0154134
0.183673	0.102041	0.015261
0.183673	0.142857	0.0150483
0.183673	0.183673	0.0147763
0.183673	0.22449	0.0144459
0.183673	0.265306	0.0140585
0.183673	0.306122	0.0136156
0.183673	0.346939	0.013119
0.183673	0.387755	0.0125705
0.183673	0.428571	0.0119724
0.183673	0.469388	0.011327
0.183673	0.510204	0.0106369
0.183673	0.55102	0.00990481
0.183673	0.591837	0.00913358
0.183673	0.632653	0.00832629
0.183673	0.673469	0.00748611
0.183673	0.714286	0.00661636
0.183673	0.755102	0.00572048
0.183673	0.795918	0.00480201
0.183673	0.836735	0.00386457
0.183673	0.877551	0.00291186
0.183673	0.918367	0.00194765
0.183673	0.959184	0.000975754
0.183673	1	0
0.22449	-1	0.000953385
0.22449	-0.959184	0.00190301
0.22449	-0.918367	0.00284513
0.22449	-0.877551	0.00377604
0.22449	-0.836735	0.00469205
0.22449	-0.795918	0.00558956
0.22449	-0.755102	0.00646503
0.22449	-0.714286	0.00731501
0.22449	-0.673469	0.00813613
0.22449	-0.632653	0.00892518
0.22449	-0.591837	0.00967902
0.22449	-0.55102	0.0103947
0.22449	-0.510204	0.0110694
0.22449	-0.469388	0.0117004
0.22449	-0.428571	0.0122852
0.22449	-0.387755	0.0128216
0.22449	-0.346939	0.0133075
0.22449	-0.306122	0.0137408
0.22449	-0.265306	0.0141199
0.22449	-0.22449	0.0144433
0.22449	-0.183673	0.0147098
0.22449	-0.142857	0.0149182
0.22449	-0.102041	0.0150677
0.22449	-0.0612245	0.0151577
0.22449	-0.0204082	0.015188
0.22449	0.0204082	0.0151583
0.22449	0.0612245	0.0150688
0.22449	0.102041	0.0149198
0.22449	0.142857	0.0147119
0.22449	0.183673	0.0144459
0.22449	0.22449	0.0141229
0.22449	0.265306	0.0137442
0.22449	0.306122	0.0133112
0.22449	0.346939	0.0128256
0.22449	0.387755	0.0122894
0.22449	0.428571	0.0117047
0.22449	0.469388	0.0110738
0.22449	0.510204	0.0103991
0.22449	0.55102	0.00968335
0.22449	0.591837	0.00892937
0.22449	0.632653	0.00814012
0.22449	0.673469	0.00731873
0.22449	0.714286	0.00646843
0.22449	0.755102	0.00559258
0.22449	0.795918	0.00469464
0.22449	0.836735	0.00377816
0.22449	0.877551	0.00284676
0.22449	0.918367	0.00190411
0.22449	0.959184	0.000953938
0.22449	1	0
0.265306	-1	0.000927818
0.265306	-0.959184	0.00185198
0.265306	-0.918367	0.00276883
0.265306	-0.877551	0.00367477
0.265306	-0.836735	0.00456622
0.265306	-0.795918	0.00543966
0.265306	-0.755102	0.00629165
0.265306	-0.714286	0.00711883
0.265306	-0.673469	0.00791794
0.265306	-0.632653	0.00868583
0.265306	-0.591837	0.00941945
0.265306	-0.55102	0.0101159
0.265306	-0.510204	0.0107725
0.265306	-0.469388	0.0113866
0.265306	-0.428571	0.0119558
0.265306	-0.387755	0.0124778
0.265306	-0.346939	0.0129506
0.265306	-0.306122	0.0133723
0.265306	-0.265306	0.0137413
0.265306	-0.22449	0.014056
0.265306	-0.183673	0.0143153
0.265306	-0.142857	0.0145181
0.265306	-0.102041	0.0146636
0.265306	-0.0612245	0.0147512
0.265306	-0.0204082	0.0147807
0.265306	0.0204082	0.0147518
0.265306	0.0612245	0.0146647
0.265306	0.102041	0.0145197
0.265306	0.142857	0.0143174
0.265306	0.183673	0.0140585
0.265306	0.22449	0.0137442
0.265306	0.265306	0.0133756
0.265306	0.306122	0.0129542
0.265306	0.346939	0.0124817
0.265306	0.387755	0.0119599
0.265306	0.428571	0.0113908
0.265306	0.469388	0.0107768
0.265306	0.510204	0.0101202
0.265306	0.55102	0.00942367
0.265306	0.591837	0.00868991
0.265306	0.632653	0.00792183
0.265306	0.673469	0.00712246
0.265306	0.714286	0.00629496
0.265306	0.755102	0.0054426
0.265306	0.795918	0.00456874
0.265306	0.836735	0.00367684
0.265306	0.877551	0.00277041
0.265306	0.918367	0.00185304
0.265306	0.959184	0.000928355
0.265306	1	0
0.306122	-1	0.000898587
0.306122	-0.959184	0.00179363
0.306122	-0.918367	0.0026816
0.306122	-0.877551	0.003559
0.306122	-0.836735	0.00442236
0.306122	-0.795918	0.00526829
0.306122	-0.755102	0.00609344
0.306122	-0.714286	0.00689456
0.306122	-0.673469	0.00766849
0.306122	-0.632653	0.00841218
0.306122	-0.591837	0.0091227
0.306122	-0.55102	0.00979723
0.306122	-0.510204	0.0104331
0.306122	-0.469388	0.0110279
0.306122	-0.428571	0.0115791
0.306122	-0.387755	0.0120847
0.306122	-0.346939	0.0125426
0.306122	-0.306122	0.012951
0.306122	-0.265306	0.0133084
0.306122	-0.22449	0.0136132
0.306122	-0.183673	0.0138643
0.306122	-0.142857	0.0140607
0.306122	-0.102041	0.0142016
0.306122	-0.0612245	0.0142865
0.306122	-0.0204082	0.014315
0.306122	0.0204082	0.014287
0.306122	0.0612245	0.0142027
0.306122	0.102041	0.0140622
0.306122	0.142857	0.0138663
0.306122	0.183673	0.0136156
0.306122	0.22449	0.0133112
0.306122	0.265306	0.0129542
0.306122	0.306122	0.0125461
0.306122	0.346939	0.0120885
0.306122	0.387755	0.0115831
0.306122	0.428571	0.011032
0.306122	0.469388	0.0104373
0.306122	0.510204	0.00980138
0.306122	0.55102	0.00912678
0.306122	0.591837	0.00841614
0.306122	0.632653	0.00767225
0.306122	0.673469	0.00689807
0.306122	0.714286	0.00609664
0.306122	0.755102	0.00527113
0.306122	0.795918	0.00442481
0.306122	0.836735	0.003561
0.306122	0.877551	0.00268313
0.306122	0.918367	0.00179466
0.306122	0.959184	0.000899108
0.306122	1	0
0.346939	-1	0.000865809
0.346939	-0.959184	0.0017282
0.346939	-0.918367	0.00258378
0.346939	-0.877551	0.00342918
0.346939	-0.836735	0.00426105
0.346939	-0.795918	0.00507611
0.346939	-0.755102	0.00587116
0.346939	-0.714286	0.00664306
0.346939	-0.673469	0.00738876
0.346939	-0.632653	0.00810533
0.346939	-0.591837	0.00878992
0.346939	-0.55102	0.00943985
0.346939	-0.510204	0.0100526
0.346939	-0.469388	0.0106256
0.346939	-0.428571	0.0111567
0.346939	-0.387755	0.0116439
0.346939	-0.346939	0.0120851
0.346939	-0.306122	0.0124786
0.346939	-0.265306	0.0128229
0.346939	-0.22449	0.0131166
0.346939	-0.183673	0.0133586
0.346939	-0.142857	0.0135478
0.346939	-0.102041	0.0136836
0.346939	-0.0612245	0.0137654
0.346939	-0.0204082	0.0137928
0.346939	0.0204082	0.0137659
0.346939	0.0612245	0.0136846
0.346939	0.102041	0.0135493
0.346939	0.142857	0.0133605
0.346939	0.183673	0.013119
0.346939	0.22449	0.0128256
0.346939	0.265306	0.0124817
0.346939	0.306122	0.0120885
0.346939	0.346939	0.0116475
0.346939	0.387755	0.0111606
0.346939	0.428571	0.0106295
0.346939	0.469388	0.0100566
0.346939	0.510204	0.00944385
0.346939	0.55102	0.00879386
0.346939	0.591837	0.00810914
0.346939	0.632653	0.00739239
0.346939	0.673469	0.00664644
0.346939	0.714286	0.00587425
0.346939	0.755102	0.00507886
0.346939	0.795918	0.0042634
0.346939	0.836735	0.00343111
0.346939	0.877551	0.00258526
0.346939	0.918367	0.0017292
0.346939	0.959184	0.000866311
0.346939	1	0
0.387755	-1	0.000829612
0.387755	-0.959184	0.00165595
0.387755	-0.918367	0.00247576
0.387755	-0.877551	0.00328581
0.387755	-0.836735	0.00408291
0.387755	-0.795918	0.0048639
0.387755	-0.755102	0.00562571
0.387755	-0.714286	0.00636534
0.387755	-0.673469	0.00707986
0.387755	-0.632653	0.00776647
0.387755	-0.591837	0.00842244
0.387755	-0.55102	0.0090452
0.387755	-0.510204	0.00963229
0.387755	-0.469388	0.0101814
0.387755	-0.428571	0.0106903
0.387755	-0.387755	0.0111571
0.387755	-0.346939	0.0115798
0.387755	-0.306122	0.0119569
0.387755	-0.265306	0.0122868
0.387755	-0.22449	0.0125682
0.387755	-0.183673	0.0128001
0.387755	-0.142857	0.0129814
0.387755	-0.102041	0.0131115
0.387755	-0.0612245	0.0131899
0.387755	-0.0204082	0.0132162
0.387755	0.0204082	0.0131904
0.387755	0.0612245	0.0131125
0.387755	0.102041	0.0129828
0.387755	0.142857	0.0128019
0.387755	0.183673	0.0125705
0.387755	0.22449	0.0122894
0.387755	0.265306	0.0119599
0.387755	0.306122	0.0115831
0.387755	0.346939	0.0111606
0.387755	0.387755	0.010694
0.387755	0.428571	0.0101851
0.387755	0.469388	0.00963612
0.387755	0.510204	0.00904903
0.387755	0.55102	0.00842621
0.387755	0.591837	0.00777012
0.387755	0.632653	0.00708334
0.387755	0.673469	0.00636858
0.387755	0.714286	0.00562867
0.387755	0.755102	0.00486652
0.387755	0.795918	0.00408516
0.387755	0.836735	0.00328766
0.387755	0.877551	0.00247718
0.387755	0.918367	0.00165691
0.387755	0.959184	0.000830093
0.387755	1	0
0.428571	-1	0.000790139
0.428571	-0.959184	0.00157716
0.428571	-0.918367	0.00235797
0.428571	-0.877551	0.00312948
0.428571	-0.836735	0.00388864
0.428571	-0.795918	0.00463248
0.428571	-0.755102	0.00535804
0.428571	-0.714286	0.00606248
0.428571	-0.673469	0.00674301
0.428571	-0.632653	0.00739694
0.428571	-0.591837	0.00802171
0.428571	-0.55102	0.00861484
0.428571	-0.510204	0.00917399
0.428571	-0.469388	0.00969695
0.428571	-0.428571	0.0101817
0.428571	-0.387755	0.0106262
0.428571	-0.346939	0.0110289
0.428571	-0.306122	0.011388
0.428571	-0.265306	0.0117022
0.428571	-0.22449	0.0119702
0.428571	-0.183673	0.0121911
0.428571	-0.142857	0.0123638
0.428571	-0.102041	0.0124877
0.428571	-0.0612245	0.0125623
0.428571	-0.0204082	0.0125874
0.428571	0.0204082	0.0125628
0.428571	0.0612245	0.0124886
0.428571	0.102041	0.0123651
0.428571	0.142857	0.0121928
0.428571	0.183673	0.0119724
0.428571	0.22449	0.0117047
0.428571	0.265306	0.0113908
0.428571	0.306122	0.011032
0.428571	0.346939	0.0106295
0.428571	0.387755	0.0101851
0.428571	0.428571	0.00970055
0.428571	0.469388	0.00917764
0.428571	0.510204	0.00861848
0.428571	0.55102	0.0080253
0.428571	0.591837	0.00740042
0.428571	0.632653	0.00674631
0.428571	0.673469	0.00606556
0.428571	0.714286	0.00536086
0.428571	0.755102	0.00463498
0.428571	0.795918	0.00389079
0.428571	0.836735	0.00313124
0.428571	0.877551	0.00235931
0.428571	0.918367	0.00157807
0.428571	0.959184	0.000790598
0.428571	1	0
0.469388	-1	0.000747547
0.469388	-0.959184	0.00149215
0.469388	-0.918367	0.00223086
0.469388	-0.877551	0.00296078
0.469388	-0.836735	0.00367902
0.469388	-0.795918	0.00438276
0.469388	-0.755102	0.00506921
0.469388	-0.714286	0.00573568
0.469388	-0.673469	0.00637952
0.469388	-0.632653	0.00699821
0.469388	-0.591837	0.0075893
0.469388	-0.55102	0.00815045
0.469388	-0.510204	0.00867946
0.469388	-0.469388	0.00917424
0.469388	-0.428571	0.00963283
0.469388	-0.387755	0.0100534
0.469388	-0.346939	0.0104344
0.469388	-0.306122	0.0107741
0.469388	-0.265306	0.0110714
0.469388	-0.22449	0.011325
0.469388	-0.183673	0.0115339
0.469388	-0.142857	0.0116973
0.469388	-0.102041	0.0118145
0.469388	-0.0612245	0.0118851
0.469388	-0.0204082	0.0119089
0.469388	0.0204082	0.0118856
0.469388	0.0612245	0.0118154
0.469388	0.102041	0.0116986
0.469388	0.142857	0.0115356
0.469388	0.183673	0.011327
0.469388	0.22449	0.0110738
0.469388	0.265306	0.0107768
0.469388	0.306122	0.0104373
0.469388	0.346939	0.0100566
0.469388	0.387755	0.00963612
0.469388	0.428571	0.00917764
0.469388	0.469388	0.00868291
0.469388	0.510204	0.0081539
0.469388	0.55102	0.00759269
0.469388	0.591837	0.0070015
0.469388	0.632653	0.00638265
0.469388	0.673469	0.0057386
0.469388	0.714286	0.00507188
0.469388	0.755102	0.00438513
0.469388	0.795918	0.00368106
0.469388	0.836735	0.00296245
0.469388	0.877551	0.00223213
0.469388	0.918367	0.00149301
0.469388	0.959184	0.00074798
0.469388	1	0
0.510204	-1	0.000702002
0.510204	-0.959184	0.00140124
0.510204	-0.918367	0.00209495
0.510204	-0.877551	0.00278039
0.510204	-0.836735	0.00345488
0.510204	-0.795918	0.00411574
0.510204	-0.755102	0.00476037
0.510204	-0.714286	0.00538623
0.510204	-0.673469	0.00599085
0.510204	-0.632653	0.00657184
0.510204	-0.591837	0.00712692
0.510204	-0.55102	0.00765388
0.510204	-0.510204	0.00815066
0.510204	-0.469388	0.00861529
0.510204	-0.428571	0.00904594
0.510204	-0.387755	0.00944091
0.510204	-0.346939	0.00979864
0.510204	-0.306122	0.0101177
0.510204	-0.265306	0.0103969
0.510204	-0.22449	0.010635
0.510204	-0.183673	0.0108312
0.510204	-0.142857	0.0109846
0.510204	-0.102041	0.0110947
0.510204	-0.0612245	0.011161
0.510204	-0.0204082	0.0111833
0.510204	0.0204082	0.0111614
0.510204	0.0612245	0.0110955
0.510204	0.102041	0.0109858
0.510204	0.142857	0.0108328
0.510204	0.183673	0.0106369
0.510204	0.22449	0.0103991
0.510204	0.265306	0.0101202
0.510204	0.306122	0.00980138
0.510204	0.346939	0.00944385
0.510204	0.387755	0.00904903
0.510204	0.428571	0.00861848
0.510204	0.469388	0.0081539
0.510204	0.510204	0.00765712
0.510204	0.55102	0.00713011
0.510204	0.591837	0.00657493
0.510204	0.632653	0.00599379
0.510204	0.673469	0.00538897
0.510204	0.714286	0.00476287
0.510204	0.755102	0.00411796
0.510204	0.795918	0.00345679
0.510204	0.836735	0.00278196
0.510204	0.877551	0.00209614
0.510204	0.918367	0.00140204
0.510204	0.959184	0.000702409
0.510204	1	0
0.55102	-1	0.000653685
0.55102	-0.959184	0.00130479
0.55102	-0.918367	0.00195076
0.55102	-0.877551	0.00258903
0.55102	-0.836735	0.00321709
0.55102	-0.795918	0.00383246
0.55102	-0.755102	0.00443273
0.55102	-0.714286	0.00501551
0.55102	-0.673469	0.00557851
0.55102	-0.632653	0.00611952
0.55102	-0.591837	0.00663639
0.55102	-0.55102	0.00712709
0.55102	-0.510204	0.00758968
0.55102	-0.469388	0.00802233
0.55102	-0.428571	0.00842334
0.55102	-0.387755	0.00879112
0.55102	-0.346939	0.00912423
0.55102	-0.306122	0.00942134
0.55102	-0.265306	0.00968128
0.55102	-0.22449	0.00990303
0.55102	-0.183673	0.0100857
0.55102	-0.142857	0.0102286
0.55102	-0.102041	0.0103311
0.55102	-0.0612245	0.0103929
0.55102	-0.0204082	0.0104136
0.55102	0.0204082	0.0103932
0.55102	0.0612245	0.0103319
0.55102	0.102041	0.0102297
0.55102	0.142857	0.0100872
0.55102	0.183673	0.00990481
0.55102	0.22449	0.00968335
0.55102	0.265306	0.00942367
0.55102	0.306122	0.00912678
0.55102	0.346939	0.00879386
0.55102	0.387755	0.00842621
0.55102	0.428571	0.0080253
0.55102	0.469388	0.00759269
0.55102	0.510204	0.00713011
0.55102	0.55102	0.00663936
0.55102	0.591837	0.0061224
0.55102	0.632653	0.00558125
0.55102	0.673469	0.00501806
0.55102	0.714286	0.00443506
0.55102	0.755102	0.00383453
0.55102	0.795918	0.00321887
0.55102	0.836735	0.00259048
0.55102	0.877551	0.00195187
0.55102	0.918367	0.00130555
0.55102	0.959184	0.000654064
0.55102	1	0
0.591837	-1	0.000602787
0.591837	-0.959184	0.0012032
0.591837	-0.918367	0.00179886
0.591837	-0.877551	0.00238744
0.591837	-0.836735	0.00296659
0.591837	-0.795918	0.00353405
0.591837	-0.755102	0.00408758
0.591837	-0.714286	0.00462498
0.591837	-0.673469	0.00514415
0.591837	-0.632653	0.00564303
0.591837	-0.591837	0.00611966
0.591837	-0.55102	0.00657215
0.591837	-0.510204	0.00699872
0.591837	-0.469388	0.00739768
0.591837	-0.428571	0.00776747
0.591837	-0.387755	0.00810661
0.591837	-0.346939	0.00841378
0.591837	-0.306122	0.00868776
0.591837	-0.265306	0.00892746
0.591837	-0.22449	0.00913194
0.591837	-0.183673	0.0093004
0.591837	-0.142857	0.00943215
0.591837	-0.102041	0.00952669
0.591837	-0.0612245	0.00958363
0.591837	-0.0204082	0.00960276
0.591837	0.0204082	0.00958398
0.591837	0.0612245	0.00952738
0.591837	0.102041	0.00943318
0.591837	0.142857	0.00930174
0.591837	0.183673	0.00913358
0.591837	0.22449	0.00892937
0.591837	0.265306	0.00868991
0.591837	0.306122	0.00841614
0.591837	0.346939	0.00810914
0.591837	0.387755	0.00777012
0.591837	0.428571	0.00740042
0.591837	0.469388	0.0070015
0.591837	0.510204	0.00657493
0.591837	0.55102	0.0061224
0.591837	0.591837	0.00564568
0.591837	0.632653	0.00514667
0.591837	0.673469	0.00462734
0.591837	0.714286	0.00408973
0.591837	0.755102	0.00353596
0.591837	0.795918	0.00296823
0.591837	0.836735	0.00238878
0.591837	0.877551	0.00179989
0.591837	0.918367	0.00120389
0.591837	0.959184	0.000603137
0.591837	1	0
0.632653	-1	0.000549508
0.632653	-0.959184	0.00109685
0.632653	-0.918367	0.00163987
0.632653	-0.877551	0.00217642
0.632653	-0.836735	0.00270438
0.632653	-0.795918	0.00322169
0.632653	-0.755102	0.00372629
0.632653	-0.714286	0.00421619
0.632653	-0.673469	0.00468947
0.632653	-0.632653	0.00514426
0.632653	-0.591837	0.00557875
0.632653	-0.55102	0.00599125
0.632653	-0.510204	0.00638012
0.632653	-0.469388	0.00674382
0.632653	-0.428571	0.00708092
0.632653	-0.387755	0.00739009
0.632653	-0.346939	0.00767011
0.632653	-0.306122	0.00791987
0.632653	-0.265306	0.00813838
0.632653	-0.22449	0.00832479
0.632653	-0.183673	0.00847836
0.632653	-0.142857	0.00859847
0.632653	-0.102041	0.00868465
0.632653	-0.0612245	0.00873656
0.632653	-0.0204082	0.00875399
0.632653	0.0204082	0.00873688
0.632653	0.0612245	0.00868528
0.632653	0.102041	0.0085994
0.632653	0.142857	0.00847958
0.632653	0.183673	0.00832629
0.632653	0.22449	0.00814012
0.632653	0.265306	0.00792183
0.632653	0.306122	0.00767225
0.632653	0.346939	0.00739239
0.632653	0.387755	0.00708334
0.632653	0.428571	0.00674631
0.632653	0.469388	0.00638265
0.632653	0.510204	0.00599379
0.632653	0.55102	0.00558125
0.632653	0.591837	0.00514667
0.632653	0.632653	0.00469177
0.632653	0.673469	0.00421834
0.632653	0.714286	0.00372825
0.632653	0.755102	0.00322343
0.632653	0.795918	0.00270588
0.632653	0.836735	0.00217764
0.632653	0.877551	0.0016408
0.632653	0.918367	0.00109748
0.632653	0.959184	0.000549827
0.632653	1	0
0.673469	-1	0.000494059
0.673469	-0.959184	0.00098617
0.673469	-0.918367	0.00147439
0.673469	-0.877551	0.0019568
0.673469	-0.836735	0.00243149
0.673469	-0.795918	0.0028966
0.673469	-0.755102	0.00335028
0.673469	-0.714286	0.00379075
0.673469	-0.673469	0.00421627
0.673469	-0.632653	0.00462517
0.673469	-0.591837	0.00501582
0.673469	-0.55102	0.00538669
0.673469	-0.510204	0.00573632
0.673469	-0.469388	0.00606332
0.673469	-0.428571	0.0063664
0.673469	-0.387755	0.00664438
0.673469	-0.346939	0.00689614
0.673469	-0.306122	0.0071207
0.673469	-0.265306	0.00731716
0.673469	-0.22449	0.00748476
0.673469	-0.183673	0.00762283
0.673469	-0.142857	0.00773082
0.673469	-0.102041	0.00780831
0.673469	-0.0612245	0.00785498
0.673469	-0.0204082	0.00787065
0.673469	0.0204082	0.00785526
0.673469	0.0612245	0.00780887
0.673469	0.102041	0.00773166
0.673469	0.142857	0.00762393
0.673469	0.183673	0.00748611
0.673469	0.22449	0.00731873
0.673469	0.265306	0.00712246
0.673469	0.306122	0.00689807
0.673469	0.346939	0.00664644
0.673469	0.387755	0.00636858
0.673469	0.428571	0.00606556
0.673469	0.469388	0.0057386
0.673469	0.510204	0.00538897
0.673469	0.55102	0.00501806
0.673469	0.591837	0.00462734
0.673469	0.632653	0.00421834
0.673469	0.673469	0.00379268
0.673469	0.714286	0.00335204
0.673469	0.755102	0.00289816
0.673469	0.795918	0.00243284
0.673469	0.836735	0.0019579
0.673469	0.877551	0.00147523
0.673469	0.918367	0.000986738
0.673469	0.959184	0.000494345
0.673469	1	0
0.714286	-1	0.000436658
0.714286	-0.959184	0.000871595
0.714286	-0.918367	0.00130309
0.714286	-0.877551	0.00172946
0.714286	-0.836735	0.002149
0.714286	-0.795918	0.00256007
0.714286	-0.755102	0.00296104
0.714286	-0.714286	0.00335033
0.714286	-0.673469	0.00372642
0.714286	-0.632653	0.00408781
0.714286	-0.591837	0.00443307
0.714286	-0.55102	0.00476086
0.714286	-0.510204	0.00506986
0.714286	-0.469388	0.00535887
0.714286	-0.428571	0.00562675
0.714286	-0.387755	0.00587242
0.714286	-0.346939	0.00609494
0.714286	-0.306122	0.0062934
0.714286	-0.265306	0.00646705
0.714286	-0.22449	0.00661517
0.714286	-0.183673	0.0067372
0.714286	-0.142857	0.00683264
0.714286	-0.102041	0.00690112
0.714286	-0.0612245	0.00694237
0.714286	-0.0204082	0.00695623
0.714286	0.0204082	0.00694263
0.714286	0.0612245	0.00690163
0.714286	0.102041	0.00683339
0.714286	0.142857	0.00673817
0.714286	0.183673	0.00661636
0.714286	0.22449	0.00646843
0.714286	0.265306	0.00629496
0.714286	0.306122	0.00609664
0.714286	0.346939	0.00587425
0.714286	0.387755	0.00562867
0.714286	0.428571	0.00536086
0.714286	0.469388	0.00507188
0.714286	0.510204	0.00476287
0.714286	0.55102	0.00443506
0.714286	0.591837	0.00408973
0.714286	0.632653	0.00372825
0.714286	0.673469	0.00335204
0.714286	0.714286	0.0029626
0.714286	0.755102	0.00256145
0.714286	0.795918	0.00215019
0.714286	0.836735	0.00173043
0.714286	0.877551	0.00130384
0.714286	0.918367	0.000872097
0.714286	0.959184	0.000436912
0.714286	1	0
0.755102	-1	0.000377533
0.755102	-0.959184	0.000753578
0.755102	-0.918367	0.00112665
0.755102	-0.877551	0.00149528
0.755102	-0.836735	0.00185802
0.755102	-0.795918	0.00221342
0.755102	-0.755102	0.0025601
0.755102	-0.714286	0.00289669
0.755102	-0.673469	0.00322185
0.755102	-0.632653	0.0035343
0.755102	-0.591837	0.00383282
0.755102	-0.55102	0.00411622
0.755102	-0.510204	0.00438338
0.755102	-0.469388	0.00463326
0.755102	-0.428571	0.00486486
0.755102	-0.387755	0.00507728
0.755102	-0.346939	0.00526966
0.755102	-0.306122	0.00544125
0.755102	-0.265306	0.00559138
0.755102	-0.22449	0.00571945
0.755102	-0.183673	0.00582496
0.755102	-0.142857	0.00590748
0.755102	-0.102041	0.00596669
0.755102	-0.0612245	0.00600235
0.755102	-0.0204082	0.00601433
0.755102	0.0204082	0.00600257
0.755102	0.0612245	0.00596712
0.755102	0.102041	0.00590812
0.755102	0.142857	0.0058258
0.755102	0.183673	0.00572048
0.755102	0.22449	0.00559258
0.755102	0.265306	0.0054426
0.755102	0.306122	0.00527113
0.755102	0.346939	0.00507886
0.755102	0.387755	0.00486652
0.755102	0.428571	0.00463498
0.755102	0.469388	0.00438513
0.755102	0.510204	0.00411796
0.755102	0.55102	0.00383453
0.755102	0.591837	0.00353596
0.755102	0.632653	0.00322343
0.755102	0.673469	0.00289816
0.755102	0.714286	0.00256145
0.755102	0.755102	0.00221462
0.755102	0.795918	0.00185904
0.755102	0.836735	0.00149612
0.755102	0.877551	0.00112729
0.755102	0.918367	0.000754012
0.755102	0.959184	0.000377752
0.755102	1	0
0.795918	-1	0.000316917
0.795918	-0.959184	0.000632584
0.795918	-0.918367	0.000945757
0.795918	-0.877551	0.0012552
0.795918	-0.836735	0.0015597
0.795918	-0.795918	0.00185804
0.795918	-0.755102	0.00214906
0.795918	-0.714286	0.0024316
0.795918	-0.673469	0.00270455
0.795918	-0.632653	0.00296684
0.795918	-0.591837	0.00321743
0.795918	-0.55102	0.00345532
0.795918	-0.510204	0.00367959
0.795918	-0.469388	0.00388935
0.795918	-0.428571	0.00408377
0.795918	-0.387755	0.00426207
0.795918	-0.346939	0.00442357
0.795918	-0.306122	0.00456761
0.795918	-0.265306	0.00469364
0.795918	-0.22449	0.00480114
0.795918	-0.183673	0.00488971
0.795918	-0.142857	0.00495898
0.795918	-0.102041	0.00500868
0.795918	-0.0612245	0.00503862
0.795918	-0.0204082	0.00504868
0.795918	0.0204082	0.0050388
0.795918	0.0612245	0.00500905
0.795918	0.102041	0.00495952
0.795918	0.142857	0.00489041
0.795918	0.183673	0.00480201
0.795918	0.22449	0.00469464
0.795918	0.265306	0.00456874
0.795918	0.306122	0.00442481
0.795918	0.346939	0.0042634
0.795918	0.387755	0.00408516
0.795918	0.428571	0.00389079
0.795918	0.469388	0.00368106
0.795918	0.510204	0.00345679
0.795918	0.55102	0.00321887
0.795918	0.591837	0.00296823
0.795918	0.632653	0.00270588
0.795918	0.673469	0.00243284
0.795918	0.714286	0.00215019
0.795918	0.755102	0.00185904
0.795918	0.795918	0.00156056
0.795918	0.836735	0.00125591
0.795918	0.877551	0.000946297
0.795918	0.918367	0.000632949
0.795918	0.959184	0.000317101
0.795918	1	0
0.836735	-1	0.000255049
0.836735	-0.959184	0.000509092
0.836735	-0.918367	0.000761128
0.836735	-0.877551	0.00101016
0.836735	-0.836735	0.00125521
0.836735	-0.795918	0.00149532
0.836735	-0.755102	0.00172952
0.836735	-0.714286	0.00195691
0.836735	-0.673469	0.00217657
0.836735	-0.632653	0.00238766
0.836735	-0.591837	0.00258932
0.836735	-0.55102	0.00278078
0.836735	-0.510204	0.00296127
0.836735	-0.469388	0.00313008
0.836735	-0.428571	0.00328654
0.836735	-0.387755	0.00343004
0.836735	-0.346939	0.00356001
0.836735	-0.306122	0.00367593
0.836735	-0.265306	0.00377735
0.836735	-0.22449	0.00386387
0.836735	-0.183673	0.00393515
0.836735	-0.142857	0.00399089
0.836735	-0.102041	0.00403089
0.836735	-0.0612245	0.00405499
0.836735	-0.0204082	0.00406308
0.836735	0.0204082	0.00405514
0.836735	0.0612245	0.00403119
0.836735	0.102041	0.00399133
0.836735	0.142857	0.00393572
0.836735	0.183673	0.00386457
0.836735	0.22449	0.00377816
0.836735	0.265306	0.00367684
0.836735	0.306122	0.003561
0.836735	0.346939	0.00343111
0.836735	0.387755	0.00328766
0.836735	0.428571	0.00313124
0.836735	0.469388	0.00296245
0.836735	0.510204	0.00278196
0.836735	0.55102	0.00259048
0.836735	0.591837	0.00238878
0.836735	0.632653	0.00217764
0.836735	0.673469	0.0019579
0.836735	0.714286	0.00173043
0.836735	0.755102	0.00149612
0.836735	0.795918	0.00125591
0.836735	0.836735	0.00101073
0.836735	0.877551	0.000761562
0.836735	0.918367	0.000509386
0.836735	0.959184	0.000255197
0.836735	1	0
0.877551	-1	0.000192173
0.877551	-0.959184	0.000383589
0.877551	-0.918367	0.000573492
0.877551	-0.877551	0.000761134
0.877551	-0.836735	0.000945774
0.877551	-0.795918	0.00112669
0.877551	-0.755102	0.00130315
0.877551	-0.714286	0.00147448
0.877551	-0.673469	0.00164
0.877551	-0.632653	0.00179904
0.877551	-0.591837	0.001951
0.877551	-0.55102	0.00209525
0.877551	-0.510204	0.00223125
0.877551	-0.469388	0.00235844
0.877551	-0.428571	0.00247633
0.877551	-0.387755	0.00258445
0.877551	-0.346939	0.00268238
0.877551	-0.306122	0.00276973
0.877551	-0.265306	0.00284615
0.877551	-0.22449	0.00291134
0.877551	-0.183673	0.00296504
0.877551	-0.142857	0.00300705
0.877551	-0.102041	0.00303719
0.877551	-0.0612245	0.00305534
0.877551	-0.0204082	0.00306144
0.877551	0.0204082	0.00305545
0.877551	0.0612245	0.00303741
0.877551	0.102041	0.00300737
0.877551	0.142857	0.00296547
0.877551	0.183673	0.00291186
0.877551	0.22449	0.00284676
0.877551	0.265306	0.00277041
0.877551	0.306122	0.00268313
0.877551	0.346939	0.00258526
0.877551	0.387755	0.00247718
0.877551	0.428571	0.00235931
0.877551	0.469388	0.00223213
0.877551	0.510204	0.00209614
0.877551	0.55102	0.00195187
0.877551	0.591837	0.00179989
0.877551	0.632653	0.0016408
0.877551	0.673469	0.00147523
0.877551	0.714286	0.00130384
0.877551	0.755102	0.00112729
0.877551	0.795918	0.000946297
0.877551	0.836735	0.000761562
0.877551	0.877551	0.000573819
0.877551	0.918367	0.00038381
0.877551	0.959184	0.000192285
0.877551	1	0
0.918367	-1	0.000128539
0.918367	-0.959184	0.000256571
0.918367	-0.918367	0.000383591
0.918367	-0.877551	0.000509099
0.918367	-0.836735	0.000632599
0.918367	-0.795918	0.000753605
0.918367	-0.755102	0.000871639
0.918367	-0.714286	0.000986236
0.918367	-0.673469	0.00109694
0.918367	-0.632653	0.00120333
0.918367	-0.591837	0.00130496
0.918367	-0.55102	0.00140145
0.918367	-0.510204	0.00149241
0.918367	-0.469388	0.00157749
0.918367	-0.428571	0.00165634
0.918367	-0.387755	0.00172866
0.918367	-0.346939	0.00179416
0.918367	-0.306122	0.00185259
0.918367	-0.265306	0.0019037
0.918367	-0.22449	0.0019473
0.918367	-0.183673	0.00198323
0.918367	-0.142857	0.00201132
0.918367	-0.102041	0.00203148
0.918367	-0.0612245	0.00204362
0.918367	-0.0204082	0.0020477
0.918367	0.0204082	0.0020437
0.918367	0.0612245	0.00203163
0.918367	0.102041	0.00201154
0.918367	0.142857	0.00198351
0.918367	0.183673	0.00194765
0.918367	0.22449	0.00190411
0.918367	0.265306	0.00185304
0.918367	0.306122	0.00179466
0.918367	0.346939	0.0017292
0.918367	0.387755	0.00165691
0.918367	0.428571	0.00157807
0.918367	0.469388	0.00149301
0.918367	0.510204	0.00140204
0.918367	0.55102	0.00130555
0.918367	0.591837	0.00120389
0.918367	0.632653	0.00109748
0.918367	0.673469	0.000986738
0.918367	0.714286	0.000872097
0.918367	0.755102	0.000754012
0.918367	0.795918	0.000632949
0.918367	0.836735	0.000509386
0.918367	0.877551	0.00038381
0.918367	0.918367	0.000256719
0.918367	0.959184	0.000128613
0.918367	1	0
0.959184	-1	6.43966e-05
0.959184	-0.959184	0.000128539
0.959184	-0.918367	0.000192175
0.959184	-0.877551	0.000255053
0.959184	-0.836735	0.000316926
0.959184	-0.795918	0.000377548
0.959184	-0.755102	0.000436682
0.959184	-0.714286	0.000494094
0.959184	-0.673469	0.000549557
0.959184	-0.632653	0.000602853
0.959184	-0.591837	0.000653772
0.959184	-0.55102	0.000702112
0.959184	-0.510204	0.000747683
0.959184	-0.469388	0.000790305
0.959184	-0.428571	0.00082981
0.959184	-0.387755	0.000866041
0.959184	-0.346939	0.000898857
0.959184	-0.306122	0.000928126
0.959184	-0.265306	0.000953734
0.959184	-0.22449	0.000975579
0.959184	-0.183673	0.000993575
0.959184	-0.142857	0.00100765
0.959184	-0.102041	0.00101775
0.959184	-0.0612245	0.00102383
0.959184	-0.0204082	0.00102588
0.959184	0.0204082	0.00102387
0.959184	0.0612245	0.00101782
0.959184	0.102041	0.00100776
0.959184	0.142857	0.000993718
0.959184	0.183673	0.000975754
0.959184	0.22449	0.000953938
0.959184	0.265306	0.000928355
0.959184	0.306122	0.000899108
0.959184	0.346939	0.000866311
0.959184	0.387755	0.000830093
0.959184	0.428571	0.000790598
0.959184	0.469388	0.00074798
0.959184	0.510204	0.000702409
0.959184	0.55102	0.000654064
0.959184	0.591837	0.000603137
0.959184	0.632653	0.000549827
0.959184	0.673469	0.000494345
0.959184	0.714286	0.000436912
0.959184	0.755102	0.000377752
0.959184	0.795918	0.000317101
0.959184	0.836735	0.000255197
0.959184	0.877551	0.000192285
0.959184	0.918367	0.000128613
0.959184	0.959184	6.4434e-05
0.959184	1	0
1	-1	0
1	-0.959184	0
1	-0.918367	0
1	-0.877551	0
1	-0.836735	0
1	-0.795918	0
1	-0.755102	0
1	-0.714286	0
1	-0.673469	0
1	-0.632653	0
1	-0.591837	0
1	-0.55102	0
1	-0.510204	0
1	-0.469388	0
1	-0.428571	0
1	-0.387755	0
1	-0.346939	0
1	-0.306122	0
1	-0.265306	0
1	-0.22449	0
1	-0.183673	0
1	-0.142857	0
1	-0.102041	0
1	-0.0612245	0
1	-0.0204082	0
1	0.0204082	0
1	0.0612245	0
1	0.102041	0
1	0.142857	0
1	0.183673	0
1	0.22449	0
1	0.265306	0
1	0.306122	0
1	0.346939	0
1	0.387755	0
1	0.428571	0
1	0.469388	0
1	0.510204	0
1	0.55102	0
1	0.591837	0
1	0.632653	0
1	0.673469	0
1	0.714286	0
1	0.755102	0
1	0.795918	0
1	0.836735	0
1	0.877551	0
1	0.918367	0
1	0.959184	0
1	1	0
