-1	-1	8.96428e-05
-1	-0.959184	0.000178932
-1	-0.918367	0.000267517
-1	-0.877551	0.000355047
-1	-0.836735	0.000441178
-1	-0.795918	0.00052557
-1	-0.755102	0.000607891
-1	-0.714286	0.000687815
-1	-0.673469	0.000765029
-1	-0.632653	0.000839227
-1	-0.591837	0.000910117
-1	-0.55102	0.000977419
-1	-0.510204	0.00104087
-1	-0.469388	0.00110021
-1	-0.428571	0.00115522
-1	-0.387755	0.00120567
-1	-0.346939	0.00125137
-1	-0.306122	0.00129213
-1	-0.265306	0.0013278
-1	-0.22449	0.00135822
-1	-0.183673	0.00138329
-1	-0.142857	0.00140291
-1	-0.102041	0.00141698
-1	-0.0612245	0.00142547
-1	-0.0204082	0.00142833
-1	0.0204082	0.00142556
-1	0.0612245	0.00141715
-1	0.102041	0.00140316
-1	0.142857	0.00138362
-1	0.183673	0.00135862
-1	0.22449	0.00132826
-1	0.265306	0.00129266
-1	0.306122	0.00125194
-1	0.346939	0.00120629
-1	0.387755	0.00115587
-1	0.428571	0.00110088
-1	0.469388	0.00104155
-1	0.510204	0.0009781
-1	0.55102	0.000910787
-1	0.591837	0.000839876
-1	0.632653	0.000765646
-1	0.673469	0.000688391
-1	0.714286	0.000608416
-1	0.755102	0.000526037
-1	0.795918	0.000441579
-1	0.836735	0.000355375
-1	0.877551	0.000267768
-1	0.918367	0.000179102
-1	0.959184	8.97283e-05
-1	1	0
-0.959184	-1	0.000178932
-0.959184	-0.959184	0.00035716
-0.959184	-0.918367	0.000533979
-0.959184	-0.877551	0.000708695
-0.959184	-0.836735	0.000880617
-0.959184	-0.795918	0.00104907
-0.959184	-0.755102	0.00121339
-0.959184	-0.714286	0.00137292
-0.959184	-0.673469	0.00152704
-0.959184	-0.632653	0.00167515
-0.959184	-0.591837	0.00181665
-0.959184	-0.55102	0.00195099
-0.959184	-0.510204	0.00207763
-0.959184	-0.469388	0.00219609
-0.959184	-0.428571	0.00230589
-0.959184	-0.387755	0.00240659
-0.959184	-0.346939	0.0024978
-0.959184	-0.306122	0.00257917
-0.959184	-0.265306	0.00265036
-0.959184	-0.22449	0.00271109
-0.959184	-0.183673	0.00276114
-0.959184	-0.142857	0.00280028
-0.959184	-0.102041	0.00282838
-0.959184	-0.0612245	0.00284532
-0.959184	-0.0204082	0.00285103
-0.959184	0.0204082	0.00284549
-0.959184	0.0612245	0.00282872
-0.959184	0.102041	0.00280078
-0.959184	0.142857	0.00276179
-0.959184	0.183673	0.00271189
-0.959184	0.22449	0.00265129
-0.959184	0.265306	0.00258022
-0.959184	0.306122	0.00249895
-0.959184	0.346939	0.00240782
-0.959184	0.387755	0.00230718
-0.959184	0.428571	0.00219743
-0.959184	0.469388	0.00207899
-0.959184	0.510204	0.00195234
-0.959184	0.55102	0.00181798
-0.959184	0.591837	0.00167644
-0.959184	0.632653	0.00152827
-0.959184	0.673469	0.00137407
-0.959184	0.714286	0.00121443
-0.959184	0.755102	0.00105
-0.959184	0.795918	0.000881417
-0.959184	0.836735	0.00070935
-0.959184	0.877551	0.00053448
-0.959184	0.918367	0.000357498
-0.959184	0.959184	0.000179103
-0.959184	1	0
-0.918367	-1	0.000267517
-0.918367	-0.959184	0.000533979
-0.918367	-0.918367	0.000798337
-0.918367	-0.877551	0.00105955
-0.918367	-0.836735	0.00131659
-0.918367	-0.795918	0.00156843
-0.918367	-0.755102	0.0018141
-0.918367	-0.714286	0.00205261
-0.918367	-0.673469	0.00228304
-0.918367	-0.632653	0.00250447
-0.918367	-0.591837	0.00271602
-0.918367	-0.55102	0.00291686
-0.918367	-0.510204	0.00310621
-0.918367	-0.469388	0.00328331
-0.918367	-0.428571	0.00344747
-0.918367	-0.387755	0.00359803
-0.918367	-0.346939	0.0037344
-0.918367	-0.306122	0.00385604
-0.918367	-0.265306	0.00396248
-0.918367	-0.22449	0.00405328
-0.918367	-0.183673	0.0041281
-0.918367	-0.142857	0.00418663
-0.918367	-0.102041	0.00422864
-0.918367	-0.0612245	0.00425396
-0.918367	-0.0204082	0.0042625
-0.918367	0.0204082	0.00425422
-0.918367	0.0612245	0.00422914
-0.918367	0.102041	0.00418737
-0.918367	0.142857	0.00412908
-0.918367	0.183673	0.00405448
-0.918367	0.22449	0.00396387
-0.918367	0.265306	0.00385761
-0.918367	0.306122	0.00373612
-0.918367	0.346939	0.00359987
-0.918367	0.387755	0.0034494
-0.918367	0.428571	0.00328531
-0.918367	0.469388	0.00310824
-0.918367	0.510204	0.0029189
-0.918367	0.55102	0.00271802
-0.918367	0.591837	0.0025064
-0.918367	0.632653	0.00228488
-0.918367	0.673469	0.00205433
-0.918367	0.714286	0.00181567
-0.918367	0.755102	0.00156983
-0.918367	0.795918	0.00131778
-0.918367	0.836735	0.00106053
-0.918367	0.877551	0.000799087
-0.918367	0.918367	0.000534485
-0.918367	0.959184	0.000267772
-0.918367	1	0
-0.877551	-1	0.000355047
-0.877551	-0.959184	0.000708695
-0.877551	-0.918367	0.00105955
-0.877551	-0.877551	0.00140623
-0.877551	-0.836735	0.00174737
-0.877551	-0.795918	0.00208162
-0.877551	-0.755102	0.00240766
-0.877551	-0.714286	0.00272422
-0.877551	-0.673469	0.00303004
-0.877551	-0.632653	0.00332391
-0.877551	-0.591837	0.00360469
-0.877551	-0.55102	0.00387125
-0.877551	-0.510204	0.00412255
-0.877551	-0.469388	0.00435759
-0.877551	-0.428571	0.00457546
-0.877551	-0.387755	0.00477528
-0.877551	-0.346939	0.00495627
-0.877551	-0.306122	0.00511772
-0.877551	-0.265306	0.00525898
-0.877551	-0.22449	0.00537949
-0.877551	-0.183673	0.00547879
-0.877551	-0.142857	0.00555647
-0.877551	-0.102041	0.00561222
-0.877551	-0.0612245	0.00564584
-0.877551	-0.0204082	0.00565717
-0.877551	0.0204082	0.00564617
-0.877551	0.0612245	0.0056129
-0.877551	0.102041	0.00555746
-0.877551	0.142857	0.00548009
-0.877551	0.183673	0.00538108
-0.877551	0.22449	0.00526083
-0.877551	0.265306	0.0051198
-0.877551	0.306122	0.00495855
-0.877551	0.346939	0.00477773
-0.877551	0.387755	0.00457803
-0.877551	0.428571	0.00436025
-0.877551	0.469388	0.00412524
-0.877551	0.510204	0.00387394
-0.877551	0.55102	0.00360734
-0.877551	0.591837	0.00332648
-0.877551	0.632653	0.00303248
-0.877551	0.673469	0.0027265
-0.877551	0.714286	0.00240974
-0.877551	0.755102	0.00208346
-0.877551	0.795918	0.00174895
-0.877551	0.836735	0.00140753
-0.877551	0.877551	0.00106054
-0.877551	0.918367	0.000709366
-0.877551	0.959184	0.000355385
-0.877551	1	0
-0.836735	-1	0.000441178
-0.836735	-0.959184	0.000880617
-0.836735	-0.918367	0.00131659
-0.836735	-0.877551	0.00174737
-0.836735	-0.836735	0.00217126
-0.836735	-0.795918	0.0025866
-0.836735	-0.755102	0.00299174
-0.836735	-0.714286	0.00338509
-0.836735	-0.673469	0.0037651
-0.836735	-0.632653	0.00413026
-0.836735	-0.591837	0.00447915
-0.836735	-0.55102	0.00481037
-0.836735	-0.510204	0.00512264
-0.836735	-0.469388	0.0054147
-0.836735	-0.428571	0.00568542
-0.836735	-0.387755	0.00593372
-0.836735	-0.346939	0.00615862
-0.836735	-0.306122	0.00635923
-0.836735	-0.265306	0.00653475
-0.836735	-0.22449	0.0066845
-0.836735	-0.183673	0.00680789
-0.836735	-0.142857	0.00690441
-0.836735	-0.102041	0.00697369
-0.836735	-0.0612245	0.00701546
-0.836735	-0.0204082	0.00702954
-0.836735	0.0204082	0.00701588
-0.836735	0.0612245	0.00697453
-0.836735	0.102041	0.00690565
-0.836735	0.142857	0.0068095
-0.836735	0.183673	0.00668648
-0.836735	0.22449	0.00653705
-0.836735	0.265306	0.00636181
-0.836735	0.306122	0.00616145
-0.836735	0.346939	0.00593675
-0.836735	0.387755	0.00568861
-0.836735	0.428571	0.005418
-0.836735	0.469388	0.00512599
-0.836735	0.510204	0.00481372
-0.836735	0.55102	0.00448244
-0.836735	0.591837	0.00413345
-0.836735	0.632653	0.00376813
-0.836735	0.673469	0.00338792
-0.836735	0.714286	0.00299432
-0.836735	0.755102	0.00258889
-0.836735	0.795918	0.00217323
-0.836735	0.836735	0.00174898
-0.836735	0.877551	0.00131782
-0.836735	0.918367	0.000881451
-0.836735	0.959184	0.000441598
-0.836735	1	0
-0.795918	-1	0.00052557
-0.795918	-0.959184	0.00104907
-0.795918	-0.918367	0.00156843
-0.795918	-0.877551	0.00208162
-0.795918	-0.836735	0.0025866
-0.795918	-0.795918	0.00308138
-0.795918	-0.755102	0.00356402
-0.795918	-0.714286	0.00403262
-0.795918	-0.673469	0.00448531
-0.795918	-0.632653	0.00492033
-0.795918	-0.591837	0.00533596
-0.795918	-0.55102	0.00573054
-0.795918	-0.510204	0.00610254
-0.795918	-0.469388	0.00645047
-0.795918	-0.428571	0.00677297
-0.795918	-0.387755	0.00706877
-0.795918	-0.346939	0.00733669
-0.795918	-0.306122	0.00757567
-0.795918	-0.265306	0.00778477
-0.795918	-0.22449	0.00796317
-0.795918	-0.183673	0.00811016
-0.795918	-0.142857	0.00822514
-0.795918	-0.102041	0.00830768
-0.795918	-0.0612245	0.00835744
-0.795918	-0.0204082	0.00837421
-0.795918	0.0204082	0.00835794
-0.795918	0.0612245	0.00830867
-0.795918	0.102041	0.00822662
-0.795918	0.142857	0.00811208
-0.795918	0.183673	0.00796552
-0.795918	0.22449	0.00778751
-0.795918	0.265306	0.00757875
-0.795918	0.306122	0.00734006
-0.795918	0.346939	0.00707239
-0.795918	0.387755	0.00677678
-0.795918	0.428571	0.0064544
-0.795918	0.469388	0.00610653
-0.795918	0.510204	0.00573453
-0.795918	0.55102	0.00533988
-0.795918	0.591837	0.00492413
-0.795918	0.632653	0.00448893
-0.795918	0.673469	0.00403599
-0.795918	0.714286	0.0035671
-0.795918	0.755102	0.00308412
-0.795918	0.795918	0.00258895
-0.795918	0.836735	0.00208354
-0.795918	0.877551	0.0015699
-0.795918	0.918367	0.00105006
-0.795918	0.959184	0.000526071
-0.795918	1	0
-0.755102	-1	0.000607891
-0.755102	-0.959184	0.00121339
-0.755102	-0.918367	0.0018141
-0.755102	-0.877551	0.00240766
-0.755102	-0.836735	0.00299174
-0.755102	-0.795918	0.00356402
-0.755102	-0.755102	0.00412226
-0.755102	-0.714286	0.00466425
-0.755102	-0.673469	0.00518785
-0.755102	-0.632653	0.00569101
-0.755102	-0.591837	0.00617173
-0.755102	-0.55102	0.00662813
-0.755102	-0.510204	0.00705839
-0.755102	-0.469388	0.00746082
-0.755102	-0.428571	0.00783383
-0.755102	-0.387755	0.00817596
-0.755102	-0.346939	0.00848584
-0.755102	-0.306122	0.00876226
-0.755102	-0.265306	0.00900411
-0.755102	-0.22449	0.00921045
-0.755102	-0.183673	0.00938046
-0.755102	-0.142857	0.00951346
-0.755102	-0.102041	0.00960892
-0.755102	-0.0612245	0.00966647
-0.755102	-0.0204082	0.00968587
-0.755102	0.0204082	0.00966705
-0.755102	0.0612245	0.00961007
-0.755102	0.102041	0.00951516
-0.755102	0.142857	0.00938269
-0.755102	0.183673	0.00921317
-0.755102	0.22449	0.00900728
-0.755102	0.265306	0.00876582
-0.755102	0.306122	0.00848975
-0.755102	0.346939	0.00818014
-0.755102	0.387755	0.00783823
-0.755102	0.428571	0.00746536
-0.755102	0.469388	0.007063
-0.755102	0.510204	0.00663274
-0.755102	0.55102	0.00617628
-0.755102	0.591837	0.00569541
-0.755102	0.632653	0.00519204
-0.755102	0.673469	0.00466815
-0.755102	0.714286	0.00412582
-0.755102	0.755102	0.00356719
-0.755102	0.795918	0.00299446
-0.755102	0.836735	0.00240989
-0.755102	0.877551	0.0018158
-0.755102	0.918367	0.00121454
-0.755102	0.959184	0.00060847
-0.755102	1	0
-0.714286	-1	0.000687815
-0.714286	-0.959184	0.00137292
-0.714286	-0.918367	0.00205261
-0.714286	-0.877551	0.00272422
-0.714286	-0.836735	0.00338509
-0.714286	-0.795918	0.00403262
-0.714286	-0.755102	0.00466425
-0.714286	-0.714286	0.0052775
-0.714286	-0.673469	0.00586995
-0.714286	-0.632653	0.00643926
-0.714286	-0.591837	0.00698319
-0.714286	-0.55102	0.00749958
-0.714286	-0.510204	0.00798642
-0.714286	-0.469388	0.00844176
-0.714286	-0.428571	0.00886382
-0.714286	-0.387755	0.00925093
-0.714286	-0.346939	0.00960155
-0.714286	-0.306122	0.00991431
-0.714286	-0.265306	0.010188
-0.714286	-0.22449	0.0104214
-0.714286	-0.183673	0.0106138
-0.714286	-0.142857	0.0107643
-0.714286	-0.102041	0.0108723
-0.714286	-0.0612245	0.0109374
-0.714286	-0.0204082	0.0109594
-0.714286	0.0204082	0.0109381
-0.714286	0.0612245	0.0108736
-0.714286	0.102041	0.0107662
-0.714286	0.142857	0.0106163
-0.714286	0.183673	0.0104245
-0.714286	0.22449	0.0101915
-0.714286	0.265306	0.00991834
-0.714286	0.306122	0.00960597
-0.714286	0.346939	0.00925566
-0.714286	0.387755	0.00886879
-0.714286	0.428571	0.0084469
-0.714286	0.469388	0.00799164
-0.714286	0.510204	0.00750481
-0.714286	0.55102	0.00698833
-0.714286	0.591837	0.00644423
-0.714286	0.632653	0.00587468
-0.714286	0.673469	0.00528192
-0.714286	0.714286	0.00466828
-0.714286	0.755102	0.0040362
-0.714286	0.795918	0.00338816
-0.714286	0.836735	0.00272674
-0.714286	0.877551	0.00205454
-0.714286	0.918367	0.00137422
-0.714286	0.959184	0.000688471
-0.714286	1	0
-0.673469	-1	0.000765029
-0.673469	-0.959184	0.00152704
-0.673469	-0.918367	0.00228304
-0.673469	-0.877551	0.00303004
-0.673469	-0.836735	0.0037651
-0.673469	-0.795918	0.00448531
-0.673469	-0.755102	0.00518785
-0.673469	-0.714286	0.00586995
-0.673469	-0.673469	0.0065289
-0.673469	-0.632653	0.00716212
-0.673469	-0.591837	0.00776711
-0.673469	-0.55102	0.00834148
-0.673469	-0.510204	0.00888297
-0.673469	-0.469388	0.00938943
-0.673469	-0.428571	0.00985886
-0.673469	-0.387755	0.0102894
-0.673469	-0.346939	0.0106794
-0.673469	-0.306122	0.0110273
-0.673469	-0.265306	0.0113317
-0.673469	-0.22449	0.0115913
-0.673469	-0.183673	0.0118053
-0.673469	-0.142857	0.0119727
-0.673469	-0.102041	0.0120928
-0.673469	-0.0612245	0.0121652
-0.673469	-0.0204082	0.0121897
-0.673469	0.0204082	0.012166
-0.673469	0.0612245	0.0120943
-0.673469	0.102041	0.0119748
-0.673469	0.142857	0.0118081
-0.673469	0.183673	0.0115948
-0.673469	0.22449	0.0113356
-0.673469	0.265306	0.0110318
-0.673469	0.306122	0.0106843
-0.673469	0.346939	0.0102947
-0.673469	0.387755	0.0098644
-0.673469	0.428571	0.00939514
-0.673469	0.469388	0.00888877
-0.673469	0.510204	0.00834729
-0.673469	0.55102	0.00777283
-0.673469	0.591837	0.00716766
-0.673469	0.632653	0.00653417
-0.673469	0.673469	0.00587486
-0.673469	0.714286	0.00519234
-0.673469	0.755102	0.0044893
-0.673469	0.795918	0.00376852
-0.673469	0.836735	0.00303284
-0.673469	0.877551	0.00228518
-0.673469	0.918367	0.00152849
-0.673469	0.959184	0.000765758
-0.673469	1	0
-0.632653	-1	0.000839227
-0.632653	-0.959184	0.00167515
-0.632653	-0.918367	0.00250447
-0.632653	-0.877551	0.00332391
-0.632653	-0.836735	0.00413026
-0.632653	-0.795918	0.00492033
-0.632653	-0.755102	0.00569101
-0.632653	-0.714286	0.00643926
-0.632653	-0.673469	0.00716212
-0.632653	-0.632653	0.00785676
-0.632653	-0.591837	0.00852042
-0.632653	-0.55102	0.0091505
-0.632653	-0.510204	0.0097445
-0.632653	-0.469388	0.0103001
-0.632653	-0.428571	0.010815
-0.632653	-0.387755	0.0112874
-0.632653	-0.346939	0.0117152
-0.632653	-0.306122	0.0120968
-0.632653	-0.265306	0.0124307
-0.632653	-0.22449	0.0127155
-0.632653	-0.183673	0.0129503
-0.632653	-0.142857	0.0131339
-0.632653	-0.102041	0.0132657
-0.632653	-0.0612245	0.0133451
-0.632653	-0.0204082	0.0133719
-0.632653	0.0204082	0.0133459
-0.632653	0.0612245	0.0132672
-0.632653	0.102041	0.0131362
-0.632653	0.142857	0.0129533
-0.632653	0.183673	0.0127193
-0.632653	0.22449	0.0124351
-0.632653	0.265306	0.0121017
-0.632653	0.306122	0.0117206
-0.632653	0.346939	0.0112931
-0.632653	0.387755	0.0108211
-0.632653	0.428571	0.0103064
-0.632653	0.469388	0.00975087
-0.632653	0.510204	0.00915687
-0.632653	0.55102	0.0085267
-0.632653	0.591837	0.00786283
-0.632653	0.632653	0.0071679
-0.632653	0.673469	0.00644465
-0.632653	0.714286	0.00569593
-0.632653	0.755102	0.0049247
-0.632653	0.795918	0.00413401
-0.632653	0.836735	0.00332699
-0.632653	0.877551	0.00250682
-0.632653	0.918367	0.00167673
-0.632653	0.959184	0.000840027
-0.632653	1	0
-0.591837	-1	0.000910117
-0.591837	-0.959184	0.00181665
-0.591837	-0.918367	0.00271602
-0.591837	-0.877551	0.00360469
-0.591837	-0.836735	0.00447915
-0.591837	-0.795918	0.00533596
-0.591837	-0.755102	0.00617173
-0.591837	-0.714286	0.00698319
-0.591837	-0.673469	0.00776711
-0.591837	-0.632653	0.00852042
-0.591837	-0.591837	0.00924015
-0.591837	-0.55102	0.00992345
-0.591837	-0.510204	0.0105676
-0.591837	-0.469388	0.0111701
-0.591837	-0.428571	0.0117286
-0.591837	-0.387755	0.0122408
-0.591837	-0.346939	0.0127048
-0.591837	-0.306122	0.0131186
-0.591837	-0.265306	0.0134807
-0.591837	-0.22449	0.0137896
-0.591837	-0.183673	0.0140442
-0.591837	-0.142857	0.0142433
-0.591837	-0.102041	0.0143862
-0.591837	-0.0612245	0.0144724
-0.591837	-0.0204082	0.0145014
-0.591837	0.0204082	0.0144732
-0.591837	0.0612245	0.0143879
-0.591837	0.102041	0.0142458
-0.591837	0.142857	0.0140475
-0.591837	0.183673	0.0137937
-0.591837	0.22449	0.0134855
-0.591837	0.265306	0.0131239
-0.591837	0.306122	0.0127106
-0.591837	0.346939	0.0122471
-0.591837	0.387755	0.0117352
-0.591837	0.428571	0.0111769
-0.591837	0.469388	0.0105745
-0.591837	0.510204	0.00993036
-0.591837	0.55102	0.00924695
-0.591837	0.591837	0.00852701
-0.591837	0.632653	0.00777338
-0.591837	0.673469	0.00698903
-0.591837	0.714286	0.00617707
-0.591837	0.755102	0.00534069
-0.591837	0.795918	0.00448322
-0.591837	0.836735	0.00360802
-0.591837	0.877551	0.00271857
-0.591837	0.918367	0.00181837
-0.591837	0.959184	0.000910985
-0.591837	1	0
-0.55102	-1	0.000977419
-0.55102	-0.959184	0.00195099
-0.55102	-0.918367	0.00291686
-0.55102	-0.877551	0.00387125
-0.55102	-0.836735	0.00481037
-0.55102	-0.795918	0.00573054
-0.55102	-0.755102	0.00662813
-0.55102	-0.714286	0.00749958
-0.55102	-0.673469	0.00834148
-0.55102	-0.632653	0.0091505
-0.55102	-0.591837	0.00992345
-0.55102	-0.55102	0.0106573
-0.55102	-0.510204	0.0113491
-0.55102	-0.469388	0.0119962
-0.55102	-0.428571	0.0125959
-0.55102	-0.387755	0.013146
-0.55102	-0.346939	0.0136443
-0.55102	-0.306122	0.0140887
-0.55102	-0.265306	0.0144776
-0.55102	-0.22449	0.0148094
-0.55102	-0.183673	0.0150827
-0.55102	-0.142857	0.0152966
-0.55102	-0.102041	0.0154501
-0.55102	-0.0612245	0.0155426
-0.55102	-0.0204082	0.0155738
-0.55102	0.0204082	0.0155435
-0.55102	0.0612245	0.0154519
-0.55102	0.102041	0.0152993
-0.55102	0.142857	0.0150863
-0.55102	0.183673	0.0148137
-0.55102	0.22449	0.0144827
-0.55102	0.265306	0.0140944
-0.55102	0.306122	0.0136506
-0.55102	0.346939	0.0131527
-0.55102	0.387755	0.012603
-0.55102	0.428571	0.0120035
-0.55102	0.469388	0.0113565
-0.55102	0.510204	0.0106647
-0.55102	0.55102	0.00993075
-0.55102	0.591837	0.00915757
-0.55102	0.632653	0.00834821
-0.55102	0.673469	0.00750586
-0.55102	0.714286	0.00663385
-0.55102	0.755102	0.00573563
-0.55102	0.795918	0.00481475
-0.55102	0.836735	0.00387483
-0.55102	0.877551	0.0029196
-0.55102	0.918367	0.00195284
-0.55102	0.959184	0.000978351
-0.55102	1	0
-0.510204	-1	0.00104087
-0.510204	-0.959184	0.00207763
-0.510204	-0.918367	0.00310621
-0.510204	-0.877551	0.00412255
-0.510204	-0.836735	0.00512264
-0.510204	-0.795918	0.00610254
-0.510204	-0.755102	0.00705839
-0.510204	-0.714286	0.00798642
-0.510204	-0.673469	0.00888297
-0.510204	-0.632653	0.0097445
-0.510204	-0.591837	0.0105676
-0.510204	-0.55102	0.0113491
-0.510204	-0.510204	0.0120858
-0.510204	-0.469388	0.0127749
-0.510204	-0.428571	0.0134136
-0.510204	-0.387755	0.0139994
-0.510204	-0.346939	0.01453
-0.510204	-0.306122	0.0150033
-0.510204	-0.265306	0.0154174
-0.510204	-0.22449	0.0157707
-0.510204	-0.183673	0.0160618
-0.510204	-0.142857	0.0162895
-0.510204	-0.102041	0.016453
-0.510204	-0.0612245	0.0165515
-0.510204	-0.0204082	0.0165848
-0.510204	0.0204082	0.0165525
-0.510204	0.0612245	0.016455
-0.510204	0.102041	0.0162924
-0.510204	0.142857	0.0160656
-0.510204	0.183673	0.0157754
-0.510204	0.22449	0.0154228
-0.510204	0.265306	0.0150094
-0.510204	0.306122	0.0145367
-0.510204	0.346939	0.0140065
-0.510204	0.387755	0.0134211
-0.510204	0.428571	0.0127827
-0.510204	0.469388	0.0120937
-0.510204	0.510204	0.011357
-0.510204	0.55102	0.0105754
-0.510204	0.591837	0.00975203
-0.510204	0.632653	0.00889013
-0.510204	0.673469	0.0079931
-0.510204	0.714286	0.00706449
-0.510204	0.755102	0.00610796
-0.510204	0.795918	0.00512729
-0.510204	0.836735	0.00412636
-0.510204	0.877551	0.00310913
-0.510204	0.918367	0.0020796
-0.510204	0.959184	0.00104186
-0.510204	1	0
-0.469388	-1	0.00110021
-0.469388	-0.959184	0.00219609
-0.469388	-0.918367	0.00328331
-0.469388	-0.877551	0.00435759
-0.469388	-0.836735	0.0054147
-0.469388	-0.795918	0.00645047
-0.469388	-0.755102	0.00746082
-0.469388	-0.714286	0.00844176
-0.469388	-0.673469	0.00938943
-0.469388	-0.632653	0.0103001
-0.469388	-0.591837	0.0111701
-0.469388	-0.55102	0.0119962
-0.469388	-0.510204	0.0127749
-0.469388	-0.469388	0.0135032
-0.469388	-0.428571	0.0141783
-0.469388	-0.387755	0.0147976
-0.469388	-0.346939	0.0153584
-0.469388	-0.306122	0.0158587
-0.469388	-0.265306	0.0162964
-0.469388	-0.22449	0.0166699
-0.469388	-0.183673	0.0169776
-0.469388	-0.142857	0.0172183
-0.469388	-0.102041	0.0173911
-0.469388	-0.0612245	0.0174952
-0.469388	-0.0204082	0.0175303
-0.469388	0.0204082	0.0174963
-0.469388	0.0612245	0.0173931
-0.469388	0.102041	0.0172214
-0.469388	0.142857	0.0169816
-0.469388	0.183673	0.0166748
-0.469388	0.22449	0.0163022
-0.469388	0.265306	0.0158651
-0.469388	0.306122	0.0153655
-0.469388	0.346939	0.0148051
-0.469388	0.387755	0.0141863
-0.469388	0.428571	0.0135115
-0.469388	0.469388	0.0127832
-0.469388	0.510204	0.0120045
-0.469388	0.55102	0.0111784
-0.469388	0.591837	0.010308
-0.469388	0.632653	0.009397
-0.469388	0.673469	0.00844883
-0.469388	0.714286	0.00746727
-0.469388	0.755102	0.0064562
-0.469388	0.795918	0.00541962
-0.469388	0.836735	0.00436163
-0.469388	0.877551	0.00328639
-0.469388	0.918367	0.00219817
-0.469388	0.959184	0.00110126
-0.469388	1	0
-0.428571	-1	0.00115522
-0.428571	-0.959184	0.00230589
-0.428571	-0.918367	0.00344747
-0.428571	-0.877551	0.00457546
-0.428571	-0.836735	0.00568542
-0.428571	-0.795918	0.00677297
-0.428571	-0.755102	0.00783383
-0.428571	-0.714286	0.00886382
-0.428571	-0.673469	0.00985886
-0.428571	-0.632653	0.010815
-0.428571	-0.591837	0.0117286
-0.428571	-0.55102	0.0125959
-0.428571	-0.510204	0.0134136
-0.428571	-0.469388	0.0141783
-0.428571	-0.428571	0.0148872
-0.428571	-0.387755	0.0155374
-0.428571	-0.346939	0.0161263
-0.428571	-0.306122	0.0166516
-0.428571	-0.265306	0.0171112
-0.428571	-0.22449	0.0175033
-0.428571	-0.183673	0.0178264
-0.428571	-0.142857	0.0180791
-0.428571	-0.102041	0.0182605
-0.428571	-0.0612245	0.0183699
-0.428571	-0.0204082	0.0184068
-0.428571	0.0204082	0.018371
-0.428571	0.0612245	0.0182627
-0.428571	0.102041	0.0180824
-0.428571	0.142857	0.0178306
-0.428571	0.183673	0.0175085
-0.428571	0.22449	0.0171172
-0.428571	0.265306	0.0166583
-0.428571	0.306122	0.0161337
-0.428571	0.346939	0.0155453
-0.428571	0.387755	0.0148956
-0.428571	0.428571	0.014187
-0.428571	0.469388	0.0134223
-0.428571	0.510204	0.0126047
-0.428571	0.55102	0.0117372
-0.428571	0.591837	0.0108234
-0.428571	0.632653	0.00986682
-0.428571	0.673469	0.00887124
-0.428571	0.714286	0.00784061
-0.428571	0.755102	0.00677899
-0.428571	0.795918	0.00569059
-0.428571	0.836735	0.00457969
-0.428571	0.877551	0.0034507
-0.428571	0.918367	0.00230807
-0.428571	0.959184	0.00115632
-0.428571	1	0
-0.387755	-1	0.00120567
-0.387755	-0.959184	0.00240659
-0.387755	-0.918367	0.00359803
-0.387755	-0.877551	0.00477528
-0.387755	-0.836735	0.00593372
-0.387755	-0.795918	0.00706877
-0.387755	-0.755102	0.00817596
-0.387755	-0.714286	0.00925093
-0.387755	-0.673469	0.0102894
-0.387755	-0.632653	0.0112874
-0.387755	-0.591837	0.0122408
-0.387755	-0.55102	0.013146
-0.387755	-0.510204	0.0139994
-0.387755	-0.469388	0.0147976
-0.387755	-0.428571	0.0155374
-0.387755	-0.387755	0.0162159
-0.387755	-0.346939	0.0168306
-0.387755	-0.306122	0.0173788
-0.387755	-0.265306	0.0178585
-0.387755	-0.22449	0.0182677
-0.387755	-0.183673	0.0186049
-0.387755	-0.142857	0.0188687
-0.387755	-0.102041	0.019058
-0.387755	-0.0612245	0.0191722
-0.387755	-0.0204082	0.0192107
-0.387755	0.0204082	0.0191733
-0.387755	0.0612245	0.0190603
-0.387755	0.102041	0.0188721
-0.387755	0.142857	0.0186093
-0.387755	0.183673	0.0182731
-0.387755	0.22449	0.0178648
-0.387755	0.265306	0.0173859
-0.387755	0.306122	0.0168383
-0.387755	0.346939	0.0162242
-0.387755	0.387755	0.0155461
-0.387755	0.428571	0.0148066
-0.387755	0.469388	0.0140085
-0.387755	0.510204	0.0131552
-0.387755	0.55102	0.0122498
-0.387755	0.591837	0.0112961
-0.387755	0.632653	0.0102977
-0.387755	0.673469	0.00925867
-0.387755	0.714286	0.00818303
-0.387755	0.755102	0.00707505
-0.387755	0.795918	0.00593911
-0.387755	0.836735	0.0047797
-0.387755	0.877551	0.0036014
-0.387755	0.918367	0.00240887
-0.387755	0.959184	0.00120682
-0.387755	1	0
-0.346939	-1	0.00125137
-0.346939	-0.959184	0.0024978
-0.346939	-0.918367	0.0037344
-0.346939	-0.877551	0.00495627
-0.346939	-0.836735	0.00615862
-0.346939	-0.795918	0.00733669
-0.346939	-0.755102	0.00848584
-0.346939	-0.714286	0.00960155
-0.346939	-0.673469	0.0106794
-0.346939	-0.632653	0.0117152
-0.346939	-0.591837	0.0127048
-0.346939	-0.55102	0.0136443
-0.346939	-0.510204	0.01453
-0.346939	-0.469388	0.0153584
-0.346939	-0.428571	0.0161263
-0.346939	-0.387755	0.0168306
-0.346939	-0.346939	0.0174685
-0.346939	-0.306122	0.0180375
-0.346939	-0.265306	0.0185353
-0.346939	-0.22449	0.0189601
-0.346939	-0.183673	0.0193101
-0.346939	-0.142857	0.0195839
-0.346939	-0.102041	0.0197804
-0.346939	-0.0612245	0.0198988
-0.346939	-0.0204082	0.0199388
-0.346939	0.0204082	0.0199
-0.346939	0.0612245	0.0197827
-0.346939	0.102041	0.0195874
-0.346939	0.142857	0.0193147
-0.346939	0.183673	0.0189657
-0.346939	0.22449	0.0185419
-0.346939	0.265306	0.0180448
-0.346939	0.306122	0.0174765
-0.346939	0.346939	0.0168392
-0.346939	0.387755	0.0161353
-0.346939	0.428571	0.0153678
-0.346939	0.469388	0.0145395
-0.346939	0.510204	0.0136538
-0.346939	0.55102	0.0127141
-0.346939	0.591837	0.0117242
-0.346939	0.632653	0.010688
-0.346939	0.673469	0.00960959
-0.346939	0.714286	0.00849318
-0.346939	0.755102	0.0073432
-0.346939	0.795918	0.00616421
-0.346939	0.836735	0.00496086
-0.346939	0.877551	0.0037379
-0.346939	0.918367	0.00250017
-0.346939	0.959184	0.00125256
-0.346939	1	0
-0.306122	-1	0.00129213
-0.306122	-0.959184	0.00257917
-0.306122	-0.918367	0.00385604
-0.306122	-0.877551	0.00511772
-0.306122	-0.836735	0.00635923
-0.306122	-0.795918	0.00757567
-0.306122	-0.755102	0.00876226
-0.306122	-0.714286	0.00991431
-0.306122	-0.673469	0.0110273
-0.306122	-0.632653	0.0120968
-0.306122	-0.591837	0.0131186
-0.306122	-0.55102	0.0140887
-0.306122	-0.510204	0.0150033
-0.306122	-0.469388	0.0158587
-0.306122	-0.428571	0.0166516
-0.306122	-0.387755	0.0173788
-0.306122	-0.346939	0.0180375
-0.306122	-0.306122	0.018625
-0.306122	-0.265306	0.0191391
-0.306122	-0.22449	0.0195777
-0.306122	-0.183673	0.0199391
-0.306122	-0.142857	0.0202218
-0.306122	-0.102041	0.0204247
-0.306122	-0.0612245	0.020547
-0.306122	-0.0204082	0.0205883
-0.306122	0.0204082	0.0205482
-0.306122	0.0612245	0.0204271
-0.306122	0.102041	0.0202254
-0.306122	0.142857	0.0199438
-0.306122	0.183673	0.0195835
-0.306122	0.22449	0.0191458
-0.306122	0.265306	0.0186326
-0.306122	0.306122	0.0180458
-0.306122	0.346939	0.0173877
-0.306122	0.387755	0.0166609
-0.306122	0.428571	0.0158683
-0.306122	0.469388	0.0150131
-0.306122	0.510204	0.0140985
-0.306122	0.55102	0.0131283
-0.306122	0.591837	0.0121061
-0.306122	0.632653	0.0110362
-0.306122	0.673469	0.00992261
-0.306122	0.714286	0.00876983
-0.306122	0.755102	0.0075824
-0.306122	0.795918	0.006365
-0.306122	0.836735	0.00512245
-0.306122	0.877551	0.00385966
-0.306122	0.918367	0.00258161
-0.306122	0.959184	0.00129336
-0.306122	1	0
-0.265306	-1	0.0013278
-0.265306	-0.959184	0.00265036
-0.265306	-0.918367	0.00396248
-0.265306	-0.877551	0.00525898
-0.265306	-0.836735	0.00653475
-0.265306	-0.795918	0.00778477
-0.265306	-0.755102	0.00900411
-0.265306	-0.714286	0.010188
-0.265306	-0.673469	0.0113317
-0.265306	-0.632653	0.0124307
-0.265306	-0.591837	0.0134807
-0.265306	-0.55102	0.0144776
-0.265306	-0.510204	0.0154174
-0.265306	-0.469388	0.0162964
-0.265306	-0.428571	0.0171112
-0.265306	-0.387755	0.0178585
-0.265306	-0.346939	0.0185353
-0.265306	-0.306122	0.0191391
-0.265306	-0.265306	0.0196674
-0.265306	-0.22449	0.0201181
-0.265306	-0.183673	0.0204894
-0.265306	-0.142857	0.0207799
-0.265306	-0.102041	0.0209885
-0.265306	-0.0612245	0.0211142
-0.265306	-0.0204082	0.0211565
-0.265306	0.0204082	0.0211154
-0.265306	0.0612245	0.020991
-0.265306	0.102041	0.0207837
-0.265306	0.142857	0.0204943
-0.265306	0.183673	0.020124
-0.265306	0.22449	0.0196743
-0.265306	0.265306	0.0191469
-0.265306	0.306122	0.0185439
-0.265306	0.346939	0.0178676
-0.265306	0.387755	0.0171208
-0.265306	0.428571	0.0163063
-0.265306	0.469388	0.0154275
-0.265306	0.510204	0.0144877
-0.265306	0.55102	0.0134906
-0.265306	0.591837	0.0124403
-0.265306	0.632653	0.0113408
-0.265306	0.673469	0.0101965
-0.265306	0.714286	0.0090119
-0.265306	0.755102	0.00779169
-0.265306	0.795918	0.00654069
-0.265306	0.836735	0.00526384
-0.265306	0.877551	0.00396619
-0.265306	0.918367	0.00265287
-0.265306	0.959184	0.00132906
-0.265306	1	0
-0.22449	-1	0.00135822
-0.22449	-0.959184	0.00271109
-0.22449	-0.918367	0.00405328
-0.22449	-0.877551	0.00537949
-0.22449	-0.836735	0.0066845
-0.22449	-0.795918	0.00796317
-0.22449	-0.755102	0.00921045
-0.22449	-0.714286	0.0104214
-0.22449	-0.673469	0.0115913
-0.22449	-0.632653	0.0127155
-0.22449	-0.591837	0.0137896
-0.22449	-0.55102	0.0148094
-0.22449	-0.510204	0.0157707
-0.22449	-0.469388	0.0166699
-0.22449	-0.428571	0.0175033
-0.22449	-0.387755	0.0182677
-0.22449	-0.346939	0.0189601
-0.22449	-0.306122	0.0195777
-0.22449	-0.265306	0.0201181
-0.22449	-0.22449	0.0205791
-0.22449	-0.183673	0.020959
-0.22449	-0.142857	0.0212561
-0.22449	-0.102041	0.0214694
-0.22449	-0.0612245	0.021598
-0.22449	-0.0204082	0.0216414
-0.22449	0.0204082	0.0215993
-0.22449	0.0612245	0.021472
-0.22449	0.102041	0.0212599
-0.22449	0.142857	0.0209639
-0.22449	0.183673	0.0205852
-0.22449	0.22449	0.0201252
-0.22449	0.265306	0.0195857
-0.22449	0.306122	0.0189688
-0.22449	0.346939	0.0182771
-0.22449	0.387755	0.0175131
-0.22449	0.428571	0.01668
-0.22449	0.469388	0.015781
-0.22449	0.510204	0.0148197
-0.22449	0.55102	0.0137998
-0.22449	0.591837	0.0127254
-0.22449	0.632653	0.0116007
-0.22449	0.673469	0.0104302
-0.22449	0.714286	0.00921842
-0.22449	0.755102	0.00797024
-0.22449	0.795918	0.00669058
-0.22449	0.836735	0.00538447
-0.22449	0.877551	0.00405708
-0.22449	0.918367	0.00271366
-0.22449	0.959184	0.00135952
-0.22449	1	0
-0.183673	-1	0.00138329
-0.183673	-0.959184	0.00276114
-0.183673	-0.918367	0.0041281
-0.183673	-0.877551	0.00547879
-0.183673	-0.836735	0.00680789
-0.183673	-0.795918	0.00811016
-0.183673	-0.755102	0.00938046
-0.183673	-0.714286	0.0106138
-0.183673	-0.673469	0.0118053
-0.183673	-0.632653	0.0129503
-0.183673	-0.591837	0.0140442
-0.183673	-0.55102	0.0150827
-0.183673	-0.510204	0.0160618
-0.183673	-0.469388	0.0169776
-0.183673	-0.428571	0.0178264
-0.183673	-0.387755	0.0186049
-0.183673	-0.346939	0.0193101
-0.183673	-0.306122	0.0199391
-0.183673	-0.265306	0.0204894
-0.183673	-0.22449	0.020959
-0.183673	-0.183673	0.0213458
-0.183673	-0.142857	0.0216485
-0.183673	-0.102041	0.0218657
-0.183673	-0.0612245	0.0219967
-0.183673	-0.0204082	0.0220408
-0.183673	0.0204082	0.021998
-0.183673	0.0612245	0.0218683
-0.183673	0.102041	0.0216524
-0.183673	0.142857	0.0213509
-0.183673	0.183673	0.0209652
-0.183673	0.22449	0.0204966
-0.183673	0.265306	0.0199472
-0.183673	0.306122	0.019319
-0.183673	0.346939	0.0186144
-0.183673	0.387755	0.0178364
-0.183673	0.428571	0.0169879
-0.183673	0.469388	0.0160723
-0.183673	0.510204	0.0150932
-0.183673	0.55102	0.0140545
-0.183673	0.591837	0.0129603
-0.183673	0.632653	0.0118148
-0.183673	0.673469	0.0106227
-0.183673	0.714286	0.00938857
-0.183673	0.755102	0.00811736
-0.183673	0.795918	0.00681407
-0.183673	0.836735	0.00548386
-0.183673	0.877551	0.00413197
-0.183673	0.918367	0.00276375
-0.183673	0.959184	0.00138461
-0.183673	1	0
-0.142857	-1	0.00140291
-0.142857	-0.959184	0.00280028
-0.142857	-0.918367	0.00418663
-0.142857	-0.877551	0.00555647
-0.142857	-0.836735	0.00690441
-0.142857	-0.795918	0.00822514
-0.142857	-0.755102	0.00951346
-0.142857	-0.714286	0.0107643
-0.142857	-0.673469	0.0119727
-0.142857	-0.632653	0.0131339
-0.142857	-0.591837	0.0142433
-0.142857	-0.55102	0.0152966
-0.142857	-0.510204	0.0162895
-0.142857	-0.469388	0.0172183
-0.142857	-0.428571	0.0180791
-0.142857	-0.387755	0.0188687
-0.142857	-0.346939	0.0195839
-0.142857	-0.306122	0.0202218
-0.142857	-0.265306	0.0207799
-0.142857	-0.22449	0.0212561
-0.142857	-0.183673	0.0216485
-0.142857	-0.142857	0.0219554
-0.142857	-0.102041	0.0221757
-0.142857	-0.0612245	0.0223085
-0.142857	-0.0204082	0.0223533
-0.142857	0.0204082	0.0223099
-0.142857	0.0612245	0.0221784
-0.142857	0.102041	0.0219593
-0.142857	0.142857	0.0216536
-0.142857	0.183673	0.0212624
-0.142857	0.22449	0.0207872
-0.142857	0.265306	0.02023
-0.142857	0.306122	0.0195929
-0.142857	0.346939	0.0188784
-0.142857	0.387755	0.0180893
-0.142857	0.428571	0.0172288
-0.142857	0.469388	0.0163002
-0.142857	0.510204	0.0153072
-0.142857	0.55102	0.0142538
-0.142857	0.591837	0.013144
-0.142857	0.632653	0.0119823
-0.142857	0.673469	0.0107733
-0.142857	0.714286	0.00952168
-0.142857	0.755102	0.00823245
-0.142857	0.795918	0.00691068
-0.142857	0.836735	0.00556161
-0.142857	0.877551	0.00419055
-0.142857	0.918367	0.00280294
-0.142857	0.959184	0.00140424
-0.142857	1	0
-0.102041	-1	0.00141698
-0.102041	-0.959184	0.00282838
-0.102041	-0.918367	0.00422864
-0.102041	-0.877551	0.00561222
-0.102041	-0.836735	0.00697369
-0.102041	-0.795918	0.00830768
-0.102041	-0.755102	0.00960892
-0.102041	-0.714286	0.0108723
-0.102041	-0.673469	0.0120928
-0.102041	-0.632653	0.0132657
-0.102041	-0.591837	0.0143862
-0.102041	-0.55102	0.0154501
-0.102041	-0.510204	0.016453
-0.102041	-0.469388	0.0173911
-0.102041	-0.428571	0.0182605
-0.102041	-0.387755	0.019058
-0.102041	-0.346939	0.0197804
-0.102041	-0.306122	0.0204247
-0.102041	-0.265306	0.0209885
-0.102041	-0.22449	0.0214694
-0.102041	-0.183673	0.0218657
-0.102041	-0.142857	0.0221757
-0.102041	-0.102041	0.0223983
-0.102041	-0.0612245	0.0225324
-0.102041	-0.0204082	0.0225776
-0.102041	0.0204082	0.0225338
-0.102041	0.0612245	0.0224009
-0.102041	0.102041	0.0221797
-0.102041	0.142857	0.0218709
-0.102041	0.183673	0.0214758
-0.102041	0.22449	0.0209958
-0.102041	0.265306	0.020433
-0.102041	0.306122	0.0197895
-0.102041	0.346939	0.0190678
-0.102041	0.387755	0.0182708
-0.102041	0.428571	0.0174016
-0.102041	0.469388	0.0164638
-0.102041	0.510204	0.0154608
-0.102041	0.55102	0.0143968
-0.102041	0.591837	0.0132759
-0.102041	0.632653	0.0121026
-0.102041	0.673469	0.0108814
-0.102041	0.714286	0.00961723
-0.102041	0.755102	0.00831506
-0.102041	0.795918	0.00698003
-0.102041	0.836735	0.00561742
-0.102041	0.877551	0.0042326
-0.102041	0.918367	0.00283106
-0.102041	0.959184	0.00141833
-0.102041	1	0
-0.0612245	-1	0.00142547
-0.0612245	-0.959184	0.00284532
-0.0612245	-0.918367	0.00425396
-0.0612245	-0.877551	0.00564584
-0.0612245	-0.836735	0.00701546
-0.0612245	-0.795918	0.00835744
-0.0612245	-0.755102	0.00966647
-0.0612245	-0.714286	0.0109374
-0.0612245	-0.673469	0.0121652
-0.0612245	-0.632653	0.0133451
-0.0612245	-0.591837	0.0144724
-0.0612245	-0.55102	0.0155426
-0.0612245	-0.510204	0.0165515
-0.0612245	-0.469388	0.0174952
-0.0612245	-0.428571	0.0183699
-0.0612245	-0.387755	0.0191722
-0.0612245	-0.346939	0.0198988
-0.0612245	-0.306122	0.020547
-0.0612245	-0.265306	0.0211142
-0.0612245	-0.22449	0.021598
-0.0612245	-0.183673	0.0219967
-0.0612245	-0.142857	0.0223085
-0.0612245	-0.102041	0.0225324
-0.0612245	-0.0612245	0.0226673
-0.0612245	-0.0204082	0.0227128
-0.0612245	0.0204082	0.0226687
-0.0612245	0.0612245	0.0225351
-0.0612245	0.102041	0.0223125
-0.0612245	0.142857	0.0220019
-0.0612245	0.183673	0.0216044
-0.0612245	0.22449	0.0211216
-0.0612245	0.265306	0.0205554
-0.0612245	0.306122	0.019908
-0.0612245	0.346939	0.019182
-0.0612245	0.387755	0.0183802
-0.0612245	0.428571	0.0175059
-0.0612245	0.469388	0.0165624
-0.0612245	0.510204	0.0155534
-0.0612245	0.55102	0.014483
-0.0612245	0.591837	0.0133554
-0.0612245	0.632653	0.012175
-0.0612245	0.673469	0.0109466
-0.0612245	0.714286	0.00967483
-0.0612245	0.755102	0.00836486
-0.0612245	0.795918	0.00702183
-0.0612245	0.836735	0.00565106
-0.0612245	0.877551	0.00425795
-0.0612245	0.918367	0.00284802
-0.0612245	0.959184	0.00142683
-0.0612245	1	0
-0.0204082	-1	0.00142833
-0.0204082	-0.959184	0.00285103
-0.0204082	-0.918367	0.0042625
-0.0204082	-0.877551	0.00565717
-0.0204082	-0.836735	0.00702954
-0.0204082	-0.795918	0.00837421
-0.0204082	-0.755102	0.00968587
-0.0204082	-0.714286	0.0109594
-0.0204082	-0.673469	0.0121897
-0.0204082	-0.632653	0.0133719
-0.0204082	-0.591837	0.0145014
-0.0204082	-0.55102	0.0155738
-0.0204082	-0.510204	0.0165848
-0.0204082	-0.469388	0.0175303
-0.0204082	-0.428571	0.0184068
-0.0204082	-0.387755	0.0192107
-0.0204082	-0.346939	0.0199388
-0.0204082	-0.306122	0.0205883
-0.0204082	-0.265306	0.0211565
-0.0204082	-0.22449	0.0216414
-0.0204082	-0.183673	0.0220408
-0.0204082	-0.142857	0.0223533
-0.0204082	-0.102041	0.0225776
-0.0204082	-0.0612245	0.0227128
-0.0204082	-0.0204082	0.0227584
-0.0204082	0.0204082	0.0227142
-0.0204082	0.0612245	0.0225803
-0.0204082	0.102041	0.0223573
-0.0204082	0.142857	0.0220461
-0.0204082	0.183673	0.0216477
-0.0204082	0.22449	0.021164
-0.0204082	0.265306	0.0205966
-0.0204082	0.306122	0.019948
-0.0204082	0.346939	0.0192205
-0.0204082	0.387755	0.0184171
-0.0204082	0.428571	0.017541
-0.0204082	0.469388	0.0165956
-0.0204082	0.510204	0.0155846
-0.0204082	0.55102	0.0145121
-0.0204082	0.591837	0.0133822
-0.0204082	0.632653	0.0121995
-0.0204082	0.673469	0.0109685
-0.0204082	0.714286	0.00969425
-0.0204082	0.755102	0.00838165
-0.0204082	0.795918	0.00703593
-0.0204082	0.836735	0.0056624
-0.0204082	0.877551	0.0042665
-0.0204082	0.918367	0.00285374
-0.0204082	0.959184	0.00142969
-0.0204082	1	0
0.0204082	-1	0.00142556
0.0204082	-0.959184	0.00284549
0.0204082	-0.918367	0.00425422
0.0204082	-0.877551	0.00564617
0.0204082	-0.836735	0.00701588
0.0204082	-0.795918	0.00835794
0.0204082	-0.755102	0.00966705
0.0204082	-0.714286	0.0109381
0.0204082	-0.673469	0.012166
0.0204082	-0.632653	0.0133459
0.0204082	-0.591837	0.0144732
0.0204082	-0.55102	0.0155435
0.0204082	-0.510204	0.0165525
0.0204082	-0.469388	0.0174963
0.0204082	-0.428571	0.018371
0.0204082	-0.387755	0.0191733
0.0204082	-0.346939	0.0199
0.0204082	-0.306122	0.0205482
0.0204082	-0.265306	0.0211154
0.0204082	-0.22449	0.0215993
0.0204082	-0.183673	0.021998
0.0204082	-0.142857	0.0223099
0.0204082	-0.102041	0.0225338
0.0204082	-0.0612245	0.0226687
0.0204082	-0.0204082	0.0227142
0.0204082	0.0204082	0.0226701
0.0204082	0.0612245	0.0225364
0.0204082	0.102041	0.0223139
0.0204082	0.142857	0.0220032
0.0204082	0.183673	0.0216057
0.0204082	0.22449	0.0211228
0.0204082	0.265306	0.0205566
0.0204082	0.306122	0.0199092
0.0204082	0.346939	0.0191831
0.0204082	0.387755	0.0183813
0.0204082	0.428571	0.0175069
0.0204082	0.469388	0.0165633
0.0204082	0.510204	0.0155543
0.0204082	0.55102	0.0144839
0.0204082	0.591837	0.0133562
0.0204082	0.632653	0.0121758
0.0204082	0.673469	0.0109472
0.0204082	0.714286	0.00967541
0.0204082	0.755102	0.00836536
0.0204082	0.795918	0.00702226
0.0204082	0.836735	0.0056514
0.0204082	0.877551	0.00425821
0.0204082	0.918367	0.00284819
0.0204082	0.959184	0.00142691
0.0204082	1	0
0.0612245	-1	0.00141715
0.0612245	-0.959184	0.00282872
0.0612245	-0.918367	0.00422914
0.0612245	-0.877551	0.0056129
0.0612245	-0.836735	0.00697453
0.0612245	-0.795918	0.00830867
0.0612245	-0.755102	0.00961007
0.0612245	-0.714286	0.0108736
0.0612245	-0.673469	0.0120943
0.0612245	-0.632653	0.0132672
0.0612245	-0.591837	0.0143879
0.0612245	-0.55102	0.0154519
0.0612245	-0.510204	0.016455
0.0612245	-0.469388	0.0173931
0.0612245	-0.428571	0.0182627
0.0612245	-0.387755	0.0190603
0.0612245	-0.346939	0.0197827
0.0612245	-0.306122	0.0204271
0.0612245	-0.265306	0.020991
0.0612245	-0.22449	0.021472
0.0612245	-0.183673	0.0218683
0.0612245	-0.142857	0.0221784
0.0612245	-0.102041	0.0224009
0.0612245	-0.0612245	0.0225351
0.0612245	-0.0204082	0.0225803
0.0612245	0.0204082	0.0225364
0.0612245	0.0612245	0.0224036
0.0612245	0.102041	0.0221824
0.0612245	0.142857	0.0218735
0.0612245	0.183673	0.0214783
0.0612245	0.22449	0.0209983
0.0612245	0.265306	0.0204354
0.0612245	0.306122	0.0197918
0.0612245	0.346939	0.0190701
0.0612245	0.387755	0.018273
0.0612245	0.428571	0.0174037
0.0612245	0.469388	0.0164657
0.0612245	0.510204	0.0154627
0.0612245	0.55102	0.0143985
0.0612245	0.591837	0.0132775
0.0612245	0.632653	0.012104
0.0612245	0.673469	0.0108827
0.0612245	0.714286	0.00961838
0.0612245	0.755102	0.00831605
0.0612245	0.795918	0.00698087
0.0612245	0.836735	0.00561809
0.0612245	0.877551	0.00423311
0.0612245	0.918367	0.0028314
0.0612245	0.959184	0.0014185
0.0612245	1	0
0.102041	-1	0.00140316
0.102041	-0.959184	0.00280078
0.102041	-0.918367	0.00418737
0.102041	-0.877551	0.00555746
0.102041	-0.836735	0.00690565
0.102041	-0.795918	0.00822662
0.102041	-0.755102	0.00951516
0.102041	-0.714286	0.0107662
0.102041	-0.673469	0.0119748
0.102041	-0.632653	0.0131362
0.102041	-0.591837	0.0142458
0.102041	-0.55102	0.0152993
0.102041	-0.510204	0.0162924
0.102041	-0.469388	0.0172214
0.102041	-0.428571	0.0180824
0.102041	-0.387755	0.0188721
0.102041	-0.346939	0.0195874
0.102041	-0.306122	0.0202254
0.102041	-0.265306	0.0207837
0.102041	-0.22449	0.0212599
0.102041	-0.183673	0.0216524
0.102041	-0.142857	0.0219593
0.102041	-0.102041	0.0221797
0.102041	-0.0612245	0.0223125
0.102041	-0.0204082	0.0223573
0.102041	0.0204082	0.0223139
0.102041	0.0612245	0.0221824
0.102041	0.102041	0.0219633
0.102041	0.142857	0.0216575
0.102041	0.183673	0.0212662
0.102041	0.22449	0.020791
0.102041	0.265306	0.0202336
0.102041	0.306122	0.0195964
0.102041	0.346939	0.0188817
0.102041	0.387755	0.0180925
0.102041	0.428571	0.0172318
0.102041	0.469388	0.0163031
0.102041	0.510204	0.01531
0.102041	0.55102	0.0142563
0.102041	0.591837	0.0131464
0.102041	0.632653	0.0119845
0.102041	0.673469	0.0107752
0.102041	0.714286	0.00952339
0.102041	0.755102	0.00823392
0.102041	0.795918	0.00691192
0.102041	0.836735	0.0055626
0.102041	0.877551	0.0041913
0.102041	0.918367	0.00280344
0.102041	0.959184	0.00140449
0.102041	1	0
0.142857	-1	0.00138362
0.142857	-0.959184	0.00276179
0.142857	-0.918367	0.00412908
0.142857	-0.877551	0.00548009
0.142857	-0.836735	0.0068095
0.142857	-0.795918	0.00811208
0.142857	-0.755102	0.00938269
0.142857	-0.714286	0.0106163
0.142857	-0.673469	0.0118081
0.142857	-0.632653	0.0129533
0.142857	-0.591837	0.0140475
0.142857	-0.55102	0.0150863
0.142857	-0.510204	0.0160656
0.142857	-0.469388	0.0169816
0.142857	-0.428571	0.0178306
0.142857	-0.387755	0.0186093
0.142857	-0.346939	0.0193147
0.142857	-0.306122	0.0199438
0.142857	-0.265306	0.0204943
0.142857	-0.22449	0.0209639
0.142857	-0.183673	0.0213509
0.142857	-0.142857	0.0216536
0.142857	-0.102041	0.0218709
0.142857	-0.0612245	0.0220019
0.142857	-0.0204082	0.0220461
0.142857	0.0204082	0.0220032
0.142857	0.0612245	0.0218735
0.142857	0.102041	0.0216575
0.142857	0.142857	0.021356
0.142857	0.183673	0.0209701
0.142857	0.22449	0.0205015
0.142857	0.265306	0.0199519
0.142857	0.306122	0.0193235
0.142857	0.346939	0.0186189
0.142857	0.387755	0.0178406
0.142857	0.428571	0.0169919
0.142857	0.469388	0.0160761
0.142857	0.510204	0.0150968
0.142857	0.55102	0.0140578
0.142857	0.591837	0.0129633
0.142857	0.632653	0.0118176
0.142857	0.673469	0.0106252
0.142857	0.714286	0.0093908
0.142857	0.755102	0.00811929
0.142857	0.795918	0.00681569
0.142857	0.836735	0.00548516
0.142857	0.877551	0.00413295
0.142857	0.918367	0.00276441
0.142857	0.959184	0.00138494
0.142857	1	0
0.183673	-1	0.00135862
0.183673	-0.959184	0.00271189
0.183673	-0.918367	0.00405448
0.183673	-0.877551	0.00538108
0.183673	-0.836735	0.00668648
0.183673	-0.795918	0.00796552
0.183673	-0.755102	0.00921317
0.183673	-0.714286	0.0104245
0.183673	-0.673469	0.0115948
0.183673	-0.632653	0.0127193
0.183673	-0.591837	0.0137937
0.183673	-0.55102	0.0148137
0.183673	-0.510204	0.0157754
0.183673	-0.469388	0.0166748
0.183673	-0.428571	0.0175085
0.183673	-0.387755	0.0182731
0.183673	-0.346939	0.0189657
0.183673	-0.306122	0.0195835
0.183673	-0.265306	0.020124
0.183673	-0.22449	0.0205852
0.183673	-0.183673	0.0209652
0.183673	-0.142857	0.0212624
0.183673	-0.102041	0.0214758
0.183673	-0.0612245	0.0216044
0.183673	-0.0204082	0.0216477
0.183673	0.0204082	0.0216057
0.183673	0.0612245	0.0214783
0.183673	0.102041	0.0212662
0.183673	0.142857	0.0209701
0.183673	0.183673	0.0205913
0.183673	0.22449	0.0201311
0.183673	0.265306	0.0195914
0.183673	0.306122	0.0189744
0.183673	0.346939	0.0182825
0.183673	0.387755	0.0175183
0.183673	0.428571	0.0166849
0.183673	0.469388	0.0157857
0.183673	0.510204	0.0148241
0.183673	0.55102	0.0138039
0.183673	0.591837	0.0127291
0.183673	0.632653	0.0116041
0.183673	0.673469	0.0104332
0.183673	0.714286	0.00922114
0.183673	0.755102	0.0079726
0.183673	0.795918	0.00669255
0.183673	0.836735	0.00538606
0.183673	0.877551	0.00405828
0.183673	0.918367	0.00271446
0.183673	0.959184	0.00135992
0.183673	1	0
0.22449	-1	0.00132826
0.22449	-0.959184	0.00265129
0.22449	-0.918367	0.00396387
0.22449	-0.877551	0.00526083
0.22449	-0.836735	0.00653705
0.22449	-0.795918	0.00778751
0.22449	-0.755102	0.00900728
0.22449	-0.714286	0.0101915
0.22449	-0.673469	0.0113356
0.22449	-0.632653	0.0124351
0.22449	-0.591837	0.0134855
0.22449	-0.55102	0.0144827
0.22449	-0.510204	0.0154228
0.22449	-0.469388	0.0163022
0.22449	-0.428571	0.0171172
0.22449	-0.387755	0.0178648
0.22449	-0.346939	0.0185419
0.22449	-0.306122	0.0191458
0.22449	-0.265306	0.0196743
0.22449	-0.22449	0.0201252
0.22449	-0.183673	0.0204966
0.22449	-0.142857	0.0207872
0.22449	-0.102041	0.0209958
0.22449	-0.0612245	0.0211216
0.22449	-0.0204082	0.021164
0.22449	0.0204082	0.0211228
0.22449	0.0612245	0.0209983
0.22449	0.102041	0.020791
0.22449	0.142857	0.0205015
0.22449	0.183673	0.0201311
0.22449	0.22449	0.0196812
0.22449	0.265306	0.0191536
0.22449	0.306122	0.0185504
0.22449	0.346939	0.0178739
0.22449	0.387755	0.0171268
0.22449	0.428571	0.0163121
0.22449	0.469388	0.0154329
0.22449	0.510204	0.0144928
0.22449	0.55102	0.0134954
0.22449	0.591837	0.0124447
0.22449	0.632653	0.0113448
0.22449	0.673469	0.0102001
0.22449	0.714286	0.00901507
0.22449	0.755102	0.00779443
0.22449	0.795918	0.00654299
0.22449	0.836735	0.00526569
0.22449	0.877551	0.00396759
0.22449	0.918367	0.0026538
0.22449	0.959184	0.00132953
0.22449	1	0
0.265306	-1	0.00129266
0.265306	-0.959184	0.00258022
0.265306	-0.918367	0.00385761
0.265306	-0.877551	0.0051198
0.265306	-0.836735	0.00636181
0.265306	-0.795918	0.00757875
0.265306	-0.755102	0.00876582
0.265306	-0.714286	0.00991834
0.265306	-0.673469	0.0110318
0.265306	-0.632653	0.0121017
0.265306	-0.591837	0.0131239
0.265306	-0.55102	0.0140944
0.265306	-0.510204	0.0150094
0.265306	-0.469388	0.0158651
0.265306	-0.428571	0.0166583
0.265306	-0.387755	0.0173859
0.265306	-0.346939	0.0180448
0.265306	-0.306122	0.0186326
0.265306	-0.265306	0.0191469
0.265306	-0.22449	0.0195857
0.265306	-0.183673	0.0199472
0.265306	-0.142857	0.02023
0.265306	-0.102041	0.020433
0.265306	-0.0612245	0.0205554
0.265306	-0.0204082	0.0205966
0.265306	0.0204082	0.0205566
0.265306	0.0612245	0.0204354
0.265306	0.102041	0.0202336
0.265306	0.142857	0.0199519
0.265306	0.183673	0.0195914
0.265306	0.22449	0.0191536
0.265306	0.265306	0.0186402
0.265306	0.306122	0.0180531
0.265306	0.346939	0.0173948
0.265306	0.387755	0.0166677
0.265306	0.428571	0.0158748
0.265306	0.469388	0.0150192
0.265306	0.510204	0.0141043
0.265306	0.55102	0.0131336
0.265306	0.591837	0.0121111
0.265306	0.632653	0.0110407
0.265306	0.673469	0.00992664
0.265306	0.714286	0.0087734
0.265306	0.755102	0.00758548
0.265306	0.795918	0.00636759
0.265306	0.836735	0.00512454
0.265306	0.877551	0.00386123
0.265306	0.918367	0.00258266
0.265306	0.959184	0.00129389
0.265306	1	0
0.306122	-1	0.00125194
0.306122	-0.959184	0.00249895
0.306122	-0.918367	0.00373612
0.306122	-0.877551	0.00495855
0.306122	-0.836735	0.00616145
0.306122	-0.795918	0.00734006
0.306122	-0.755102	0.00848975
0.306122	-0.714286	0.00960597
0.306122	-0.673469	0.0106843
0.306122	-0.632653	0.0117206
0.306122	-0.591837	0.0127106
0.306122	-0.55102	0.0136506
0.306122	-0.510204	0.0145367
0.306122	-0.469388	0.0153655
0.306122	-0.428571	0.0161337
0.306122	-0.387755	0.0168383
0.306122	-0.346939	0.0174765
0.306122	-0.306122	0.0180458
0.306122	-0.265306	0.0185439
0.306122	-0.22449	0.0189688
0.306122	-0.183673	0.019319
0.306122	-0.142857	0.0195929
0.306122	-0.102041	0.0197895
0.306122	-0.0612245	0.019908
0.306122	-0.0204082	0.019948
0.306122	0.0204082	0.0199092
0.306122	0.0612245	0.0197918
0.306122	0.102041	0.0195964
0.306122	0.142857	0.0193235
0.306122	0.183673	0.0189744
0.306122	0.22449	0.0185504
0.306122	0.265306	0.0180531
0.306122	0.306122	0.0174845
0.306122	0.346939	0.0168469
0.306122	0.387755	0.0161428
0.306122	0.428571	0.0153748
0.306122	0.469388	0.0145462
0.306122	0.510204	0.0136601
0.306122	0.55102	0.01272
0.306122	0.591837	0.0117296
0.306122	0.632653	0.0106929
0.306122	0.673469	0.00961401
0.306122	0.714286	0.00849708
0.306122	0.755102	0.00734658
0.306122	0.795918	0.00616705
0.306122	0.836735	0.00496314
0.306122	0.877551	0.00373962
0.306122	0.918367	0.00250132
0.306122	0.959184	0.00125314
0.306122	1	0
0.346939	-1	0.00120629
0.346939	-0.959184	0.00240782
0.346939	-0.918367	0.00359987
0.346939	-0.877551	0.00477773
0.346939	-0.836735	0.00593675
0.346939	-0.795918	0.00707239
0.346939	-0.755102	0.00818014
0.346939	-0.714286	0.00925566
0.346939	-0.673469	0.0102947
0.346939	-0.632653	0.0112931
0.346939	-0.591837	0.0122471
0.346939	-0.55102	0.0131527
0.346939	-0.510204	0.0140065
0.346939	-0.469388	0.0148051
0.346939	-0.428571	0.0155453
0.346939	-0.387755	0.0162242
0.346939	-0.346939	0.0168392
0.346939	-0.306122	0.0173877
0.346939	-0.265306	0.0178676
0.346939	-0.22449	0.0182771
0.346939	-0.183673	0.0186144
0.346939	-0.142857	0.0188784
0.346939	-0.102041	0.0190678
0.346939	-0.0612245	0.019182
0.346939	-0.0204082	0.0192205
0.346939	0.0204082	0.0191831
0.346939	0.0612245	0.0190701
0.346939	0.102041	0.0188817
0.346939	0.142857	0.0186189
0.346939	0.183673	0.0182825
0.346939	0.22449	0.0178739
0.346939	0.265306	0.0173948
0.346939	0.306122	0.0168469
0.346939	0.346939	0.0162325
0.346939	0.387755	0.0155541
0.346939	0.428571	0.0148141
0.346939	0.469388	0.0140157
0.346939	0.510204	0.0131619
0.346939	0.55102	0.0122561
0.346939	0.591837	0.0113019
0.346939	0.632653	0.010303
0.346939	0.673469	0.00926341
0.346939	0.714286	0.00818721
0.346939	0.755102	0.00707867
0.346939	0.795918	0.00594215
0.346939	0.836735	0.00478215
0.346939	0.877551	0.00360325
0.346939	0.918367	0.0024101
0.346939	0.959184	0.00120744
0.346939	1	0
0.387755	-1	0.00115587
0.387755	-0.959184	0.00230718
0.387755	-0.918367	0.0034494
0.387755	-0.877551	0.00457803
0.387755	-0.836735	0.00568861
0.387755	-0.795918	0.00677678
0.387755	-0.755102	0.00783823
0.387755	-0.714286	0.00886879
0.387755	-0.673469	0.0098644
0.387755	-0.632653	0.0108211
0.387755	-0.591837	0.0117352
0.387755	-0.55102	0.012603
0.387755	-0.510204	0.0134211
0.387755	-0.469388	0.0141863
0.387755	-0.428571	0.0148956
0.387755	-0.387755	0.0155461
0.387755	-0.346939	0.0161353
0.387755	-0.306122	0.0166609
0.387755	-0.265306	0.0171208
0.387755	-0.22449	0.0175131
0.387755	-0.183673	0.0178364
0.387755	-0.142857	0.0180893
0.387755	-0.102041	0.0182708
0.387755	-0.0612245	0.0183802
0.387755	-0.0204082	0.0184171
0.387755	0.0204082	0.0183813
0.387755	0.0612245	0.018273
0.387755	0.102041	0.0180925
0.387755	0.142857	0.0178406
0.387755	0.183673	0.0175183
0.387755	0.22449	0.0171268
0.387755	0.265306	0.0166677
0.387755	0.306122	0.0161428
0.387755	0.346939	0.0155541
0.387755	0.387755	0.0149039
0.387755	0.428571	0.0141949
0.387755	0.469388	0.0134299
0.387755	0.510204	0.0126118
0.387755	0.55102	0.0117438
0.387755	0.591837	0.0108295
0.387755	0.632653	0.00987236
0.387755	0.673469	0.00887622
0.387755	0.714286	0.00784501
0.387755	0.755102	0.0067828
0.387755	0.795918	0.00569378
0.387755	0.836735	0.00458226
0.387755	0.877551	0.00345264
0.387755	0.918367	0.00230937
0.387755	0.959184	0.00115697
0.387755	1	0
0.428571	-1	0.00110088
0.428571	-0.959184	0.00219743
0.428571	-0.918367	0.00328531
0.428571	-0.877551	0.00436025
0.428571	-0.836735	0.005418
0.428571	-0.795918	0.0064544
0.428571	-0.755102	0.00746536
0.428571	-0.714286	0.0084469
0.428571	-0.673469	0.00939514
0.428571	-0.632653	0.0103064
0.428571	-0.591837	0.0111769
0.428571	-0.55102	0.0120035
0.428571	-0.510204	0.0127827
0.428571	-0.469388	0.0135115
0.428571	-0.428571	0.014187
0.428571	-0.387755	0.0148066
0.428571	-0.346939	0.0153678
0.428571	-0.306122	0.0158683
0.428571	-0.265306	0.0163063
0.428571	-0.22449	0.01668
0.428571	-0.183673	0.0169879
0.428571	-0.142857	0.0172288
0.428571	-0.102041	0.0174016
0.428571	-0.0612245	0.0175059
0.428571	-0.0204082	0.017541
0.428571	0.0204082	0.0175069
0.428571	0.0612245	0.0174037
0.428571	0.102041	0.0172318
0.428571	0.142857	0.0169919
0.428571	0.183673	0.0166849
0.428571	0.22449	0.0163121
0.428571	0.265306	0.0158748
0.428571	0.306122	0.0153748
0.428571	0.346939	0.0148141
0.428571	0.387755	0.0141949
0.428571	0.428571	0.0135197
0.428571	0.469388	0.012791
0.428571	0.510204	0.0120118
0.428571	0.55102	0.0111852
0.428571	0.591837	0.0103143
0.428571	0.632653	0.00940272
0.428571	0.673469	0.00845397
0.428571	0.714286	0.00747181
0.428571	0.755102	0.00646013
0.428571	0.795918	0.00542292
0.428571	0.836735	0.00436428
0.428571	0.877551	0.00328839
0.428571	0.918367	0.00219951
0.428571	0.959184	0.00110193
0.428571	1	0
0.469388	-1	0.00104155
0.469388	-0.959184	0.00207899
0.469388	-0.918367	0.00310824
0.469388	-0.877551	0.00412524
0.469388	-0.836735	0.00512599
0.469388	-0.795918	0.00610653
0.469388	-0.755102	0.007063
0.469388	-0.714286	0.00799164
0.469388	-0.673469	0.00888877
0.469388	-0.632653	0.00975087
0.469388	-0.591837	0.0105745
0.469388	-0.55102	0.0113565
0.469388	-0.510204	0.0120937
0.469388	-0.469388	0.0127832
0.469388	-0.428571	0.0134223
0.469388	-0.387755	0.0140085
0.469388	-0.346939	0.0145395
0.469388	-0.306122	0.0150131
0.469388	-0.265306	0.0154275
0.469388	-0.22449	0.015781
0.469388	-0.183673	0.0160723
0.469388	-0.142857	0.0163002
0.469388	-0.102041	0.0164638
0.469388	-0.0612245	0.0165624
0.469388	-0.0204082	0.0165956
0.469388	0.0204082	0.0165633
0.469388	0.0612245	0.0164657
0.469388	0.102041	0.0163031
0.469388	0.142857	0.0160761
0.469388	0.183673	0.0157857
0.469388	0.22449	0.0154329
0.469388	0.265306	0.0150192
0.469388	0.306122	0.0145462
0.469388	0.346939	0.0140157
0.469388	0.387755	0.0134299
0.469388	0.428571	0.012791
0.469388	0.469388	0.0121016
0.469388	0.510204	0.0113644
0.469388	0.55102	0.0105823
0.469388	0.591837	0.00975841
0.469388	0.632653	0.00889594
0.469388	0.673469	0.00799833
0.469388	0.714286	0.00706911
0.469388	0.755102	0.00611195
0.469388	0.795918	0.00513064
0.469388	0.836735	0.00412906
0.469388	0.877551	0.00311116
0.469388	0.918367	0.00208096
0.469388	0.959184	0.00104254
0.469388	1	0
0.510204	-1	0.0009781
0.510204	-0.959184	0.00195234
0.510204	-0.918367	0.0029189
0.510204	-0.877551	0.00387394
0.510204	-0.836735	0.00481372
0.510204	-0.795918	0.00573453
0.510204	-0.755102	0.00663274
0.510204	-0.714286	0.00750481
0.510204	-0.673469	0.00834729
0.510204	-0.632653	0.00915687
0.510204	-0.591837	0.00993036
0.510204	-0.55102	0.0106647
0.510204	-0.510204	0.011357
0.510204	-0.469388	0.0120045
0.510204	-0.428571	0.0126047
0.510204	-0.387755	0.0131552
0.510204	-0.346939	0.0136538
0.510204	-0.306122	0.0140985
0.510204	-0.265306	0.0144877
0.510204	-0.22449	0.0148197
0.510204	-0.183673	0.0150932
0.510204	-0.142857	0.0153072
0.510204	-0.102041	0.0154608
0.510204	-0.0612245	0.0155534
0.510204	-0.0204082	0.0155846
0.510204	0.0204082	0.0155543
0.510204	0.0612245	0.0154627
0.510204	0.102041	0.01531
0.510204	0.142857	0.0150968
0.510204	0.183673	0.0148241
0.510204	0.22449	0.0144928
0.510204	0.265306	0.0141043
0.510204	0.306122	0.0136601
0.510204	0.346939	0.0131619
0.510204	0.387755	0.0126118
0.510204	0.428571	0.0120118
0.510204	0.469388	0.0113644
0.510204	0.510204	0.0106721
0.510204	0.55102	0.00993767
0.510204	0.591837	0.00916395
0.510204	0.632653	0.00835402
0.510204	0.673469	0.00751109
0.510204	0.714286	0.00663847
0.510204	0.755102	0.00573963
0.510204	0.795918	0.0048181
0.510204	0.836735	0.00387753
0.510204	0.877551	0.00292164
0.510204	0.918367	0.0019542
0.510204	0.959184	0.000979032
0.510204	1	0
0.55102	-1	0.000910787
0.55102	-0.959184	0.00181798
0.55102	-0.918367	0.00271802
0.55102	-0.877551	0.00360734
0.55102	-0.836735	0.00448244
0.55102	-0.795918	0.00533988
0.55102	-0.755102	0.00617628
0.55102	-0.714286	0.00698833
0.55102	-0.673469	0.00777283
0.55102	-0.632653	0.0085267
0.55102	-0.591837	0.00924695
0.55102	-0.55102	0.00993075
0.55102	-0.510204	0.0105754
0.55102	-0.469388	0.0111784
0.55102	-0.428571	0.0117372
0.55102	-0.387755	0.0122498
0.55102	-0.346939	0.0127141
0.55102	-0.306122	0.0131283
0.55102	-0.265306	0.0134906
0.55102	-0.22449	0.0137998
0.55102	-0.183673	0.0140545
0.55102	-0.142857	0.0142538
0.55102	-0.102041	0.0143968
0.55102	-0.0612245	0.014483
0.55102	-0.0204082	0.0145121
0.55102	0.0204082	0.0144839
0.55102	0.0612245	0.0143985
0.55102	0.102041	0.0142563
0.55102	0.142857	0.0140578
0.55102	0.183673	0.0138039
0.55102	0.22449	0.0134954
0.55102	0.265306	0.0131336
0.55102	0.306122	0.01272
0.55102	0.346939	0.0122561
0.55102	0.387755	0.0117438
0.55102	0.428571	0.0111852
0.55102	0.469388	0.0105823
0.55102	0.510204	0.00993767
0.55102	0.55102	0.00925376
0.55102	0.591837	0.00853329
0.55102	0.632653	0.0077791
0.55102	0.673469	0.00699418
0.55102	0.714286	0.00618161
0.55102	0.755102	0.00534463
0.55102	0.795918	0.00448652
0.55102	0.836735	0.00361068
0.55102	0.877551	0.00272057
0.55102	0.918367	0.00181971
0.55102	0.959184	0.000911655
0.55102	1	0
0.591837	-1	0.000839876
0.591837	-0.959184	0.00167644
0.591837	-0.918367	0.0025064
0.591837	-0.877551	0.00332648
0.591837	-0.836735	0.00413345
0.591837	-0.795918	0.00492413
0.591837	-0.755102	0.00569541
0.591837	-0.714286	0.00644423
0.591837	-0.673469	0.00716766
0.591837	-0.632653	0.00786283
0.591837	-0.591837	0.00852701
0.591837	-0.55102	0.00915757
0.591837	-0.510204	0.00975203
0.591837	-0.469388	0.010308
0.591837	-0.428571	0.0108234
0.591837	-0.387755	0.0112961
0.591837	-0.346939	0.0117242
0.591837	-0.306122	0.0121061
0.591837	-0.265306	0.0124403
0.591837	-0.22449	0.0127254
0.591837	-0.183673	0.0129603
0.591837	-0.142857	0.013144
0.591837	-0.102041	0.0132759
0.591837	-0.0612245	0.0133554
0.591837	-0.0204082	0.0133822
0.591837	0.0204082	0.0133562
0.591837	0.0612245	0.0132775
0.591837	0.102041	0.0131464
0.591837	0.142857	0.0129633
0.591837	0.183673	0.0127291
0.591837	0.22449	0.0124447
0.591837	0.265306	0.0121111
0.591837	0.306122	0.0117296
0.591837	0.346939	0.0113019
0.591837	0.387755	0.0108295
0.591837	0.428571	0.0103143
0.591837	0.469388	0.00975841
0.591837	0.510204	0.00916395
0.591837	0.55102	0.00853329
0.591837	0.591837	0.00786891
0.591837	0.632653	0.00717344
0.591837	0.673469	0.00644963
0.591837	0.714286	0.00570033
0.591837	0.755102	0.00492851
0.591837	0.795918	0.00413721
0.591837	0.836735	0.00332956
0.591837	0.877551	0.00250875
0.591837	0.918367	0.00167803
0.591837	0.959184	0.000840676
0.591837	1	0
0.632653	-1	0.000765646
0.632653	-0.959184	0.00152827
0.632653	-0.918367	0.00228488
0.632653	-0.877551	0.00303248
0.632653	-0.836735	0.00376813
0.632653	-0.795918	0.00448893
0.632653	-0.755102	0.00519204
0.632653	-0.714286	0.00587468
0.632653	-0.673469	0.00653417
0.632653	-0.632653	0.0071679
0.632653	-0.591837	0.00777338
0.632653	-0.55102	0.00834821
0.632653	-0.510204	0.00889013
0.632653	-0.469388	0.009397
0.632653	-0.428571	0.00986682
0.632653	-0.387755	0.0102977
0.632653	-0.346939	0.010688
0.632653	-0.306122	0.0110362
0.632653	-0.265306	0.0113408
0.632653	-0.22449	0.0116007
0.632653	-0.183673	0.0118148
0.632653	-0.142857	0.0119823
0.632653	-0.102041	0.0121026
0.632653	-0.0612245	0.012175
0.632653	-0.0204082	0.0121995
0.632653	0.0204082	0.0121758
0.632653	0.0612245	0.012104
0.632653	0.102041	0.0119845
0.632653	0.142857	0.0118176
0.632653	0.183673	0.0116041
0.632653	0.22449	0.0113448
0.632653	0.265306	0.0110407
0.632653	0.306122	0.0106929
0.632653	0.346939	0.010303
0.632653	0.387755	0.00987236
0.632653	0.428571	0.00940272
0.632653	0.469388	0.00889594
0.632653	0.510204	0.00835402
0.632653	0.55102	0.0077791
0.632653	0.591837	0.00717344
0.632653	0.632653	0.00653944
0.632653	0.673469	0.0058796
0.632653	0.714286	0.00519653
0.632653	0.755102	0.00449292
0.632653	0.795918	0.00377156
0.632653	0.836735	0.00303529
0.632653	0.877551	0.00228702
0.632653	0.918367	0.00152972
0.632653	0.959184	0.000766376
0.632653	1	0
0.673469	-1	0.000688391
0.673469	-0.959184	0.00137407
0.673469	-0.918367	0.00205433
0.673469	-0.877551	0.0027265
0.673469	-0.836735	0.00338792
0.673469	-0.795918	0.00403599
0.673469	-0.755102	0.00466815
0.673469	-0.714286	0.00528192
0.673469	-0.673469	0.00587486
0.673469	-0.632653	0.00644465
0.673469	-0.591837	0.00698903
0.673469	-0.55102	0.00750586
0.673469	-0.510204	0.0079931
0.673469	-0.469388	0.00844883
0.673469	-0.428571	0.00887124
0.673469	-0.387755	0.00925867
0.673469	-0.346939	0.00960959
0.673469	-0.306122	0.00992261
0.673469	-0.265306	0.0101965
0.673469	-0.22449	0.0104302
0.673469	-0.183673	0.0106227
0.673469	-0.142857	0.0107733
0.673469	-0.102041	0.0108814
0.673469	-0.0612245	0.0109466
0.673469	-0.0204082	0.0109685
0.673469	0.0204082	0.0109472
0.673469	0.0612245	0.0108827
0.673469	0.102041	0.0107752
0.673469	0.142857	0.0106252
0.673469	0.183673	0.0104332
0.673469	0.22449	0.0102001
0.673469	0.265306	0.00992664
0.673469	0.306122	0.00961401
0.673469	0.346939	0.00926341
0.673469	0.387755	0.00887622
0.673469	0.428571	0.00845397
0.673469	0.469388	0.00799833
0.673469	0.510204	0.00751109
0.673469	0.55102	0.00699418
0.673469	0.591837	0.00644963
0.673469	0.632653	0.0058796
0.673469	0.673469	0.00528634
0.673469	0.714286	0.00467219
0.673469	0.755102	0.00403958
0.673469	0.795918	0.003391
0.673469	0.836735	0.00272902
0.673469	0.877551	0.00205626
0.673469	0.918367	0.00137537
0.673469	0.959184	0.000689047
0.673469	1	0
0.714286	-1	0.000608416
0.714286	-0.959184	0.00121443
0.714286	-0.918367	0.00181567
0.714286	-0.877551	0.00240974
0.714286	-0.836735	0.00299432
0.714286	-0.795918	0.0035671
0.714286	-0.755102	0.00412582
0.714286	-0.714286	0.00466828
0.714286	-0.673469	0.00519234
0.714286	-0.632653	0.00569593
0.714286	-0.591837	0.00617707
0.714286	-0.55102	0.00663385
0.714286	-0.510204	0.00706449
0.714286	-0.469388	0.00746727
0.714286	-0.428571	0.00784061
0.714286	-0.387755	0.00818303
0.714286	-0.346939	0.00849318
0.714286	-0.306122	0.00876983
0.714286	-0.265306	0.0090119
0.714286	-0.22449	0.00921842
0.714286	-0.183673	0.00938857
0.714286	-0.142857	0.00952168
0.714286	-0.102041	0.00961723
0.714286	-0.0612245	0.00967483
0.714286	-0.0204082	0.00969425
0.714286	0.0204082	0.00967541
0.714286	0.0612245	0.00961838
0.714286	0.102041	0.00952339
0.714286	0.142857	0.0093908
0.714286	0.183673	0.00922114
0.714286	0.22449	0.00901507
0.714286	0.265306	0.0087734
0.714286	0.306122	0.00849708
0.714286	0.346939	0.00818721
0.714286	0.387755	0.00784501
0.714286	0.428571	0.00747181
0.714286	0.469388	0.00706911
0.714286	0.510204	0.00663847
0.714286	0.55102	0.00618161
0.714286	0.591837	0.00570033
0.714286	0.632653	0.00519653
0.714286	0.673469	0.00467219
0.714286	0.714286	0.00412939
0.714286	0.755102	0.00357027
0.714286	0.795918	0.00299704
0.714286	0.836735	0.00241197
0.714286	0.877551	0.00181737
0.714286	0.918367	0.00121559
0.714286	0.959184	0.000608996
0.714286	1	0
0.755102	-1	0.000526037
0.755102	-0.959184	0.00105
0.755102	-0.918367	0.00156983
0.755102	-0.877551	0.00208346
0.755102	-0.836735	0.00258889
0.755102	-0.795918	0.00308412
0.755102	-0.755102	0.00356719
0.755102	-0.714286	0.0040362
0.755102	-0.673469	0.0044893
0.755102	-0.632653	0.0049247
0.755102	-0.591837	0.00534069
0.755102	-0.55102	0.00573563
0.755102	-0.510204	0.00610796
0.755102	-0.469388	0.0064562
0.755102	-0.428571	0.00677899
0.755102	-0.387755	0.00707505
0.755102	-0.346939	0.0073432
0.755102	-0.306122	0.0075824
0.755102	-0.265306	0.00779169
0.755102	-0.22449	0.00797024
0.755102	-0.183673	0.00811736
0.755102	-0.142857	0.00823245
0.755102	-0.102041	0.00831506
0.755102	-0.0612245	0.00836486
0.755102	-0.0204082	0.00838165
0.755102	0.0204082	0.00836536
0.755102	0.0612245	0.00831605
0.755102	0.102041	0.00823392
0.755102	0.142857	0.00811929
0.755102	0.183673	0.0079726
0.755102	0.22449	0.00779443
0.755102	0.265306	0.00758548
0.755102	0.306122	0.00734658
0.755102	0.346939	0.00707867
0.755102	0.387755	0.0067828
0.755102	0.428571	0.00646013
0.755102	0.469388	0.00611195
0.755102	0.510204	0.00573963
0.755102	0.55102	0.00534463
0.755102	0.591837	0.00492851
0.755102	0.632653	0.00449292
0.755102	0.673469	0.00403958
0.755102	0.714286	0.00357027
0.755102	0.755102	0.00308686
0.755102	0.795918	0.00259125
0.755102	0.836735	0.00208539
0.755102	0.877551	0.0015713
0.755102	0.918367	0.001051
0.755102	0.959184	0.000526538
0.755102	1	0
0.795918	-1	0.000441579
0.795918	-0.959184	0.000881417
0.795918	-0.918367	0.00131778
0.795918	-0.877551	0.00174895
0.795918	-0.836735	0.00217323
0.795918	-0.795918	0.00258895
0.795918	-0.755102	0.00299446
0.795918	-0.714286	0.00338816
0.795918	-0.673469	0.00376852
0.795918	-0.632653	0.00413401
0.795918	-0.591837	0.00448322
0.795918	-0.55102	0.00481475
0.795918	-0.510204	0.00512729
0.795918	-0.469388	0.00541962
0.795918	-0.428571	0.00569059
0.795918	-0.387755	0.00593911
0.795918	-0.346939	0.00616421
0.795918	-0.306122	0.006365
0.795918	-0.265306	0.00654069
0.795918	-0.22449	0.00669058
0.795918	-0.183673	0.00681407
0.795918	-0.142857	0.00691068
0.795918	-0.102041	0.00698003
0.795918	-0.0612245	0.00702183
0.795918	-0.0204082	0.00703593
0.795918	0.0204082	0.00702226
0.795918	0.0612245	0.00698087
0.795918	0.102041	0.00691192
0.795918	0.142857	0.00681569
0.795918	0.183673	0.00669255
0.795918	0.22449	0.00654299
0.795918	0.265306	0.00636759
0.795918	0.306122	0.00616705
0.795918	0.346939	0.00594215
0.795918	0.387755	0.00569378
0.795918	0.428571	0.00542292
0.795918	0.469388	0.00513064
0.795918	0.510204	0.0048181
0.795918	0.55102	0.00448652
0.795918	0.591837	0.00413721
0.795918	0.632653	0.00377156
0.795918	0.673469	0.003391
0.795918	0.714286	0.00299704
0.795918	0.755102	0.00259125
0.795918	0.795918	0.00217521
0.795918	0.836735	0.00175057
0.795918	0.877551	0.00131902
0.795918	0.918367	0.000882252
0.795918	0.959184	0.000442
0.795918	1	0
0.836735	-1	0.000355375
0.836735	-0.959184	0.00070935
0.836735	-0.918367	0.00106053
0.836735	-0.877551	0.00140753
0.836735	-0.836735	0.00174898
0.836735	-0.795918	0.00208354
0.836735	-0.755102	0.00240989
0.836735	-0.714286	0.00272674
0.836735	-0.673469	0.00303284
0.836735	-0.632653	0.00332699
0.836735	-0.591837	0.00360802
0.836735	-0.55102	0.00387483
0.836735	-0.510204	0.00412636
0.836735	-0.469388	0.00436163
0.836735	-0.428571	0.00457969
0.836735	-0.387755	0.0047797
0.836735	-0.346939	0.00496086
0.836735	-0.306122	0.00512245
0.836735	-0.265306	0.00526384
0.836735	-0.22449	0.00538447
0.836735	-0.183673	0.00548386
0.836735	-0.142857	0.00556161
0.836735	-0.102041	0.00561742
0.836735	-0.0612245	0.00565106
0.836735	-0.0204082	0.0056624
0.836735	0.0204082	0.0056514
0.836735	0.0612245	0.00561809
0.836735	0.102041	0.0055626
0.836735	0.142857	0.00548516
0.836735	0.183673	0.00538606
0.836735	0.22449	0.00526569
0.836735	0.265306	0.00512454
0.836735	0.306122	0.00496314
0.836735	0.346939	0.00478215
0.836735	0.387755	0.00458226
0.836735	0.428571	0.00436428
0.836735	0.469388	0.00412906
0.836735	0.510204	0.00387753
0.836735	0.55102	0.00361068
0.836735	0.591837	0.00332956
0.836735	0.632653	0.00303529
0.836735	0.673469	0.00272902
0.836735	0.714286	0.00241197
0.836735	0.755102	0.00208539
0.836735	0.795918	0.00175057
0.836735	0.836735	0.00140883
0.836735	0.877551	0.00106152
0.836735	0.918367	0.000710023
0.836735	0.959184	0.000355714
0.836735	1	0
0.877551	-1	0.000267768
0.877551	-0.959184	0.00053448
0.877551	-0.918367	0.000799087
0.877551	-0.877551	0.00106054
0.877551	-0.836735	0.00131782
0.877551	-0.795918	0.0015699
0.877551	-0.755102	0.0018158
0.877551	-0.714286	0.00205454
0.877551	-0.673469	0.00228518
0.877551	-0.632653	0.00250682
0.877551	-0.591837	0.00271857
0.877551	-0.55102	0.0029196
0.877551	-0.510204	0.00310913
0.877551	-0.469388	0.00328639
0.877551	-0.428571	0.0034507
0.877551	-0.387755	0.0036014
0.877551	-0.346939	0.0037379
0.877551	-0.306122	0.00385966
0.877551	-0.265306	0.00396619
0.877551	-0.22449	0.00405708
0.877551	-0.183673	0.00413197
0.877551	-0.142857	0.00419055
0.877551	-0.102041	0.0042326
0.877551	-0.0612245	0.00425795
0.877551	-0.0204082	0.0042665
0.877551	0.0204082	0.00425821
0.877551	0.0612245	0.00423311
0.877551	0.102041	0.0041913
0.877551	0.142857	0.00413295
0.877551	0.183673	0.00405828
0.877551	0.22449	0.00396759
0.877551	0.265306	0.00386123
0.877551	0.306122	0.00373962
0.877551	0.346939	0.00360325
0.877551	0.387755	0.00345264
0.877551	0.428571	0.00328839
0.877551	0.469388	0.00311116
0.877551	0.510204	0.00292164
0.877551	0.55102	0.00272057
0.877551	0.591837	0.00250875
0.877551	0.632653	0.00228702
0.877551	0.673469	0.00205626
0.877551	0.714286	0.00181737
0.877551	0.755102	0.0015713
0.877551	0.795918	0.00131902
0.877551	0.836735	0.00106152
0.877551	0.877551	0.000799836
0.877551	0.918367	0.000534987
0.877551	0.959184	0.000268023
0.877551	1	0
0.918367	-1	0.000179102
0.918367	-0.959184	0.000357498
0.918367	-0.918367	0.000534485
0.918367	-0.877551	0.000709366
0.918367	-0.836735	0.000881451
0.918367	-0.795918	0.00105006
0.918367	-0.755102	0.00121454
0.918367	-0.714286	0.00137422
0.918367	-0.673469	0.00152849
0.918367	-0.632653	0.00167673
0.918367	-0.591837	0.00181837
0.918367	-0.55102	0.00195284
0.918367	-0.510204	0.0020796
0.918367	-0.469388	0.00219817
0.918367	-0.428571	0.00230807
0.918367	-0.387755	0.00240887
0.918367	-0.346939	0.00250017
0.918367	-0.306122	0.00258161
0.918367	-0.265306	0.00265287
0.918367	-0.22449	0.00271366
0.918367	-0.183673	0.00276375
0.918367	-0.142857	0.00280294
0.918367	-0.102041	0.00283106
0.918367	-0.0612245	0.00284802
0.918367	-0.0204082	0.00285374
0.918367	0.0204082	0.00284819
0.918367	0.0612245	0.0028314
0.918367	0.102041	0.00280344
0.918367	0.142857	0.00276441
0.918367	0.183673	0.00271446
0.918367	0.22449	0.0026538
0.918367	0.265306	0.00258266
0.918367	0.306122	0.00250132
0.918367	0.346939	0.0024101
0.918367	0.387755	0.00230937
0.918367	0.428571	0.00219951
0.918367	0.469388	0.00208096
0.918367	0.510204	0.0019542
0.918367	0.55102	0.00181971
0.918367	0.591837	0.00167803
0.918367	0.632653	0.00152972
0.918367	0.673469	0.00137537
0.918367	0.714286	0.00121559
0.918367	0.755102	0.001051
0.918367	0.795918	0.000882252
0.918367	0.836735	0.000710023
0.918367	0.877551	0.000534987
0.918367	0.918367	0.000357837
0.918367	0.959184	0.000179273
0.918367	1	0
0.959184	-1	8.97283e-05
0.959184	-0.959184	0.000179103
0.959184	-0.918367	0.000267772
0.959184	-0.877551	0.000355385
0.959184	-0.836735	0.000441598
0.959184	-0.795918	0.000526071
0.959184	-0.755102	0.00060847
0.959184	-0.714286	0.000688471
0.959184	-0.673469	0.000765758
0.959184	-0.632653	0.000840027
0.959184	-0.591837	0.000910985
0.959184	-0.55102	0.000978351
0.959184	-0.510204	0.00104186
0.959184	-0.469388	0.00110126
0.959184	-0.428571	0.00115632
0.959184	-0.387755	0.00120682
0.959184	-0.346939	0.00125256
0.959184	-0.306122	0.00129336
0.959184	-0.265306	0.00132906
0.959184	-0.22449	0.00135952
0.959184	-0.183673	0.00138461
0.959184	-0.142857	0.00140424
0.959184	-0.102041	0.00141833
0.959184	-0.0612245	0.00142683
0.959184	-0.0204082	0.00142969
0.959184	0.0204082	0.00142691
0.959184	0.0612245	0.0014185
0.959184	0.102041	0.00140449
0.959184	0.142857	0.00138494
0.959184	0.183673	0.00135992
0.959184	0.22449	0.00132953
0.959184	0.265306	0.00129389
0.959184	0.306122	0.00125314
0.959184	0.346939	0.00120744
0.959184	0.387755	0.00115697
0.959184	0.428571	0.00110193
0.959184	0.469388	0.00104254
0.959184	0.510204	0.000979032
0.959184	0.55102	0.000911655
0.959184	0.591837	0.000840676
0.959184	0.632653	0.000766376
0.959184	0.673469	0.000689047
0.959184	0.714286	0.000608996
0.959184	0.755102	0.000526538
0.959184	0.795918	0.000442
0.959184	0.836735	0.000355714
0.959184	0.877551	0.000268023
0.959184	0.918367	0.000179273
0.959184	0.959184	8.98138e-05
0.959184	1	0
1	-1	0
1	-0.959184	0
1	-0.918367	0
1	-0.877551	0
1	-0.836735	0
1	-0.795918	0
1	-0.755102	0
1	-0.714286	0
1	-0.673469	0
1	-0.632653	0
1	-0.591837	0
1	-0.55102	0
1	-0.510204	0
1	-0.469388	0
1	-0.428571	0
1	-0.387755	0
1	-0.346939	0
1	-0.306122	0
1	-0.265306	0
1	-0.22449	0
1	-0.183673	0
1	-0.142857	0
1	-0.102041	0
1	-0.0612245	0
1	-0.0204082	0
1	0.0204082	0
1	0.0612245	0
1	0.102041	0
1	0.142857	0
1	0.183673	0
1	0.22449	0
1	0.265306	0
1	0.306122	0
1	0.346939	0
1	0.387755	0
1	0.428571	0
1	0.469388	0
1	0.510204	0
1	0.55102	0
1	0.591837	0
1	0.632653	0
1	0.673469	0
1	0.714286	0
1	0.755102	0
1	0.795918	0
1	0.836735	0
1	0.877551	0
1	0.918367	0
1	0.959184	0
1	1	0
