-1	-1	5.85441e-05
-1	-0.959184	0.000116857
-1	-0.918367	0.00017471
-1	-0.877551	0.000231873
-1	-0.836735	0.000288122
-1	-0.795918	0.000343235
-1	-0.755102	0.000396994
-1	-0.714286	0.000449187
-1	-0.673469	0.000499609
-1	-0.632653	0.00054806
-1	-0.591837	0.00059435
-1	-0.55102	0.000638295
-1	-0.510204	0.000679723
-1	-0.469388	0.00071847
-1	-0.428571	0.000754382
-1	-0.387755	0.000787319
-1	-0.346939	0.000817149
-1	-0.306122	0.000843756
-1	-0.265306	0.000867034
-1	-0.22449	0.000886892
-1	-0.183673	0.00090325
-1	-0.142857	0.000916043
-1	-0.102041	0.000925223
-1	-0.0612245	0.000930751
-1	-0.0204082	0.000932606
-1	0.0204082	0.00093078
-1	0.0612245	0.000925281
-1	0.102041	0.00091613
-1	0.142857	0.000903363
-1	0.183673	0.00088703
-1	0.22449	0.000867195
-1	0.265306	0.000843937
-1	0.306122	0.000817348
-1	0.346939	0.000787531
-1	0.387755	0.000754606
-1	0.428571	0.0007187
-1	0.469388	0.000679957
-1	0.510204	0.00063853
-1	0.55102	0.000594581
-1	0.591837	0.000548284
-1	0.632653	0.000499821
-1	0.673469	0.000449385
-1	0.714286	0.000397175
-1	0.755102	0.000343395
-1	0.795918	0.00028826
-1	0.836735	0.000231986
-1	0.877551	0.000174796
-1	0.918367	0.000116916
-1	0.959184	5.85735e-05
-1	1	0
-0.959184	-1	0.000116857
-0.959184	-0.959184	0.000233254
-0.959184	-0.918367	0.00034873
-0.959184	-0.877551	0.000462832
-0.959184	-0.836735	0.000575108
-0.959184	-0.795918	0.000685116
-0.959184	-0.755102	0.000792422
-0.959184	-0.714286	0.000896602
-0.959184	-0.673469	0.000997247
-0.959184	-0.632653	0.00109396
-0.959184	-0.591837	0.00118636
-0.959184	-0.55102	0.00127407
-0.959184	-0.510204	0.00135677
-0.959184	-0.469388	0.00143411
-0.959184	-0.428571	0.00150579
-0.959184	-0.387755	0.00157153
-0.959184	-0.346939	0.00163108
-0.959184	-0.306122	0.00168419
-0.959184	-0.265306	0.00173065
-0.959184	-0.22449	0.00177029
-0.959184	-0.183673	0.00180294
-0.959184	-0.142857	0.00182847
-0.959184	-0.102041	0.0018468
-0.959184	-0.0612245	0.00185783
-0.959184	-0.0204082	0.00186153
-0.959184	0.0204082	0.00185789
-0.959184	0.0612245	0.00184691
-0.959184	0.102041	0.00182865
-0.959184	0.142857	0.00180316
-0.959184	0.183673	0.00177056
-0.959184	0.22449	0.00173097
-0.959184	0.265306	0.00168455
-0.959184	0.306122	0.00163147
-0.959184	0.346939	0.00157196
-0.959184	0.387755	0.00150624
-0.959184	0.428571	0.00143457
-0.959184	0.469388	0.00135723
-0.959184	0.510204	0.00127454
-0.959184	0.55102	0.00118682
-0.959184	0.591837	0.0010944
-0.959184	0.632653	0.000997672
-0.959184	0.673469	0.000896998
-0.959184	0.714286	0.000792783
-0.959184	0.755102	0.000685437
-0.959184	0.795918	0.000575383
-0.959184	0.836735	0.000463057
-0.959184	0.877551	0.000348903
-0.959184	0.918367	0.00023337
-0.959184	0.959184	0.000116916
-0.959184	1	0
-0.918367	-1	0.00017471
-0.918367	-0.959184	0.00034873
-0.918367	-0.918367	0.000521376
-0.918367	-0.877551	0.000691965
-0.918367	-0.836735	0.000859825
-0.918367	-0.795918	0.00102429
-0.918367	-0.755102	0.00118472
-0.918367	-0.714286	0.00134048
-0.918367	-0.673469	0.00149095
-0.918367	-0.632653	0.00163554
-0.918367	-0.591837	0.00177368
-0.918367	-0.55102	0.00190483
-0.918367	-0.510204	0.00202846
-0.918367	-0.469388	0.00214409
-0.918367	-0.428571	0.00225126
-0.918367	-0.387755	0.00234955
-0.918367	-0.346939	0.00243857
-0.918367	-0.306122	0.00251797
-0.918367	-0.265306	0.00258744
-0.918367	-0.22449	0.0026467
-0.918367	-0.183673	0.00269551
-0.918367	-0.142857	0.00273369
-0.918367	-0.102041	0.00276109
-0.918367	-0.0612245	0.00277758
-0.918367	-0.0204082	0.00278312
-0.918367	0.0204082	0.00277767
-0.918367	0.0612245	0.00276126
-0.918367	0.102041	0.00273395
-0.918367	0.142857	0.00269585
-0.918367	0.183673	0.00264711
-0.918367	0.22449	0.00258792
-0.918367	0.265306	0.00251851
-0.918367	0.306122	0.00243916
-0.918367	0.346939	0.00235018
-0.918367	0.387755	0.00225192
-0.918367	0.428571	0.00214478
-0.918367	0.469388	0.00202916
-0.918367	0.510204	0.00190553
-0.918367	0.55102	0.00177437
-0.918367	0.591837	0.00163621
-0.918367	0.632653	0.00149159
-0.918367	0.673469	0.00134107
-0.918367	0.714286	0.00118526
-0.918367	0.755102	0.00102477
-0.918367	0.795918	0.000860237
-0.918367	0.836735	0.000692303
-0.918367	0.877551	0.000521634
-0.918367	0.918367	0.000348905
-0.918367	0.959184	0.000174797
-0.918367	1	0
-0.877551	-1	0.000231873
-0.877551	-0.959184	0.000462832
-0.877551	-0.918367	0.000691965
-0.877551	-0.877551	0.000918369
-0.877551	-0.836735	0.00114115
-0.877551	-0.795918	0.00135943
-0.877551	-0.755102	0.00157236
-0.877551	-0.714286	0.00177908
-0.877551	-0.673469	0.00197878
-0.877551	-0.632653	0.00217068
-0.877551	-0.591837	0.00235402
-0.877551	-0.55102	0.00252807
-0.877551	-0.510204	0.00269215
-0.877551	-0.469388	0.00284561
-0.877551	-0.428571	0.00298785
-0.877551	-0.387755	0.0031183
-0.877551	-0.346939	0.00323645
-0.877551	-0.306122	0.00334183
-0.877551	-0.265306	0.00343403
-0.877551	-0.22449	0.00351267
-0.877551	-0.183673	0.00357746
-0.877551	-0.142857	0.00362813
-0.877551	-0.102041	0.00366449
-0.877551	-0.0612245	0.00368638
-0.877551	-0.0204082	0.00369373
-0.877551	0.0204082	0.0036865
-0.877551	0.0612245	0.00366472
-0.877551	0.102041	0.00362848
-0.877551	0.142857	0.00357791
-0.877551	0.183673	0.00351322
-0.877551	0.22449	0.00343466
-0.877551	0.265306	0.00334255
-0.877551	0.306122	0.00323723
-0.877551	0.346939	0.00311914
-0.877551	0.387755	0.00298873
-0.877551	0.428571	0.00284653
-0.877551	0.469388	0.00269308
-0.877551	0.510204	0.002529
-0.877551	0.55102	0.00235493
-0.877551	0.591837	0.00217156
-0.877551	0.632653	0.00197962
-0.877551	0.673469	0.00177986
-0.877551	0.714286	0.00157307
-0.877551	0.755102	0.00136007
-0.877551	0.795918	0.0011417
-0.877551	0.836735	0.000918818
-0.877551	0.877551	0.000692307
-0.877551	0.918367	0.000463063
-0.877551	0.959184	0.00023199
-0.877551	1	0
-0.836735	-1	0.000288122
-0.836735	-0.959184	0.000575108
-0.836735	-0.918367	0.000859825
-0.836735	-0.877551	0.00114115
-0.836735	-0.836735	0.00141798
-0.836735	-0.795918	0.00168921
-0.836735	-0.755102	0.00195379
-0.836735	-0.714286	0.00221065
-0.836735	-0.673469	0.0024588
-0.836735	-0.632653	0.00269725
-0.836735	-0.591837	0.00292507
-0.836735	-0.55102	0.00314134
-0.836735	-0.510204	0.00334523
-0.836735	-0.469388	0.00353591
-0.836735	-0.428571	0.00371266
-0.836735	-0.387755	0.00387475
-0.836735	-0.346939	0.00402156
-0.836735	-0.306122	0.00415251
-0.836735	-0.265306	0.00426707
-0.836735	-0.22449	0.0043648
-0.836735	-0.183673	0.0044453
-0.836735	-0.142857	0.00450827
-0.836735	-0.102041	0.00455344
-0.836735	-0.0612245	0.00458065
-0.836735	-0.0204082	0.00458978
-0.836735	0.0204082	0.00458079
-0.836735	0.0612245	0.00455373
-0.836735	0.102041	0.00450869
-0.836735	0.142857	0.00444586
-0.836735	0.183673	0.00436548
-0.836735	0.22449	0.00426786
-0.836735	0.265306	0.0041534
-0.836735	0.306122	0.00402254
-0.836735	0.346939	0.0038758
-0.836735	0.387755	0.00371376
-0.836735	0.428571	0.00353705
-0.836735	0.469388	0.00334638
-0.836735	0.510204	0.00314249
-0.836735	0.55102	0.0029262
-0.836735	0.591837	0.00269835
-0.836735	0.632653	0.00245985
-0.836735	0.673469	0.00221163
-0.836735	0.714286	0.00195468
-0.836735	0.755102	0.00169
-0.836735	0.795918	0.00141866
-0.836735	0.836735	0.00114171
-0.836735	0.877551	0.000860251
-0.836735	0.918367	0.000575395
-0.836735	0.959184	0.000288267
-0.836735	1	0
-0.795918	-1	0.000343235
-0.795918	-0.959184	0.000685116
-0.795918	-0.918367	0.00102429
-0.795918	-0.877551	0.00135943
-0.795918	-0.836735	0.00168921
-0.795918	-0.795918	0.00201233
-0.795918	-0.755102	0.00232751
-0.795918	-0.714286	0.00263351
-0.795918	-0.673469	0.00292913
-0.795918	-0.632653	0.00321319
-0.795918	-0.591837	0.00348458
-0.795918	-0.55102	0.00374222
-0.795918	-0.510204	0.00398511
-0.795918	-0.469388	0.00421227
-0.795918	-0.428571	0.00442282
-0.795918	-0.387755	0.00461592
-0.795918	-0.346939	0.00479082
-0.795918	-0.306122	0.00494681
-0.795918	-0.265306	0.00508329
-0.795918	-0.22449	0.00519971
-0.795918	-0.183673	0.00529561
-0.795918	-0.142857	0.00537062
-0.795918	-0.102041	0.00542443
-0.795918	-0.0612245	0.00545684
-0.795918	-0.0204082	0.00546772
-0.795918	0.0204082	0.00545702
-0.795918	0.0612245	0.00542478
-0.795918	0.102041	0.00537112
-0.795918	0.142857	0.00529627
-0.795918	0.183673	0.00520052
-0.795918	0.22449	0.00508423
-0.795918	0.265306	0.00494787
-0.795918	0.306122	0.00479198
-0.795918	0.346939	0.00461717
-0.795918	0.387755	0.00442413
-0.795918	0.428571	0.00421363
-0.795918	0.469388	0.00398648
-0.795918	0.510204	0.0037436
-0.795918	0.55102	0.00348593
-0.795918	0.591837	0.0032145
-0.795918	0.632653	0.00293037
-0.795918	0.673469	0.00263468
-0.795918	0.714286	0.00232857
-0.795918	0.755102	0.00201327
-0.795918	0.795918	0.00169002
-0.795918	0.836735	0.0013601
-0.795918	0.877551	0.0010248
-0.795918	0.918367	0.000685458
-0.795918	0.959184	0.000343407
-0.795918	1	0
-0.755102	-1	0.000396994
-0.755102	-0.959184	0.000792422
-0.755102	-0.918367	0.00118472
-0.755102	-0.877551	0.00157236
-0.755102	-0.836735	0.00195379
-0.755102	-0.795918	0.00232751
-0.755102	-0.755102	0.00269206
-0.755102	-0.714286	0.00304599
-0.755102	-0.673469	0.0033879
-0.755102	-0.632653	0.00371645
-0.755102	-0.591837	0.00403035
-0.755102	-0.55102	0.00432835
-0.755102	-0.510204	0.00460927
-0.755102	-0.469388	0.00487202
-0.755102	-0.428571	0.00511555
-0.755102	-0.387755	0.00533889
-0.755102	-0.346939	0.00554118
-0.755102	-0.306122	0.0057216
-0.755102	-0.265306	0.00587945
-0.755102	-0.22449	0.00601411
-0.755102	-0.183673	0.00612503
-0.755102	-0.142857	0.00621179
-0.755102	-0.102041	0.00627403
-0.755102	-0.0612245	0.00631152
-0.755102	-0.0204082	0.0063241
-0.755102	0.0204082	0.00631172
-0.755102	0.0612245	0.00627443
-0.755102	0.102041	0.00621238
-0.755102	0.142857	0.0061258
-0.755102	0.183673	0.00601504
-0.755102	0.22449	0.00588054
-0.755102	0.265306	0.00572283
-0.755102	0.306122	0.00554252
-0.755102	0.346939	0.00534033
-0.755102	0.387755	0.00511706
-0.755102	0.428571	0.00487358
-0.755102	0.469388	0.00461087
-0.755102	0.510204	0.00432994
-0.755102	0.55102	0.00403192
-0.755102	0.591837	0.00371797
-0.755102	0.632653	0.00338934
-0.755102	0.673469	0.00304733
-0.755102	0.714286	0.00269328
-0.755102	0.755102	0.0023286
-0.755102	0.795918	0.00195472
-0.755102	0.836735	0.00157312
-0.755102	0.877551	0.00118531
-0.755102	0.918367	0.000792818
-0.755102	0.959184	0.000397193
-0.755102	1	0
-0.714286	-1	0.000449187
-0.714286	-0.959184	0.000896602
-0.714286	-0.918367	0.00134048
-0.714286	-0.877551	0.00177908
-0.714286	-0.836735	0.00221065
-0.714286	-0.795918	0.00263351
-0.714286	-0.755102	0.00304599
-0.714286	-0.714286	0.00344645
-0.714286	-0.673469	0.00383331
-0.714286	-0.632653	0.00420506
-0.714286	-0.591837	0.00456023
-0.714286	-0.55102	0.0048974
-0.714286	-0.510204	0.00521526
-0.714286	-0.469388	0.00551255
-0.714286	-0.428571	0.0057881
-0.714286	-0.387755	0.00604081
-0.714286	-0.346939	0.00626969
-0.714286	-0.306122	0.00647383
-0.714286	-0.265306	0.00665243
-0.714286	-0.22449	0.00680479
-0.714286	-0.183673	0.0069303
-0.714286	-0.142857	0.00702846
-0.714286	-0.102041	0.00709889
-0.714286	-0.0612245	0.00714131
-0.714286	-0.0204082	0.00715554
-0.714286	0.0204082	0.00714153
-0.714286	0.0612245	0.00709934
-0.714286	0.102041	0.00702913
-0.714286	0.142857	0.00693117
-0.714286	0.183673	0.00680585
-0.714286	0.22449	0.00665367
-0.714286	0.265306	0.00647522
-0.714286	0.306122	0.00627121
-0.714286	0.346939	0.00604244
-0.714286	0.387755	0.00578981
-0.714286	0.428571	0.00551432
-0.714286	0.469388	0.00521706
-0.714286	0.510204	0.0048992
-0.714286	0.55102	0.004562
-0.714286	0.591837	0.00420678
-0.714286	0.632653	0.00383494
-0.714286	0.673469	0.00344797
-0.714286	0.714286	0.00304737
-0.714286	0.755102	0.00263475
-0.714286	0.795918	0.00221171
-0.714286	0.836735	0.00177994
-0.714286	0.877551	0.00134115
-0.714286	0.918367	0.000897051
-0.714286	0.959184	0.000449413
-0.714286	1	0
-0.673469	-1	0.000499609
-0.673469	-0.959184	0.000997247
-0.673469	-0.918367	0.00149095
-0.673469	-0.877551	0.00197878
-0.673469	-0.836735	0.0024588
-0.673469	-0.795918	0.00292913
-0.673469	-0.755102	0.0033879
-0.673469	-0.714286	0.00383331
-0.673469	-0.673469	0.00426361
-0.673469	-0.632653	0.00467709
-0.673469	-0.591837	0.00507212
-0.673469	-0.55102	0.00544714
-0.673469	-0.510204	0.00580068
-0.673469	-0.469388	0.00613134
-0.673469	-0.428571	0.00643782
-0.673469	-0.387755	0.00671889
-0.673469	-0.346939	0.00697347
-0.673469	-0.306122	0.00720053
-0.673469	-0.265306	0.00739918
-0.673469	-0.22449	0.00756864
-0.673469	-0.183673	0.00770824
-0.673469	-0.142857	0.00781742
-0.673469	-0.102041	0.00789575
-0.673469	-0.0612245	0.00794293
-0.673469	-0.0204082	0.00795876
-0.673469	0.0204082	0.00794318
-0.673469	0.0612245	0.00789625
-0.673469	0.102041	0.00781815
-0.673469	0.142857	0.0077092
-0.673469	0.183673	0.00756982
-0.673469	0.22449	0.00740055
-0.673469	0.265306	0.00720207
-0.673469	0.306122	0.00697516
-0.673469	0.346939	0.00672071
-0.673469	0.387755	0.00643972
-0.673469	0.428571	0.00613331
-0.673469	0.469388	0.00580268
-0.673469	0.510204	0.00544914
-0.673469	0.55102	0.00507409
-0.673469	0.591837	0.00467899
-0.673469	0.632653	0.00426542
-0.673469	0.673469	0.00383501
-0.673469	0.714286	0.00338945
-0.673469	0.755102	0.0029305
-0.673469	0.795918	0.00245998
-0.673469	0.836735	0.00197974
-0.673469	0.877551	0.00149169
-0.673469	0.918367	0.000997746
-0.673469	0.959184	0.00049986
-0.673469	1	0
-0.632653	-1	0.00054806
-0.632653	-0.959184	0.00109396
-0.632653	-0.918367	0.00163554
-0.632653	-0.877551	0.00217068
-0.632653	-0.836735	0.00269725
-0.632653	-0.795918	0.00321319
-0.632653	-0.755102	0.00371645
-0.632653	-0.714286	0.00420506
-0.632653	-0.673469	0.00467709
-0.632653	-0.632653	0.00513066
-0.632653	-0.591837	0.005564
-0.632653	-0.55102	0.0059754
-0.632653	-0.510204	0.00636322
-0.632653	-0.469388	0.00672595
-0.632653	-0.428571	0.00706215
-0.632653	-0.387755	0.00737048
-0.632653	-0.346939	0.00764974
-0.632653	-0.306122	0.00789882
-0.632653	-0.265306	0.00811674
-0.632653	-0.22449	0.00830263
-0.632653	-0.183673	0.00845577
-0.632653	-0.142857	0.00857554
-0.632653	-0.102041	0.00866147
-0.632653	-0.0612245	0.00871322
-0.632653	-0.0204082	0.00873059
-0.632653	0.0204082	0.0087135
-0.632653	0.0612245	0.00866202
-0.632653	0.102041	0.00857635
-0.632653	0.142857	0.00845683
-0.632653	0.183673	0.00830393
-0.632653	0.22449	0.00811825
-0.632653	0.265306	0.00790052
-0.632653	0.306122	0.0076516
-0.632653	0.346939	0.00737247
-0.632653	0.387755	0.00706424
-0.632653	0.428571	0.00672811
-0.632653	0.469388	0.00636542
-0.632653	0.510204	0.00597759
-0.632653	0.55102	0.00556616
-0.632653	0.591837	0.00513275
-0.632653	0.632653	0.00467908
-0.632653	0.673469	0.00420692
-0.632653	0.714286	0.00371815
-0.632653	0.755102	0.0032147
-0.632653	0.795918	0.00269855
-0.632653	0.836735	0.00217174
-0.632653	0.877551	0.00163635
-0.632653	0.918367	0.00109451
-0.632653	0.959184	0.000548336
-0.632653	1	0
-0.591837	-1	0.00059435
-0.591837	-0.959184	0.00118636
-0.591837	-0.918367	0.00177368
-0.591837	-0.877551	0.00235402
-0.591837	-0.836735	0.00292507
-0.591837	-0.795918	0.00348458
-0.591837	-0.755102	0.00403035
-0.591837	-0.714286	0.00456023
-0.591837	-0.673469	0.00507212
-0.591837	-0.632653	0.005564
-0.591837	-0.591837	0.00603395
-0.591837	-0.55102	0.00648009
-0.591837	-0.510204	0.00690067
-0.591837	-0.469388	0.00729403
-0.591837	-0.428571	0.00765862
-0.591837	-0.387755	0.007993
-0.591837	-0.346939	0.00829585
-0.591837	-0.306122	0.00856596
-0.591837	-0.265306	0.00880229
-0.591837	-0.22449	0.00900388
-0.591837	-0.183673	0.00916995
-0.591837	-0.142857	0.00929984
-0.591837	-0.102041	0.00939303
-0.591837	-0.0612245	0.00944915
-0.591837	-0.0204082	0.00946798
-0.591837	0.0204082	0.00944945
-0.591837	0.0612245	0.00939362
-0.591837	0.102041	0.00930071
-0.591837	0.142857	0.0091711
-0.591837	0.183673	0.00900528
-0.591837	0.22449	0.00880392
-0.591837	0.265306	0.0085678
-0.591837	0.306122	0.00829786
-0.591837	0.346939	0.00799516
-0.591837	0.387755	0.00766089
-0.591837	0.428571	0.00729637
-0.591837	0.469388	0.00690305
-0.591837	0.510204	0.00648247
-0.591837	0.55102	0.00603629
-0.591837	0.591837	0.00556627
-0.591837	0.632653	0.00507428
-0.591837	0.673469	0.00456224
-0.591837	0.714286	0.00403219
-0.591837	0.755102	0.00348621
-0.591837	0.795918	0.00292647
-0.591837	0.836735	0.00235516
-0.591837	0.877551	0.00177456
-0.591837	0.918367	0.00118695
-0.591837	0.959184	0.000594649
-0.591837	1	0
-0.55102	-1	0.000638295
-0.55102	-0.959184	0.00127407
-0.55102	-0.918367	0.00190483
-0.55102	-0.877551	0.00252807
-0.55102	-0.836735	0.00314134
-0.55102	-0.795918	0.00374222
-0.55102	-0.755102	0.00432835
-0.55102	-0.714286	0.0048974
-0.55102	-0.673469	0.00544714
-0.55102	-0.632653	0.0059754
-0.55102	-0.591837	0.00648009
-0.55102	-0.55102	0.00695922
-0.55102	-0.510204	0.0074109
-0.55102	-0.469388	0.00783334
-0.55102	-0.428571	0.00822489
-0.55102	-0.387755	0.00858399
-0.55102	-0.346939	0.00890923
-0.55102	-0.306122	0.00919932
-0.55102	-0.265306	0.00945312
-0.55102	-0.22449	0.00966962
-0.55102	-0.183673	0.00984797
-0.55102	-0.142857	0.00998745
-0.55102	-0.102041	0.0100875
-0.55102	-0.0612245	0.0101478
-0.55102	-0.0204082	0.010168
-0.55102	0.0204082	0.0101481
-0.55102	0.0612245	0.0100882
-0.55102	0.102041	0.0099884
-0.55102	0.142857	0.0098492
-0.55102	0.183673	0.00967112
-0.55102	0.22449	0.00945487
-0.55102	0.265306	0.00920129
-0.55102	0.306122	0.00891139
-0.55102	0.346939	0.00858631
-0.55102	0.387755	0.00822733
-0.55102	0.428571	0.00783586
-0.55102	0.469388	0.00741345
-0.55102	0.510204	0.00696177
-0.55102	0.55102	0.0064826
-0.55102	0.591837	0.00597784
-0.55102	0.632653	0.00544946
-0.55102	0.673469	0.00489957
-0.55102	0.714286	0.00433032
-0.55102	0.755102	0.00374398
-0.55102	0.795918	0.00314285
-0.55102	0.836735	0.0025293
-0.55102	0.877551	0.00190577
-0.55102	0.918367	0.00127471
-0.55102	0.959184	0.000638616
-0.55102	1	0
-0.510204	-1	0.000679723
-0.510204	-0.959184	0.00135677
-0.510204	-0.918367	0.00202846
-0.510204	-0.877551	0.00269215
-0.510204	-0.836735	0.00334523
-0.510204	-0.795918	0.00398511
-0.510204	-0.755102	0.00460927
-0.510204	-0.714286	0.00521526
-0.510204	-0.673469	0.00580068
-0.510204	-0.632653	0.00636322
-0.510204	-0.591837	0.00690067
-0.510204	-0.55102	0.0074109
-0.510204	-0.510204	0.00789189
-0.510204	-0.469388	0.00834176
-0.510204	-0.428571	0.00875872
-0.510204	-0.387755	0.00914113
-0.510204	-0.346939	0.00948747
-0.510204	-0.306122	0.00979639
-0.510204	-0.265306	0.0100667
-0.510204	-0.22449	0.0102972
-0.510204	-0.183673	0.0104871
-0.510204	-0.142857	0.0106357
-0.510204	-0.102041	0.0107423
-0.510204	-0.0612245	0.0108064
-0.510204	-0.0204082	0.010828
-0.510204	0.0204082	0.0108068
-0.510204	0.0612245	0.0107429
-0.510204	0.102041	0.0106367
-0.510204	0.142857	0.0104884
-0.510204	0.183673	0.0102988
-0.510204	0.22449	0.0100685
-0.510204	0.265306	0.00979849
-0.510204	0.306122	0.00948978
-0.510204	0.346939	0.00914359
-0.510204	0.387755	0.00876131
-0.510204	0.428571	0.00834444
-0.510204	0.469388	0.00789461
-0.510204	0.510204	0.00741362
-0.510204	0.55102	0.00690335
-0.510204	0.591837	0.00636582
-0.510204	0.632653	0.00580315
-0.510204	0.673469	0.00521757
-0.510204	0.714286	0.00461138
-0.510204	0.755102	0.00398698
-0.510204	0.795918	0.00334683
-0.510204	0.836735	0.00269346
-0.510204	0.877551	0.00202946
-0.510204	0.918367	0.00135744
-0.510204	0.959184	0.000680065
-0.510204	1	0
-0.469388	-1	0.00071847
-0.469388	-0.959184	0.00143411
-0.469388	-0.918367	0.00214409
-0.469388	-0.877551	0.00284561
-0.469388	-0.836735	0.00353591
-0.469388	-0.795918	0.00421227
-0.469388	-0.755102	0.00487202
-0.469388	-0.714286	0.00551255
-0.469388	-0.673469	0.00613134
-0.469388	-0.632653	0.00672595
-0.469388	-0.591837	0.00729403
-0.469388	-0.55102	0.00783334
-0.469388	-0.510204	0.00834176
-0.469388	-0.469388	0.00881727
-0.469388	-0.428571	0.00925799
-0.469388	-0.387755	0.0096622
-0.469388	-0.346939	0.0100283
-0.469388	-0.306122	0.0103548
-0.469388	-0.265306	0.0106405
-0.469388	-0.22449	0.0108842
-0.469388	-0.183673	0.0110849
-0.469388	-0.142857	0.0112419
-0.469388	-0.102041	0.0113546
-0.469388	-0.0612245	0.0114224
-0.469388	-0.0204082	0.0114452
-0.469388	0.0204082	0.0114228
-0.469388	0.0612245	0.0113553
-0.469388	0.102041	0.011243
-0.469388	0.142857	0.0110863
-0.469388	0.183673	0.0108859
-0.469388	0.22449	0.0106425
-0.469388	0.265306	0.010357
-0.469388	0.306122	0.0100307
-0.469388	0.346939	0.00966481
-0.469388	0.387755	0.00926074
-0.469388	0.428571	0.0088201
-0.469388	0.469388	0.00834463
-0.469388	0.510204	0.00783622
-0.469388	0.55102	0.00729686
-0.469388	0.591837	0.00672869
-0.469388	0.632653	0.00613395
-0.469388	0.673469	0.00551499
-0.469388	0.714286	0.00487424
-0.469388	0.755102	0.00421425
-0.469388	0.795918	0.00353761
-0.469388	0.836735	0.002847
-0.469388	0.877551	0.00214515
-0.469388	0.918367	0.00143482
-0.469388	0.959184	0.000718831
-0.469388	1	0
-0.428571	-1	0.000754382
-0.428571	-0.959184	0.00150579
-0.428571	-0.918367	0.00225126
-0.428571	-0.877551	0.00298785
-0.428571	-0.836735	0.00371266
-0.428571	-0.795918	0.00442282
-0.428571	-0.755102	0.00511555
-0.428571	-0.714286	0.0057881
-0.428571	-0.673469	0.00643782
-0.428571	-0.632653	0.00706215
-0.428571	-0.591837	0.00765862
-0.428571	-0.55102	0.00822489
-0.428571	-0.510204	0.00875872
-0.428571	-0.469388	0.00925799
-0.428571	-0.428571	0.00972075
-0.428571	-0.387755	0.0101452
-0.428571	-0.346939	0.0105296
-0.428571	-0.306122	0.0108724
-0.428571	-0.265306	0.0111724
-0.428571	-0.22449	0.0114282
-0.428571	-0.183673	0.011639
-0.428571	-0.142857	0.0118039
-0.428571	-0.102041	0.0119222
-0.428571	-0.0612245	0.0119934
-0.428571	-0.0204082	0.0120173
-0.428571	0.0204082	0.0119938
-0.428571	0.0612245	0.0119229
-0.428571	0.102041	0.011805
-0.428571	0.142857	0.0116405
-0.428571	0.183673	0.01143
-0.428571	0.22449	0.0111744
-0.428571	0.265306	0.0108747
-0.428571	0.306122	0.0105321
-0.428571	0.346939	0.0101479
-0.428571	0.387755	0.00972363
-0.428571	0.428571	0.00926097
-0.428571	0.469388	0.00876174
-0.428571	0.510204	0.00822791
-0.428571	0.55102	0.0076616
-0.428571	0.591837	0.00706503
-0.428571	0.632653	0.00644056
-0.428571	0.673469	0.00579065
-0.428571	0.714286	0.00511788
-0.428571	0.755102	0.0044249
-0.428571	0.795918	0.00371444
-0.428571	0.836735	0.00298931
-0.428571	0.877551	0.00225237
-0.428571	0.918367	0.00150654
-0.428571	0.959184	0.000754761
-0.428571	1	0
-0.387755	-1	0.000787319
-0.387755	-0.959184	0.00157153
-0.387755	-0.918367	0.00234955
-0.387755	-0.877551	0.0031183
-0.387755	-0.836735	0.00387475
-0.387755	-0.795918	0.00461592
-0.387755	-0.755102	0.00533889
-0.387755	-0.714286	0.00604081
-0.387755	-0.673469	0.00671889
-0.387755	-0.632653	0.00737048
-0.387755	-0.591837	0.007993
-0.387755	-0.55102	0.00858399
-0.387755	-0.510204	0.00914113
-0.387755	-0.469388	0.0096622
-0.387755	-0.428571	0.0101452
-0.387755	-0.387755	0.0105881
-0.387755	-0.346939	0.0109893
-0.387755	-0.306122	0.0113471
-0.387755	-0.265306	0.0116601
-0.387755	-0.22449	0.0119272
-0.387755	-0.183673	0.0121472
-0.387755	-0.142857	0.0123192
-0.387755	-0.102041	0.0124427
-0.387755	-0.0612245	0.012517
-0.387755	-0.0204082	0.012542
-0.387755	0.0204082	0.0125174
-0.387755	0.0612245	0.0124435
-0.387755	0.102041	0.0123204
-0.387755	0.142857	0.0121487
-0.387755	0.183673	0.0119291
-0.387755	0.22449	0.0116623
-0.387755	0.265306	0.0113495
-0.387755	0.306122	0.0109919
-0.387755	0.346939	0.010591
-0.387755	0.387755	0.0101482
-0.387755	0.428571	0.00966531
-0.387755	0.469388	0.00914428
-0.387755	0.510204	0.00858715
-0.387755	0.55102	0.0079961
-0.387755	0.591837	0.00737349
-0.387755	0.632653	0.00672175
-0.387755	0.673469	0.00604347
-0.387755	0.714286	0.00534133
-0.387755	0.755102	0.00461809
-0.387755	0.795918	0.00387661
-0.387755	0.836735	0.00311982
-0.387755	0.877551	0.00235071
-0.387755	0.918367	0.00157232
-0.387755	0.959184	0.000787715
-0.387755	1	0
-0.346939	-1	0.000817149
-0.346939	-0.959184	0.00163108
-0.346939	-0.918367	0.00243857
-0.346939	-0.877551	0.00323645
-0.346939	-0.836735	0.00402156
-0.346939	-0.795918	0.00479082
-0.346939	-0.755102	0.00554118
-0.346939	-0.714286	0.00626969
-0.346939	-0.673469	0.00697347
-0.346939	-0.632653	0.00764974
-0.346939	-0.591837	0.00829585
-0.346939	-0.55102	0.00890923
-0.346939	-0.510204	0.00948747
-0.346939	-0.469388	0.0100283
-0.346939	-0.428571	0.0105296
-0.346939	-0.387755	0.0109893
-0.346939	-0.346939	0.0114057
-0.346939	-0.306122	0.011777
-0.346939	-0.265306	0.0121019
-0.346939	-0.22449	0.0123791
-0.346939	-0.183673	0.0126074
-0.346939	-0.142857	0.012786
-0.346939	-0.102041	0.0129141
-0.346939	-0.0612245	0.0129913
-0.346939	-0.0204082	0.0130172
-0.346939	0.0204082	0.0129917
-0.346939	0.0612245	0.0129149
-0.346939	0.102041	0.0127872
-0.346939	0.142857	0.012609
-0.346939	0.183673	0.012381
-0.346939	0.22449	0.0121042
-0.346939	0.265306	0.0117796
-0.346939	0.306122	0.0114084
-0.346939	0.346939	0.0109922
-0.346939	0.387755	0.0105327
-0.346939	0.428571	0.0100315
-0.346939	0.469388	0.00949075
-0.346939	0.510204	0.0089125
-0.346939	0.55102	0.00829907
-0.346939	0.591837	0.00765286
-0.346939	0.632653	0.00697643
-0.346939	0.673469	0.00627245
-0.346939	0.714286	0.0055437
-0.346939	0.755102	0.00479306
-0.346939	0.795918	0.00402349
-0.346939	0.836735	0.00323803
-0.346939	0.877551	0.00243978
-0.346939	0.918367	0.00163189
-0.346939	0.959184	0.00081756
-0.346939	1	0
-0.306122	-1	0.000843756
-0.306122	-0.959184	0.00168419
-0.306122	-0.918367	0.00251797
-0.306122	-0.877551	0.00334183
-0.306122	-0.836735	0.00415251
-0.306122	-0.795918	0.00494681
-0.306122	-0.755102	0.0057216
-0.306122	-0.714286	0.00647383
-0.306122	-0.673469	0.00720053
-0.306122	-0.632653	0.00789882
-0.306122	-0.591837	0.00856596
-0.306122	-0.55102	0.00919932
-0.306122	-0.510204	0.00979639
-0.306122	-0.469388	0.0103548
-0.306122	-0.428571	0.0108724
-0.306122	-0.387755	0.0113471
-0.306122	-0.346939	0.011777
-0.306122	-0.306122	0.0121605
-0.306122	-0.265306	0.012496
-0.306122	-0.22449	0.0127822
-0.306122	-0.183673	0.0130179
-0.306122	-0.142857	0.0132023
-0.306122	-0.102041	0.0133346
-0.306122	-0.0612245	0.0134143
-0.306122	-0.0204082	0.013441
-0.306122	0.0204082	0.0134147
-0.306122	0.0612245	0.0133355
-0.306122	0.102041	0.0132036
-0.306122	0.142857	0.0130196
-0.306122	0.183673	0.0127842
-0.306122	0.22449	0.0124983
-0.306122	0.265306	0.0121631
-0.306122	0.306122	0.0117799
-0.306122	0.346939	0.0113502
-0.306122	0.387755	0.0108756
-0.306122	0.428571	0.0103581
-0.306122	0.469388	0.00979977
-0.306122	0.510204	0.0092027
-0.306122	0.55102	0.00856929
-0.306122	0.591837	0.00790204
-0.306122	0.632653	0.00720359
-0.306122	0.673469	0.00647669
-0.306122	0.714286	0.00572421
-0.306122	0.755102	0.00494913
-0.306122	0.795918	0.0041545
-0.306122	0.836735	0.00334346
-0.306122	0.877551	0.00251922
-0.306122	0.918367	0.00168503
-0.306122	0.959184	0.000844181
-0.306122	1	0
-0.265306	-1	0.000867034
-0.265306	-0.959184	0.00173065
-0.265306	-0.918367	0.00258744
-0.265306	-0.877551	0.00343403
-0.265306	-0.836735	0.00426707
-0.265306	-0.795918	0.00508329
-0.265306	-0.755102	0.00587945
-0.265306	-0.714286	0.00665243
-0.265306	-0.673469	0.00739918
-0.265306	-0.632653	0.00811674
-0.265306	-0.591837	0.00880229
-0.265306	-0.55102	0.00945312
-0.265306	-0.510204	0.0100667
-0.265306	-0.469388	0.0106405
-0.265306	-0.428571	0.0111724
-0.265306	-0.387755	0.0116601
-0.265306	-0.346939	0.0121019
-0.265306	-0.306122	0.012496
-0.265306	-0.265306	0.0128407
-0.265306	-0.22449	0.0131348
-0.265306	-0.183673	0.0133771
-0.265306	-0.142857	0.0135666
-0.265306	-0.102041	0.0137025
-0.265306	-0.0612245	0.0137844
-0.265306	-0.0204082	0.0138118
-0.265306	0.0204082	0.0137848
-0.265306	0.0612245	0.0137034
-0.265306	0.102041	0.0135678
-0.265306	0.142857	0.0133788
-0.265306	0.183673	0.0131369
-0.265306	0.22449	0.0128431
-0.265306	0.265306	0.0124987
-0.265306	0.306122	0.0121049
-0.265306	0.346939	0.0116633
-0.265306	0.387755	0.0111757
-0.265306	0.428571	0.0106439
-0.265306	0.469388	0.0100701
-0.265306	0.510204	0.00945659
-0.265306	0.55102	0.00880571
-0.265306	0.591837	0.00812005
-0.265306	0.632653	0.00740233
-0.265306	0.673469	0.00665537
-0.265306	0.714286	0.00588214
-0.265306	0.755102	0.00508567
-0.265306	0.795918	0.00426912
-0.265306	0.836735	0.0034357
-0.265306	0.877551	0.00258872
-0.265306	0.918367	0.00173151
-0.265306	0.959184	0.00086747
-0.265306	1	0
-0.22449	-1	0.000886892
-0.22449	-0.959184	0.00177029
-0.22449	-0.918367	0.0026467
-0.22449	-0.877551	0.00351267
-0.22449	-0.836735	0.0043648
-0.22449	-0.795918	0.00519971
-0.22449	-0.755102	0.00601411
-0.22449	-0.714286	0.00680479
-0.22449	-0.673469	0.00756864
-0.22449	-0.632653	0.00830263
-0.22449	-0.591837	0.00900388
-0.22449	-0.55102	0.00966962
-0.22449	-0.510204	0.0102972
-0.22449	-0.469388	0.0108842
-0.22449	-0.428571	0.0114282
-0.22449	-0.387755	0.0119272
-0.22449	-0.346939	0.0123791
-0.22449	-0.306122	0.0127822
-0.22449	-0.265306	0.0131348
-0.22449	-0.22449	0.0134356
-0.22449	-0.183673	0.0136834
-0.22449	-0.142857	0.0138773
-0.22449	-0.102041	0.0140163
-0.22449	-0.0612245	0.0141001
-0.22449	-0.0204082	0.0141282
-0.22449	0.0204082	0.0141005
-0.22449	0.0612245	0.0140172
-0.22449	0.102041	0.0138786
-0.22449	0.142857	0.0136852
-0.22449	0.183673	0.0134377
-0.22449	0.22449	0.0131373
-0.22449	0.265306	0.0127849
-0.22449	0.306122	0.0123821
-0.22449	0.346939	0.0119304
-0.22449	0.387755	0.0114316
-0.22449	0.428571	0.0108877
-0.22449	0.469388	0.0103008
-0.22449	0.510204	0.00967317
-0.22449	0.55102	0.00900738
-0.22449	0.591837	0.00830602
-0.22449	0.632653	0.00757186
-0.22449	0.673469	0.0068078
-0.22449	0.714286	0.00601685
-0.22449	0.755102	0.00520214
-0.22449	0.795918	0.00436689
-0.22449	0.836735	0.00351439
-0.22449	0.877551	0.00264801
-0.22449	0.918367	0.00177117
-0.22449	0.959184	0.000887338
-0.22449	1	0
-0.183673	-1	0.00090325
-0.183673	-0.959184	0.00180294
-0.183673	-0.918367	0.00269551
-0.183673	-0.877551	0.00357746
-0.183673	-0.836735	0.0044453
-0.183673	-0.795918	0.00529561
-0.183673	-0.755102	0.00612503
-0.183673	-0.714286	0.0069303
-0.183673	-0.673469	0.00770824
-0.183673	-0.632653	0.00845577
-0.183673	-0.591837	0.00916995
-0.183673	-0.55102	0.00984797
-0.183673	-0.510204	0.0104871
-0.183673	-0.469388	0.0110849
-0.183673	-0.428571	0.011639
-0.183673	-0.387755	0.0121472
-0.183673	-0.346939	0.0126074
-0.183673	-0.306122	0.0130179
-0.183673	-0.265306	0.0133771
-0.183673	-0.22449	0.0136834
-0.183673	-0.183673	0.0139358
-0.183673	-0.142857	0.0141332
-0.183673	-0.102041	0.0142748
-0.183673	-0.0612245	0.0143601
-0.183673	-0.0204082	0.0143887
-0.183673	0.0204082	0.0143606
-0.183673	0.0612245	0.0142757
-0.183673	0.102041	0.0141345
-0.183673	0.142857	0.0139376
-0.183673	0.183673	0.0136856
-0.183673	0.22449	0.0133796
-0.183673	0.265306	0.0130207
-0.183673	0.306122	0.0126105
-0.183673	0.346939	0.0121505
-0.183673	0.387755	0.0116425
-0.183673	0.428571	0.0110885
-0.183673	0.469388	0.0104908
-0.183673	0.510204	0.00985158
-0.183673	0.55102	0.00917351
-0.183673	0.591837	0.00845922
-0.183673	0.632653	0.00771151
-0.183673	0.673469	0.00693336
-0.183673	0.714286	0.00612783
-0.183673	0.755102	0.00529809
-0.183673	0.795918	0.00444743
-0.183673	0.836735	0.00357921
-0.183673	0.877551	0.00269685
-0.183673	0.918367	0.00180384
-0.183673	0.959184	0.000903704
-0.183673	1	0
-0.142857	-1	0.000916043
-0.142857	-0.959184	0.00182847
-0.142857	-0.918367	0.00273369
-0.142857	-0.877551	0.00362813
-0.142857	-0.836735	0.00450827
-0.142857	-0.795918	0.00537062
-0.142857	-0.755102	0.00621179
-0.142857	-0.714286	0.00702846
-0.142857	-0.673469	0.00781742
-0.142857	-0.632653	0.00857554
-0.142857	-0.591837	0.00929984
-0.142857	-0.55102	0.00998745
-0.142857	-0.510204	0.0106357
-0.142857	-0.469388	0.0112419
-0.142857	-0.428571	0.0118039
-0.142857	-0.387755	0.0123192
-0.142857	-0.346939	0.012786
-0.142857	-0.306122	0.0132023
-0.142857	-0.265306	0.0135666
-0.142857	-0.22449	0.0138773
-0.142857	-0.183673	0.0141332
-0.142857	-0.142857	0.0143334
-0.142857	-0.102041	0.014477
-0.142857	-0.0612245	0.0145635
-0.142857	-0.0204082	0.0145926
-0.142857	0.0204082	0.014564
-0.142857	0.0612245	0.0144779
-0.142857	0.102041	0.0143348
-0.142857	0.142857	0.014135
-0.142857	0.183673	0.0138794
-0.142857	0.22449	0.0135691
-0.142857	0.265306	0.0132052
-0.142857	0.306122	0.0127891
-0.142857	0.346939	0.0123226
-0.142857	0.387755	0.0118074
-0.142857	0.428571	0.0112456
-0.142857	0.469388	0.0106393
-0.142857	0.510204	0.00999112
-0.142857	0.55102	0.00930345
-0.142857	0.591837	0.00857903
-0.142857	0.632653	0.00782074
-0.142857	0.673469	0.00703157
-0.142857	0.714286	0.00621462
-0.142857	0.755102	0.00537313
-0.142857	0.795918	0.00451043
-0.142857	0.836735	0.00362991
-0.142857	0.877551	0.00273505
-0.142857	0.918367	0.00182939
-0.142857	0.959184	0.000916504
-0.142857	1	0
-0.102041	-1	0.000925223
-0.102041	-0.959184	0.0018468
-0.102041	-0.918367	0.00276109
-0.102041	-0.877551	0.00366449
-0.102041	-0.836735	0.00455344
-0.102041	-0.795918	0.00542443
-0.102041	-0.755102	0.00627403
-0.102041	-0.714286	0.00709889
-0.102041	-0.673469	0.00789575
-0.102041	-0.632653	0.00866147
-0.102041	-0.591837	0.00939303
-0.102041	-0.55102	0.0100875
-0.102041	-0.510204	0.0107423
-0.102041	-0.469388	0.0113546
-0.102041	-0.428571	0.0119222
-0.102041	-0.387755	0.0124427
-0.102041	-0.346939	0.0129141
-0.102041	-0.306122	0.0133346
-0.102041	-0.265306	0.0137025
-0.102041	-0.22449	0.0140163
-0.102041	-0.183673	0.0142748
-0.102041	-0.142857	0.014477
-0.102041	-0.102041	0.0146221
-0.102041	-0.0612245	0.0147095
-0.102041	-0.0204082	0.0147388
-0.102041	0.0204082	0.0147099
-0.102041	0.0612245	0.014623
-0.102041	0.102041	0.0144784
-0.102041	0.142857	0.0142766
-0.102041	0.183673	0.0140185
-0.102041	0.22449	0.013705
-0.102041	0.265306	0.0133375
-0.102041	0.306122	0.0129173
-0.102041	0.346939	0.012446
-0.102041	0.387755	0.0119257
-0.102041	0.428571	0.0113582
-0.102041	0.469388	0.010746
-0.102041	0.510204	0.0100912
-0.102041	0.55102	0.00939667
-0.102041	0.591837	0.008665
-0.102041	0.632653	0.00789911
-0.102041	0.673469	0.00710203
-0.102041	0.714286	0.0062769
-0.102041	0.755102	0.00542698
-0.102041	0.795918	0.00455562
-0.102041	0.836735	0.00366628
-0.102041	0.877551	0.00276245
-0.102041	0.918367	0.00184772
-0.102041	0.959184	0.000925688
-0.102041	1	0
-0.0612245	-1	0.000930751
-0.0612245	-0.959184	0.00185783
-0.0612245	-0.918367	0.00277758
-0.0612245	-0.877551	0.00368638
-0.0612245	-0.836735	0.00458065
-0.0612245	-0.795918	0.00545684
-0.0612245	-0.755102	0.00631152
-0.0612245	-0.714286	0.00714131
-0.0612245	-0.673469	0.00794293
-0.0612245	-0.632653	0.00871322
-0.0612245	-0.591837	0.00944915
-0.0612245	-0.55102	0.0101478
-0.0612245	-0.510204	0.0108064
-0.0612245	-0.469388	0.0114224
-0.0612245	-0.428571	0.0119934
-0.0612245	-0.387755	0.012517
-0.0612245	-0.346939	0.0129913
-0.0612245	-0.306122	0.0134143
-0.0612245	-0.265306	0.0137844
-0.0612245	-0.22449	0.0141001
-0.0612245	-0.183673	0.0143601
-0.0612245	-0.142857	0.0145635
-0.0612245	-0.102041	0.0147095
-0.0612245	-0.0612245	0.0147973
-0.0612245	-0.0204082	0.0148268
-0.0612245	0.0204082	0.0147978
-0.0612245	0.0612245	0.0147104
-0.0612245	0.102041	0.0145649
-0.0612245	0.142857	0.0143619
-0.0612245	0.183673	0.0141023
-0.0612245	0.22449	0.0137869
-0.0612245	0.265306	0.0134172
-0.0612245	0.306122	0.0129944
-0.0612245	0.346939	0.0125204
-0.0612245	0.387755	0.0119969
-0.0612245	0.428571	0.0114261
-0.0612245	0.469388	0.0108102
-0.0612245	0.510204	0.0101515
-0.0612245	0.55102	0.00945282
-0.0612245	0.591837	0.00871677
-0.0612245	0.632653	0.00794631
-0.0612245	0.673469	0.00714446
-0.0612245	0.714286	0.0063144
-0.0612245	0.755102	0.0054594
-0.0612245	0.795918	0.00458284
-0.0612245	0.836735	0.00368818
-0.0612245	0.877551	0.00277896
-0.0612245	0.918367	0.00185876
-0.0612245	0.959184	0.000931219
-0.0612245	1	0
-0.0204082	-1	0.000932606
-0.0204082	-0.959184	0.00186153
-0.0204082	-0.918367	0.00278312
-0.0204082	-0.877551	0.00369373
-0.0204082	-0.836735	0.00458978
-0.0204082	-0.795918	0.00546772
-0.0204082	-0.755102	0.0063241
-0.0204082	-0.714286	0.00715554
-0.0204082	-0.673469	0.00795876
-0.0204082	-0.632653	0.00873059
-0.0204082	-0.591837	0.00946798
-0.0204082	-0.55102	0.010168
-0.0204082	-0.510204	0.010828
-0.0204082	-0.469388	0.0114452
-0.0204082	-0.428571	0.0120173
-0.0204082	-0.387755	0.012542
-0.0204082	-0.346939	0.0130172
-0.0204082	-0.306122	0.013441
-0.0204082	-0.265306	0.0138118
-0.0204082	-0.22449	0.0141282
-0.0204082	-0.183673	0.0143887
-0.0204082	-0.142857	0.0145926
-0.0204082	-0.102041	0.0147388
-0.0204082	-0.0612245	0.0148268
-0.0204082	-0.0204082	0.0148564
-0.0204082	0.0204082	0.0148273
-0.0204082	0.0612245	0.0147397
-0.0204082	0.102041	0.0145939
-0.0204082	0.142857	0.0143906
-0.0204082	0.183673	0.0141304
-0.0204082	0.22449	0.0138144
-0.0204082	0.265306	0.0134439
-0.0204082	0.306122	0.0130203
-0.0204082	0.346939	0.0125454
-0.0204082	0.387755	0.0120209
-0.0204082	0.428571	0.0114489
-0.0204082	0.469388	0.0108317
-0.0204082	0.510204	0.0101718
-0.0204082	0.55102	0.00947166
-0.0204082	0.591837	0.00873415
-0.0204082	0.632653	0.00796214
-0.0204082	0.673469	0.0071587
-0.0204082	0.714286	0.00632698
-0.0204082	0.755102	0.00547028
-0.0204082	0.795918	0.00459198
-0.0204082	0.836735	0.00369553
-0.0204082	0.877551	0.0027845
-0.0204082	0.918367	0.00186246
-0.0204082	0.959184	0.000933075
-0.0204082	1	0
0.0204082	-1	0.00093078
0.0204082	-0.959184	0.00185789
0.0204082	-0.918367	0.00277767
0.0204082	-0.877551	0.0036865
0.0204082	-0.836735	0.00458079
0.0204082	-0.795918	0.00545702
0.0204082	-0.755102	0.00631172
0.0204082	-0.714286	0.00714153
0.0204082	-0.673469	0.00794318
0.0204082	-0.632653	0.0087135
0.0204082	-0.591837	0.00944945
0.0204082	-0.55102	0.0101481
0.0204082	-0.510204	0.0108068
0.0204082	-0.469388	0.0114228
0.0204082	-0.428571	0.0119938
0.0204082	-0.387755	0.0125174
0.0204082	-0.346939	0.0129917
0.0204082	-0.306122	0.0134147
0.0204082	-0.265306	0.0137848
0.0204082	-0.22449	0.0141005
0.0204082	-0.183673	0.0143606
0.0204082	-0.142857	0.014564
0.0204082	-0.102041	0.0147099
0.0204082	-0.0612245	0.0147978
0.0204082	-0.0204082	0.0148273
0.0204082	0.0204082	0.0147983
0.0204082	0.0612245	0.0147109
0.0204082	0.102041	0.0145654
0.0204082	0.142857	0.0143624
0.0204082	0.183673	0.0141027
0.0204082	0.22449	0.0137874
0.0204082	0.265306	0.0134176
0.0204082	0.306122	0.0129948
0.0204082	0.346939	0.0125208
0.0204082	0.387755	0.0119973
0.0204082	0.428571	0.0114265
0.0204082	0.469388	0.0108105
0.0204082	0.510204	0.0101519
0.0204082	0.55102	0.00945312
0.0204082	0.591837	0.00871705
0.0204082	0.632653	0.00794656
0.0204082	0.673469	0.00714469
0.0204082	0.714286	0.0063146
0.0204082	0.755102	0.00545957
0.0204082	0.795918	0.00458299
0.0204082	0.836735	0.0036883
0.0204082	0.877551	0.00277905
0.0204082	0.918367	0.00185882
0.0204082	0.959184	0.000931248
0.0204082	1	0
0.0612245	-1	0.000925281
0.0612245	-0.959184	0.00184691
0.0612245	-0.918367	0.00276126
0.0612245	-0.877551	0.00366472
0.0612245	-0.836735	0.00455373
0.0612245	-0.795918	0.00542478
0.0612245	-0.755102	0.00627443
0.0612245	-0.714286	0.00709934
0.0612245	-0.673469	0.00789625
0.0612245	-0.632653	0.00866202
0.0612245	-0.591837	0.00939362
0.0612245	-0.55102	0.0100882
0.0612245	-0.510204	0.0107429
0.0612245	-0.469388	0.0113553
0.0612245	-0.428571	0.0119229
0.0612245	-0.387755	0.0124435
0.0612245	-0.346939	0.0129149
0.0612245	-0.306122	0.0133355
0.0612245	-0.265306	0.0137034
0.0612245	-0.22449	0.0140172
0.0612245	-0.183673	0.0142757
0.0612245	-0.142857	0.0144779
0.0612245	-0.102041	0.014623
0.0612245	-0.0612245	0.0147104
0.0612245	-0.0204082	0.0147397
0.0612245	0.0204082	0.0147109
0.0612245	0.0612245	0.0146239
0.0612245	0.102041	0.0144793
0.0612245	0.142857	0.0142775
0.0612245	0.183673	0.0140194
0.0612245	0.22449	0.0137059
0.0612245	0.265306	0.0133383
0.0612245	0.306122	0.0129181
0.0612245	0.346939	0.0124468
0.0612245	0.387755	0.0119264
0.0612245	0.428571	0.011359
0.0612245	0.469388	0.0107466
0.0612245	0.510204	0.0100919
0.0612245	0.55102	0.00939727
0.0612245	0.591837	0.00866555
0.0612245	0.632653	0.00789961
0.0612245	0.673469	0.00710247
0.0612245	0.714286	0.00627729
0.0612245	0.755102	0.00542732
0.0612245	0.795918	0.00455591
0.0612245	0.836735	0.00366651
0.0612245	0.877551	0.00276263
0.0612245	0.918367	0.00184784
0.0612245	0.959184	0.000925746
0.0612245	1	0
0.102041	-1	0.00091613
0.102041	-0.959184	0.00182865
0.102041	-0.918367	0.00273395
0.102041	-0.877551	0.00362848
0.102041	-0.836735	0.00450869
0.102041	-0.795918	0.00537112
0.102041	-0.755102	0.00621238
0.102041	-0.714286	0.00702913
0.102041	-0.673469	0.00781815
0.102041	-0.632653	0.00857635
0.102041	-0.591837	0.00930071
0.102041	-0.55102	0.0099884
0.102041	-0.510204	0.0106367
0.102041	-0.469388	0.011243
0.102041	-0.428571	0.011805
0.102041	-0.387755	0.0123204
0.102041	-0.346939	0.0127872
0.102041	-0.306122	0.0132036
0.102041	-0.265306	0.0135678
0.102041	-0.22449	0.0138786
0.102041	-0.183673	0.0141345
0.102041	-0.142857	0.0143348
0.102041	-0.102041	0.0144784
0.102041	-0.0612245	0.0145649
0.102041	-0.0204082	0.0145939
0.102041	0.0204082	0.0145654
0.102041	0.0612245	0.0144793
0.102041	0.102041	0.0143361
0.102041	0.142857	0.0141363
0.102041	0.183673	0.0138807
0.102041	0.22449	0.0135704
0.102041	0.265306	0.0132064
0.102041	0.306122	0.0127903
0.102041	0.346939	0.0123237
0.102041	0.387755	0.0118085
0.102041	0.428571	0.0112466
0.102041	0.469388	0.0106404
0.102041	0.510204	0.00999207
0.102041	0.55102	0.00930433
0.102041	0.591837	0.00857984
0.102041	0.632653	0.00782148
0.102041	0.673469	0.00703223
0.102041	0.714286	0.00621521
0.102041	0.755102	0.00537364
0.102041	0.795918	0.00451085
0.102041	0.836735	0.00363025
0.102041	0.877551	0.00273531
0.102041	0.918367	0.00182956
0.102041	0.959184	0.000916591
0.102041	1	0
0.142857	-1	0.000903363
0.142857	-0.959184	0.00180316
0.142857	-0.918367	0.00269585
0.142857	-0.877551	0.00357791
0.142857	-0.836735	0.00444586
0.142857	-0.795918	0.00529627
0.142857	-0.755102	0.0061258
0.142857	-0.714286	0.00693117
0.142857	-0.673469	0.0077092
0.142857	-0.632653	0.00845683
0.142857	-0.591837	0.0091711
0.142857	-0.55102	0.0098492
0.142857	-0.510204	0.0104884
0.142857	-0.469388	0.0110863
0.142857	-0.428571	0.0116405
0.142857	-0.387755	0.0121487
0.142857	-0.346939	0.012609
0.142857	-0.306122	0.0130196
0.142857	-0.265306	0.0133788
0.142857	-0.22449	0.0136852
0.142857	-0.183673	0.0139376
0.142857	-0.142857	0.014135
0.142857	-0.102041	0.0142766
0.142857	-0.0612245	0.0143619
0.142857	-0.0204082	0.0143906
0.142857	0.0204082	0.0143624
0.142857	0.0612245	0.0142775
0.142857	0.102041	0.0141363
0.142857	0.142857	0.0139393
0.142857	0.183673	0.0136873
0.142857	0.22449	0.0133812
0.142857	0.265306	0.0130224
0.142857	0.306122	0.0126121
0.142857	0.346939	0.012152
0.142857	0.387755	0.0116439
0.142857	0.428571	0.0110899
0.142857	0.469388	0.0104921
0.142857	0.510204	0.00985282
0.142857	0.55102	0.00917466
0.142857	0.591837	0.00846028
0.142857	0.632653	0.00771248
0.142857	0.673469	0.00693423
0.142857	0.714286	0.00612859
0.142857	0.755102	0.00529875
0.142857	0.795918	0.00444799
0.142857	0.836735	0.00357966
0.142857	0.877551	0.00269719
0.142857	0.918367	0.00180406
0.142857	0.959184	0.000903817
0.142857	1	0
0.183673	-1	0.00088703
0.183673	-0.959184	0.00177056
0.183673	-0.918367	0.00264711
0.183673	-0.877551	0.00351322
0.183673	-0.836735	0.00436548
0.183673	-0.795918	0.00520052
0.183673	-0.755102	0.00601504
0.183673	-0.714286	0.00680585
0.183673	-0.673469	0.00756982
0.183673	-0.632653	0.00830393
0.183673	-0.591837	0.00900528
0.183673	-0.55102	0.00967112
0.183673	-0.510204	0.0102988
0.183673	-0.469388	0.0108859
0.183673	-0.428571	0.01143
0.183673	-0.387755	0.0119291
0.183673	-0.346939	0.012381
0.183673	-0.306122	0.0127842
0.183673	-0.265306	0.0131369
0.183673	-0.22449	0.0134377
0.183673	-0.183673	0.0136856
0.183673	-0.142857	0.0138794
0.183673	-0.102041	0.0140185
0.183673	-0.0612245	0.0141023
0.183673	-0.0204082	0.0141304
0.183673	0.0204082	0.0141027
0.183673	0.0612245	0.0140194
0.183673	0.102041	0.0138807
0.183673	0.142857	0.0136873
0.183673	0.183673	0.0134398
0.183673	0.22449	0.0131393
0.183673	0.265306	0.0127869
0.183673	0.306122	0.012384
0.183673	0.346939	0.0119323
0.183673	0.387755	0.0114334
0.183673	0.428571	0.0108894
0.183673	0.469388	0.0103024
0.183673	0.510204	0.00967468
0.183673	0.55102	0.00900878
0.183673	0.591837	0.00830731
0.183673	0.632653	0.00757304
0.183673	0.673469	0.00680886
0.183673	0.714286	0.00601779
0.183673	0.755102	0.00520295
0.183673	0.795918	0.00436757
0.183673	0.836735	0.00351494
0.183673	0.877551	0.00264842
0.183673	0.918367	0.00177145
0.183673	0.959184	0.000887476
0.183673	1	0
0.22449	-1	0.000867195
0.22449	-0.959184	0.00173097
0.22449	-0.918367	0.00258792
0.22449	-0.877551	0.00343466
0.22449	-0.836735	0.00426786
0.22449	-0.795918	0.00508423
0.22449	-0.755102	0.00588054
0.22449	-0.714286	0.00665367
0.22449	-0.673469	0.00740055
0.22449	-0.632653	0.00811825
0.22449	-0.591837	0.00880392
0.22449	-0.55102	0.00945487
0.22449	-0.510204	0.0100685
0.22449	-0.469388	0.0106425
0.22449	-0.428571	0.0111744
0.22449	-0.387755	0.0116623
0.22449	-0.346939	0.0121042
0.22449	-0.306122	0.0124983
0.22449	-0.265306	0.0128431
0.22449	-0.22449	0.0131373
0.22449	-0.183673	0.0133796
0.22449	-0.142857	0.0135691
0.22449	-0.102041	0.013705
0.22449	-0.0612245	0.0137869
0.22449	-0.0204082	0.0138144
0.22449	0.0204082	0.0137874
0.22449	0.0612245	0.0137059
0.22449	0.102041	0.0135704
0.22449	0.142857	0.0133812
0.22449	0.183673	0.0131393
0.22449	0.22449	0.0128455
0.22449	0.265306	0.012501
0.22449	0.306122	0.0121071
0.22449	0.346939	0.0116655
0.22449	0.387755	0.0111777
0.22449	0.428571	0.0106459
0.22449	0.469388	0.010072
0.22449	0.510204	0.00945834
0.22449	0.55102	0.00880734
0.22449	0.591837	0.00812156
0.22449	0.632653	0.0074037
0.22449	0.673469	0.00665661
0.22449	0.714286	0.00588323
0.22449	0.755102	0.00508661
0.22449	0.795918	0.00426991
0.22449	0.836735	0.00343634
0.22449	0.877551	0.0025892
0.22449	0.918367	0.00173184
0.22449	0.959184	0.000867631
0.22449	1	0
0.265306	-1	0.000843937
0.265306	-0.959184	0.00168455
0.265306	-0.918367	0.00251851
0.265306	-0.877551	0.00334255
0.265306	-0.836735	0.0041534
0.265306	-0.795918	0.00494787
0.265306	-0.755102	0.00572283
0.265306	-0.714286	0.00647522
0.265306	-0.673469	0.00720207
0.265306	-0.632653	0.00790052
0.265306	-0.591837	0.0085678
0.265306	-0.55102	0.00920129
0.265306	-0.510204	0.00979849
0.265306	-0.469388	0.010357
0.265306	-0.428571	0.0108747
0.265306	-0.387755	0.0113495
0.265306	-0.346939	0.0117796
0.265306	-0.306122	0.0121631
0.265306	-0.265306	0.0124987
0.265306	-0.22449	0.0127849
0.265306	-0.183673	0.0130207
0.265306	-0.142857	0.0132052
0.265306	-0.102041	0.0133375
0.265306	-0.0612245	0.0134172
0.265306	-0.0204082	0.0134439
0.265306	0.0204082	0.0134176
0.265306	0.0612245	0.0133383
0.265306	0.102041	0.0132064
0.265306	0.142857	0.0130224
0.265306	0.183673	0.0127869
0.265306	0.22449	0.012501
0.265306	0.265306	0.0121657
0.265306	0.306122	0.0117824
0.265306	0.346939	0.0113526
0.265306	0.387755	0.010878
0.265306	0.428571	0.0103604
0.265306	0.469388	0.00980187
0.265306	0.510204	0.00920468
0.265306	0.55102	0.00857113
0.265306	0.591837	0.00790374
0.265306	0.632653	0.00720514
0.265306	0.673469	0.00647808
0.265306	0.714286	0.00572544
0.265306	0.755102	0.00495019
0.265306	0.795918	0.00415539
0.265306	0.836735	0.00334418
0.265306	0.877551	0.00251976
0.265306	0.918367	0.00168539
0.265306	0.959184	0.000844362
0.265306	1	0
0.306122	-1	0.000817348
0.306122	-0.959184	0.00163147
0.306122	-0.918367	0.00243916
0.306122	-0.877551	0.00323723
0.306122	-0.836735	0.00402254
0.306122	-0.795918	0.00479198
0.306122	-0.755102	0.00554252
0.306122	-0.714286	0.00627121
0.306122	-0.673469	0.00697516
0.306122	-0.632653	0.0076516
0.306122	-0.591837	0.00829786
0.306122	-0.55102	0.00891139
0.306122	-0.510204	0.00948978
0.306122	-0.469388	0.0100307
0.306122	-0.428571	0.0105321
0.306122	-0.387755	0.0109919
0.306122	-0.346939	0.0114084
0.306122	-0.306122	0.0117799
0.306122	-0.265306	0.0121049
0.306122	-0.22449	0.0123821
0.306122	-0.183673	0.0126105
0.306122	-0.142857	0.0127891
0.306122	-0.102041	0.0129173
0.306122	-0.0612245	0.0129944
0.306122	-0.0204082	0.0130203
0.306122	0.0204082	0.0129948
0.306122	0.0612245	0.0129181
0.306122	0.102041	0.0127903
0.306122	0.142857	0.0126121
0.306122	0.183673	0.012384
0.306122	0.22449	0.0121071
0.306122	0.265306	0.0117824
0.306122	0.306122	0.0114112
0.306122	0.346939	0.0109949
0.306122	0.387755	0.0105352
0.306122	0.428571	0.0100339
0.306122	0.469388	0.00949305
0.306122	0.510204	0.00891467
0.306122	0.55102	0.00830108
0.306122	0.591837	0.00765472
0.306122	0.632653	0.00697813
0.306122	0.673469	0.00627398
0.306122	0.714286	0.00554505
0.306122	0.755102	0.00479423
0.306122	0.795918	0.00402447
0.306122	0.836735	0.00323881
0.306122	0.877551	0.00244037
0.306122	0.918367	0.00163229
0.306122	0.959184	0.000817759
0.306122	1	0
0.346939	-1	0.000787531
0.346939	-0.959184	0.00157196
0.346939	-0.918367	0.00235018
0.346939	-0.877551	0.00311914
0.346939	-0.836735	0.0038758
0.346939	-0.795918	0.00461717
0.346939	-0.755102	0.00534033
0.346939	-0.714286	0.00604244
0.346939	-0.673469	0.00672071
0.346939	-0.632653	0.00737247
0.346939	-0.591837	0.00799516
0.346939	-0.55102	0.00858631
0.346939	-0.510204	0.00914359
0.346939	-0.469388	0.00966481
0.346939	-0.428571	0.0101479
0.346939	-0.387755	0.010591
0.346939	-0.346939	0.0109922
0.346939	-0.306122	0.0113502
0.346939	-0.265306	0.0116633
0.346939	-0.22449	0.0119304
0.346939	-0.183673	0.0121505
0.346939	-0.142857	0.0123226
0.346939	-0.102041	0.012446
0.346939	-0.0612245	0.0125204
0.346939	-0.0204082	0.0125454
0.346939	0.0204082	0.0125208
0.346939	0.0612245	0.0124468
0.346939	0.102041	0.0123237
0.346939	0.142857	0.012152
0.346939	0.183673	0.0119323
0.346939	0.22449	0.0116655
0.346939	0.265306	0.0113526
0.346939	0.306122	0.0109949
0.346939	0.346939	0.0105938
0.346939	0.387755	0.0101509
0.346939	0.428571	0.00966792
0.346939	0.469388	0.00914675
0.346939	0.510204	0.00858946
0.346939	0.55102	0.00799826
0.346939	0.591837	0.00737548
0.346939	0.632653	0.00672357
0.346939	0.673469	0.00604511
0.346939	0.714286	0.00534277
0.346939	0.755102	0.00461933
0.346939	0.795918	0.00387766
0.346939	0.836735	0.00312066
0.346939	0.877551	0.00235135
0.346939	0.918367	0.00157274
0.346939	0.959184	0.000787927
0.346939	1	0
0.387755	-1	0.000754606
0.387755	-0.959184	0.00150624
0.387755	-0.918367	0.00225192
0.387755	-0.877551	0.00298873
0.387755	-0.836735	0.00371376
0.387755	-0.795918	0.00442413
0.387755	-0.755102	0.00511706
0.387755	-0.714286	0.00578981
0.387755	-0.673469	0.00643972
0.387755	-0.632653	0.00706424
0.387755	-0.591837	0.00766089
0.387755	-0.55102	0.00822733
0.387755	-0.510204	0.00876131
0.387755	-0.469388	0.00926074
0.387755	-0.428571	0.00972363
0.387755	-0.387755	0.0101482
0.387755	-0.346939	0.0105327
0.387755	-0.306122	0.0108756
0.387755	-0.265306	0.0111757
0.387755	-0.22449	0.0114316
0.387755	-0.183673	0.0116425
0.387755	-0.142857	0.0118074
0.387755	-0.102041	0.0119257
0.387755	-0.0612245	0.0119969
0.387755	-0.0204082	0.0120209
0.387755	0.0204082	0.0119973
0.387755	0.0612245	0.0119264
0.387755	0.102041	0.0118085
0.387755	0.142857	0.0116439
0.387755	0.183673	0.0114334
0.387755	0.22449	0.0111777
0.387755	0.265306	0.010878
0.387755	0.306122	0.0105352
0.387755	0.346939	0.0101509
0.387755	0.387755	0.00972651
0.387755	0.428571	0.00926371
0.387755	0.469388	0.00876433
0.387755	0.510204	0.00823035
0.387755	0.55102	0.00766386
0.387755	0.591837	0.00706712
0.387755	0.632653	0.00644246
0.387755	0.673469	0.00579237
0.387755	0.714286	0.00511939
0.387755	0.755102	0.00442621
0.387755	0.795918	0.00371554
0.387755	0.836735	0.00299019
0.387755	0.877551	0.00225304
0.387755	0.918367	0.00150699
0.387755	0.959184	0.000754985
0.387755	1	0
0.428571	-1	0.0007187
0.428571	-0.959184	0.00143457
0.428571	-0.918367	0.00214478
0.428571	-0.877551	0.00284653
0.428571	-0.836735	0.00353705
0.428571	-0.795918	0.00421363
0.428571	-0.755102	0.00487358
0.428571	-0.714286	0.00551432
0.428571	-0.673469	0.00613331
0.428571	-0.632653	0.00672811
0.428571	-0.591837	0.00729637
0.428571	-0.55102	0.00783586
0.428571	-0.510204	0.00834444
0.428571	-0.469388	0.0088201
0.428571	-0.428571	0.00926097
0.428571	-0.387755	0.00966531
0.428571	-0.346939	0.0100315
0.428571	-0.306122	0.0103581
0.428571	-0.265306	0.0106439
0.428571	-0.22449	0.0108877
0.428571	-0.183673	0.0110885
0.428571	-0.142857	0.0112456
0.428571	-0.102041	0.0113582
0.428571	-0.0612245	0.0114261
0.428571	-0.0204082	0.0114489
0.428571	0.0204082	0.0114265
0.428571	0.0612245	0.011359
0.428571	0.102041	0.0112466
0.428571	0.142857	0.0110899
0.428571	0.183673	0.0108894
0.428571	0.22449	0.0106459
0.428571	0.265306	0.0103604
0.428571	0.306122	0.0100339
0.428571	0.346939	0.00966792
0.428571	0.387755	0.00926371
0.428571	0.428571	0.00882293
0.428571	0.469388	0.00834731
0.428571	0.510204	0.00783874
0.428571	0.55102	0.00729921
0.428571	0.591837	0.00673085
0.428571	0.632653	0.00613592
0.428571	0.673469	0.00551676
0.428571	0.714286	0.00487581
0.428571	0.755102	0.0042156
0.428571	0.795918	0.00353875
0.428571	0.836735	0.00284792
0.428571	0.877551	0.00214584
0.428571	0.918367	0.00143528
0.428571	0.959184	0.000719062
0.428571	1	0
0.469388	-1	0.000679957
0.469388	-0.959184	0.00135723
0.469388	-0.918367	0.00202916
0.469388	-0.877551	0.00269308
0.469388	-0.836735	0.00334638
0.469388	-0.795918	0.00398648
0.469388	-0.755102	0.00461087
0.469388	-0.714286	0.00521706
0.469388	-0.673469	0.00580268
0.469388	-0.632653	0.00636542
0.469388	-0.591837	0.00690305
0.469388	-0.55102	0.00741345
0.469388	-0.510204	0.00789461
0.469388	-0.469388	0.00834463
0.469388	-0.428571	0.00876174
0.469388	-0.387755	0.00914428
0.469388	-0.346939	0.00949075
0.469388	-0.306122	0.00979977
0.469388	-0.265306	0.0100701
0.469388	-0.22449	0.0103008
0.469388	-0.183673	0.0104908
0.469388	-0.142857	0.0106393
0.469388	-0.102041	0.010746
0.469388	-0.0612245	0.0108102
0.469388	-0.0204082	0.0108317
0.469388	0.0204082	0.0108105
0.469388	0.0612245	0.0107466
0.469388	0.102041	0.0106404
0.469388	0.142857	0.0104921
0.469388	0.183673	0.0103024
0.469388	0.22449	0.010072
0.469388	0.265306	0.00980187
0.469388	0.306122	0.00949305
0.469388	0.346939	0.00914675
0.469388	0.387755	0.00876433
0.469388	0.428571	0.00834731
0.469388	0.469388	0.00789734
0.469388	0.510204	0.00741618
0.469388	0.55102	0.00690573
0.469388	0.591837	0.00636802
0.469388	0.632653	0.00580515
0.469388	0.673469	0.00521937
0.469388	0.714286	0.00461297
0.469388	0.755102	0.00398835
0.469388	0.795918	0.00334798
0.469388	0.836735	0.00269439
0.469388	0.877551	0.00203016
0.469388	0.918367	0.00135791
0.469388	0.959184	0.000680299
0.469388	1	0
0.510204	-1	0.00063853
0.510204	-0.959184	0.00127454
0.510204	-0.918367	0.00190553
0.510204	-0.877551	0.002529
0.510204	-0.836735	0.00314249
0.510204	-0.795918	0.0037436
0.510204	-0.755102	0.00432994
0.510204	-0.714286	0.0048992
0.510204	-0.673469	0.00544914
0.510204	-0.632653	0.00597759
0.510204	-0.591837	0.00648247
0.510204	-0.55102	0.00696177
0.510204	-0.510204	0.00741362
0.510204	-0.469388	0.00783622
0.510204	-0.428571	0.00822791
0.510204	-0.387755	0.00858715
0.510204	-0.346939	0.0089125
0.510204	-0.306122	0.0092027
0.510204	-0.265306	0.00945659
0.510204	-0.22449	0.00967317
0.510204	-0.183673	0.00985158
0.510204	-0.142857	0.00999112
0.510204	-0.102041	0.0100912
0.510204	-0.0612245	0.0101515
0.510204	-0.0204082	0.0101718
0.510204	0.0204082	0.0101519
0.510204	0.0612245	0.0100919
0.510204	0.102041	0.00999207
0.510204	0.142857	0.00985282
0.510204	0.183673	0.00967468
0.510204	0.22449	0.00945834
0.510204	0.265306	0.00920468
0.510204	0.306122	0.00891467
0.510204	0.346939	0.00858946
0.510204	0.387755	0.00823035
0.510204	0.428571	0.00783874
0.510204	0.469388	0.00741618
0.510204	0.510204	0.00696433
0.510204	0.55102	0.00648498
0.510204	0.591837	0.00598003
0.510204	0.632653	0.00545146
0.510204	0.673469	0.00490137
0.510204	0.714286	0.00433191
0.510204	0.755102	0.00374535
0.510204	0.795918	0.003144
0.510204	0.836735	0.00253023
0.510204	0.877551	0.00190647
0.510204	0.918367	0.00127518
0.510204	0.959184	0.000638851
0.510204	1	0
0.55102	-1	0.000594581
0.55102	-0.959184	0.00118682
0.55102	-0.918367	0.00177437
0.55102	-0.877551	0.00235493
0.55102	-0.836735	0.0029262
0.55102	-0.795918	0.00348593
0.55102	-0.755102	0.00403192
0.55102	-0.714286	0.004562
0.55102	-0.673469	0.00507409
0.55102	-0.632653	0.00556616
0.55102	-0.591837	0.00603629
0.55102	-0.55102	0.0064826
0.55102	-0.510204	0.00690335
0.55102	-0.469388	0.00729686
0.55102	-0.428571	0.0076616
0.55102	-0.387755	0.0079961
0.55102	-0.346939	0.00829907
0.55102	-0.306122	0.00856929
0.55102	-0.265306	0.00880571
0.55102	-0.22449	0.00900738
0.55102	-0.183673	0.00917351
0.55102	-0.142857	0.00930345
0.55102	-0.102041	0.00939667
0.55102	-0.0612245	0.00945282
0.55102	-0.0204082	0.00947166
0.55102	0.0204082	0.00945312
0.55102	0.0612245	0.00939727
0.55102	0.102041	0.00930433
0.55102	0.142857	0.00917466
0.55102	0.183673	0.00900878
0.55102	0.22449	0.00880734
0.55102	0.265306	0.00857113
0.55102	0.306122	0.00830108
0.55102	0.346939	0.00799826
0.55102	0.387755	0.00766386
0.55102	0.428571	0.00729921
0.55102	0.469388	0.00690573
0.55102	0.510204	0.00648498
0.55102	0.55102	0.00603863
0.55102	0.591837	0.00556843
0.55102	0.632653	0.00507625
0.55102	0.673469	0.00456401
0.55102	0.714286	0.00403375
0.55102	0.755102	0.00348757
0.55102	0.795918	0.0029276
0.55102	0.836735	0.00235608
0.55102	0.877551	0.00177525
0.55102	0.918367	0.00118741
0.55102	0.959184	0.00059488
0.55102	1	0
0.591837	-1	0.000548284
0.591837	-0.959184	0.0010944
0.591837	-0.918367	0.00163621
0.591837	-0.877551	0.00217156
0.591837	-0.836735	0.00269835
0.591837	-0.795918	0.0032145
0.591837	-0.755102	0.00371797
0.591837	-0.714286	0.00420678
0.591837	-0.673469	0.00467899
0.591837	-0.632653	0.00513275
0.591837	-0.591837	0.00556627
0.591837	-0.55102	0.00597784
0.591837	-0.510204	0.00636582
0.591837	-0.469388	0.00672869
0.591837	-0.428571	0.00706503
0.591837	-0.387755	0.00737349
0.591837	-0.346939	0.00765286
0.591837	-0.306122	0.00790204
0.591837	-0.265306	0.00812005
0.591837	-0.22449	0.00830602
0.591837	-0.183673	0.00845922
0.591837	-0.142857	0.00857903
0.591837	-0.102041	0.008665
0.591837	-0.0612245	0.00871677
0.591837	-0.0204082	0.00873415
0.591837	0.0204082	0.00871705
0.591837	0.0612245	0.00866555
0.591837	0.102041	0.00857984
0.591837	0.142857	0.00846028
0.591837	0.183673	0.00830731
0.591837	0.22449	0.00812156
0.591837	0.265306	0.00790374
0.591837	0.306122	0.00765472
0.591837	0.346939	0.00737548
0.591837	0.387755	0.00706712
0.591837	0.428571	0.00673085
0.591837	0.469388	0.00636802
0.591837	0.510204	0.00598003
0.591837	0.55102	0.00556843
0.591837	0.591837	0.00513485
0.591837	0.632653	0.00468098
0.591837	0.673469	0.00420863
0.591837	0.714286	0.00371967
0.591837	0.755102	0.00321601
0.591837	0.795918	0.00269965
0.591837	0.836735	0.00217262
0.591837	0.877551	0.00163702
0.591837	0.918367	0.00109495
0.591837	0.959184	0.000548559
0.591837	1	0
0.632653	-1	0.000499821
0.632653	-0.959184	0.000997672
0.632653	-0.918367	0.00149159
0.632653	-0.877551	0.00197962
0.632653	-0.836735	0.00245985
0.632653	-0.795918	0.00293037
0.632653	-0.755102	0.00338934
0.632653	-0.714286	0.00383494
0.632653	-0.673469	0.00426542
0.632653	-0.632653	0.00467908
0.632653	-0.591837	0.00507428
0.632653	-0.55102	0.00544946
0.632653	-0.510204	0.00580315
0.632653	-0.469388	0.00613395
0.632653	-0.428571	0.00644056
0.632653	-0.387755	0.00672175
0.632653	-0.346939	0.00697643
0.632653	-0.306122	0.00720359
0.632653	-0.265306	0.00740233
0.632653	-0.22449	0.00757186
0.632653	-0.183673	0.00771151
0.632653	-0.142857	0.00782074
0.632653	-0.102041	0.00789911
0.632653	-0.0612245	0.00794631
0.632653	-0.0204082	0.00796214
0.632653	0.0204082	0.00794656
0.632653	0.0612245	0.00789961
0.632653	0.102041	0.00782148
0.632653	0.142857	0.00771248
0.632653	0.183673	0.00757304
0.632653	0.22449	0.0074037
0.632653	0.265306	0.00720514
0.632653	0.306122	0.00697813
0.632653	0.346939	0.00672357
0.632653	0.387755	0.00644246
0.632653	0.428571	0.00613592
0.632653	0.469388	0.00580515
0.632653	0.510204	0.00545146
0.632653	0.55102	0.00507625
0.632653	0.591837	0.00468098
0.632653	0.632653	0.00426724
0.632653	0.673469	0.00383664
0.632653	0.714286	0.00339089
0.632653	0.755102	0.00293175
0.632653	0.795918	0.00246103
0.632653	0.836735	0.00198059
0.632653	0.877551	0.00149233
0.632653	0.918367	0.00099817
0.632653	0.959184	0.000500073
0.632653	1	0
0.673469	-1	0.000449385
0.673469	-0.959184	0.000896998
0.673469	-0.918367	0.00134107
0.673469	-0.877551	0.00177986
0.673469	-0.836735	0.00221163
0.673469	-0.795918	0.00263468
0.673469	-0.755102	0.00304733
0.673469	-0.714286	0.00344797
0.673469	-0.673469	0.00383501
0.673469	-0.632653	0.00420692
0.673469	-0.591837	0.00456224
0.673469	-0.55102	0.00489957
0.673469	-0.510204	0.00521757
0.673469	-0.469388	0.00551499
0.673469	-0.428571	0.00579065
0.673469	-0.387755	0.00604347
0.673469	-0.346939	0.00627245
0.673469	-0.306122	0.00647669
0.673469	-0.265306	0.00665537
0.673469	-0.22449	0.0068078
0.673469	-0.183673	0.00693336
0.673469	-0.142857	0.00703157
0.673469	-0.102041	0.00710203
0.673469	-0.0612245	0.00714446
0.673469	-0.0204082	0.0071587
0.673469	0.0204082	0.00714469
0.673469	0.0612245	0.00710247
0.673469	0.102041	0.00703223
0.673469	0.142857	0.00693423
0.673469	0.183673	0.00680886
0.673469	0.22449	0.00665661
0.673469	0.265306	0.00647808
0.673469	0.306122	0.00627398
0.673469	0.346939	0.00604511
0.673469	0.387755	0.00579237
0.673469	0.428571	0.00551676
0.673469	0.469388	0.00521937
0.673469	0.510204	0.00490137
0.673469	0.55102	0.00456401
0.673469	0.591837	0.00420863
0.673469	0.632653	0.00383664
0.673469	0.673469	0.00344949
0.673469	0.714286	0.00304872
0.673469	0.755102	0.00263591
0.673469	0.795918	0.00221269
0.673469	0.836735	0.00178073
0.673469	0.877551	0.00134174
0.673469	0.918367	0.000897447
0.673469	0.959184	0.000449611
0.673469	1	0
0.714286	-1	0.000397175
0.714286	-0.959184	0.000792783
0.714286	-0.918367	0.00118526
0.714286	-0.877551	0.00157307
0.714286	-0.836735	0.00195468
0.714286	-0.795918	0.00232857
0.714286	-0.755102	0.00269328
0.714286	-0.714286	0.00304737
0.714286	-0.673469	0.00338945
0.714286	-0.632653	0.00371815
0.714286	-0.591837	0.00403219
0.714286	-0.55102	0.00433032
0.714286	-0.510204	0.00461138
0.714286	-0.469388	0.00487424
0.714286	-0.428571	0.00511788
0.714286	-0.387755	0.00534133
0.714286	-0.346939	0.0055437
0.714286	-0.306122	0.00572421
0.714286	-0.265306	0.00588214
0.714286	-0.22449	0.00601685
0.714286	-0.183673	0.00612783
0.714286	-0.142857	0.00621462
0.714286	-0.102041	0.0062769
0.714286	-0.0612245	0.0063144
0.714286	-0.0204082	0.00632698
0.714286	0.0204082	0.0063146
0.714286	0.0612245	0.00627729
0.714286	0.102041	0.00621521
0.714286	0.142857	0.00612859
0.714286	0.183673	0.00601779
0.714286	0.22449	0.00588323
0.714286	0.265306	0.00572544
0.714286	0.306122	0.00554505
0.714286	0.346939	0.00534277
0.714286	0.387755	0.00511939
0.714286	0.428571	0.00487581
0.714286	0.469388	0.00461297
0.714286	0.510204	0.00433191
0.714286	0.55102	0.00403375
0.714286	0.591837	0.00371967
0.714286	0.632653	0.00339089
0.714286	0.673469	0.00304872
0.714286	0.714286	0.00269451
0.714286	0.755102	0.00232966
0.714286	0.795918	0.00195561
0.714286	0.836735	0.00157384
0.714286	0.877551	0.00118585
0.714286	0.918367	0.000793179
0.714286	0.959184	0.000397374
0.714286	1	0
0.755102	-1	0.000343395
0.755102	-0.959184	0.000685437
0.755102	-0.918367	0.00102477
0.755102	-0.877551	0.00136007
0.755102	-0.836735	0.00169
0.755102	-0.795918	0.00201327
0.755102	-0.755102	0.0023286
0.755102	-0.714286	0.00263475
0.755102	-0.673469	0.0029305
0.755102	-0.632653	0.0032147
0.755102	-0.591837	0.00348621
0.755102	-0.55102	0.00374398
0.755102	-0.510204	0.00398698
0.755102	-0.469388	0.00421425
0.755102	-0.428571	0.0044249
0.755102	-0.387755	0.00461809
0.755102	-0.346939	0.00479306
0.755102	-0.306122	0.00494913
0.755102	-0.265306	0.00508567
0.755102	-0.22449	0.00520214
0.755102	-0.183673	0.00529809
0.755102	-0.142857	0.00537313
0.755102	-0.102041	0.00542698
0.755102	-0.0612245	0.0054594
0.755102	-0.0204082	0.00547028
0.755102	0.0204082	0.00545957
0.755102	0.0612245	0.00542732
0.755102	0.102041	0.00537364
0.755102	0.142857	0.00529875
0.755102	0.183673	0.00520295
0.755102	0.22449	0.00508661
0.755102	0.265306	0.00495019
0.755102	0.306122	0.00479423
0.755102	0.346939	0.00461933
0.755102	0.387755	0.00442621
0.755102	0.428571	0.0042156
0.755102	0.469388	0.00398835
0.755102	0.510204	0.00374535
0.755102	0.55102	0.00348757
0.755102	0.591837	0.00321601
0.755102	0.632653	0.00293175
0.755102	0.673469	0.00263591
0.755102	0.714286	0.00232966
0.755102	0.755102	0.00201422
0.755102	0.795918	0.00169081
0.755102	0.836735	0.00136074
0.755102	0.877551	0.00102528
0.755102	0.918367	0.000685779
0.755102	0.959184	0.000343568
0.755102	1	0
0.795918	-1	0.00028826
0.795918	-0.959184	0.000575383
0.795918	-0.918367	0.000860237
0.795918	-0.877551	0.0011417
0.795918	-0.836735	0.00141866
0.795918	-0.795918	0.00169002
0.795918	-0.755102	0.00195472
0.795918	-0.714286	0.00221171
0.795918	-0.673469	0.00245998
0.795918	-0.632653	0.00269855
0.795918	-0.591837	0.00292647
0.795918	-0.55102	0.00314285
0.795918	-0.510204	0.00334683
0.795918	-0.469388	0.00353761
0.795918	-0.428571	0.00371444
0.795918	-0.387755	0.00387661
0.795918	-0.346939	0.00402349
0.795918	-0.306122	0.0041545
0.795918	-0.265306	0.00426912
0.795918	-0.22449	0.00436689
0.795918	-0.183673	0.00444743
0.795918	-0.142857	0.00451043
0.795918	-0.102041	0.00455562
0.795918	-0.0612245	0.00458284
0.795918	-0.0204082	0.00459198
0.795918	0.0204082	0.00458299
0.795918	0.0612245	0.00455591
0.795918	0.102041	0.00451085
0.795918	0.142857	0.00444799
0.795918	0.183673	0.00436757
0.795918	0.22449	0.00426991
0.795918	0.265306	0.00415539
0.795918	0.306122	0.00402447
0.795918	0.346939	0.00387766
0.795918	0.387755	0.00371554
0.795918	0.428571	0.00353875
0.795918	0.469388	0.00334798
0.795918	0.510204	0.003144
0.795918	0.55102	0.0029276
0.795918	0.591837	0.00269965
0.795918	0.632653	0.00246103
0.795918	0.673469	0.00221269
0.795918	0.714286	0.00195561
0.795918	0.755102	0.00169081
0.795918	0.795918	0.00141934
0.795918	0.836735	0.00114226
0.795918	0.877551	0.000860663
0.795918	0.918367	0.000575671
0.795918	0.959184	0.000288405
0.795918	1	0
0.836735	-1	0.000231986
0.836735	-0.959184	0.000463057
0.836735	-0.918367	0.000692303
0.836735	-0.877551	0.000918818
0.836735	-0.836735	0.00114171
0.836735	-0.795918	0.0013601
0.836735	-0.755102	0.00157312
0.836735	-0.714286	0.00177994
0.836735	-0.673469	0.00197974
0.836735	-0.632653	0.00217174
0.836735	-0.591837	0.00235516
0.836735	-0.55102	0.0025293
0.836735	-0.510204	0.00269346
0.836735	-0.469388	0.002847
0.836735	-0.428571	0.00298931
0.836735	-0.387755	0.00311982
0.836735	-0.346939	0.00323803
0.836735	-0.306122	0.00334346
0.836735	-0.265306	0.0034357
0.836735	-0.22449	0.00351439
0.836735	-0.183673	0.00357921
0.836735	-0.142857	0.00362991
0.836735	-0.102041	0.00366628
0.836735	-0.0612245	0.00368818
0.836735	-0.0204082	0.00369553
0.836735	0.0204082	0.0036883
0.836735	0.0612245	0.00366651
0.836735	0.102041	0.00363025
0.836735	0.142857	0.00357966
0.836735	0.183673	0.00351494
0.836735	0.22449	0.00343634
0.836735	0.265306	0.00334418
0.836735	0.306122	0.00323881
0.836735	0.346939	0.00312066
0.836735	0.387755	0.00299019
0.836735	0.428571	0.00284792
0.836735	0.469388	0.00269439
0.836735	0.510204	0.00253023
0.836735	0.55102	0.00235608
0.836735	0.591837	0.00217262
0.836735	0.632653	0.00198059
0.836735	0.673469	0.00178073
0.836735	0.714286	0.00157384
0.836735	0.755102	0.00136074
0.836735	0.795918	0.00114226
0.836735	0.836735	0.000919266
0.836735	0.877551	0.000692645
0.836735	0.918367	0.000463289
0.836735	0.959184	0.000232103
0.836735	1	0
0.877551	-1	0.000174796
0.877551	-0.959184	0.000348903
0.877551	-0.918367	0.000521634
0.877551	-0.877551	0.000692307
0.877551	-0.836735	0.000860251
0.877551	-0.795918	0.0010248
0.877551	-0.755102	0.00118531
0.877551	-0.714286	0.00134115
0.877551	-0.673469	0.00149169
0.877551	-0.632653	0.00163635
0.877551	-0.591837	0.00177456
0.877551	-0.55102	0.00190577
0.877551	-0.510204	0.00202946
0.877551	-0.469388	0.00214515
0.877551	-0.428571	0.00225237
0.877551	-0.387755	0.00235071
0.877551	-0.346939	0.00243978
0.877551	-0.306122	0.00251922
0.877551	-0.265306	0.00258872
0.877551	-0.22449	0.00264801
0.877551	-0.183673	0.00269685
0.877551	-0.142857	0.00273505
0.877551	-0.102041	0.00276245
0.877551	-0.0612245	0.00277896
0.877551	-0.0204082	0.0027845
0.877551	0.0204082	0.00277905
0.877551	0.0612245	0.00276263
0.877551	0.102041	0.00273531
0.877551	0.142857	0.00269719
0.877551	0.183673	0.00264842
0.877551	0.22449	0.0025892
0.877551	0.265306	0.00251976
0.877551	0.306122	0.00244037
0.877551	0.346939	0.00235135
0.877551	0.387755	0.00225304
0.877551	0.428571	0.00214584
0.877551	0.469388	0.00203016
0.877551	0.510204	0.00190647
0.877551	0.55102	0.00177525
0.877551	0.591837	0.00163702
0.877551	0.632653	0.00149233
0.877551	0.673469	0.00134174
0.877551	0.714286	0.00118585
0.877551	0.755102	0.00102528
0.877551	0.795918	0.000860663
0.877551	0.836735	0.000692645
0.877551	0.877551	0.000521892
0.877551	0.918367	0.000349077
0.877551	0.959184	0.000174884
0.877551	1	0
0.918367	-1	0.000116916
0.918367	-0.959184	0.00023337
0.918367	-0.918367	0.000348905
0.918367	-0.877551	0.000463063
0.918367	-0.836735	0.000575395
0.918367	-0.795918	0.000685458
0.918367	-0.755102	0.000792818
0.918367	-0.714286	0.000897051
0.918367	-0.673469	0.000997746
0.918367	-0.632653	0.00109451
0.918367	-0.591837	0.00118695
0.918367	-0.55102	0.00127471
0.918367	-0.510204	0.00135744
0.918367	-0.469388	0.00143482
0.918367	-0.428571	0.00150654
0.918367	-0.387755	0.00157232
0.918367	-0.346939	0.00163189
0.918367	-0.306122	0.00168503
0.918367	-0.265306	0.00173151
0.918367	-0.22449	0.00177117
0.918367	-0.183673	0.00180384
0.918367	-0.142857	0.00182939
0.918367	-0.102041	0.00184772
0.918367	-0.0612245	0.00185876
0.918367	-0.0204082	0.00186246
0.918367	0.0204082	0.00185882
0.918367	0.0612245	0.00184784
0.918367	0.102041	0.00182956
0.918367	0.142857	0.00180406
0.918367	0.183673	0.00177145
0.918367	0.22449	0.00173184
0.918367	0.265306	0.00168539
0.918367	0.306122	0.00163229
0.918367	0.346939	0.00157274
0.918367	0.387755	0.00150699
0.918367	0.428571	0.00143528
0.918367	0.469388	0.00135791
0.918367	0.510204	0.00127518
0.918367	0.55102	0.00118741
0.918367	0.591837	0.00109495
0.918367	0.632653	0.00099817
0.918367	0.673469	0.000897447
0.918367	0.714286	0.000793179
0.918367	0.755102	0.000685779
0.918367	0.795918	0.000575671
0.918367	0.836735	0.000463289
0.918367	0.877551	0.000349077
0.918367	0.918367	0.000233487
0.918367	0.959184	0.000116974
0.918367	1	0
0.959184	-1	5.85735e-05
0.959184	-0.959184	0.000116916
0.959184	-0.918367	0.000174797
0.959184	-0.877551	0.00023199
0.959184	-0.836735	0.000288267
0.959184	-0.795918	0.000343407
0.959184	-0.755102	0.000397193
0.959184	-0.714286	0.000449413
0.959184	-0.673469	0.00049986
0.959184	-0.632653	0.000548336
0.959184	-0.591837	0.000594649
0.959184	-0.55102	0.000638616
0.959184	-0.510204	0.000680065
0.959184	-0.469388	0.000718831
0.959184	-0.428571	0.000754761
0.959184	-0.387755	0.000787715
0.959184	-0.346939	0.00081756
0.959184	-0.306122	0.000844181
0.959184	-0.265306	0.00086747
0.959184	-0.22449	0.000887338
0.959184	-0.183673	0.000903704
0.959184	-0.142857	0.000916504
0.959184	-0.102041	0.000925688
0.959184	-0.0612245	0.000931219
0.959184	-0.0204082	0.000933075
0.959184	0.0204082	0.000931248
0.959184	0.0612245	0.000925746
0.959184	0.102041	0.000916591
0.959184	0.142857	0.000903817
0.959184	0.183673	0.000887476
0.959184	0.22449	0.000867631
0.959184	0.265306	0.000844362
0.959184	0.306122	0.000817759
0.959184	0.346939	0.000787927
0.959184	0.387755	0.000754985
0.959184	0.428571	0.000719062
0.959184	0.469388	0.000680299
0.959184	0.510204	0.000638851
0.959184	0.55102	0.00059488
0.959184	0.591837	0.000548559
0.959184	0.632653	0.000500073
0.959184	0.673469	0.000449611
0.959184	0.714286	0.000397374
0.959184	0.755102	0.000343568
0.959184	0.795918	0.000288405
0.959184	0.836735	0.000232103
0.959184	0.877551	0.000174884
0.959184	0.918367	0.000116974
0.959184	0.959184	5.8603e-05
0.959184	1	0
1	-1	0
1	-0.959184	0
1	-0.918367	0
1	-0.877551	0
1	-0.836735	0
1	-0.795918	0
1	-0.755102	0
1	-0.714286	0
1	-0.673469	0
1	-0.632653	0
1	-0.591837	0
1	-0.55102	0
1	-0.510204	0
1	-0.469388	0
1	-0.428571	0
1	-0.387755	0
1	-0.346939	0
1	-0.306122	0
1	-0.265306	0
1	-0.22449	0
1	-0.183673	0
1	-0.142857	0
1	-0.102041	0
1	-0.0612245	0
1	-0.0204082	0
1	0.0204082	0
1	0.0612245	0
1	0.102041	0
1	0.142857	0
1	0.183673	0
1	0.22449	0
1	0.265306	0
1	0.306122	0
1	0.346939	0
1	0.387755	0
1	0.428571	0
1	0.469388	0
1	0.510204	0
1	0.55102	0
1	0.591837	0
1	0.632653	0
1	0.673469	0
1	0.714286	0
1	0.755102	0
1	0.795918	0
1	0.836735	0
1	0.877551	0
1	0.918367	0
1	0.959184	0
1	1	0
