-1	-1	3.31617e-05
-1	-0.959184	6.61925e-05
-1	-0.918367	9.89622e-05
-1	-0.877551	0.000131341
-1	-0.836735	0.000163203
-1	-0.795918	0.00019442
-1	-0.755102	0.00022487
-1	-0.714286	0.000254433
-1	-0.673469	0.000282992
-1	-0.632653	0.000310434
-1	-0.591837	0.000336652
-1	-0.55102	0.000361542
-1	-0.510204	0.000385004
-1	-0.469388	0.000406948
-1	-0.428571	0.000427286
-1	-0.387755	0.000445939
-1	-0.346939	0.000462831
-1	-0.306122	0.000477897
-1	-0.265306	0.000491078
-1	-0.22449	0.00050232
-1	-0.183673	0.000511581
-1	-0.142857	0.000518822
-1	-0.102041	0.000524016
-1	-0.0612245	0.000527143
-1	-0.0204082	0.000528188
-1	0.0204082	0.00052715
-1	0.0612245	0.000524031
-1	0.102041	0.000518843
-1	0.142857	0.000511608
-1	0.183673	0.000502354
-1	0.22449	0.000491117
-1	0.265306	0.000477941
-1	0.306122	0.000462879
-1	0.346939	0.00044599
-1	0.387755	0.00042734
-1	0.428571	0.000407004
-1	0.469388	0.000385061
-1	0.510204	0.000361598
-1	0.55102	0.000336708
-1	0.591837	0.000310488
-1	0.632653	0.000283043
-1	0.673469	0.000254481
-1	0.714286	0.000224914
-1	0.755102	0.000194459
-1	0.795918	0.000163236
-1	0.836735	0.000131369
-1	0.877551	9.89831e-05
-1	0.918367	6.62066e-05
-1	0.959184	3.31688e-05
-1	1	0
-0.959184	-1	6.61925e-05
-0.959184	-0.959184	0.000132124
-0.959184	-0.918367	0.000197534
-0.959184	-0.877551	0.000262165
-0.959184	-0.836735	0.000325761
-0.959184	-0.795918	0.000388072
-0.959184	-0.755102	0.000448852
-0.959184	-0.714286	0.000507862
-0.959184	-0.673469	0.000564867
-0.959184	-0.632653	0.000619644
-0.959184	-0.591837	0.000671976
-0.959184	-0.55102	0.000721657
-0.959184	-0.510204	0.00076849
-0.959184	-0.469388	0.000812291
-0.959184	-0.428571	0.000852887
-0.959184	-0.387755	0.000890118
-0.959184	-0.346939	0.000923836
-0.959184	-0.306122	0.000953909
-0.959184	-0.265306	0.000980218
-0.959184	-0.22449	0.00100266
-0.959184	-0.183673	0.00102114
-0.959184	-0.142857	0.0010356
-0.959184	-0.102041	0.00104597
-0.959184	-0.0612245	0.00105221
-0.959184	-0.0204082	0.00105429
-0.959184	0.0204082	0.00105222
-0.959184	0.0612245	0.00104599
-0.959184	0.102041	0.00103564
-0.959184	0.142857	0.0010212
-0.959184	0.183673	0.00100273
-0.959184	0.22449	0.000980296
-0.959184	0.265306	0.000953996
-0.959184	0.306122	0.000923932
-0.959184	0.346939	0.00089022
-0.959184	0.387755	0.000852995
-0.959184	0.428571	0.000812402
-0.959184	0.469388	0.000768603
-0.959184	0.510204	0.00072177
-0.959184	0.55102	0.000672087
-0.959184	0.591837	0.000619752
-0.959184	0.632653	0.00056497
-0.959184	0.673469	0.000507957
-0.959184	0.714286	0.00044894
-0.959184	0.755102	0.00038815
-0.959184	0.795918	0.000325828
-0.959184	0.836735	0.000262219
-0.959184	0.877551	0.000197576
-0.959184	0.918367	0.000132152
-0.959184	0.959184	6.62067e-05
-0.959184	1	0
-0.918367	-1	9.89622e-05
-0.918367	-0.959184	0.000197534
-0.918367	-0.918367	0.000295326
-0.918367	-0.877551	0.000391954
-0.918367	-0.836735	0.000487035
-0.918367	-0.795918	0.000580194
-0.918367	-0.755102	0.000671064
-0.918367	-0.714286	0.000759287
-0.918367	-0.673469	0.000844514
-0.918367	-0.632653	0.000926409
-0.918367	-0.591837	0.00100465
-0.918367	-0.55102	0.00107892
-0.918367	-0.510204	0.00114894
-0.918367	-0.469388	0.00121443
-0.918367	-0.428571	0.00127512
-0.918367	-0.387755	0.00133079
-0.918367	-0.346939	0.0013812
-0.918367	-0.306122	0.00142616
-0.918367	-0.265306	0.00146549
-0.918367	-0.22449	0.00149904
-0.918367	-0.183673	0.00152668
-0.918367	-0.142857	0.00154829
-0.918367	-0.102041	0.00156379
-0.918367	-0.0612245	0.00157312
-0.918367	-0.0204082	0.00157624
-0.918367	0.0204082	0.00157314
-0.918367	0.0612245	0.00156383
-0.918367	0.102041	0.00154835
-0.918367	0.142857	0.00152676
-0.918367	0.183673	0.00149914
-0.918367	0.22449	0.00146561
-0.918367	0.265306	0.00142629
-0.918367	0.306122	0.00138134
-0.918367	0.346939	0.00133094
-0.918367	0.387755	0.00127528
-0.918367	0.428571	0.0012146
-0.918367	0.469388	0.00114911
-0.918367	0.510204	0.00107909
-0.918367	0.55102	0.00100482
-0.918367	0.591837	0.00092657
-0.918367	0.632653	0.000844667
-0.918367	0.673469	0.00075943
-0.918367	0.714286	0.000671195
-0.918367	0.755102	0.00058031
-0.918367	0.795918	0.000487134
-0.918367	0.836735	0.000392035
-0.918367	0.877551	0.000295389
-0.918367	0.918367	0.000197576
-0.918367	0.959184	9.89834e-05
-0.918367	1	0
-0.877551	-1	0.000131341
-0.877551	-0.959184	0.000262165
-0.877551	-0.918367	0.000391954
-0.877551	-0.877551	0.000520196
-0.877551	-0.836735	0.000646387
-0.877551	-0.795918	0.000770027
-0.877551	-0.755102	0.000890629
-0.877551	-0.714286	0.00100772
-0.877551	-0.673469	0.00112083
-0.877551	-0.632653	0.00122952
-0.877551	-0.591837	0.00133336
-0.877551	-0.55102	0.00143194
-0.877551	-0.510204	0.00152486
-0.877551	-0.469388	0.00161178
-0.877551	-0.428571	0.00169233
-0.877551	-0.387755	0.0017662
-0.877551	-0.346939	0.00183311
-0.877551	-0.306122	0.00189278
-0.877551	-0.265306	0.00194498
-0.877551	-0.22449	0.00198951
-0.877551	-0.183673	0.00202619
-0.877551	-0.142857	0.00205487
-0.877551	-0.102041	0.00207544
-0.877551	-0.0612245	0.00208782
-0.877551	-0.0204082	0.00209196
-0.877551	0.0204082	0.00208785
-0.877551	0.0612245	0.0020755
-0.877551	0.102041	0.00205495
-0.877551	0.142857	0.0020263
-0.877551	0.183673	0.00198964
-0.877551	0.22449	0.00194514
-0.877551	0.265306	0.00189295
-0.877551	0.306122	0.0018333
-0.877551	0.346939	0.00176641
-0.877551	0.387755	0.00169254
-0.877551	0.428571	0.001612
-0.877551	0.469388	0.00152509
-0.877551	0.510204	0.00143216
-0.877551	0.55102	0.00133358
-0.877551	0.591837	0.00122973
-0.877551	0.632653	0.00112103
-0.877551	0.673469	0.00100791
-0.877551	0.714286	0.000890802
-0.877551	0.755102	0.00077018
-0.877551	0.795918	0.000646519
-0.877551	0.836735	0.000520305
-0.877551	0.877551	0.000392036
-0.877551	0.918367	0.000262221
-0.877551	0.959184	0.00013137
-0.877551	1	0
-0.836735	-1	0.000163203
-0.836735	-0.959184	0.000325761
-0.836735	-0.918367	0.000487035
-0.836735	-0.877551	0.000646387
-0.836735	-0.836735	0.000803188
-0.836735	-0.795918	0.000956821
-0.836735	-0.755102	0.00110668
-0.836735	-0.714286	0.00125217
-0.836735	-0.673469	0.00139272
-0.836735	-0.632653	0.00152778
-0.836735	-0.591837	0.00165681
-0.836735	-0.55102	0.0017793
-0.836735	-0.510204	0.00189477
-0.836735	-0.469388	0.00200276
-0.836735	-0.428571	0.00210286
-0.836735	-0.387755	0.00219465
-0.836735	-0.346939	0.00227779
-0.836735	-0.306122	0.00235193
-0.836735	-0.265306	0.0024168
-0.836735	-0.22449	0.00247213
-0.836735	-0.183673	0.0025177
-0.836735	-0.142857	0.00255334
-0.836735	-0.102041	0.00257891
-0.836735	-0.0612245	0.00259429
-0.836735	-0.0204082	0.00259944
-0.836735	0.0204082	0.00259433
-0.836735	0.0612245	0.00257897
-0.836735	0.102041	0.00255345
-0.836735	0.142857	0.00251784
-0.836735	0.183673	0.00247229
-0.836735	0.22449	0.00241699
-0.836735	0.265306	0.00235215
-0.836735	0.306122	0.00227802
-0.836735	0.346939	0.0021949
-0.836735	0.387755	0.00210312
-0.836735	0.428571	0.00200304
-0.836735	0.469388	0.00189505
-0.836735	0.510204	0.00177958
-0.836735	0.55102	0.00165708
-0.836735	0.591837	0.00152804
-0.836735	0.632653	0.00139297
-0.836735	0.673469	0.00125241
-0.836735	0.714286	0.00110689
-0.836735	0.755102	0.000957012
-0.836735	0.795918	0.000803352
-0.836735	0.836735	0.000646521
-0.836735	0.877551	0.000487137
-0.836735	0.918367	0.000325831
-0.836735	0.959184	0.000163238
-0.836735	1	0
-0.795918	-1	0.00019442
-0.795918	-0.959184	0.000388072
-0.795918	-0.918367	0.000580194
-0.795918	-0.877551	0.000770027
-0.795918	-0.836735	0.000956821
-0.795918	-0.795918	0.00113984
-0.795918	-0.755102	0.00131836
-0.795918	-0.714286	0.00149168
-0.795918	-0.673469	0.00165912
-0.795918	-0.632653	0.00182001
-0.795918	-0.591837	0.00197372
-0.795918	-0.55102	0.00211964
-0.795918	-0.510204	0.0022572
-0.795918	-0.469388	0.00238585
-0.795918	-0.428571	0.00250509
-0.795918	-0.387755	0.00261444
-0.795918	-0.346939	0.00271348
-0.795918	-0.306122	0.00280181
-0.795918	-0.265306	0.00287908
-0.795918	-0.22449	0.002945
-0.795918	-0.183673	0.00299929
-0.795918	-0.142857	0.00304174
-0.795918	-0.102041	0.0030722
-0.795918	-0.0612245	0.00309052
-0.795918	-0.0204082	0.00309665
-0.795918	0.0204082	0.00309056
-0.795918	0.0612245	0.00307228
-0.795918	0.102041	0.00304187
-0.795918	0.142857	0.00299945
-0.795918	0.183673	0.00294519
-0.795918	0.22449	0.00287931
-0.795918	0.265306	0.00280207
-0.795918	0.306122	0.00271376
-0.795918	0.346939	0.00261474
-0.795918	0.387755	0.0025054
-0.795918	0.428571	0.00238618
-0.795918	0.469388	0.00225753
-0.795918	0.510204	0.00211997
-0.795918	0.55102	0.00197405
-0.795918	0.591837	0.00182033
-0.795918	0.632653	0.00165942
-0.795918	0.673469	0.00149197
-0.795918	0.714286	0.00131862
-0.795918	0.755102	0.00114007
-0.795918	0.795918	0.000957017
-0.795918	0.836735	0.000770187
-0.795918	0.877551	0.000580316
-0.795918	0.918367	0.000388155
-0.795918	0.959184	0.000194461
-0.795918	1	0
-0.755102	-1	0.00022487
-0.755102	-0.959184	0.000448852
-0.755102	-0.918367	0.000671064
-0.755102	-0.877551	0.000890629
-0.755102	-0.836735	0.00110668
-0.755102	-0.795918	0.00131836
-0.755102	-0.755102	0.00152485
-0.755102	-0.714286	0.00172531
-0.755102	-0.673469	0.00191897
-0.755102	-0.632653	0.00210506
-0.755102	-0.591837	0.00228284
-0.755102	-0.55102	0.00245162
-0.755102	-0.510204	0.00261072
-0.755102	-0.469388	0.00275952
-0.755102	-0.428571	0.00289744
-0.755102	-0.387755	0.00302392
-0.755102	-0.346939	0.00313847
-0.755102	-0.306122	0.00324063
-0.755102	-0.265306	0.00333001
-0.755102	-0.22449	0.00340624
-0.755102	-0.183673	0.00346904
-0.755102	-0.142857	0.00351814
-0.755102	-0.102041	0.00355336
-0.755102	-0.0612245	0.00357456
-0.755102	-0.0204082	0.00358165
-0.755102	0.0204082	0.00357461
-0.755102	0.0612245	0.00355346
-0.755102	0.102041	0.00351828
-0.755102	0.142857	0.00346922
-0.755102	0.183673	0.00340647
-0.755102	0.22449	0.00333027
-0.755102	0.265306	0.00324093
-0.755102	0.306122	0.00313879
-0.755102	0.346939	0.00302426
-0.755102	0.387755	0.0028978
-0.755102	0.428571	0.0027599
-0.755102	0.469388	0.00261111
-0.755102	0.510204	0.002452
-0.755102	0.55102	0.00228322
-0.755102	0.591837	0.00210543
-0.755102	0.632653	0.00191932
-0.755102	0.673469	0.00172564
-0.755102	0.714286	0.00152514
-0.755102	0.755102	0.00131863
-0.755102	0.795918	0.00110691
-0.755102	0.836735	0.000890814
-0.755102	0.877551	0.000671206
-0.755102	0.918367	0.000448948
-0.755102	0.959184	0.000224918
-0.755102	1	0
-0.714286	-1	0.000254433
-0.714286	-0.959184	0.000507862
-0.714286	-0.918367	0.000759287
-0.714286	-0.877551	0.00100772
-0.714286	-0.836735	0.00125217
-0.714286	-0.795918	0.00149168
-0.714286	-0.755102	0.00172531
-0.714286	-0.714286	0.00195213
-0.714286	-0.673469	0.00217125
-0.714286	-0.632653	0.00238181
-0.714286	-0.591837	0.00258296
-0.714286	-0.55102	0.00277393
-0.714286	-0.510204	0.00295395
-0.714286	-0.469388	0.00312231
-0.714286	-0.428571	0.00327835
-0.714286	-0.387755	0.00342146
-0.714286	-0.346939	0.00355107
-0.714286	-0.306122	0.00366666
-0.714286	-0.265306	0.00376779
-0.714286	-0.22449	0.00385405
-0.714286	-0.183673	0.0039251
-0.714286	-0.142857	0.00398066
-0.714286	-0.102041	0.00402051
-0.714286	-0.0612245	0.0040445
-0.714286	-0.0204082	0.00405252
-0.714286	0.0204082	0.00404455
-0.714286	0.0612245	0.00402062
-0.714286	0.102041	0.00398082
-0.714286	0.142857	0.00392531
-0.714286	0.183673	0.00385431
-0.714286	0.22449	0.00376809
-0.714286	0.265306	0.003667
-0.714286	0.306122	0.00355144
-0.714286	0.346939	0.00342186
-0.714286	0.387755	0.00327877
-0.714286	0.428571	0.00312274
-0.714286	0.469388	0.00295438
-0.714286	0.510204	0.00277436
-0.714286	0.55102	0.00258339
-0.714286	0.591837	0.00238222
-0.714286	0.632653	0.00217165
-0.714286	0.673469	0.0019525
-0.714286	0.714286	0.00172565
-0.714286	0.755102	0.00149198
-0.714286	0.795918	0.00125243
-0.714286	0.836735	0.00100793
-0.714286	0.877551	0.000759447
-0.714286	0.918367	0.00050797
-0.714286	0.959184	0.000254487
-0.714286	1	0
-0.673469	-1	0.000282992
-0.673469	-0.959184	0.000564867
-0.673469	-0.918367	0.000844514
-0.673469	-0.877551	0.00112083
-0.673469	-0.836735	0.00139272
-0.673469	-0.795918	0.00165912
-0.673469	-0.755102	0.00191897
-0.673469	-0.714286	0.00217125
-0.673469	-0.673469	0.00241497
-0.673469	-0.632653	0.00264915
-0.673469	-0.591837	0.00287289
-0.673469	-0.55102	0.00308529
-0.673469	-0.510204	0.00328551
-0.673469	-0.469388	0.00347278
-0.673469	-0.428571	0.00364634
-0.673469	-0.387755	0.00380551
-0.673469	-0.346939	0.00394966
-0.673469	-0.306122	0.00407823
-0.673469	-0.265306	0.00419071
-0.673469	-0.22449	0.00428665
-0.673469	-0.183673	0.00436568
-0.673469	-0.142857	0.00442748
-0.673469	-0.102041	0.0044718
-0.673469	-0.0612245	0.00449848
-0.673469	-0.0204082	0.0045074
-0.673469	0.0204082	0.00449854
-0.673469	0.0612245	0.00447192
-0.673469	0.102041	0.00442765
-0.673469	0.142857	0.00436591
-0.673469	0.183673	0.00428694
-0.673469	0.22449	0.00419104
-0.673469	0.265306	0.00407861
-0.673469	0.306122	0.00395007
-0.673469	0.346939	0.00380595
-0.673469	0.387755	0.0036468
-0.673469	0.428571	0.00347325
-0.673469	0.469388	0.003286
-0.673469	0.510204	0.00308577
-0.673469	0.55102	0.00287336
-0.673469	0.591837	0.00264962
-0.673469	0.632653	0.00241541
-0.673469	0.673469	0.00217166
-0.673469	0.714286	0.00191935
-0.673469	0.755102	0.00165945
-0.673469	0.795918	0.00139301
-0.673469	0.836735	0.00112106
-0.673469	0.877551	0.000844692
-0.673469	0.918367	0.000564988
-0.673469	0.959184	0.000283053
-0.673469	1	0
-0.632653	-1	0.000310434
-0.632653	-0.959184	0.000619644
-0.632653	-0.918367	0.000926409
-0.632653	-0.877551	0.00122952
-0.632653	-0.836735	0.00152778
-0.632653	-0.795918	0.00182001
-0.632653	-0.755102	0.00210506
-0.632653	-0.714286	0.00238181
-0.632653	-0.673469	0.00264915
-0.632653	-0.632653	0.00290605
-0.632653	-0.591837	0.00315148
-0.632653	-0.55102	0.00338448
-0.632653	-0.510204	0.00360412
-0.632653	-0.469388	0.00380954
-0.632653	-0.428571	0.00399993
-0.632653	-0.387755	0.00417454
-0.632653	-0.346939	0.00433267
-0.632653	-0.306122	0.00447371
-0.632653	-0.265306	0.0045971
-0.632653	-0.22449	0.00470234
-0.632653	-0.183673	0.00478903
-0.632653	-0.142857	0.00485682
-0.632653	-0.102041	0.00490544
-0.632653	-0.0612245	0.00493471
-0.632653	-0.0204082	0.0049445
-0.632653	0.0204082	0.00493478
-0.632653	0.0612245	0.00490558
-0.632653	0.102041	0.00485702
-0.632653	0.142857	0.00478929
-0.632653	0.183673	0.00470265
-0.632653	0.22449	0.00459746
-0.632653	0.265306	0.00447412
-0.632653	0.306122	0.00433312
-0.632653	0.346939	0.00417502
-0.632653	0.387755	0.00400044
-0.632653	0.428571	0.00381006
-0.632653	0.469388	0.00360465
-0.632653	0.510204	0.00338501
-0.632653	0.55102	0.003152
-0.632653	0.591837	0.00290656
-0.632653	0.632653	0.00264964
-0.632653	0.673469	0.00238225
-0.632653	0.714286	0.00210547
-0.632653	0.755102	0.00182037
-0.632653	0.795918	0.00152809
-0.632653	0.836735	0.00122977
-0.632653	0.877551	0.000926605
-0.632653	0.918367	0.000619776
-0.632653	0.959184	0.000310501
-0.632653	1	0
-0.591837	-1	0.000336652
-0.591837	-0.959184	0.000671976
-0.591837	-0.918367	0.00100465
-0.591837	-0.877551	0.00133336
-0.591837	-0.836735	0.00165681
-0.591837	-0.795918	0.00197372
-0.591837	-0.755102	0.00228284
-0.591837	-0.714286	0.00258296
-0.591837	-0.673469	0.00287289
-0.591837	-0.632653	0.00315148
-0.591837	-0.591837	0.00341764
-0.591837	-0.55102	0.00367031
-0.591837	-0.510204	0.00390851
-0.591837	-0.469388	0.00413128
-0.591837	-0.428571	0.00433775
-0.591837	-0.387755	0.0045271
-0.591837	-0.346939	0.00469859
-0.591837	-0.306122	0.00485154
-0.591837	-0.265306	0.00498534
-0.591837	-0.22449	0.00509948
-0.591837	-0.183673	0.00519349
-0.591837	-0.142857	0.005267
-0.591837	-0.102041	0.00531973
-0.591837	-0.0612245	0.00535147
-0.591837	-0.0204082	0.00536209
-0.591837	0.0204082	0.00535154
-0.591837	0.0612245	0.00531988
-0.591837	0.102041	0.00526722
-0.591837	0.142857	0.00519377
-0.591837	0.183673	0.00509982
-0.591837	0.22449	0.00498574
-0.591837	0.265306	0.00485198
-0.591837	0.306122	0.00469908
-0.591837	0.346939	0.00452762
-0.591837	0.387755	0.00433829
-0.591837	0.428571	0.00413184
-0.591837	0.469388	0.00390908
-0.591837	0.510204	0.00367089
-0.591837	0.55102	0.00341821
-0.591837	0.591837	0.00315203
-0.591837	0.632653	0.00287341
-0.591837	0.673469	0.00258345
-0.591837	0.714286	0.00228329
-0.591837	0.755102	0.00197411
-0.591837	0.795918	0.00165715
-0.591837	0.836735	0.00133364
-0.591837	0.877551	0.00100486
-0.591837	0.918367	0.000672119
-0.591837	0.959184	0.000336724
-0.591837	1	0
-0.55102	-1	0.000361542
-0.55102	-0.959184	0.000721657
-0.55102	-0.918367	0.00107892
-0.55102	-0.877551	0.00143194
-0.55102	-0.836735	0.0017793
-0.55102	-0.795918	0.00211964
-0.55102	-0.755102	0.00245162
-0.55102	-0.714286	0.00277393
-0.55102	-0.673469	0.00308529
-0.55102	-0.632653	0.00338448
-0.55102	-0.591837	0.00367031
-0.55102	-0.55102	0.00394167
-0.55102	-0.510204	0.00419747
-0.55102	-0.469388	0.00443671
-0.55102	-0.428571	0.00465844
-0.55102	-0.387755	0.0048618
-0.55102	-0.346939	0.00504597
-0.55102	-0.306122	0.00521022
-0.55102	-0.265306	0.00535392
-0.55102	-0.22449	0.00547649
-0.55102	-0.183673	0.00557745
-0.55102	-0.142857	0.0056564
-0.55102	-0.102041	0.00571303
-0.55102	-0.0612245	0.00574712
-0.55102	-0.0204082	0.00575852
-0.55102	0.0204082	0.00574719
-0.55102	0.0612245	0.00571319
-0.55102	0.102041	0.00565663
-0.55102	0.142857	0.00557775
-0.55102	0.183673	0.00547686
-0.55102	0.22449	0.00535435
-0.55102	0.265306	0.0052107
-0.55102	0.306122	0.00504649
-0.55102	0.346939	0.00486236
-0.55102	0.387755	0.00465903
-0.55102	0.428571	0.00443732
-0.55102	0.469388	0.00419809
-0.55102	0.510204	0.00394229
-0.55102	0.55102	0.00367092
-0.55102	0.591837	0.00338507
-0.55102	0.632653	0.00308585
-0.55102	0.673469	0.00277445
-0.55102	0.714286	0.0024521
-0.55102	0.755102	0.00212006
-0.55102	0.795918	0.00177966
-0.55102	0.836735	0.00143223
-0.55102	0.877551	0.00107915
-0.55102	0.918367	0.000721811
-0.55102	0.959184	0.000361619
-0.55102	1	0
-0.510204	-1	0.000385004
-0.510204	-0.959184	0.00076849
-0.510204	-0.918367	0.00114894
-0.510204	-0.877551	0.00152486
-0.510204	-0.836735	0.00189477
-0.510204	-0.795918	0.0022572
-0.510204	-0.755102	0.00261072
-0.510204	-0.714286	0.00295395
-0.510204	-0.673469	0.00328551
-0.510204	-0.632653	0.00360412
-0.510204	-0.591837	0.00390851
-0.510204	-0.55102	0.00419747
-0.510204	-0.510204	0.00446987
-0.510204	-0.469388	0.00472464
-0.510204	-0.428571	0.00496076
-0.510204	-0.387755	0.00517731
-0.510204	-0.346939	0.00537343
-0.510204	-0.306122	0.00554835
-0.510204	-0.265306	0.00570138
-0.510204	-0.22449	0.0058319
-0.510204	-0.183673	0.00593941
-0.510204	-0.142857	0.00602349
-0.510204	-0.102041	0.00608379
-0.510204	-0.0612245	0.00612009
-0.510204	-0.0204082	0.00613223
-0.510204	0.0204082	0.00612017
-0.510204	0.0612245	0.00608396
-0.510204	0.102041	0.00602373
-0.510204	0.142857	0.00593973
-0.510204	0.183673	0.00583229
-0.510204	0.22449	0.00570183
-0.510204	0.265306	0.00554886
-0.510204	0.306122	0.00537399
-0.510204	0.346939	0.00517791
-0.510204	0.387755	0.00496139
-0.510204	0.428571	0.00472529
-0.510204	0.469388	0.00447053
-0.510204	0.510204	0.00419813
-0.510204	0.55102	0.00390915
-0.510204	0.591837	0.00360475
-0.510204	0.632653	0.00328611
-0.510204	0.673469	0.0029545
-0.510204	0.714286	0.00261123
-0.510204	0.755102	0.00225765
-0.510204	0.795918	0.00189516
-0.510204	0.836735	0.00152518
-0.510204	0.877551	0.00114919
-0.510204	0.918367	0.000768654
-0.510204	0.959184	0.000385087
-0.510204	1	0
-0.469388	-1	0.000406948
-0.469388	-0.959184	0.000812291
-0.469388	-0.918367	0.00121443
-0.469388	-0.877551	0.00161178
-0.469388	-0.836735	0.00200276
-0.469388	-0.795918	0.00238585
-0.469388	-0.755102	0.00275952
-0.469388	-0.714286	0.00312231
-0.469388	-0.673469	0.00347278
-0.469388	-0.632653	0.00380954
-0.469388	-0.591837	0.00413128
-0.469388	-0.55102	0.00443671
-0.469388	-0.510204	0.00472464
-0.469388	-0.469388	0.00499393
-0.469388	-0.428571	0.00524351
-0.469388	-0.387755	0.0054724
-0.469388	-0.346939	0.0056797
-0.469388	-0.306122	0.00586459
-0.469388	-0.265306	0.00602633
-0.469388	-0.22449	0.0061643
-0.469388	-0.183673	0.00627794
-0.469388	-0.142857	0.0063668
-0.469388	-0.102041	0.00643054
-0.469388	-0.0612245	0.00646891
-0.469388	-0.0204082	0.00648174
-0.469388	0.0204082	0.006469
-0.469388	0.0612245	0.00643072
-0.469388	0.102041	0.00636706
-0.469388	0.142857	0.00627827
-0.469388	0.183673	0.00616471
-0.469388	0.22449	0.00602681
-0.469388	0.265306	0.00586512
-0.469388	0.306122	0.00568029
-0.469388	0.346939	0.00547303
-0.469388	0.387755	0.00524417
-0.469388	0.428571	0.00499461
-0.469388	0.469388	0.00472533
-0.469388	0.510204	0.00443741
-0.469388	0.55102	0.00413196
-0.469388	0.591837	0.0038102
-0.469388	0.632653	0.00347341
-0.469388	0.673469	0.0031229
-0.469388	0.714286	0.00276006
-0.469388	0.755102	0.00238633
-0.469388	0.795918	0.00200317
-0.469388	0.836735	0.00161211
-0.469388	0.877551	0.00121469
-0.469388	0.918367	0.000812464
-0.469388	0.959184	0.000407036
-0.469388	1	0
-0.428571	-1	0.000427286
-0.428571	-0.959184	0.000852887
-0.428571	-0.918367	0.00127512
-0.428571	-0.877551	0.00169233
-0.428571	-0.836735	0.00210286
-0.428571	-0.795918	0.00250509
-0.428571	-0.755102	0.00289744
-0.428571	-0.714286	0.00327835
-0.428571	-0.673469	0.00364634
-0.428571	-0.632653	0.00399993
-0.428571	-0.591837	0.00433775
-0.428571	-0.55102	0.00465844
-0.428571	-0.510204	0.00496076
-0.428571	-0.469388	0.00524351
-0.428571	-0.428571	0.00550556
-0.428571	-0.387755	0.0057459
-0.428571	-0.346939	0.00596356
-0.428571	-0.306122	0.00615768
-0.428571	-0.265306	0.00632751
-0.428571	-0.22449	0.00647237
-0.428571	-0.183673	0.00659169
-0.428571	-0.142857	0.006685
-0.428571	-0.102041	0.00675193
-0.428571	-0.0612245	0.00679221
-0.428571	-0.0204082	0.00680568
-0.428571	0.0204082	0.0067923
-0.428571	0.0612245	0.00675211
-0.428571	0.102041	0.00668527
-0.428571	0.142857	0.00659204
-0.428571	0.183673	0.0064728
-0.428571	0.22449	0.00632801
-0.428571	0.265306	0.00615825
-0.428571	0.306122	0.00596417
-0.428571	0.346939	0.00574656
-0.428571	0.387755	0.00550626
-0.428571	0.428571	0.00524423
-0.428571	0.469388	0.00496149
-0.428571	0.510204	0.00465917
-0.428571	0.55102	0.00433846
-0.428571	0.591837	0.00400063
-0.428571	0.632653	0.003647
-0.428571	0.673469	0.00327897
-0.428571	0.714286	0.002898
-0.428571	0.755102	0.00250559
-0.428571	0.795918	0.00210329
-0.428571	0.836735	0.00169268
-0.428571	0.877551	0.00127539
-0.428571	0.918367	0.000853069
-0.428571	0.959184	0.000427378
-0.428571	1	0
-0.387755	-1	0.000445939
-0.387755	-0.959184	0.000890118
-0.387755	-0.918367	0.00133079
-0.387755	-0.877551	0.0017662
-0.387755	-0.836735	0.00219465
-0.387755	-0.795918	0.00261444
-0.387755	-0.755102	0.00302392
-0.387755	-0.714286	0.00342146
-0.387755	-0.673469	0.00380551
-0.387755	-0.632653	0.00417454
-0.387755	-0.591837	0.0045271
-0.387755	-0.55102	0.0048618
-0.387755	-0.510204	0.00517731
-0.387755	-0.469388	0.0054724
-0.387755	-0.428571	0.0057459
-0.387755	-0.387755	0.00599672
-0.387755	-0.346939	0.00622388
-0.387755	-0.306122	0.00642648
-0.387755	-0.265306	0.00660372
-0.387755	-0.22449	0.00675491
-0.387755	-0.183673	0.00687944
-0.387755	-0.142857	0.00697682
-0.387755	-0.102041	0.00704666
-0.387755	-0.0612245	0.0070887
-0.387755	-0.0204082	0.00710277
-0.387755	0.0204082	0.0070888
-0.387755	0.0612245	0.00704685
-0.387755	0.102041	0.0069771
-0.387755	0.142857	0.0068798
-0.387755	0.183673	0.00675536
-0.387755	0.22449	0.00660425
-0.387755	0.265306	0.00642707
-0.387755	0.306122	0.00622452
-0.387755	0.346939	0.00599741
-0.387755	0.387755	0.00574662
-0.387755	0.428571	0.00547315
-0.387755	0.469388	0.00517807
-0.387755	0.510204	0.00486256
-0.387755	0.55102	0.00452785
-0.387755	0.591837	0.00417526
-0.387755	0.632653	0.0038062
-0.387755	0.673469	0.00342211
-0.387755	0.714286	0.0030245
-0.387755	0.755102	0.00261496
-0.387755	0.795918	0.0021951
-0.387755	0.836735	0.00176657
-0.387755	0.877551	0.00133107
-0.387755	0.918367	0.000890308
-0.387755	0.959184	0.000446034
-0.387755	1	0
-0.346939	-1	0.000462831
-0.346939	-0.959184	0.000923836
-0.346939	-0.918367	0.0013812
-0.346939	-0.877551	0.00183311
-0.346939	-0.836735	0.00227779
-0.346939	-0.795918	0.00271348
-0.346939	-0.755102	0.00313847
-0.346939	-0.714286	0.00355107
-0.346939	-0.673469	0.00394966
-0.346939	-0.632653	0.00433267
-0.346939	-0.591837	0.00469859
-0.346939	-0.55102	0.00504597
-0.346939	-0.510204	0.00537343
-0.346939	-0.469388	0.0056797
-0.346939	-0.428571	0.00596356
-0.346939	-0.387755	0.00622388
-0.346939	-0.346939	0.00645965
-0.346939	-0.306122	0.00666992
-0.346939	-0.265306	0.00685388
-0.346939	-0.22449	0.00701079
-0.346939	-0.183673	0.00714003
-0.346939	-0.142857	0.0072411
-0.346939	-0.102041	0.0073136
-0.346939	-0.0612245	0.00735723
-0.346939	-0.0204082	0.00737183
-0.346939	0.0204082	0.00735733
-0.346939	0.0612245	0.00731379
-0.346939	0.102041	0.0072414
-0.346939	0.142857	0.00714042
-0.346939	0.183673	0.00701125
-0.346939	0.22449	0.00685442
-0.346939	0.265306	0.00667053
-0.346939	0.306122	0.00646031
-0.346939	0.346939	0.0062246
-0.346939	0.387755	0.00596431
-0.346939	0.428571	0.00568048
-0.346939	0.469388	0.00537422
-0.346939	0.510204	0.00504676
-0.346939	0.55102	0.00469937
-0.346939	0.591837	0.00433343
-0.346939	0.632653	0.00395038
-0.346939	0.673469	0.00355174
-0.346939	0.714286	0.00313908
-0.346939	0.755102	0.00271402
-0.346939	0.795918	0.00227825
-0.346939	0.836735	0.00183349
-0.346939	0.877551	0.00138149
-0.346939	0.918367	0.000924033
-0.346939	0.959184	0.00046293
-0.346939	1	0
-0.306122	-1	0.000477897
-0.306122	-0.959184	0.000953909
-0.306122	-0.918367	0.00142616
-0.306122	-0.877551	0.00189278
-0.306122	-0.836735	0.00235193
-0.306122	-0.795918	0.00280181
-0.306122	-0.755102	0.00324063
-0.306122	-0.714286	0.00366666
-0.306122	-0.673469	0.00407823
-0.306122	-0.632653	0.00447371
-0.306122	-0.591837	0.00485154
-0.306122	-0.55102	0.00521022
-0.306122	-0.510204	0.00554835
-0.306122	-0.469388	0.00586459
-0.306122	-0.428571	0.00615768
-0.306122	-0.387755	0.00642648
-0.306122	-0.346939	0.00666992
-0.306122	-0.306122	0.00688704
-0.306122	-0.265306	0.00707699
-0.306122	-0.22449	0.00723901
-0.306122	-0.183673	0.00737246
-0.306122	-0.142857	0.00747682
-0.306122	-0.102041	0.00755167
-0.306122	-0.0612245	0.00759672
-0.306122	-0.0204082	0.0076118
-0.306122	0.0204082	0.00759683
-0.306122	0.0612245	0.00755188
-0.306122	0.102041	0.00747712
-0.306122	0.142857	0.00737285
-0.306122	0.183673	0.00723949
-0.306122	0.22449	0.00707755
-0.306122	0.265306	0.00688767
-0.306122	0.306122	0.00667061
-0.306122	0.346939	0.00642722
-0.306122	0.387755	0.00615846
-0.306122	0.428571	0.00586539
-0.306122	0.469388	0.00554917
-0.306122	0.510204	0.00521104
-0.306122	0.55102	0.00485234
-0.306122	0.591837	0.00447449
-0.306122	0.632653	0.00407897
-0.306122	0.673469	0.00366736
-0.306122	0.714286	0.00324126
-0.306122	0.755102	0.00280237
-0.306122	0.795918	0.00235241
-0.306122	0.836735	0.00189317
-0.306122	0.877551	0.00142646
-0.306122	0.918367	0.000954113
-0.306122	0.959184	0.000478
-0.306122	1	0
-0.265306	-1	0.000491078
-0.265306	-0.959184	0.000980218
-0.265306	-0.918367	0.00146549
-0.265306	-0.877551	0.00194498
-0.265306	-0.836735	0.0024168
-0.265306	-0.795918	0.00287908
-0.265306	-0.755102	0.00333001
-0.265306	-0.714286	0.00376779
-0.265306	-0.673469	0.00419071
-0.265306	-0.632653	0.0045971
-0.265306	-0.591837	0.00498534
-0.265306	-0.55102	0.00535392
-0.265306	-0.510204	0.00570138
-0.265306	-0.469388	0.00602633
-0.265306	-0.428571	0.00632751
-0.265306	-0.387755	0.00660372
-0.265306	-0.346939	0.00685388
-0.265306	-0.306122	0.00707699
-0.265306	-0.265306	0.00727217
-0.265306	-0.22449	0.00743866
-0.265306	-0.183673	0.00757579
-0.265306	-0.142857	0.00768303
-0.265306	-0.102041	0.00775995
-0.265306	-0.0612245	0.00780624
-0.265306	-0.0204082	0.00782173
-0.265306	0.0204082	0.00780635
-0.265306	0.0612245	0.00776016
-0.265306	0.102041	0.00768334
-0.265306	0.142857	0.0075762
-0.265306	0.183673	0.00743915
-0.265306	0.22449	0.00727275
-0.265306	0.265306	0.00707764
-0.265306	0.306122	0.00685459
-0.265306	0.346939	0.00660448
-0.265306	0.387755	0.00632831
-0.265306	0.428571	0.00602716
-0.265306	0.469388	0.00570221
-0.265306	0.510204	0.00535476
-0.265306	0.55102	0.00498617
-0.265306	0.591837	0.0045979
-0.265306	0.632653	0.00419147
-0.265306	0.673469	0.0037685
-0.265306	0.714286	0.00333065
-0.265306	0.755102	0.00287966
-0.265306	0.795918	0.00241729
-0.265306	0.836735	0.00194539
-0.265306	0.877551	0.0014658
-0.265306	0.918367	0.000980427
-0.265306	0.959184	0.000491183
-0.265306	1	0
-0.22449	-1	0.00050232
-0.22449	-0.959184	0.00100266
-0.22449	-0.918367	0.00149904
-0.22449	-0.877551	0.00198951
-0.22449	-0.836735	0.00247213
-0.22449	-0.795918	0.002945
-0.22449	-0.755102	0.00340624
-0.22449	-0.714286	0.00385405
-0.22449	-0.673469	0.00428665
-0.22449	-0.632653	0.00470234
-0.22449	-0.591837	0.00509948
-0.22449	-0.55102	0.00547649
-0.22449	-0.510204	0.0058319
-0.22449	-0.469388	0.0061643
-0.22449	-0.428571	0.00647237
-0.22449	-0.387755	0.00675491
-0.22449	-0.346939	0.00701079
-0.22449	-0.306122	0.00723901
-0.22449	-0.265306	0.00743866
-0.22449	-0.22449	0.00760896
-0.22449	-0.183673	0.00774923
-0.22449	-0.142857	0.00785892
-0.22449	-0.102041	0.0079376
-0.22449	-0.0612245	0.00798496
-0.22449	-0.0204082	0.0080008
-0.22449	0.0204082	0.00798506
-0.22449	0.0612245	0.00793782
-0.22449	0.102041	0.00785924
-0.22449	0.142857	0.00774964
-0.22449	0.183673	0.00760946
-0.22449	0.22449	0.00743925
-0.22449	0.265306	0.00723967
-0.22449	0.306122	0.00701152
-0.22449	0.346939	0.00675569
-0.22449	0.387755	0.00647319
-0.22449	0.428571	0.00616514
-0.22449	0.469388	0.00583276
-0.22449	0.510204	0.00547735
-0.22449	0.55102	0.00510032
-0.22449	0.591837	0.00470316
-0.22449	0.632653	0.00428743
-0.22449	0.673469	0.00385478
-0.22449	0.714286	0.0034069
-0.22449	0.755102	0.00294558
-0.22449	0.795918	0.00247263
-0.22449	0.836735	0.00198992
-0.22449	0.877551	0.00149936
-0.22449	0.918367	0.00100287
-0.22449	0.959184	0.000502428
-0.22449	1	0
-0.183673	-1	0.000511581
-0.183673	-0.959184	0.00102114
-0.183673	-0.918367	0.00152668
-0.183673	-0.877551	0.00202619
-0.183673	-0.836735	0.0025177
-0.183673	-0.795918	0.00299929
-0.183673	-0.755102	0.00346904
-0.183673	-0.714286	0.0039251
-0.183673	-0.673469	0.00436568
-0.183673	-0.632653	0.00478903
-0.183673	-0.591837	0.00519349
-0.183673	-0.55102	0.00557745
-0.183673	-0.510204	0.00593941
-0.183673	-0.469388	0.00627794
-0.183673	-0.428571	0.00659169
-0.183673	-0.387755	0.00687944
-0.183673	-0.346939	0.00714003
-0.183673	-0.306122	0.00737246
-0.183673	-0.265306	0.00757579
-0.183673	-0.22449	0.00774923
-0.183673	-0.183673	0.00789209
-0.183673	-0.142857	0.0080038
-0.183673	-0.102041	0.00808393
-0.183673	-0.0612245	0.00813216
-0.183673	-0.0204082	0.00814829
-0.183673	0.0204082	0.00813227
-0.183673	0.0612245	0.00808415
-0.183673	0.102041	0.00800413
-0.183673	0.142857	0.00789251
-0.183673	0.183673	0.00774975
-0.183673	0.22449	0.00757639
-0.183673	0.265306	0.00737313
-0.183673	0.306122	0.00714077
-0.183673	0.346939	0.00688023
-0.183673	0.387755	0.00659252
-0.183673	0.428571	0.0062788
-0.183673	0.469388	0.00594029
-0.183673	0.510204	0.00557833
-0.183673	0.55102	0.00519435
-0.183673	0.591837	0.00478986
-0.183673	0.632653	0.00436647
-0.183673	0.673469	0.00392584
-0.183673	0.714286	0.00346971
-0.183673	0.755102	0.00299989
-0.183673	0.795918	0.00251822
-0.183673	0.836735	0.00202661
-0.183673	0.877551	0.001527
-0.183673	0.918367	0.00102136
-0.183673	0.959184	0.00051169
-0.183673	1	0
-0.142857	-1	0.000518822
-0.142857	-0.959184	0.0010356
-0.142857	-0.918367	0.00154829
-0.142857	-0.877551	0.00205487
-0.142857	-0.836735	0.00255334
-0.142857	-0.795918	0.00304174
-0.142857	-0.755102	0.00351814
-0.142857	-0.714286	0.00398066
-0.142857	-0.673469	0.00442748
-0.142857	-0.632653	0.00485682
-0.142857	-0.591837	0.005267
-0.142857	-0.55102	0.0056564
-0.142857	-0.510204	0.00602349
-0.142857	-0.469388	0.0063668
-0.142857	-0.428571	0.006685
-0.142857	-0.387755	0.00697682
-0.142857	-0.346939	0.0072411
-0.142857	-0.306122	0.00747682
-0.142857	-0.265306	0.00768303
-0.142857	-0.22449	0.00785892
-0.142857	-0.183673	0.0080038
-0.142857	-0.142857	0.0081171
-0.142857	-0.102041	0.00819836
-0.142857	-0.0612245	0.00824727
-0.142857	-0.0204082	0.00826364
-0.142857	0.0204082	0.00824738
-0.142857	0.0612245	0.00819858
-0.142857	0.102041	0.00811743
-0.142857	0.142857	0.00800423
-0.142857	0.183673	0.00785945
-0.142857	0.22449	0.00768364
-0.142857	0.265306	0.0074775
-0.142857	0.306122	0.00724185
-0.142857	0.346939	0.00697762
-0.142857	0.387755	0.00668584
-0.142857	0.428571	0.00636768
-0.142857	0.469388	0.00602437
-0.142857	0.510204	0.00565729
-0.142857	0.55102	0.00526788
-0.142857	0.591837	0.00485766
-0.142857	0.632653	0.00442828
-0.142857	0.673469	0.00398141
-0.142857	0.714286	0.00351883
-0.142857	0.755102	0.00304235
-0.142857	0.795918	0.00255386
-0.142857	0.836735	0.0020553
-0.142857	0.877551	0.00154861
-0.142857	0.918367	0.00103582
-0.142857	0.959184	0.000518934
-0.142857	1	0
-0.102041	-1	0.000524016
-0.102041	-0.959184	0.00104597
-0.102041	-0.918367	0.00156379
-0.102041	-0.877551	0.00207544
-0.102041	-0.836735	0.00257891
-0.102041	-0.795918	0.0030722
-0.102041	-0.755102	0.00355336
-0.102041	-0.714286	0.00402051
-0.102041	-0.673469	0.0044718
-0.102041	-0.632653	0.00490544
-0.102041	-0.591837	0.00531973
-0.102041	-0.55102	0.00571303
-0.102041	-0.510204	0.00608379
-0.102041	-0.469388	0.00643054
-0.102041	-0.428571	0.00675193
-0.102041	-0.387755	0.00704666
-0.102041	-0.346939	0.0073136
-0.102041	-0.306122	0.00755167
-0.102041	-0.265306	0.00775995
-0.102041	-0.22449	0.0079376
-0.102041	-0.183673	0.00808393
-0.102041	-0.142857	0.00819836
-0.102041	-0.102041	0.00828044
-0.102041	-0.0612245	0.00832984
-0.102041	-0.0204082	0.00834637
-0.102041	0.0204082	0.00832995
-0.102041	0.0612245	0.00828066
-0.102041	0.102041	0.00819869
-0.102041	0.142857	0.00808437
-0.102041	0.183673	0.00793813
-0.102041	0.22449	0.00776056
-0.102041	0.265306	0.00755236
-0.102041	0.306122	0.00731435
-0.102041	0.346939	0.00704748
-0.102041	0.387755	0.00675278
-0.102041	0.428571	0.00643143
-0.102041	0.469388	0.00608469
-0.102041	0.510204	0.00571393
-0.102041	0.55102	0.00532061
-0.102041	0.591837	0.0049063
-0.102041	0.632653	0.00447261
-0.102041	0.673469	0.00402127
-0.102041	0.714286	0.00355406
-0.102041	0.755102	0.00307281
-0.102041	0.795918	0.00257943
-0.102041	0.836735	0.00207587
-0.102041	0.877551	0.00156412
-0.102041	0.918367	0.00104619
-0.102041	0.959184	0.000524129
-0.102041	1	0
-0.0612245	-1	0.000527143
-0.0612245	-0.959184	0.00105221
-0.0612245	-0.918367	0.00157312
-0.0612245	-0.877551	0.00208782
-0.0612245	-0.836735	0.00259429
-0.0612245	-0.795918	0.00309052
-0.0612245	-0.755102	0.00357456
-0.0612245	-0.714286	0.0040445
-0.0612245	-0.673469	0.00449848
-0.0612245	-0.632653	0.00493471
-0.0612245	-0.591837	0.00535147
-0.0612245	-0.55102	0.00574712
-0.0612245	-0.510204	0.00612009
-0.0612245	-0.469388	0.00646891
-0.0612245	-0.428571	0.00679221
-0.0612245	-0.387755	0.0070887
-0.0612245	-0.346939	0.00735723
-0.0612245	-0.306122	0.00759672
-0.0612245	-0.265306	0.00780624
-0.0612245	-0.22449	0.00798496
-0.0612245	-0.183673	0.00813216
-0.0612245	-0.142857	0.00824727
-0.0612245	-0.102041	0.00832984
-0.0612245	-0.0612245	0.00837953
-0.0612245	-0.0204082	0.00839616
-0.0612245	0.0204082	0.00837965
-0.0612245	0.0612245	0.00833006
-0.0612245	0.102041	0.00824761
-0.0612245	0.142857	0.00813259
-0.0612245	0.183673	0.00798549
-0.0612245	0.22449	0.00780686
-0.0612245	0.265306	0.00759742
-0.0612245	0.306122	0.00735799
-0.0612245	0.346939	0.00708952
-0.0612245	0.387755	0.00679306
-0.0612245	0.428571	0.00646979
-0.0612245	0.469388	0.00612099
-0.0612245	0.510204	0.00574802
-0.0612245	0.55102	0.00535236
-0.0612245	0.591837	0.00493557
-0.0612245	0.632653	0.00449929
-0.0612245	0.673469	0.00404526
-0.0612245	0.714286	0.00357526
-0.0612245	0.755102	0.00309114
-0.0612245	0.795918	0.00259482
-0.0612245	0.836735	0.00208826
-0.0612245	0.877551	0.00157345
-0.0612245	0.918367	0.00105243
-0.0612245	0.959184	0.000527256
-0.0612245	1	0
-0.0204082	-1	0.000528188
-0.0204082	-0.959184	0.00105429
-0.0204082	-0.918367	0.00157624
-0.0204082	-0.877551	0.00209196
-0.0204082	-0.836735	0.00259944
-0.0204082	-0.795918	0.00309665
-0.0204082	-0.755102	0.00358165
-0.0204082	-0.714286	0.00405252
-0.0204082	-0.673469	0.0045074
-0.0204082	-0.632653	0.0049445
-0.0204082	-0.591837	0.00536209
-0.0204082	-0.55102	0.00575852
-0.0204082	-0.510204	0.00613223
-0.0204082	-0.469388	0.00648174
-0.0204082	-0.428571	0.00680568
-0.0204082	-0.387755	0.00710277
-0.0204082	-0.346939	0.00737183
-0.0204082	-0.306122	0.0076118
-0.0204082	-0.265306	0.00782173
-0.0204082	-0.22449	0.0080008
-0.0204082	-0.183673	0.00814829
-0.0204082	-0.142857	0.00826364
-0.0204082	-0.102041	0.00834637
-0.0204082	-0.0612245	0.00839616
-0.0204082	-0.0204082	0.00841282
-0.0204082	0.0204082	0.00839627
-0.0204082	0.0612245	0.00834659
-0.0204082	0.102041	0.00826397
-0.0204082	0.142857	0.00814873
-0.0204082	0.183673	0.00800133
-0.0204082	0.22449	0.00782235
-0.0204082	0.265306	0.00761249
-0.0204082	0.306122	0.00737259
-0.0204082	0.346939	0.00710358
-0.0204082	0.387755	0.00680654
-0.0204082	0.428571	0.00648263
-0.0204082	0.469388	0.00613313
-0.0204082	0.510204	0.00575942
-0.0204082	0.55102	0.00536297
-0.0204082	0.591837	0.00494536
-0.0204082	0.632653	0.00450822
-0.0204082	0.673469	0.00405329
-0.0204082	0.714286	0.00358235
-0.0204082	0.755102	0.00309727
-0.0204082	0.795918	0.00259997
-0.0204082	0.836735	0.0020924
-0.0204082	0.877551	0.00157657
-0.0204082	0.918367	0.00105452
-0.0204082	0.959184	0.000528302
-0.0204082	1	0
0.0204082	-1	0.00052715
0.0204082	-0.959184	0.00105222
0.0204082	-0.918367	0.00157314
0.0204082	-0.877551	0.00208785
0.0204082	-0.836735	0.00259433
0.0204082	-0.795918	0.00309056
0.0204082	-0.755102	0.00357461
0.0204082	-0.714286	0.00404455
0.0204082	-0.673469	0.00449854
0.0204082	-0.632653	0.00493478
0.0204082	-0.591837	0.00535154
0.0204082	-0.55102	0.00574719
0.0204082	-0.510204	0.00612017
0.0204082	-0.469388	0.006469
0.0204082	-0.428571	0.0067923
0.0204082	-0.387755	0.0070888
0.0204082	-0.346939	0.00735733
0.0204082	-0.306122	0.00759683
0.0204082	-0.265306	0.00780635
0.0204082	-0.22449	0.00798506
0.0204082	-0.183673	0.00813227
0.0204082	-0.142857	0.00824738
0.0204082	-0.102041	0.00832995
0.0204082	-0.0612245	0.00837965
0.0204082	-0.0204082	0.00839627
0.0204082	0.0204082	0.00837976
0.0204082	0.0612245	0.00833018
0.0204082	0.102041	0.00824772
0.0204082	0.142857	0.0081327
0.0204082	0.183673	0.00798559
0.0204082	0.22449	0.00780696
0.0204082	0.265306	0.00759752
0.0204082	0.306122	0.00735809
0.0204082	0.346939	0.00708961
0.0204082	0.387755	0.00679316
0.0204082	0.428571	0.00646988
0.0204082	0.469388	0.00612107
0.0204082	0.510204	0.00574809
0.0204082	0.55102	0.00535243
0.0204082	0.591837	0.00493563
0.0204082	0.632653	0.00449936
0.0204082	0.673469	0.00404532
0.0204082	0.714286	0.00357531
0.0204082	0.755102	0.00309118
0.0204082	0.795918	0.00259486
0.0204082	0.836735	0.00208829
0.0204082	0.877551	0.00157347
0.0204082	0.918367	0.00105244
0.0204082	0.959184	0.000527263
0.0204082	1	0
0.0612245	-1	0.000524031
0.0612245	-0.959184	0.00104599
0.0612245	-0.918367	0.00156383
0.0612245	-0.877551	0.0020755
0.0612245	-0.836735	0.00257897
0.0612245	-0.795918	0.00307228
0.0612245	-0.755102	0.00355346
0.0612245	-0.714286	0.00402062
0.0612245	-0.673469	0.00447192
0.0612245	-0.632653	0.00490558
0.0612245	-0.591837	0.00531988
0.0612245	-0.55102	0.00571319
0.0612245	-0.510204	0.00608396
0.0612245	-0.469388	0.00643072
0.0612245	-0.428571	0.00675211
0.0612245	-0.387755	0.00704685
0.0612245	-0.346939	0.00731379
0.0612245	-0.306122	0.00755188
0.0612245	-0.265306	0.00776016
0.0612245	-0.22449	0.00793782
0.0612245	-0.183673	0.00808415
0.0612245	-0.142857	0.00819858
0.0612245	-0.102041	0.00828066
0.0612245	-0.0612245	0.00833006
0.0612245	-0.0204082	0.00834659
0.0612245	0.0204082	0.00833018
0.0612245	0.0612245	0.00828089
0.0612245	0.102041	0.00819891
0.0612245	0.142857	0.00808458
0.0612245	0.183673	0.00793834
0.0612245	0.22449	0.00776077
0.0612245	0.265306	0.00755257
0.0612245	0.306122	0.00731455
0.0612245	0.346939	0.00704767
0.0612245	0.387755	0.00675296
0.0612245	0.428571	0.0064316
0.0612245	0.469388	0.00608485
0.0612245	0.510204	0.00571408
0.0612245	0.55102	0.00532076
0.0612245	0.591837	0.00490643
0.0612245	0.632653	0.00447273
0.0612245	0.673469	0.00402138
0.0612245	0.714286	0.00355415
0.0612245	0.755102	0.00307289
0.0612245	0.795918	0.0025795
0.0612245	0.836735	0.00207593
0.0612245	0.877551	0.00156416
0.0612245	0.918367	0.00104622
0.0612245	0.959184	0.000524143
0.0612245	1	0
0.102041	-1	0.000518843
0.102041	-0.959184	0.00103564
0.102041	-0.918367	0.00154835
0.102041	-0.877551	0.00205495
0.102041	-0.836735	0.00255345
0.102041	-0.795918	0.00304187
0.102041	-0.755102	0.00351828
0.102041	-0.714286	0.00398082
0.102041	-0.673469	0.00442765
0.102041	-0.632653	0.00485702
0.102041	-0.591837	0.00526722
0.102041	-0.55102	0.00565663
0.102041	-0.510204	0.00602373
0.102041	-0.469388	0.00636706
0.102041	-0.428571	0.00668527
0.102041	-0.387755	0.0069771
0.102041	-0.346939	0.0072414
0.102041	-0.306122	0.00747712
0.102041	-0.265306	0.00768334
0.102041	-0.22449	0.00785924
0.102041	-0.183673	0.00800413
0.102041	-0.142857	0.00811743
0.102041	-0.102041	0.00819869
0.102041	-0.0612245	0.00824761
0.102041	-0.0204082	0.00826397
0.102041	0.0204082	0.00824772
0.102041	0.0612245	0.00819891
0.102041	0.102041	0.00811775
0.102041	0.142857	0.00800455
0.102041	0.183673	0.00785976
0.102041	0.22449	0.00768395
0.102041	0.265306	0.0074778
0.102041	0.306122	0.00724215
0.102041	0.346939	0.0069779
0.102041	0.387755	0.00668611
0.102041	0.428571	0.00636793
0.102041	0.469388	0.00602462
0.102041	0.510204	0.00565752
0.102041	0.55102	0.00526809
0.102041	0.591837	0.00485786
0.102041	0.632653	0.00442846
0.102041	0.673469	0.00398157
0.102041	0.714286	0.00351897
0.102041	0.755102	0.00304247
0.102041	0.795918	0.00255397
0.102041	0.836735	0.00205538
0.102041	0.877551	0.00154868
0.102041	0.918367	0.00103586
0.102041	0.959184	0.000518954
0.102041	1	0
0.142857	-1	0.000511608
0.142857	-0.959184	0.0010212
0.142857	-0.918367	0.00152676
0.142857	-0.877551	0.0020263
0.142857	-0.836735	0.00251784
0.142857	-0.795918	0.00299945
0.142857	-0.755102	0.00346922
0.142857	-0.714286	0.00392531
0.142857	-0.673469	0.00436591
0.142857	-0.632653	0.00478929
0.142857	-0.591837	0.00519377
0.142857	-0.55102	0.00557775
0.142857	-0.510204	0.00593973
0.142857	-0.469388	0.00627827
0.142857	-0.428571	0.00659204
0.142857	-0.387755	0.0068798
0.142857	-0.346939	0.00714042
0.142857	-0.306122	0.00737285
0.142857	-0.265306	0.0075762
0.142857	-0.22449	0.00774964
0.142857	-0.183673	0.00789251
0.142857	-0.142857	0.00800423
0.142857	-0.102041	0.00808437
0.142857	-0.0612245	0.00813259
0.142857	-0.0204082	0.00814873
0.142857	0.0204082	0.0081327
0.142857	0.0612245	0.00808458
0.142857	0.102041	0.00800455
0.142857	0.142857	0.00789293
0.142857	0.183673	0.00775016
0.142857	0.22449	0.0075768
0.142857	0.265306	0.00737353
0.142857	0.306122	0.00714116
0.142857	0.346939	0.0068806
0.142857	0.387755	0.00659288
0.142857	0.428571	0.00627913
0.142857	0.469388	0.0059406
0.142857	0.510204	0.00557863
0.142857	0.55102	0.00519463
0.142857	0.591837	0.00479012
0.142857	0.632653	0.0043667
0.142857	0.673469	0.00392605
0.142857	0.714286	0.0034699
0.142857	0.755102	0.00300005
0.142857	0.795918	0.00251835
0.142857	0.836735	0.00202672
0.142857	0.877551	0.00152708
0.142857	0.918367	0.00102142
0.142857	0.959184	0.000511718
0.142857	1	0
0.183673	-1	0.000502354
0.183673	-0.959184	0.00100273
0.183673	-0.918367	0.00149914
0.183673	-0.877551	0.00198964
0.183673	-0.836735	0.00247229
0.183673	-0.795918	0.00294519
0.183673	-0.755102	0.00340647
0.183673	-0.714286	0.00385431
0.183673	-0.673469	0.00428694
0.183673	-0.632653	0.00470265
0.183673	-0.591837	0.00509982
0.183673	-0.55102	0.00547686
0.183673	-0.510204	0.00583229
0.183673	-0.469388	0.00616471
0.183673	-0.428571	0.0064728
0.183673	-0.387755	0.00675536
0.183673	-0.346939	0.00701125
0.183673	-0.306122	0.00723949
0.183673	-0.265306	0.00743915
0.183673	-0.22449	0.00760946
0.183673	-0.183673	0.00774975
0.183673	-0.142857	0.00785945
0.183673	-0.102041	0.00793813
0.183673	-0.0612245	0.00798549
0.183673	-0.0204082	0.00800133
0.183673	0.0204082	0.00798559
0.183673	0.0612245	0.00793834
0.183673	0.102041	0.00785976
0.183673	0.142857	0.00775016
0.183673	0.183673	0.00760997
0.183673	0.22449	0.00743974
0.183673	0.265306	0.00724015
0.183673	0.306122	0.00701198
0.183673	0.346939	0.00675613
0.183673	0.387755	0.00647362
0.183673	0.428571	0.00616555
0.183673	0.469388	0.00583315
0.183673	0.510204	0.00547772
0.183673	0.55102	0.00510066
0.183673	0.591837	0.00470347
0.183673	0.632653	0.00428772
0.183673	0.673469	0.00385503
0.183673	0.714286	0.00340713
0.183673	0.755102	0.00294578
0.183673	0.795918	0.0024728
0.183673	0.836735	0.00199006
0.183673	0.877551	0.00149946
0.183673	0.918367	0.00100294
0.183673	0.959184	0.000502461
0.183673	1	0
0.22449	-1	0.000491117
0.22449	-0.959184	0.000980296
0.22449	-0.918367	0.00146561
0.22449	-0.877551	0.00194514
0.22449	-0.836735	0.00241699
0.22449	-0.795918	0.00287931
0.22449	-0.755102	0.00333027
0.22449	-0.714286	0.00376809
0.22449	-0.673469	0.00419104
0.22449	-0.632653	0.00459746
0.22449	-0.591837	0.00498574
0.22449	-0.55102	0.00535435
0.22449	-0.510204	0.00570183
0.22449	-0.469388	0.00602681
0.22449	-0.428571	0.00632801
0.22449	-0.387755	0.00660425
0.22449	-0.346939	0.00685442
0.22449	-0.306122	0.00707755
0.22449	-0.265306	0.00727275
0.22449	-0.22449	0.00743925
0.22449	-0.183673	0.00757639
0.22449	-0.142857	0.00768364
0.22449	-0.102041	0.00776056
0.22449	-0.0612245	0.00780686
0.22449	-0.0204082	0.00782235
0.22449	0.0204082	0.00780696
0.22449	0.0612245	0.00776077
0.22449	0.102041	0.00768395
0.22449	0.142857	0.0075768
0.22449	0.183673	0.00743974
0.22449	0.22449	0.00727332
0.22449	0.265306	0.0070782
0.22449	0.306122	0.00685513
0.22449	0.346939	0.00660501
0.22449	0.387755	0.00632881
0.22449	0.428571	0.00602763
0.22449	0.469388	0.00570267
0.22449	0.510204	0.00535518
0.22449	0.55102	0.00498656
0.22449	0.591837	0.00459826
0.22449	0.632653	0.0041918
0.22449	0.673469	0.0037688
0.22449	0.714286	0.00333092
0.22449	0.755102	0.00287989
0.22449	0.795918	0.00241749
0.22449	0.836735	0.00194554
0.22449	0.877551	0.00146592
0.22449	0.918367	0.000980505
0.22449	0.959184	0.000491222
0.22449	1	0
0.265306	-1	0.000477941
0.265306	-0.959184	0.000953996
0.265306	-0.918367	0.00142629
0.265306	-0.877551	0.00189295
0.265306	-0.836735	0.00235215
0.265306	-0.795918	0.00280207
0.265306	-0.755102	0.00324093
0.265306	-0.714286	0.003667
0.265306	-0.673469	0.00407861
0.265306	-0.632653	0.00447412
0.265306	-0.591837	0.00485198
0.265306	-0.55102	0.0052107
0.265306	-0.510204	0.00554886
0.265306	-0.469388	0.00586512
0.265306	-0.428571	0.00615825
0.265306	-0.387755	0.00642707
0.265306	-0.346939	0.00667053
0.265306	-0.306122	0.00688767
0.265306	-0.265306	0.00707764
0.265306	-0.22449	0.00723967
0.265306	-0.183673	0.00737313
0.265306	-0.142857	0.0074775
0.265306	-0.102041	0.00755236
0.265306	-0.0612245	0.00759742
0.265306	-0.0204082	0.00761249
0.265306	0.0204082	0.00759752
0.265306	0.0612245	0.00755257
0.265306	0.102041	0.0074778
0.265306	0.142857	0.00737353
0.265306	0.183673	0.00724015
0.265306	0.22449	0.0070782
0.265306	0.265306	0.0068883
0.265306	0.306122	0.00667122
0.265306	0.346939	0.00642781
0.265306	0.387755	0.00615902
0.265306	0.428571	0.00586593
0.265306	0.469388	0.00554968
0.265306	0.510204	0.00521152
0.265306	0.55102	0.00485279
0.265306	0.591837	0.0044749
0.265306	0.632653	0.00407935
0.265306	0.673469	0.00366769
0.265306	0.714286	0.00324156
0.265306	0.755102	0.00280262
0.265306	0.795918	0.00235263
0.265306	0.836735	0.00189335
0.265306	0.877551	0.00142659
0.265306	0.918367	0.0009542
0.265306	0.959184	0.000478044
0.265306	1	0
0.306122	-1	0.000462879
0.306122	-0.959184	0.000923932
0.306122	-0.918367	0.00138134
0.306122	-0.877551	0.0018333
0.306122	-0.836735	0.00227802
0.306122	-0.795918	0.00271376
0.306122	-0.755102	0.00313879
0.306122	-0.714286	0.00355144
0.306122	-0.673469	0.00395007
0.306122	-0.632653	0.00433312
0.306122	-0.591837	0.00469908
0.306122	-0.55102	0.00504649
0.306122	-0.510204	0.00537399
0.306122	-0.469388	0.00568029
0.306122	-0.428571	0.00596417
0.306122	-0.387755	0.00622452
0.306122	-0.346939	0.00646031
0.306122	-0.306122	0.00667061
0.306122	-0.265306	0.00685459
0.306122	-0.22449	0.00701152
0.306122	-0.183673	0.00714077
0.306122	-0.142857	0.00724185
0.306122	-0.102041	0.00731435
0.306122	-0.0612245	0.00735799
0.306122	-0.0204082	0.00737259
0.306122	0.0204082	0.00735809
0.306122	0.0612245	0.00731455
0.306122	0.102041	0.00724215
0.306122	0.142857	0.00714116
0.306122	0.183673	0.00701198
0.306122	0.22449	0.00685513
0.306122	0.265306	0.00667122
0.306122	0.306122	0.00646098
0.306122	0.346939	0.00622524
0.306122	0.387755	0.00596493
0.306122	0.428571	0.00568107
0.306122	0.469388	0.00537478
0.306122	0.510204	0.00504728
0.306122	0.55102	0.00469985
0.306122	0.591837	0.00433388
0.306122	0.632653	0.00395079
0.306122	0.673469	0.00355211
0.306122	0.714286	0.0031394
0.306122	0.755102	0.0027143
0.306122	0.795918	0.00227849
0.306122	0.836735	0.00183368
0.306122	0.877551	0.00138163
0.306122	0.918367	0.000924129
0.306122	0.959184	0.000462978
0.306122	1	0
0.346939	-1	0.00044599
0.346939	-0.959184	0.00089022
0.346939	-0.918367	0.00133094
0.346939	-0.877551	0.00176641
0.346939	-0.836735	0.0021949
0.346939	-0.795918	0.00261474
0.346939	-0.755102	0.00302426
0.346939	-0.714286	0.00342186
0.346939	-0.673469	0.00380595
0.346939	-0.632653	0.00417502
0.346939	-0.591837	0.00452762
0.346939	-0.55102	0.00486236
0.346939	-0.510204	0.00517791
0.346939	-0.469388	0.00547303
0.346939	-0.428571	0.00574656
0.346939	-0.387755	0.00599741
0.346939	-0.346939	0.0062246
0.346939	-0.306122	0.00642722
0.346939	-0.265306	0.00660448
0.346939	-0.22449	0.00675569
0.346939	-0.183673	0.00688023
0.346939	-0.142857	0.00697762
0.346939	-0.102041	0.00704748
0.346939	-0.0612245	0.00708952
0.346939	-0.0204082	0.00710358
0.346939	0.0204082	0.00708961
0.346939	0.0612245	0.00704767
0.346939	0.102041	0.0069779
0.346939	0.142857	0.0068806
0.346939	0.183673	0.00675613
0.346939	0.22449	0.00660501
0.346939	0.265306	0.00642781
0.346939	0.306122	0.00622524
0.346939	0.346939	0.0059981
0.346939	0.387755	0.00574728
0.346939	0.428571	0.00547378
0.346939	0.469388	0.00517867
0.346939	0.510204	0.00486312
0.346939	0.55102	0.00452837
0.346939	0.591837	0.00417574
0.346939	0.632653	0.00380664
0.346939	0.673469	0.0034225
0.346939	0.714286	0.00302485
0.346939	0.755102	0.00261526
0.346939	0.795918	0.00219535
0.346939	0.836735	0.00176677
0.346939	0.877551	0.00133122
0.346939	0.918367	0.00089041
0.346939	0.959184	0.000446086
0.346939	1	0
0.387755	-1	0.00042734
0.387755	-0.959184	0.000852995
0.387755	-0.918367	0.00127528
0.387755	-0.877551	0.00169254
0.387755	-0.836735	0.00210312
0.387755	-0.795918	0.0025054
0.387755	-0.755102	0.0028978
0.387755	-0.714286	0.00327877
0.387755	-0.673469	0.0036468
0.387755	-0.632653	0.00400044
0.387755	-0.591837	0.00433829
0.387755	-0.55102	0.00465903
0.387755	-0.510204	0.00496139
0.387755	-0.469388	0.00524417
0.387755	-0.428571	0.00550626
0.387755	-0.387755	0.00574662
0.387755	-0.346939	0.00596431
0.387755	-0.306122	0.00615846
0.387755	-0.265306	0.00632831
0.387755	-0.22449	0.00647319
0.387755	-0.183673	0.00659252
0.387755	-0.142857	0.00668584
0.387755	-0.102041	0.00675278
0.387755	-0.0612245	0.00679306
0.387755	-0.0204082	0.00680654
0.387755	0.0204082	0.00679316
0.387755	0.0612245	0.00675296
0.387755	0.102041	0.00668611
0.387755	0.142857	0.00659288
0.387755	0.183673	0.00647362
0.387755	0.22449	0.00632881
0.387755	0.265306	0.00615902
0.387755	0.306122	0.00596493
0.387755	0.346939	0.00574728
0.387755	0.387755	0.00550695
0.387755	0.428571	0.00524489
0.387755	0.469388	0.00496212
0.387755	0.510204	0.00465976
0.387755	0.55102	0.00433901
0.387755	0.591837	0.00400113
0.387755	0.632653	0.00364746
0.387755	0.673469	0.00327938
0.387755	0.714286	0.00289837
0.387755	0.755102	0.0025059
0.387755	0.795918	0.00210355
0.387755	0.836735	0.00169289
0.387755	0.877551	0.00127555
0.387755	0.918367	0.000853177
0.387755	0.959184	0.000427432
0.387755	1	0
0.428571	-1	0.000407004
0.428571	-0.959184	0.000812402
0.428571	-0.918367	0.0012146
0.428571	-0.877551	0.001612
0.428571	-0.836735	0.00200304
0.428571	-0.795918	0.00238618
0.428571	-0.755102	0.0027599
0.428571	-0.714286	0.00312274
0.428571	-0.673469	0.00347325
0.428571	-0.632653	0.00381006
0.428571	-0.591837	0.00413184
0.428571	-0.55102	0.00443732
0.428571	-0.510204	0.00472529
0.428571	-0.469388	0.00499461
0.428571	-0.428571	0.00524423
0.428571	-0.387755	0.00547315
0.428571	-0.346939	0.00568048
0.428571	-0.306122	0.00586539
0.428571	-0.265306	0.00602716
0.428571	-0.22449	0.00616514
0.428571	-0.183673	0.0062788
0.428571	-0.142857	0.00636768
0.428571	-0.102041	0.00643143
0.428571	-0.0612245	0.00646979
0.428571	-0.0204082	0.00648263
0.428571	0.0204082	0.00646988
0.428571	0.0612245	0.0064316
0.428571	0.102041	0.00636793
0.428571	0.142857	0.00627913
0.428571	0.183673	0.00616555
0.428571	0.22449	0.00602763
0.428571	0.265306	0.00586593
0.428571	0.306122	0.00568107
0.428571	0.346939	0.00547378
0.428571	0.387755	0.00524489
0.428571	0.428571	0.00499529
0.428571	0.469388	0.00472598
0.428571	0.510204	0.00443801
0.428571	0.55102	0.00413253
0.428571	0.591837	0.00381073
0.428571	0.632653	0.00347388
0.428571	0.673469	0.00312332
0.428571	0.714286	0.00276044
0.428571	0.755102	0.00238665
0.428571	0.795918	0.00200345
0.428571	0.836735	0.00161233
0.428571	0.877551	0.00121485
0.428571	0.918367	0.000812576
0.428571	0.959184	0.000407091
0.428571	1	0
0.469388	-1	0.000385061
0.469388	-0.959184	0.000768603
0.469388	-0.918367	0.00114911
0.469388	-0.877551	0.00152509
0.469388	-0.836735	0.00189505
0.469388	-0.795918	0.00225753
0.469388	-0.755102	0.00261111
0.469388	-0.714286	0.00295438
0.469388	-0.673469	0.003286
0.469388	-0.632653	0.00360465
0.469388	-0.591837	0.00390908
0.469388	-0.55102	0.00419809
0.469388	-0.510204	0.00447053
0.469388	-0.469388	0.00472533
0.469388	-0.428571	0.00496149
0.469388	-0.387755	0.00517807
0.469388	-0.346939	0.00537422
0.469388	-0.306122	0.00554917
0.469388	-0.265306	0.00570221
0.469388	-0.22449	0.00583276
0.469388	-0.183673	0.00594029
0.469388	-0.142857	0.00602437
0.469388	-0.102041	0.00608469
0.469388	-0.0612245	0.00612099
0.469388	-0.0204082	0.00613313
0.469388	0.0204082	0.00612107
0.469388	0.0612245	0.00608485
0.469388	0.102041	0.00602462
0.469388	0.142857	0.0059406
0.469388	0.183673	0.00583315
0.469388	0.22449	0.00570267
0.469388	0.265306	0.00554968
0.469388	0.306122	0.00537478
0.469388	0.346939	0.00517867
0.469388	0.387755	0.00496212
0.469388	0.428571	0.00472598
0.469388	0.469388	0.00447119
0.469388	0.510204	0.00419874
0.469388	0.55102	0.00390973
0.469388	0.591837	0.00360528
0.469388	0.632653	0.00328659
0.469388	0.673469	0.00295494
0.469388	0.714286	0.00261161
0.469388	0.755102	0.00225798
0.469388	0.795918	0.00189543
0.469388	0.836735	0.00152541
0.469388	0.877551	0.00114936
0.469388	0.918367	0.000768767
0.469388	0.959184	0.000385144
0.469388	1	0
0.510204	-1	0.000361598
0.510204	-0.959184	0.00072177
0.510204	-0.918367	0.00107909
0.510204	-0.877551	0.00143216
0.510204	-0.836735	0.00177958
0.510204	-0.795918	0.00211997
0.510204	-0.755102	0.002452
0.510204	-0.714286	0.00277436
0.510204	-0.673469	0.00308577
0.510204	-0.632653	0.00338501
0.510204	-0.591837	0.00367089
0.510204	-0.55102	0.00394229
0.510204	-0.510204	0.00419813
0.510204	-0.469388	0.00443741
0.510204	-0.428571	0.00465917
0.510204	-0.387755	0.00486256
0.510204	-0.346939	0.00504676
0.510204	-0.306122	0.00521104
0.510204	-0.265306	0.00535476
0.510204	-0.22449	0.00547735
0.510204	-0.183673	0.00557833
0.510204	-0.142857	0.00565729
0.510204	-0.102041	0.00571393
0.510204	-0.0612245	0.00574802
0.510204	-0.0204082	0.00575942
0.510204	0.0204082	0.00574809
0.510204	0.0612245	0.00571408
0.510204	0.102041	0.00565752
0.510204	0.142857	0.00557863
0.510204	0.183673	0.00547772
0.510204	0.22449	0.00535518
0.510204	0.265306	0.00521152
0.510204	0.306122	0.00504728
0.510204	0.346939	0.00486312
0.510204	0.387755	0.00465976
0.510204	0.428571	0.00443801
0.510204	0.469388	0.00419874
0.510204	0.510204	0.0039429
0.510204	0.55102	0.0036715
0.510204	0.591837	0.0033856
0.510204	0.632653	0.00308633
0.510204	0.673469	0.00277488
0.510204	0.714286	0.00245248
0.510204	0.755102	0.0021204
0.510204	0.795918	0.00177994
0.510204	0.836735	0.00143246
0.510204	0.877551	0.00107932
0.510204	0.918367	0.000721924
0.510204	0.959184	0.000361676
0.510204	1	0
0.55102	-1	0.000336708
0.55102	-0.959184	0.000672087
0.55102	-0.918367	0.00100482
0.55102	-0.877551	0.00133358
0.55102	-0.836735	0.00165708
0.55102	-0.795918	0.00197405
0.55102	-0.755102	0.00228322
0.55102	-0.714286	0.00258339
0.55102	-0.673469	0.00287336
0.55102	-0.632653	0.003152
0.55102	-0.591837	0.00341821
0.55102	-0.55102	0.00367092
0.55102	-0.510204	0.00390915
0.55102	-0.469388	0.00413196
0.55102	-0.428571	0.00433846
0.55102	-0.387755	0.00452785
0.55102	-0.346939	0.00469937
0.55102	-0.306122	0.00485234
0.55102	-0.265306	0.00498617
0.55102	-0.22449	0.00510032
0.55102	-0.183673	0.00519435
0.55102	-0.142857	0.00526788
0.55102	-0.102041	0.00532061
0.55102	-0.0612245	0.00535236
0.55102	-0.0204082	0.00536297
0.55102	0.0204082	0.00535243
0.55102	0.0612245	0.00532076
0.55102	0.102041	0.00526809
0.55102	0.142857	0.00519463
0.55102	0.183673	0.00510066
0.55102	0.22449	0.00498656
0.55102	0.265306	0.00485279
0.55102	0.306122	0.00469985
0.55102	0.346939	0.00452837
0.55102	0.387755	0.00433901
0.55102	0.428571	0.00413253
0.55102	0.469388	0.00390973
0.55102	0.510204	0.0036715
0.55102	0.55102	0.00341877
0.55102	0.591837	0.00315255
0.55102	0.632653	0.00287389
0.55102	0.673469	0.00258388
0.55102	0.714286	0.00228367
0.55102	0.755102	0.00197444
0.55102	0.795918	0.00165742
0.55102	0.836735	0.00133386
0.55102	0.877551	0.00100503
0.55102	0.918367	0.000672231
0.55102	0.959184	0.00033678
0.55102	1	0
0.591837	-1	0.000310488
0.591837	-0.959184	0.000619752
0.591837	-0.918367	0.00092657
0.591837	-0.877551	0.00122973
0.591837	-0.836735	0.00152804
0.591837	-0.795918	0.00182033
0.591837	-0.755102	0.00210543
0.591837	-0.714286	0.00238222
0.591837	-0.673469	0.00264962
0.591837	-0.632653	0.00290656
0.591837	-0.591837	0.00315203
0.591837	-0.55102	0.00338507
0.591837	-0.510204	0.00360475
0.591837	-0.469388	0.0038102
0.591837	-0.428571	0.00400063
0.591837	-0.387755	0.00417526
0.591837	-0.346939	0.00433343
0.591837	-0.306122	0.00447449
0.591837	-0.265306	0.0045979
0.591837	-0.22449	0.00470316
0.591837	-0.183673	0.00478986
0.591837	-0.142857	0.00485766
0.591837	-0.102041	0.0049063
0.591837	-0.0612245	0.00493557
0.591837	-0.0204082	0.00494536
0.591837	0.0204082	0.00493563
0.591837	0.0612245	0.00490643
0.591837	0.102041	0.00485786
0.591837	0.142857	0.00479012
0.591837	0.183673	0.00470347
0.591837	0.22449	0.00459826
0.591837	0.265306	0.0044749
0.591837	0.306122	0.00433388
0.591837	0.346939	0.00417574
0.591837	0.387755	0.00400113
0.591837	0.428571	0.00381073
0.591837	0.469388	0.00360528
0.591837	0.510204	0.0033856
0.591837	0.55102	0.00315255
0.591837	0.591837	0.00290706
0.591837	0.632653	0.0026501
0.591837	0.673469	0.00238267
0.591837	0.714286	0.00210584
0.591837	0.755102	0.00182069
0.591837	0.795918	0.00152836
0.591837	0.836735	0.00122999
0.591837	0.877551	0.000926766
0.591837	0.918367	0.000619884
0.591837	0.959184	0.000310555
0.591837	1	0
0.632653	-1	0.000283043
0.632653	-0.959184	0.00056497
0.632653	-0.918367	0.000844667
0.632653	-0.877551	0.00112103
0.632653	-0.836735	0.00139297
0.632653	-0.795918	0.00165942
0.632653	-0.755102	0.00191932
0.632653	-0.714286	0.00217165
0.632653	-0.673469	0.00241541
0.632653	-0.632653	0.00264964
0.632653	-0.591837	0.00287341
0.632653	-0.55102	0.00308585
0.632653	-0.510204	0.00328611
0.632653	-0.469388	0.00347341
0.632653	-0.428571	0.003647
0.632653	-0.387755	0.0038062
0.632653	-0.346939	0.00395038
0.632653	-0.306122	0.00407897
0.632653	-0.265306	0.00419147
0.632653	-0.22449	0.00428743
0.632653	-0.183673	0.00436647
0.632653	-0.142857	0.00442828
0.632653	-0.102041	0.00447261
0.632653	-0.0612245	0.00449929
0.632653	-0.0204082	0.00450822
0.632653	0.0204082	0.00449936
0.632653	0.0612245	0.00447273
0.632653	0.102041	0.00442846
0.632653	0.142857	0.0043667
0.632653	0.183673	0.00428772
0.632653	0.22449	0.0041918
0.632653	0.265306	0.00407935
0.632653	0.306122	0.00395079
0.632653	0.346939	0.00380664
0.632653	0.387755	0.00364746
0.632653	0.428571	0.00347388
0.632653	0.469388	0.00328659
0.632653	0.510204	0.00308633
0.632653	0.55102	0.00287389
0.632653	0.591837	0.0026501
0.632653	0.632653	0.00241584
0.632653	0.673469	0.00217206
0.632653	0.714286	0.00191969
0.632653	0.755102	0.00165975
0.632653	0.795918	0.00139326
0.632653	0.836735	0.00112127
0.632653	0.877551	0.000844845
0.632653	0.918367	0.00056509
0.632653	0.959184	0.000283104
0.632653	1	0
0.673469	-1	0.000254481
0.673469	-0.959184	0.000507957
0.673469	-0.918367	0.00075943
0.673469	-0.877551	0.00100791
0.673469	-0.836735	0.00125241
0.673469	-0.795918	0.00149197
0.673469	-0.755102	0.00172564
0.673469	-0.714286	0.0019525
0.673469	-0.673469	0.00217166
0.673469	-0.632653	0.00238225
0.673469	-0.591837	0.00258345
0.673469	-0.55102	0.00277445
0.673469	-0.510204	0.0029545
0.673469	-0.469388	0.0031229
0.673469	-0.428571	0.00327897
0.673469	-0.387755	0.00342211
0.673469	-0.346939	0.00355174
0.673469	-0.306122	0.00366736
0.673469	-0.265306	0.0037685
0.673469	-0.22449	0.00385478
0.673469	-0.183673	0.00392584
0.673469	-0.142857	0.00398141
0.673469	-0.102041	0.00402127
0.673469	-0.0612245	0.00404526
0.673469	-0.0204082	0.00405329
0.673469	0.0204082	0.00404532
0.673469	0.0612245	0.00402138
0.673469	0.102041	0.00398157
0.673469	0.142857	0.00392605
0.673469	0.183673	0.00385503
0.673469	0.22449	0.0037688
0.673469	0.265306	0.00366769
0.673469	0.306122	0.00355211
0.673469	0.346939	0.0034225
0.673469	0.387755	0.00327938
0.673469	0.428571	0.00312332
0.673469	0.469388	0.00295494
0.673469	0.510204	0.00277488
0.673469	0.55102	0.00258388
0.673469	0.591837	0.00238267
0.673469	0.632653	0.00217206
0.673469	0.673469	0.00195287
0.673469	0.714286	0.00172597
0.673469	0.755102	0.00149226
0.673469	0.795918	0.00125266
0.673469	0.836735	0.00100812
0.673469	0.877551	0.00075959
0.673469	0.918367	0.000508066
0.673469	0.959184	0.000254535
0.673469	1	0
0.714286	-1	0.000224914
0.714286	-0.959184	0.00044894
0.714286	-0.918367	0.000671195
0.714286	-0.877551	0.000890802
0.714286	-0.836735	0.00110689
0.714286	-0.795918	0.00131862
0.714286	-0.755102	0.00152514
0.714286	-0.714286	0.00172565
0.714286	-0.673469	0.00191935
0.714286	-0.632653	0.00210547
0.714286	-0.591837	0.00228329
0.714286	-0.55102	0.0024521
0.714286	-0.510204	0.00261123
0.714286	-0.469388	0.00276006
0.714286	-0.428571	0.002898
0.714286	-0.387755	0.0030245
0.714286	-0.346939	0.00313908
0.714286	-0.306122	0.00324126
0.714286	-0.265306	0.00333065
0.714286	-0.22449	0.0034069
0.714286	-0.183673	0.00346971
0.714286	-0.142857	0.00351883
0.714286	-0.102041	0.00355406
0.714286	-0.0612245	0.00357526
0.714286	-0.0204082	0.00358235
0.714286	0.0204082	0.00357531
0.714286	0.0612245	0.00355415
0.714286	0.102041	0.00351897
0.714286	0.142857	0.0034699
0.714286	0.183673	0.00340713
0.714286	0.22449	0.00333092
0.714286	0.265306	0.00324156
0.714286	0.306122	0.0031394
0.714286	0.346939	0.00302485
0.714286	0.387755	0.00289837
0.714286	0.428571	0.00276044
0.714286	0.469388	0.00261161
0.714286	0.510204	0.00245248
0.714286	0.55102	0.00228367
0.714286	0.591837	0.00210584
0.714286	0.632653	0.00191969
0.714286	0.673469	0.00172597
0.714286	0.714286	0.00152544
0.714286	0.755102	0.00131888
0.714286	0.795918	0.00110712
0.714286	0.836735	0.000890987
0.714286	0.877551	0.000671336
0.714286	0.918367	0.000449035
0.714286	0.959184	0.000224962
0.714286	1	0
0.755102	-1	0.000194459
0.755102	-0.959184	0.00038815
0.755102	-0.918367	0.00058031
0.755102	-0.877551	0.00077018
0.755102	-0.836735	0.000957012
0.755102	-0.795918	0.00114007
0.755102	-0.755102	0.00131863
0.755102	-0.714286	0.00149198
0.755102	-0.673469	0.00165945
0.755102	-0.632653	0.00182037
0.755102	-0.591837	0.00197411
0.755102	-0.55102	0.00212006
0.755102	-0.510204	0.00225765
0.755102	-0.469388	0.00238633
0.755102	-0.428571	0.00250559
0.755102	-0.387755	0.00261496
0.755102	-0.346939	0.00271402
0.755102	-0.306122	0.00280237
0.755102	-0.265306	0.00287966
0.755102	-0.22449	0.00294558
0.755102	-0.183673	0.00299989
0.755102	-0.142857	0.00304235
0.755102	-0.102041	0.00307281
0.755102	-0.0612245	0.00309114
0.755102	-0.0204082	0.00309727
0.755102	0.0204082	0.00309118
0.755102	0.0612245	0.00307289
0.755102	0.102041	0.00304247
0.755102	0.142857	0.00300005
0.755102	0.183673	0.00294578
0.755102	0.22449	0.00287989
0.755102	0.265306	0.00280262
0.755102	0.306122	0.0027143
0.755102	0.346939	0.00261526
0.755102	0.387755	0.0025059
0.755102	0.428571	0.00238665
0.755102	0.469388	0.00225798
0.755102	0.510204	0.0021204
0.755102	0.55102	0.00197444
0.755102	0.591837	0.00182069
0.755102	0.632653	0.00165975
0.755102	0.673469	0.00149226
0.755102	0.714286	0.00131888
0.755102	0.755102	0.0011403
0.755102	0.795918	0.000957208
0.755102	0.836735	0.000770341
0.755102	0.877551	0.000580432
0.755102	0.918367	0.000388233
0.755102	0.959184	0.0001945
0.755102	1	0
0.795918	-1	0.000163236
0.795918	-0.959184	0.000325828
0.795918	-0.918367	0.000487134
0.795918	-0.877551	0.000646519
0.795918	-0.836735	0.000803352
0.795918	-0.795918	0.000957017
0.795918	-0.755102	0.00110691
0.795918	-0.714286	0.00125243
0.795918	-0.673469	0.00139301
0.795918	-0.632653	0.00152809
0.795918	-0.591837	0.00165715
0.795918	-0.55102	0.00177966
0.795918	-0.510204	0.00189516
0.795918	-0.469388	0.00200317
0.795918	-0.428571	0.00210329
0.795918	-0.387755	0.0021951
0.795918	-0.346939	0.00227825
0.795918	-0.306122	0.00235241
0.795918	-0.265306	0.00241729
0.795918	-0.22449	0.00247263
0.795918	-0.183673	0.00251822
0.795918	-0.142857	0.00255386
0.795918	-0.102041	0.00257943
0.795918	-0.0612245	0.00259482
0.795918	-0.0204082	0.00259997
0.795918	0.0204082	0.00259486
0.795918	0.0612245	0.0025795
0.795918	0.102041	0.00255397
0.795918	0.142857	0.00251835
0.795918	0.183673	0.0024728
0.795918	0.22449	0.00241749
0.795918	0.265306	0.00235263
0.795918	0.306122	0.00227849
0.795918	0.346939	0.00219535
0.795918	0.387755	0.00210355
0.795918	0.428571	0.00200345
0.795918	0.469388	0.00189543
0.795918	0.510204	0.00177994
0.795918	0.55102	0.00165742
0.795918	0.591837	0.00152836
0.795918	0.632653	0.00139326
0.795918	0.673469	0.00125266
0.795918	0.714286	0.00110712
0.795918	0.755102	0.000957208
0.795918	0.795918	0.000803517
0.795918	0.836735	0.000646653
0.795918	0.877551	0.000487237
0.795918	0.918367	0.000325897
0.795918	0.959184	0.000163271
0.795918	1	0
0.836735	-1	0.000131369
0.836735	-0.959184	0.000262219
0.836735	-0.918367	0.000392035
0.836735	-0.877551	0.000520305
0.836735	-0.836735	0.000646521
0.836735	-0.795918	0.000770187
0.836735	-0.755102	0.000890814
0.836735	-0.714286	0.00100793
0.836735	-0.673469	0.00112106
0.836735	-0.632653	0.00122977
0.836735	-0.591837	0.00133364
0.836735	-0.55102	0.00143223
0.836735	-0.510204	0.00152518
0.836735	-0.469388	0.00161211
0.836735	-0.428571	0.00169268
0.836735	-0.387755	0.00176657
0.836735	-0.346939	0.00183349
0.836735	-0.306122	0.00189317
0.836735	-0.265306	0.00194539
0.836735	-0.22449	0.00198992
0.836735	-0.183673	0.00202661
0.836735	-0.142857	0.0020553
0.836735	-0.102041	0.00207587
0.836735	-0.0612245	0.00208826
0.836735	-0.0204082	0.0020924
0.836735	0.0204082	0.00208829
0.836735	0.0612245	0.00207593
0.836735	0.102041	0.00205538
0.836735	0.142857	0.00202672
0.836735	0.183673	0.00199006
0.836735	0.22449	0.00194554
0.836735	0.265306	0.00189335
0.836735	0.306122	0.00183368
0.836735	0.346939	0.00176677
0.836735	0.387755	0.00169289
0.836735	0.428571	0.00161233
0.836735	0.469388	0.00152541
0.836735	0.510204	0.00143246
0.836735	0.55102	0.00133386
0.836735	0.591837	0.00122999
0.836735	0.632653	0.00112127
0.836735	0.673469	0.00100812
0.836735	0.714286	0.000890987
0.836735	0.755102	0.000770341
0.836735	0.795918	0.000646653
0.836735	0.836735	0.000520413
0.836735	0.877551	0.000392118
0.836735	0.918367	0.000262275
0.836735	0.959184	0.000131397
0.836735	1	0
0.877551	-1	9.89831e-05
0.877551	-0.959184	0.000197576
0.877551	-0.918367	0.000295389
0.877551	-0.877551	0.000392036
0.877551	-0.836735	0.000487137
0.877551	-0.795918	0.000580316
0.877551	-0.755102	0.000671206
0.877551	-0.714286	0.000759447
0.877551	-0.673469	0.000844692
0.877551	-0.632653	0.000926605
0.877551	-0.591837	0.00100486
0.877551	-0.55102	0.00107915
0.877551	-0.510204	0.00114919
0.877551	-0.469388	0.00121469
0.877551	-0.428571	0.00127539
0.877551	-0.387755	0.00133107
0.877551	-0.346939	0.00138149
0.877551	-0.306122	0.00142646
0.877551	-0.265306	0.0014658
0.877551	-0.22449	0.00149936
0.877551	-0.183673	0.001527
0.877551	-0.142857	0.00154861
0.877551	-0.102041	0.00156412
0.877551	-0.0612245	0.00157345
0.877551	-0.0204082	0.00157657
0.877551	0.0204082	0.00157347
0.877551	0.0612245	0.00156416
0.877551	0.102041	0.00154868
0.877551	0.142857	0.00152708
0.877551	0.183673	0.00149946
0.877551	0.22449	0.00146592
0.877551	0.265306	0.00142659
0.877551	0.306122	0.00138163
0.877551	0.346939	0.00133122
0.877551	0.387755	0.00127555
0.877551	0.428571	0.00121485
0.877551	0.469388	0.00114936
0.877551	0.510204	0.00107932
0.877551	0.55102	0.00100503
0.877551	0.591837	0.000926766
0.877551	0.632653	0.000844845
0.877551	0.673469	0.00075959
0.877551	0.714286	0.000671336
0.877551	0.755102	0.000580432
0.877551	0.795918	0.000487237
0.877551	0.836735	0.000392118
0.877551	0.877551	0.000295451
0.877551	0.918367	0.000197618
0.877551	0.959184	9.90043e-05
0.877551	1	0
0.918367	-1	6.62066e-05
0.918367	-0.959184	0.000132152
0.918367	-0.918367	0.000197576
0.918367	-0.877551	0.000262221
0.918367	-0.836735	0.000325831
0.918367	-0.795918	0.000388155
0.918367	-0.755102	0.000448948
0.918367	-0.714286	0.00050797
0.918367	-0.673469	0.000564988
0.918367	-0.632653	0.000619776
0.918367	-0.591837	0.000672119
0.918367	-0.55102	0.000721811
0.918367	-0.510204	0.000768654
0.918367	-0.469388	0.000812464
0.918367	-0.428571	0.000853069
0.918367	-0.387755	0.000890308
0.918367	-0.346939	0.000924033
0.918367	-0.306122	0.000954113
0.918367	-0.265306	0.000980427
0.918367	-0.22449	0.00100287
0.918367	-0.183673	0.00102136
0.918367	-0.142857	0.00103582
0.918367	-0.102041	0.00104619
0.918367	-0.0612245	0.00105243
0.918367	-0.0204082	0.00105452
0.918367	0.0204082	0.00105244
0.918367	0.0612245	0.00104622
0.918367	0.102041	0.00103586
0.918367	0.142857	0.00102142
0.918367	0.183673	0.00100294
0.918367	0.22449	0.000980505
0.918367	0.265306	0.0009542
0.918367	0.306122	0.000924129
0.918367	0.346939	0.00089041
0.918367	0.387755	0.000853177
0.918367	0.428571	0.000812576
0.918367	0.469388	0.000768767
0.918367	0.510204	0.000721924
0.918367	0.55102	0.000672231
0.918367	0.591837	0.000619884
0.918367	0.632653	0.00056509
0.918367	0.673469	0.000508066
0.918367	0.714286	0.000449035
0.918367	0.755102	0.000388233
0.918367	0.795918	0.000325897
0.918367	0.836735	0.000262275
0.918367	0.877551	0.000197618
0.918367	0.918367	0.00013218
0.918367	0.959184	6.62208e-05
0.918367	1	0
0.959184	-1	3.31688e-05
0.959184	-0.959184	6.62067e-05
0.959184	-0.918367	9.89834e-05
0.959184	-0.877551	0.00013137
0.959184	-0.836735	0.000163238
0.959184	-0.795918	0.000194461
0.959184	-0.755102	0.000224918
0.959184	-0.714286	0.000254487
0.959184	-0.673469	0.000283053
0.959184	-0.632653	0.000310501
0.959184	-0.591837	0.000336724
0.959184	-0.55102	0.000361619
0.959184	-0.510204	0.000385087
0.959184	-0.469388	0.000407036
0.959184	-0.428571	0.000427378
0.959184	-0.387755	0.000446034
0.959184	-0.346939	0.00046293
0.959184	-0.306122	0.000478
0.959184	-0.265306	0.000491183
0.959184	-0.22449	0.000502428
0.959184	-0.183673	0.00051169
0.959184	-0.142857	0.000518934
0.959184	-0.102041	0.000524129
0.959184	-0.0612245	0.000527256
0.959184	-0.0204082	0.000528302
0.959184	0.0204082	0.000527263
0.959184	0.0612245	0.000524143
0.959184	0.102041	0.000518954
0.959184	0.142857	0.000511718
0.959184	0.183673	0.000502461
0.959184	0.22449	0.000491222
0.959184	0.265306	0.000478044
0.959184	0.306122	0.000462978
0.959184	0.346939	0.000446086
0.959184	0.387755	0.000427432
0.959184	0.428571	0.000407091
0.959184	0.469388	0.000385144
0.959184	0.510204	0.000361676
0.959184	0.55102	0.00033678
0.959184	0.591837	0.000310555
0.959184	0.632653	0.000283104
0.959184	0.673469	0.000254535
0.959184	0.714286	0.000224962
0.959184	0.755102	0.0001945
0.959184	0.795918	0.000163271
0.959184	0.836735	0.000131397
0.959184	0.877551	9.90043e-05
0.959184	0.918367	6.62208e-05
0.959184	0.959184	3.31759e-05
0.959184	1	0
1	-1	0
1	-0.959184	0
1	-0.918367	0
1	-0.877551	0
1	-0.836735	0
1	-0.795918	0
1	-0.755102	0
1	-0.714286	0
1	-0.673469	0
1	-0.632653	0
1	-0.591837	0
1	-0.55102	0
1	-0.510204	0
1	-0.469388	0
1	-0.428571	0
1	-0.387755	0
1	-0.346939	0
1	-0.306122	0
1	-0.265306	0
1	-0.22449	0
1	-0.183673	0
1	-0.142857	0
1	-0.102041	0
1	-0.0612245	0
1	-0.0204082	0
1	0.0204082	0
1	0.0612245	0
1	0.102041	0
1	0.142857	0
1	0.183673	0
1	0.22449	0
1	0.265306	0
1	0.306122	0
1	0.346939	0
1	0.387755	0
1	0.428571	0
1	0.469388	0
1	0.510204	0
1	0.55102	0
1	0.591837	0
1	0.632653	0
1	0.673469	0
1	0.714286	0
1	0.755102	0
1	0.795918	0
1	0.836735	0
1	0.877551	0
1	0.918367	0
1	0.959184	0
1	1	0
