-1	-1	0.000209834
-1	-0.959184	0.000418845
-1	-0.918367	0.000626211
-1	-0.877551	0.000831119
-1	-0.836735	0.00103276
-1	-0.795918	0.00123035
-1	-0.755102	0.00142311
-1	-0.714286	0.00161028
-1	-0.673469	0.00179112
-1	-0.632653	0.00196493
-1	-0.591837	0.00213102
-1	-0.55102	0.00228872
-1	-0.510204	0.00243744
-1	-0.469388	0.00257656
-1	-0.428571	0.00270555
-1	-0.387755	0.0028239
-1	-0.346939	0.00293113
-1	-0.306122	0.00302683
-1	-0.265306	0.0031106
-1	-0.22449	0.00318212
-1	-0.183673	0.0032411
-1	-0.142857	0.00328731
-1	-0.102041	0.00332055
-1	-0.0612245	0.0033407
-1	-0.0204082	0.00334767
-1	0.0204082	0.00334142
-1	0.0612245	0.00332198
-1	0.102041	0.00328942
-1	0.142857	0.00324387
-1	0.183673	0.00318549
-1	0.22449	0.00311453
-1	0.265306	0.00303125
-1	0.306122	0.00293598
-1	0.346939	0.00282909
-1	0.387755	0.00271101
-1	0.428571	0.0025822
-1	0.469388	0.00244316
-1	0.510204	0.00229445
-1	0.55102	0.00213665
-1	0.591837	0.00197039
-1	0.632653	0.00179632
-1	0.673469	0.00161513
-1	0.714286	0.00142753
-1	0.755102	0.00123428
-1	0.795918	0.00103614
-1	0.836735	0.000833884
-1	0.877551	0.000628324
-1	0.918367	0.000420272
-1	0.959184	0.000210554
-1	1	0
-0.959184	-1	0.000418845
-0.959184	-0.959184	0.000836045
-0.959184	-0.918367	0.00124996
-0.959184	-0.877551	0.00165897
-0.959184	-0.836735	0.00206147
-0.959184	-0.795918	0.00245588
-0.959184	-0.755102	0.00284064
-0.959184	-0.714286	0.00321424
-0.959184	-0.673469	0.00357522
-0.959184	-0.632653	0.00392215
-0.959184	-0.591837	0.00425367
-0.959184	-0.55102	0.00456847
-0.959184	-0.510204	0.0048653
-0.959184	-0.469388	0.00514301
-0.959184	-0.428571	0.00540049
-0.959184	-0.387755	0.00563672
-0.959184	-0.346939	0.00585076
-0.959184	-0.306122	0.00604177
-0.959184	-0.265306	0.00620899
-0.959184	-0.22449	0.00635175
-0.959184	-0.183673	0.00646948
-0.959184	-0.142857	0.00656171
-0.959184	-0.102041	0.00662807
-0.959184	-0.0612245	0.00666829
-0.959184	-0.0204082	0.00668219
-0.959184	0.0204082	0.00666972
-0.959184	0.0612245	0.00663092
-0.959184	0.102041	0.00656593
-0.959184	0.142857	0.006475
-0.959184	0.183673	0.00635849
-0.959184	0.22449	0.00621683
-0.959184	0.265306	0.0060506
-0.959184	0.306122	0.00586043
-0.959184	0.346939	0.00564708
-0.959184	0.387755	0.00541138
-0.959184	0.428571	0.00515427
-0.959184	0.469388	0.00487674
-0.959184	0.510204	0.0045799
-0.959184	0.55102	0.00426492
-0.959184	0.591837	0.00393305
-0.959184	0.632653	0.00358559
-0.959184	0.673469	0.00322391
-0.959184	0.714286	0.00284947
-0.959184	0.755102	0.00246372
-0.959184	0.795918	0.00206821
-0.959184	0.836735	0.00166449
-0.959184	0.877551	0.00125418
-0.959184	0.918367	0.000838894
-0.959184	0.959184	0.000420281
-0.959184	1	0
-0.918367	-1	0.000626211
-0.918367	-0.959184	0.00124996
-0.918367	-0.918367	0.00186881
-0.918367	-0.877551	0.00248032
-0.918367	-0.836735	0.00308209
-0.918367	-0.795918	0.00367176
-0.918367	-0.755102	0.00424701
-0.918367	-0.714286	0.00480558
-0.918367	-0.673469	0.00534528
-0.918367	-0.632653	0.00586397
-0.918367	-0.591837	0.00635962
-0.918367	-0.55102	0.00683027
-0.918367	-0.510204	0.00727407
-0.918367	-0.469388	0.00768927
-0.918367	-0.428571	0.00807422
-0.918367	-0.387755	0.0084274
-0.918367	-0.346939	0.00874742
-0.918367	-0.306122	0.009033
-0.918367	-0.265306	0.00928301
-0.918367	-0.22449	0.00949645
-0.918367	-0.183673	0.00967247
-0.918367	-0.142857	0.00981036
-0.918367	-0.102041	0.00990957
-0.918367	-0.0612245	0.00996969
-0.918367	-0.0204082	0.00999048
-0.918367	0.0204082	0.00997184
-0.918367	0.0612245	0.00991383
-0.918367	0.102041	0.00981666
-0.918367	0.142857	0.00968072
-0.918367	0.183673	0.00950652
-0.918367	0.22449	0.00929473
-0.918367	0.265306	0.0090462
-0.918367	0.306122	0.00876188
-0.918367	0.346939	0.0084429
-0.918367	0.387755	0.00809051
-0.918367	0.428571	0.0077061
-0.918367	0.469388	0.00729117
-0.918367	0.510204	0.00684737
-0.918367	0.55102	0.00637645
-0.918367	0.591837	0.00588026
-0.918367	0.632653	0.00536078
-0.918367	0.673469	0.00482005
-0.918367	0.714286	0.00426021
-0.918367	0.755102	0.00368349
-0.918367	0.795918	0.00309216
-0.918367	0.836735	0.00248857
-0.918367	0.877551	0.00187512
-0.918367	0.918367	0.00125422
-0.918367	0.959184	0.000628358
-0.918367	1	0
-0.877551	-1	0.000831119
-0.877551	-0.959184	0.00165897
-0.877551	-0.918367	0.00248032
-0.877551	-0.877551	0.00329193
-0.877551	-0.836735	0.00409061
-0.877551	-0.795918	0.00487323
-0.877551	-0.755102	0.00563671
-0.877551	-0.714286	0.00637806
-0.877551	-0.673469	0.00709435
-0.877551	-0.632653	0.00778277
-0.877551	-0.591837	0.00844061
-0.877551	-0.55102	0.00906527
-0.877551	-0.510204	0.00965429
-0.877551	-0.469388	0.0102053
-0.877551	-0.428571	0.0107163
-0.877551	-0.387755	0.011185
-0.877551	-0.346939	0.0116097
-0.877551	-0.306122	0.0119888
-0.877551	-0.265306	0.0123206
-0.877551	-0.22449	0.0126039
-0.877551	-0.183673	0.0128375
-0.877551	-0.142857	0.0130205
-0.877551	-0.102041	0.0131522
-0.877551	-0.0612245	0.013232
-0.877551	-0.0204082	0.0132596
-0.877551	0.0204082	0.0132348
-0.877551	0.0612245	0.0131578
-0.877551	0.102041	0.0130289
-0.877551	0.142857	0.0128484
-0.877551	0.183673	0.0126172
-0.877551	0.22449	0.0123361
-0.877551	0.265306	0.0120063
-0.877551	0.306122	0.0116289
-0.877551	0.346939	0.0112056
-0.877551	0.387755	0.0107379
-0.877551	0.428571	0.0102277
-0.877551	0.469388	0.00967698
-0.877551	0.510204	0.00908796
-0.877551	0.55102	0.00846294
-0.877551	0.591837	0.00780439
-0.877551	0.632653	0.00711492
-0.877551	0.673469	0.00639726
-0.877551	0.714286	0.00565423
-0.877551	0.755102	0.00488879
-0.877551	0.795918	0.00410397
-0.877551	0.836735	0.00330288
-0.877551	0.877551	0.00248869
-0.877551	0.918367	0.00166463
-0.877551	0.959184	0.000833968
-0.877551	1	0
-0.836735	-1	0.00103276
-0.836735	-0.959184	0.00206147
-0.836735	-0.918367	0.00308209
-0.836735	-0.877551	0.00409061
-0.836735	-0.836735	0.00508307
-0.836735	-0.795918	0.00605556
-0.836735	-0.755102	0.00700428
-0.836735	-0.714286	0.00792549
-0.836735	-0.673469	0.00881557
-0.836735	-0.632653	0.00967101
-0.836735	-0.591837	0.0104885
-0.836735	-0.55102	0.0112647
-0.836735	-0.510204	0.0119966
-0.836735	-0.469388	0.0126813
-0.836735	-0.428571	0.0133162
-0.836735	-0.387755	0.0138987
-0.836735	-0.346939	0.0144265
-0.836735	-0.306122	0.0148975
-0.836735	-0.265306	0.0153098
-0.836735	-0.22449	0.0156618
-0.836735	-0.183673	0.0159521
-0.836735	-0.142857	0.0161795
-0.836735	-0.102041	0.0163431
-0.836735	-0.0612245	0.0164423
-0.836735	-0.0204082	0.0164766
-0.836735	0.0204082	0.0164458
-0.836735	0.0612245	0.0163502
-0.836735	0.102041	0.0161899
-0.836735	0.142857	0.0159657
-0.836735	0.183673	0.0156784
-0.836735	0.22449	0.0153291
-0.836735	0.265306	0.0149192
-0.836735	0.306122	0.0144503
-0.836735	0.346939	0.0139243
-0.836735	0.387755	0.0133431
-0.836735	0.428571	0.0127091
-0.836735	0.469388	0.0120248
-0.836735	0.510204	0.0112929
-0.836735	0.55102	0.0105162
-0.836735	0.591837	0.00969788
-0.836735	0.632653	0.00884114
-0.836735	0.673469	0.00794935
-0.836735	0.714286	0.00702605
-0.836735	0.755102	0.00607491
-0.836735	0.795918	0.00509967
-0.836735	0.836735	0.00410422
-0.836735	0.877551	0.00309249
-0.836735	0.918367	0.0020685
-0.836735	0.959184	0.0010363
-0.836735	1	0
-0.795918	-1	0.00123035
-0.795918	-0.959184	0.00245588
-0.795918	-0.918367	0.00367176
-0.795918	-0.877551	0.00487323
-0.795918	-0.836735	0.00605556
-0.795918	-0.795918	0.00721412
-0.795918	-0.755102	0.00834435
-0.795918	-0.714286	0.00944181
-0.795918	-0.673469	0.0105022
-0.795918	-0.632653	0.0115213
-0.795918	-0.591837	0.0124951
-0.795918	-0.55102	0.0134198
-0.795918	-0.510204	0.0142918
-0.795918	-0.469388	0.0151076
-0.795918	-0.428571	0.0158639
-0.795918	-0.387755	0.0165578
-0.795918	-0.346939	0.0171866
-0.795918	-0.306122	0.0177477
-0.795918	-0.265306	0.0182389
-0.795918	-0.22449	0.0186582
-0.795918	-0.183673	0.0190041
-0.795918	-0.142857	0.019275
-0.795918	-0.102041	0.0194699
-0.795918	-0.0612245	0.019588
-0.795918	-0.0204082	0.0196289
-0.795918	0.0204082	0.0195923
-0.795918	0.0612245	0.0194783
-0.795918	0.102041	0.0192874
-0.795918	0.142857	0.0190203
-0.795918	0.183673	0.018678
-0.795918	0.22449	0.0182619
-0.795918	0.265306	0.0177736
-0.795918	0.306122	0.017215
-0.795918	0.346939	0.0165883
-0.795918	0.387755	0.0158959
-0.795918	0.428571	0.0151406
-0.795918	0.469388	0.0143254
-0.795918	0.510204	0.0134534
-0.795918	0.55102	0.0125282
-0.795918	0.591837	0.0115533
-0.795918	0.632653	0.0105326
-0.795918	0.673469	0.00947023
-0.795918	0.714286	0.00837029
-0.795918	0.755102	0.00723716
-0.795918	0.795918	0.00607535
-0.795918	0.836735	0.00488944
-0.795918	0.877551	0.00368415
-0.795918	0.918367	0.00246425
-0.795918	0.959184	0.00123457
-0.795918	1	0
-0.755102	-1	0.00142311
-0.755102	-0.959184	0.00284064
-0.755102	-0.918367	0.00424701
-0.755102	-0.877551	0.00563671
-0.755102	-0.836735	0.00700428
-0.755102	-0.795918	0.00834435
-0.755102	-0.755102	0.00965166
-0.755102	-0.714286	0.0109211
-0.755102	-0.673469	0.0121475
-0.755102	-0.632653	0.0133263
-0.755102	-0.591837	0.0144527
-0.755102	-0.55102	0.0155223
-0.755102	-0.510204	0.0165309
-0.755102	-0.469388	0.0174744
-0.755102	-0.428571	0.0183493
-0.755102	-0.387755	0.0191519
-0.755102	-0.346939	0.0198792
-0.755102	-0.306122	0.0205282
-0.755102	-0.265306	0.0210963
-0.755102	-0.22449	0.0215814
-0.755102	-0.183673	0.0219814
-0.755102	-0.142857	0.0222948
-0.755102	-0.102041	0.0225202
-0.755102	-0.0612245	0.0226569
-0.755102	-0.0204082	0.0227041
-0.755102	0.0204082	0.0226618
-0.755102	0.0612245	0.0225299
-0.755102	0.102041	0.0223091
-0.755102	0.142857	0.0220002
-0.755102	0.183673	0.0216043
-0.755102	0.22449	0.021123
-0.755102	0.265306	0.0205582
-0.755102	0.306122	0.019912
-0.755102	0.346939	0.0191871
-0.755102	0.387755	0.0183863
-0.755102	0.428571	0.0175127
-0.755102	0.469388	0.0165697
-0.755102	0.510204	0.0155612
-0.755102	0.55102	0.014491
-0.755102	0.591837	0.0133633
-0.755102	0.632653	0.0121828
-0.755102	0.673469	0.0109539
-0.755102	0.714286	0.00968165
-0.755102	0.755102	0.008371
-0.755102	0.795918	0.00702717
-0.755102	0.836735	0.00565547
-0.755102	0.877551	0.00426134
-0.755102	0.918367	0.00285032
-0.755102	0.959184	0.00142799
-0.755102	1	0
-0.714286	-1	0.00161028
-0.714286	-0.959184	0.00321424
-0.714286	-0.918367	0.00480558
-0.714286	-0.877551	0.00637806
-0.714286	-0.836735	0.00792549
-0.714286	-0.795918	0.00944181
-0.714286	-0.755102	0.0109211
-0.714286	-0.714286	0.0123574
-0.714286	-0.673469	0.0137452
-0.714286	-0.632653	0.015079
-0.714286	-0.591837	0.0163536
-0.714286	-0.55102	0.0175638
-0.714286	-0.510204	0.018705
-0.714286	-0.469388	0.0197727
-0.714286	-0.428571	0.0207626
-0.714286	-0.387755	0.0216708
-0.714286	-0.346939	0.0224937
-0.714286	-0.306122	0.0232281
-0.714286	-0.265306	0.0238709
-0.714286	-0.22449	0.0244198
-0.714286	-0.183673	0.0248724
-0.714286	-0.142857	0.025227
-0.714286	-0.102041	0.0254821
-0.714286	-0.0612245	0.0256367
-0.714286	-0.0204082	0.0256902
-0.714286	0.0204082	0.0256423
-0.714286	0.0612245	0.0254931
-0.714286	0.102041	0.0252432
-0.714286	0.142857	0.0248937
-0.714286	0.183673	0.0244457
-0.714286	0.22449	0.0239011
-0.714286	0.265306	0.023262
-0.714286	0.306122	0.0225309
-0.714286	0.346939	0.0217107
-0.714286	0.387755	0.0208045
-0.714286	0.428571	0.019816
-0.714286	0.469388	0.018749
-0.714286	0.510204	0.0176078
-0.714286	0.55102	0.0163968
-0.714286	0.591837	0.0151209
-0.714286	0.632653	0.0137851
-0.714286	0.673469	0.0123946
-0.714286	0.714286	0.010955
-0.714286	0.755102	0.00947197
-0.714286	0.795918	0.00795139
-0.714286	0.836735	0.00639928
-0.714286	0.877551	0.0048218
-0.714286	0.918367	0.0032252
-0.714286	0.959184	0.0016158
-0.714286	1	0
-0.673469	-1	0.00179112
-0.673469	-0.959184	0.00357522
-0.673469	-0.918367	0.00534528
-0.673469	-0.877551	0.00709435
-0.673469	-0.836735	0.00881557
-0.673469	-0.795918	0.0105022
-0.673469	-0.755102	0.0121475
-0.673469	-0.714286	0.0137452
-0.673469	-0.673469	0.0152889
-0.673469	-0.632653	0.0167725
-0.673469	-0.591837	0.0181901
-0.673469	-0.55102	0.0195363
-0.673469	-0.510204	0.0208057
-0.673469	-0.469388	0.0219933
-0.673469	-0.428571	0.0230943
-0.673469	-0.387755	0.0241045
-0.673469	-0.346939	0.0250199
-0.673469	-0.306122	0.0258367
-0.673469	-0.265306	0.0265518
-0.673469	-0.22449	0.0271623
-0.673469	-0.183673	0.0276657
-0.673469	-0.142857	0.0280602
-0.673469	-0.102041	0.0283439
-0.673469	-0.0612245	0.0285159
-0.673469	-0.0204082	0.0285754
-0.673469	0.0204082	0.028522
-0.673469	0.0612245	0.0283561
-0.673469	0.102041	0.0280782
-0.673469	0.142857	0.0276893
-0.673469	0.183673	0.0271911
-0.673469	0.22449	0.0265853
-0.673469	0.265306	0.0258745
-0.673469	0.306122	0.0250612
-0.673469	0.346939	0.0241489
-0.673469	0.387755	0.023141
-0.673469	0.428571	0.0220414
-0.673469	0.469388	0.0208546
-0.673469	0.510204	0.0195852
-0.673469	0.55102	0.0182383
-0.673469	0.591837	0.0168191
-0.673469	0.632653	0.0153332
-0.673469	0.673469	0.0137866
-0.673469	0.714286	0.0121853
-0.673469	0.755102	0.0105357
-0.673469	0.795918	0.00884437
-0.673469	0.836735	0.00711796
-0.673469	0.877551	0.00536331
-0.673469	0.918367	0.0035874
-0.673469	0.959184	0.00179727
-0.673469	1	0
-0.632653	-1	0.00196493
-0.632653	-0.959184	0.00392215
-0.632653	-0.918367	0.00586397
-0.632653	-0.877551	0.00778277
-0.632653	-0.836735	0.00967101
-0.632653	-0.795918	0.0115213
-0.632653	-0.755102	0.0133263
-0.632653	-0.714286	0.015079
-0.632653	-0.673469	0.0167725
-0.632653	-0.632653	0.0184
-0.632653	-0.591837	0.0199553
-0.632653	-0.55102	0.0214321
-0.632653	-0.510204	0.0228247
-0.632653	-0.469388	0.0241275
-0.632653	-0.428571	0.0253354
-0.632653	-0.387755	0.0264436
-0.632653	-0.346939	0.0274477
-0.632653	-0.306122	0.0283438
-0.632653	-0.265306	0.0291283
-0.632653	-0.22449	0.029798
-0.632653	-0.183673	0.0303504
-0.632653	-0.142857	0.030783
-0.632653	-0.102041	0.0310943
-0.632653	-0.0612245	0.031283
-0.632653	-0.0204082	0.0313482
-0.632653	0.0204082	0.0312897
-0.632653	0.0612245	0.0311077
-0.632653	0.102041	0.0308028
-0.632653	0.142857	0.0303763
-0.632653	0.183673	0.0298296
-0.632653	0.22449	0.0291651
-0.632653	0.265306	0.0283853
-0.632653	0.306122	0.0274931
-0.632653	0.346939	0.0264922
-0.632653	0.387755	0.0253865
-0.632653	0.428571	0.0241803
-0.632653	0.469388	0.0228783
-0.632653	0.510204	0.0214857
-0.632653	0.55102	0.0200081
-0.632653	0.591837	0.0184511
-0.632653	0.632653	0.0168211
-0.632653	0.673469	0.0151244
-0.632653	0.714286	0.0133677
-0.632653	0.755102	0.0115581
-0.632653	0.795918	0.00970261
-0.632653	0.836735	0.00780867
-0.632653	0.877551	0.00588376
-0.632653	0.918367	0.00393552
-0.632653	0.959184	0.00197167
-0.632653	1	0
-0.591837	-1	0.00213102
-0.591837	-0.959184	0.00425367
-0.591837	-0.918367	0.00635962
-0.591837	-0.877551	0.00844061
-0.591837	-0.836735	0.0104885
-0.591837	-0.795918	0.0124951
-0.591837	-0.755102	0.0144527
-0.591837	-0.714286	0.0163536
-0.591837	-0.673469	0.0181901
-0.591837	-0.632653	0.0199553
-0.591837	-0.591837	0.021642
-0.591837	-0.55102	0.0232436
-0.591837	-0.510204	0.0247539
-0.591837	-0.469388	0.0261668
-0.591837	-0.428571	0.0274768
-0.591837	-0.387755	0.0286787
-0.591837	-0.346939	0.0297678
-0.591837	-0.306122	0.0307396
-0.591837	-0.265306	0.0315904
-0.591837	-0.22449	0.0323167
-0.591837	-0.183673	0.0329157
-0.591837	-0.142857	0.033385
-0.591837	-0.102041	0.0337226
-0.591837	-0.0612245	0.0339272
-0.591837	-0.0204082	0.0339979
-0.591837	0.0204082	0.0339345
-0.591837	0.0612245	0.0337371
-0.591837	0.102041	0.0334064
-0.591837	0.142857	0.0329438
-0.591837	0.183673	0.032351
-0.591837	0.22449	0.0316303
-0.591837	0.265306	0.0307845
-0.591837	0.306122	0.029817
-0.591837	0.346939	0.0287315
-0.591837	0.387755	0.0275323
-0.591837	0.428571	0.0262241
-0.591837	0.469388	0.0248121
-0.591837	0.510204	0.0233018
-0.591837	0.55102	0.0216993
-0.591837	0.591837	0.0200107
-0.591837	0.632653	0.0182429
-0.591837	0.673469	0.0164028
-0.591837	0.714286	0.0144976
-0.591837	0.755102	0.012535
-0.591837	0.795918	0.0105227
-0.591837	0.836735	0.00846869
-0.591837	0.877551	0.00638108
-0.591837	0.918367	0.00426816
-0.591837	0.959184	0.00213832
-0.591837	1	0
-0.55102	-1	0.00228872
-0.55102	-0.959184	0.00456847
-0.55102	-0.918367	0.00683027
-0.55102	-0.877551	0.00906527
-0.55102	-0.836735	0.0112647
-0.55102	-0.795918	0.0134198
-0.55102	-0.755102	0.0155223
-0.55102	-0.714286	0.0175638
-0.55102	-0.673469	0.0195363
-0.55102	-0.632653	0.0214321
-0.55102	-0.591837	0.0232436
-0.55102	-0.55102	0.0249638
-0.55102	-0.510204	0.0265859
-0.55102	-0.469388	0.0281034
-0.55102	-0.428571	0.0295103
-0.55102	-0.387755	0.0308011
-0.55102	-0.346939	0.0319708
-0.55102	-0.306122	0.0330145
-0.55102	-0.265306	0.0339283
-0.55102	-0.22449	0.0347084
-0.55102	-0.183673	0.0353517
-0.55102	-0.142857	0.0358557
-0.55102	-0.102041	0.0362183
-0.55102	-0.0612245	0.036438
-0.55102	-0.0204082	0.036514
-0.55102	0.0204082	0.0364459
-0.55102	0.0612245	0.0362339
-0.55102	0.102041	0.0358787
-0.55102	0.142857	0.0353819
-0.55102	0.183673	0.0347452
-0.55102	0.22449	0.0339711
-0.55102	0.265306	0.0330628
-0.55102	0.306122	0.0320236
-0.55102	0.346939	0.0308578
-0.55102	0.387755	0.0295698
-0.55102	0.428571	0.0281649
-0.55102	0.469388	0.0266483
-0.55102	0.510204	0.0250263
-0.55102	0.55102	0.0233051
-0.55102	0.591837	0.0214916
-0.55102	0.632653	0.019593
-0.55102	0.673469	0.0176167
-0.55102	0.714286	0.0155706
-0.55102	0.755102	0.0134627
-0.55102	0.795918	0.0113015
-0.55102	0.836735	0.00909543
-0.55102	0.877551	0.00685332
-0.55102	0.918367	0.00458404
-0.55102	0.959184	0.00229657
-0.55102	1	0
-0.510204	-1	0.00243744
-0.510204	-0.959184	0.0048653
-0.510204	-0.918367	0.00727407
-0.510204	-0.877551	0.00965429
-0.510204	-0.836735	0.0119966
-0.510204	-0.795918	0.0142918
-0.510204	-0.755102	0.0165309
-0.510204	-0.714286	0.018705
-0.510204	-0.673469	0.0208057
-0.510204	-0.632653	0.0228247
-0.510204	-0.591837	0.0247539
-0.510204	-0.55102	0.0265859
-0.510204	-0.510204	0.0283133
-0.510204	-0.469388	0.0299294
-0.510204	-0.428571	0.0314277
-0.510204	-0.387755	0.0328025
-0.510204	-0.346939	0.0340481
-0.510204	-0.306122	0.0351597
-0.510204	-0.265306	0.0361328
-0.510204	-0.22449	0.0369636
-0.510204	-0.183673	0.0376487
-0.510204	-0.142857	0.0381854
-0.510204	-0.102041	0.0385716
-0.510204	-0.0612245	0.0388056
-0.510204	-0.0204082	0.0388865
-0.510204	0.0204082	0.038814
-0.510204	0.0612245	0.0385882
-0.510204	0.102041	0.03821
-0.510204	0.142857	0.0376808
-0.510204	0.183673	0.0370028
-0.510204	0.22449	0.0361784
-0.510204	0.265306	0.035211
-0.510204	0.306122	0.0341044
-0.510204	0.346939	0.0328628
-0.510204	0.387755	0.0314912
-0.510204	0.428571	0.0299949
-0.510204	0.469388	0.0283798
-0.510204	0.510204	0.0266524
-0.510204	0.55102	0.0248194
-0.510204	0.591837	0.0228881
-0.510204	0.632653	0.0208661
-0.510204	0.673469	0.0187613
-0.510204	0.714286	0.0165823
-0.510204	0.755102	0.0143374
-0.510204	0.795918	0.0120358
-0.510204	0.836735	0.00968641
-0.510204	0.877551	0.00729862
-0.510204	0.918367	0.00488189
-0.510204	0.959184	0.00244579
-0.510204	1	0
-0.469388	-1	0.00257656
-0.469388	-0.959184	0.00514301
-0.469388	-0.918367	0.00768927
-0.469388	-0.877551	0.0102053
-0.469388	-0.836735	0.0126813
-0.469388	-0.795918	0.0151076
-0.469388	-0.755102	0.0174744
-0.469388	-0.714286	0.0197727
-0.469388	-0.673469	0.0219933
-0.469388	-0.632653	0.0241275
-0.469388	-0.591837	0.0261668
-0.469388	-0.55102	0.0281034
-0.469388	-0.510204	0.0299294
-0.469388	-0.469388	0.0316377
-0.469388	-0.428571	0.0332216
-0.469388	-0.387755	0.0346748
-0.469388	-0.346939	0.0359915
-0.469388	-0.306122	0.0371665
-0.469388	-0.265306	0.0381952
-0.469388	-0.22449	0.0390734
-0.469388	-0.183673	0.0397976
-0.469388	-0.142857	0.040365
-0.469388	-0.102041	0.0407732
-0.469388	-0.0612245	0.0410206
-0.469388	-0.0204082	0.0411061
-0.469388	0.0204082	0.0410294
-0.469388	0.0612245	0.0407907
-0.469388	0.102041	0.0403909
-0.469388	0.142857	0.0398316
-0.469388	0.183673	0.0391148
-0.469388	0.22449	0.0382434
-0.469388	0.265306	0.0372208
-0.469388	0.306122	0.036051
-0.469388	0.346939	0.0347386
-0.469388	0.387755	0.0332886
-0.469388	0.428571	0.031707
-0.469388	0.469388	0.0299997
-0.469388	0.510204	0.0281737
-0.469388	0.55102	0.0262361
-0.469388	0.591837	0.0241945
-0.469388	0.632653	0.0220571
-0.469388	0.673469	0.0198322
-0.469388	0.714286	0.0175288
-0.469388	0.755102	0.0151558
-0.469388	0.795918	0.0127228
-0.469388	0.836735	0.0102393
-0.469388	0.877551	0.00771522
-0.469388	0.918367	0.00516054
-0.469388	0.959184	0.0025854
-0.469388	1	0
-0.428571	-1	0.00270555
-0.428571	-0.959184	0.00540049
-0.428571	-0.918367	0.00807422
-0.428571	-0.877551	0.0107163
-0.428571	-0.836735	0.0133162
-0.428571	-0.795918	0.0158639
-0.428571	-0.755102	0.0183493
-0.428571	-0.714286	0.0207626
-0.428571	-0.673469	0.0230943
-0.428571	-0.632653	0.0253354
-0.428571	-0.591837	0.0274768
-0.428571	-0.55102	0.0295103
-0.428571	-0.510204	0.0314277
-0.428571	-0.469388	0.0332216
-0.428571	-0.428571	0.0348848
-0.428571	-0.387755	0.0364107
-0.428571	-0.346939	0.0377934
-0.428571	-0.306122	0.0390272
-0.428571	-0.265306	0.0401074
-0.428571	-0.22449	0.0410295
-0.428571	-0.183673	0.04179
-0.428571	-0.142857	0.0423858
-0.428571	-0.102041	0.0428145
-0.428571	-0.0612245	0.0430742
-0.428571	-0.0204082	0.043164
-0.428571	0.0204082	0.0430835
-0.428571	0.0612245	0.0428329
-0.428571	0.102041	0.0424131
-0.428571	0.142857	0.0418257
-0.428571	0.183673	0.0410731
-0.428571	0.22449	0.040158
-0.428571	0.265306	0.0390842
-0.428571	0.306122	0.0378559
-0.428571	0.346939	0.0364777
-0.428571	0.387755	0.0349552
-0.428571	0.428571	0.0332943
-0.428571	0.469388	0.0315016
-0.428571	0.510204	0.0295842
-0.428571	0.55102	0.0275495
-0.428571	0.591837	0.0254058
-0.428571	0.632653	0.0231613
-0.428571	0.673469	0.0208251
-0.428571	0.714286	0.0184063
-0.428571	0.755102	0.0159146
-0.428571	0.795918	0.0133597
-0.428571	0.836735	0.0107519
-0.428571	0.877551	0.00810147
-0.428571	0.918367	0.00541889
-0.428571	0.959184	0.00271483
-0.428571	1	0
-0.387755	-1	0.0028239
-0.387755	-0.959184	0.00563672
-0.387755	-0.918367	0.0084274
-0.387755	-0.877551	0.011185
-0.387755	-0.836735	0.0138987
-0.387755	-0.795918	0.0165578
-0.387755	-0.755102	0.0191519
-0.387755	-0.714286	0.0216708
-0.387755	-0.673469	0.0241045
-0.387755	-0.632653	0.0264436
-0.387755	-0.591837	0.0286787
-0.387755	-0.55102	0.0308011
-0.387755	-0.510204	0.0328025
-0.387755	-0.469388	0.0346748
-0.387755	-0.428571	0.0364107
-0.387755	-0.387755	0.0380034
-0.387755	-0.346939	0.0394465
-0.387755	-0.306122	0.0407343
-0.387755	-0.265306	0.0418618
-0.387755	-0.22449	0.0428243
-0.387755	-0.183673	0.043618
-0.387755	-0.142857	0.0442399
-0.387755	-0.102041	0.0446872
-0.387755	-0.0612245	0.0449584
-0.387755	-0.0204082	0.0450521
-0.387755	0.0204082	0.0449681
-0.387755	0.0612245	0.0447065
-0.387755	0.102041	0.0442683
-0.387755	0.142857	0.0436552
-0.387755	0.183673	0.0428697
-0.387755	0.22449	0.0419146
-0.387755	0.265306	0.0407939
-0.387755	0.306122	0.0395118
-0.387755	0.346939	0.0380733
-0.387755	0.387755	0.0364842
-0.387755	0.428571	0.0347507
-0.387755	0.469388	0.0328796
-0.387755	0.510204	0.0308782
-0.387755	0.55102	0.0287546
-0.387755	0.591837	0.0265171
-0.387755	0.632653	0.0241744
-0.387755	0.673469	0.021736
-0.387755	0.714286	0.0192114
-0.387755	0.755102	0.0166107
-0.387755	0.795918	0.0139441
-0.387755	0.836735	0.0112222
-0.387755	0.877551	0.00845584
-0.387755	0.918367	0.00565593
-0.387755	0.959184	0.00283358
-0.387755	1	0
-0.346939	-1	0.00293113
-0.346939	-0.959184	0.00585076
-0.346939	-0.918367	0.00874742
-0.346939	-0.877551	0.0116097
-0.346939	-0.836735	0.0144265
-0.346939	-0.795918	0.0171866
-0.346939	-0.755102	0.0198792
-0.346939	-0.714286	0.0224937
-0.346939	-0.673469	0.0250199
-0.346939	-0.632653	0.0274477
-0.346939	-0.591837	0.0297678
-0.346939	-0.55102	0.0319708
-0.346939	-0.510204	0.0340481
-0.346939	-0.469388	0.0359915
-0.346939	-0.428571	0.0377934
-0.346939	-0.387755	0.0394465
-0.346939	-0.346939	0.0409444
-0.346939	-0.306122	0.0422812
-0.346939	-0.265306	0.0434514
-0.346939	-0.22449	0.0444504
-0.346939	-0.183673	0.0452743
-0.346939	-0.142857	0.0459198
-0.346939	-0.102041	0.0463842
-0.346939	-0.0612245	0.0466656
-0.346939	-0.0204082	0.0467629
-0.346939	0.0204082	0.0466756
-0.346939	0.0612245	0.0464041
-0.346939	0.102041	0.0459493
-0.346939	0.142857	0.045313
-0.346939	0.183673	0.0444976
-0.346939	0.22449	0.0435063
-0.346939	0.265306	0.0423429
-0.346939	0.306122	0.0410121
-0.346939	0.346939	0.0395191
-0.346939	0.387755	0.0378696
-0.346939	0.428571	0.0360703
-0.346939	0.469388	0.0341281
-0.346939	0.510204	0.0320508
-0.346939	0.55102	0.0298465
-0.346939	0.591837	0.027524
-0.346939	0.632653	0.0250924
-0.346939	0.673469	0.0225614
-0.346939	0.714286	0.019941
-0.346939	0.755102	0.0172415
-0.346939	0.795918	0.0144736
-0.346939	0.836735	0.0116484
-0.346939	0.877551	0.00877694
-0.346939	0.918367	0.0058707
-0.346939	0.959184	0.00294118
-0.346939	1	0
-0.306122	-1	0.00302683
-0.306122	-0.959184	0.00604177
-0.306122	-0.918367	0.009033
-0.306122	-0.877551	0.0119888
-0.306122	-0.836735	0.0148975
-0.306122	-0.795918	0.0177477
-0.306122	-0.755102	0.0205282
-0.306122	-0.714286	0.0232281
-0.306122	-0.673469	0.0258367
-0.306122	-0.632653	0.0283438
-0.306122	-0.591837	0.0307396
-0.306122	-0.55102	0.0330145
-0.306122	-0.510204	0.0351597
-0.306122	-0.469388	0.0371665
-0.306122	-0.428571	0.0390272
-0.306122	-0.387755	0.0407343
-0.306122	-0.346939	0.0422812
-0.306122	-0.306122	0.0436615
-0.306122	-0.265306	0.04487
-0.306122	-0.22449	0.0459016
-0.306122	-0.183673	0.0467524
-0.306122	-0.142857	0.0474189
-0.306122	-0.102041	0.0478985
-0.306122	-0.0612245	0.0481891
-0.306122	-0.0204082	0.0482896
-0.306122	0.0204082	0.0481995
-0.306122	0.0612245	0.0479191
-0.306122	0.102041	0.0474494
-0.306122	0.142857	0.0467923
-0.306122	0.183673	0.0459503
-0.306122	0.22449	0.0449266
-0.306122	0.265306	0.0437253
-0.306122	0.306122	0.0423511
-0.306122	0.346939	0.0408093
-0.306122	0.387755	0.039106
-0.306122	0.428571	0.0372479
-0.306122	0.469388	0.0352423
-0.306122	0.510204	0.0330972
-0.306122	0.55102	0.0308209
-0.306122	0.591837	0.0284226
-0.306122	0.632653	0.0259116
-0.306122	0.673469	0.023298
-0.306122	0.714286	0.020592
-0.306122	0.755102	0.0178043
-0.306122	0.795918	0.0149461
-0.306122	0.836735	0.0120287
-0.306122	0.877551	0.00906348
-0.306122	0.918367	0.00606236
-0.306122	0.959184	0.0030372
-0.306122	1	0
-0.265306	-1	0.0031106
-0.265306	-0.959184	0.00620899
-0.265306	-0.918367	0.00928301
-0.265306	-0.877551	0.0123206
-0.265306	-0.836735	0.0153098
-0.265306	-0.795918	0.0182389
-0.265306	-0.755102	0.0210963
-0.265306	-0.714286	0.0238709
-0.265306	-0.673469	0.0265518
-0.265306	-0.632653	0.0291283
-0.265306	-0.591837	0.0315904
-0.265306	-0.55102	0.0339283
-0.265306	-0.510204	0.0361328
-0.265306	-0.469388	0.0381952
-0.265306	-0.428571	0.0401074
-0.265306	-0.387755	0.0418618
-0.265306	-0.346939	0.0434514
-0.265306	-0.306122	0.04487
-0.265306	-0.265306	0.0461118
-0.265306	-0.22449	0.0471721
-0.265306	-0.183673	0.0480464
-0.265306	-0.142857	0.0487314
-0.265306	-0.102041	0.0492242
-0.265306	-0.0612245	0.0495228
-0.265306	-0.0204082	0.0496261
-0.265306	0.0204082	0.0495335
-0.265306	0.0612245	0.0492453
-0.265306	0.102041	0.0487627
-0.265306	0.142857	0.0480874
-0.265306	0.183673	0.0472221
-0.265306	0.22449	0.0461701
-0.265306	0.265306	0.0449355
-0.265306	0.306122	0.0435232
-0.265306	0.346939	0.0419388
-0.265306	0.387755	0.0401883
-0.265306	0.428571	0.0382788
-0.265306	0.469388	0.0362177
-0.265306	0.510204	0.0340132
-0.265306	0.55102	0.031674
-0.265306	0.591837	0.0292092
-0.265306	0.632653	0.0266288
-0.265306	0.673469	0.0239428
-0.265306	0.714286	0.0211619
-0.265306	0.755102	0.0182971
-0.265306	0.795918	0.0153598
-0.265306	0.836735	0.0123616
-0.265306	0.877551	0.00931433
-0.265306	0.918367	0.00623015
-0.265306	0.959184	0.00312127
-0.265306	1	0
-0.22449	-1	0.00318212
-0.22449	-0.959184	0.00635175
-0.22449	-0.918367	0.00949645
-0.22449	-0.877551	0.0126039
-0.22449	-0.836735	0.0156618
-0.22449	-0.795918	0.0186582
-0.22449	-0.755102	0.0215814
-0.22449	-0.714286	0.0244198
-0.22449	-0.673469	0.0271623
-0.22449	-0.632653	0.029798
-0.22449	-0.591837	0.0323167
-0.22449	-0.55102	0.0347084
-0.22449	-0.510204	0.0369636
-0.22449	-0.469388	0.0390734
-0.22449	-0.428571	0.0410295
-0.22449	-0.387755	0.0428243
-0.22449	-0.346939	0.0444504
-0.22449	-0.306122	0.0459016
-0.22449	-0.265306	0.0471721
-0.22449	-0.22449	0.0482567
-0.22449	-0.183673	0.0491511
-0.22449	-0.142857	0.0498518
-0.22449	-0.102041	0.050356
-0.22449	-0.0612245	0.0506615
-0.22449	-0.0204082	0.0507671
-0.22449	0.0204082	0.0506724
-0.22449	0.0612245	0.0503776
-0.22449	0.102041	0.0498839
-0.22449	0.142857	0.049193
-0.22449	0.183673	0.0483078
-0.22449	0.22449	0.0472316
-0.22449	0.265306	0.0459687
-0.22449	0.306122	0.0445239
-0.22449	0.346939	0.042903
-0.22449	0.387755	0.0411123
-0.22449	0.428571	0.0391589
-0.22449	0.469388	0.0370504
-0.22449	0.510204	0.0347952
-0.22449	0.55102	0.0324022
-0.22449	0.591837	0.0298808
-0.22449	0.632653	0.027241
-0.22449	0.673469	0.0244933
-0.22449	0.714286	0.0216485
-0.22449	0.755102	0.0187178
-0.22449	0.795918	0.015713
-0.22449	0.836735	0.0126458
-0.22449	0.877551	0.00952849
-0.22449	0.918367	0.0063734
-0.22449	0.959184	0.00319303
-0.22449	1	0
-0.183673	-1	0.0032411
-0.183673	-0.959184	0.00646948
-0.183673	-0.918367	0.00967247
-0.183673	-0.877551	0.0128375
-0.183673	-0.836735	0.0159521
-0.183673	-0.795918	0.0190041
-0.183673	-0.755102	0.0219814
-0.183673	-0.714286	0.0248724
-0.183673	-0.673469	0.0276657
-0.183673	-0.632653	0.0303504
-0.183673	-0.591837	0.0329157
-0.183673	-0.55102	0.0353517
-0.183673	-0.510204	0.0376487
-0.183673	-0.469388	0.0397976
-0.183673	-0.428571	0.04179
-0.183673	-0.387755	0.043618
-0.183673	-0.346939	0.0452743
-0.183673	-0.306122	0.0467524
-0.183673	-0.265306	0.0480464
-0.183673	-0.22449	0.0491511
-0.183673	-0.183673	0.0500621
-0.183673	-0.142857	0.0507758
-0.183673	-0.102041	0.0512893
-0.183673	-0.0612245	0.0516005
-0.183673	-0.0204082	0.0517081
-0.183673	0.0204082	0.0516116
-0.183673	0.0612245	0.0513114
-0.183673	0.102041	0.0508085
-0.183673	0.142857	0.0501049
-0.183673	0.183673	0.0492032
-0.183673	0.22449	0.0481071
-0.183673	0.265306	0.0468207
-0.183673	0.306122	0.0453492
-0.183673	0.346939	0.0436983
-0.183673	0.387755	0.0418744
-0.183673	0.428571	0.0398847
-0.183673	0.469388	0.0377372
-0.183673	0.510204	0.0354402
-0.183673	0.55102	0.0330028
-0.183673	0.591837	0.0304347
-0.183673	0.632653	0.027746
-0.183673	0.673469	0.0249473
-0.183673	0.714286	0.0220497
-0.183673	0.755102	0.0190648
-0.183673	0.795918	0.0160042
-0.183673	0.836735	0.0128802
-0.183673	0.877551	0.00970511
-0.183673	0.918367	0.00649153
-0.183673	0.959184	0.00325222
-0.183673	1	0
-0.142857	-1	0.00328731
-0.142857	-0.959184	0.00656171
-0.142857	-0.918367	0.00981036
-0.142857	-0.877551	0.0130205
-0.142857	-0.836735	0.0161795
-0.142857	-0.795918	0.019275
-0.142857	-0.755102	0.0222948
-0.142857	-0.714286	0.025227
-0.142857	-0.673469	0.0280602
-0.142857	-0.632653	0.030783
-0.142857	-0.591837	0.033385
-0.142857	-0.55102	0.0358557
-0.142857	-0.510204	0.0381854
-0.142857	-0.469388	0.040365
-0.142857	-0.428571	0.0423858
-0.142857	-0.387755	0.0442399
-0.142857	-0.346939	0.0459198
-0.142857	-0.306122	0.0474189
-0.142857	-0.265306	0.0487314
-0.142857	-0.22449	0.0498518
-0.142857	-0.183673	0.0507758
-0.142857	-0.142857	0.0514997
-0.142857	-0.102041	0.0520205
-0.142857	-0.0612245	0.0523361
-0.142857	-0.0204082	0.0524453
-0.142857	0.0204082	0.0523474
-0.142857	0.0612245	0.0520429
-0.142857	0.102041	0.0515328
-0.142857	0.142857	0.0508192
-0.142857	0.183673	0.0499047
-0.142857	0.22449	0.0487929
-0.142857	0.265306	0.0474882
-0.142857	0.306122	0.0459957
-0.142857	0.346939	0.0443212
-0.142857	0.387755	0.0424713
-0.142857	0.428571	0.0404533
-0.142857	0.469388	0.0382752
-0.142857	0.510204	0.0359454
-0.142857	0.55102	0.0334733
-0.142857	0.591837	0.0308686
-0.142857	0.632653	0.0281415
-0.142857	0.673469	0.0253029
-0.142857	0.714286	0.0223641
-0.142857	0.755102	0.0193366
-0.142857	0.795918	0.0162324
-0.142857	0.836735	0.0130638
-0.142857	0.877551	0.00984346
-0.142857	0.918367	0.00658408
-0.142857	0.959184	0.00329858
-0.142857	1	0
-0.102041	-1	0.00332055
-0.102041	-0.959184	0.00662807
-0.102041	-0.918367	0.00990957
-0.102041	-0.877551	0.0131522
-0.102041	-0.836735	0.0163431
-0.102041	-0.795918	0.0194699
-0.102041	-0.755102	0.0225202
-0.102041	-0.714286	0.0254821
-0.102041	-0.673469	0.0283439
-0.102041	-0.632653	0.0310943
-0.102041	-0.591837	0.0337226
-0.102041	-0.55102	0.0362183
-0.102041	-0.510204	0.0385716
-0.102041	-0.469388	0.0407732
-0.102041	-0.428571	0.0428145
-0.102041	-0.387755	0.0446872
-0.102041	-0.346939	0.0463842
-0.102041	-0.306122	0.0478985
-0.102041	-0.265306	0.0492242
-0.102041	-0.22449	0.050356
-0.102041	-0.183673	0.0512893
-0.102041	-0.142857	0.0520205
-0.102041	-0.102041	0.0525466
-0.102041	-0.0612245	0.0528654
-0.102041	-0.0204082	0.0529757
-0.102041	0.0204082	0.0528768
-0.102041	0.0612245	0.0525692
-0.102041	0.102041	0.052054
-0.102041	0.142857	0.0513331
-0.102041	0.183673	0.0504094
-0.102041	0.22449	0.0492864
-0.102041	0.265306	0.0479685
-0.102041	0.306122	0.0464609
-0.102041	0.346939	0.0447694
-0.102041	0.387755	0.0429008
-0.102041	0.428571	0.0408624
-0.102041	0.469388	0.0386622
-0.102041	0.510204	0.0363089
-0.102041	0.55102	0.0338118
-0.102041	0.591837	0.0311807
-0.102041	0.632653	0.0284261
-0.102041	0.673469	0.0255588
-0.102041	0.714286	0.0225902
-0.102041	0.755102	0.0195321
-0.102041	0.795918	0.0163965
-0.102041	0.836735	0.0131959
-0.102041	0.877551	0.00994301
-0.102041	0.918367	0.00665066
-0.102041	0.959184	0.00333194
-0.102041	1	0
-0.0612245	-1	0.0033407
-0.0612245	-0.959184	0.00666829
-0.0612245	-0.918367	0.00996969
-0.0612245	-0.877551	0.013232
-0.0612245	-0.836735	0.0164423
-0.0612245	-0.795918	0.019588
-0.0612245	-0.755102	0.0226569
-0.0612245	-0.714286	0.0256367
-0.0612245	-0.673469	0.0285159
-0.0612245	-0.632653	0.031283
-0.0612245	-0.591837	0.0339272
-0.0612245	-0.55102	0.036438
-0.0612245	-0.510204	0.0388056
-0.0612245	-0.469388	0.0410206
-0.0612245	-0.428571	0.0430742
-0.0612245	-0.387755	0.0449584
-0.0612245	-0.346939	0.0466656
-0.0612245	-0.306122	0.0481891
-0.0612245	-0.265306	0.0495228
-0.0612245	-0.22449	0.0506615
-0.0612245	-0.183673	0.0516005
-0.0612245	-0.142857	0.0523361
-0.0612245	-0.102041	0.0528654
-0.0612245	-0.0612245	0.0531862
-0.0612245	-0.0204082	0.0532971
-0.0612245	0.0204082	0.0531976
-0.0612245	0.0612245	0.0528881
-0.0612245	0.102041	0.0523698
-0.0612245	0.142857	0.0516445
-0.0612245	0.183673	0.0507152
-0.0612245	0.22449	0.0495854
-0.0612245	0.265306	0.0482595
-0.0612245	0.306122	0.0467428
-0.0612245	0.346939	0.0450411
-0.0612245	0.387755	0.0431611
-0.0612245	0.428571	0.0411104
-0.0612245	0.469388	0.0388968
-0.0612245	0.510204	0.0365292
-0.0612245	0.55102	0.034017
-0.0612245	0.591837	0.0313699
-0.0612245	0.632653	0.0285986
-0.0612245	0.673469	0.0257139
-0.0612245	0.714286	0.0227273
-0.0612245	0.755102	0.0196506
-0.0612245	0.795918	0.016496
-0.0612245	0.836735	0.013276
-0.0612245	0.877551	0.0100033
-0.0612245	0.918367	0.00669101
-0.0612245	0.959184	0.00335215
-0.0612245	1	0
-0.0204082	-1	0.00334767
-0.0204082	-0.959184	0.00668219
-0.0204082	-0.918367	0.00999048
-0.0204082	-0.877551	0.0132596
-0.0204082	-0.836735	0.0164766
-0.0204082	-0.795918	0.0196289
-0.0204082	-0.755102	0.0227041
-0.0204082	-0.714286	0.0256902
-0.0204082	-0.673469	0.0285754
-0.0204082	-0.632653	0.0313482
-0.0204082	-0.591837	0.0339979
-0.0204082	-0.55102	0.036514
-0.0204082	-0.510204	0.0388865
-0.0204082	-0.469388	0.0411061
-0.0204082	-0.428571	0.043164
-0.0204082	-0.387755	0.0450521
-0.0204082	-0.346939	0.0467629
-0.0204082	-0.306122	0.0482896
-0.0204082	-0.265306	0.0496261
-0.0204082	-0.22449	0.0507671
-0.0204082	-0.183673	0.0517081
-0.0204082	-0.142857	0.0524453
-0.0204082	-0.102041	0.0529757
-0.0204082	-0.0612245	0.0532971
-0.0204082	-0.0204082	0.0534082
-0.0204082	0.0204082	0.0533086
-0.0204082	0.0612245	0.0529984
-0.0204082	0.102041	0.052479
-0.0204082	0.142857	0.0517522
-0.0204082	0.183673	0.050821
-0.0204082	0.22449	0.0496888
-0.0204082	0.265306	0.0483601
-0.0204082	0.306122	0.0468402
-0.0204082	0.346939	0.045135
-0.0204082	0.387755	0.0432511
-0.0204082	0.428571	0.0411961
-0.0204082	0.469388	0.0389779
-0.0204082	0.510204	0.0366054
-0.0204082	0.55102	0.0340879
-0.0204082	0.591837	0.0314353
-0.0204082	0.632653	0.0286582
-0.0204082	0.673469	0.0257675
-0.0204082	0.714286	0.0227747
-0.0204082	0.755102	0.0196916
-0.0204082	0.795918	0.0165304
-0.0204082	0.836735	0.0133037
-0.0204082	0.877551	0.0100242
-0.0204082	0.918367	0.00670497
-0.0204082	0.959184	0.00335914
-0.0204082	1	0
0.0204082	-1	0.00334142
0.0204082	-0.959184	0.00666972
0.0204082	-0.918367	0.00997184
0.0204082	-0.877551	0.0132348
0.0204082	-0.836735	0.0164458
0.0204082	-0.795918	0.0195923
0.0204082	-0.755102	0.0226618
0.0204082	-0.714286	0.0256423
0.0204082	-0.673469	0.028522
0.0204082	-0.632653	0.0312897
0.0204082	-0.591837	0.0339345
0.0204082	-0.55102	0.0364459
0.0204082	-0.510204	0.038814
0.0204082	-0.469388	0.0410294
0.0204082	-0.428571	0.0430835
0.0204082	-0.387755	0.0449681
0.0204082	-0.346939	0.0466756
0.0204082	-0.306122	0.0481995
0.0204082	-0.265306	0.0495335
0.0204082	-0.22449	0.0506724
0.0204082	-0.183673	0.0516116
0.0204082	-0.142857	0.0523474
0.0204082	-0.102041	0.0528768
0.0204082	-0.0612245	0.0531976
0.0204082	-0.0204082	0.0533086
0.0204082	0.0204082	0.0532091
0.0204082	0.0612245	0.0528995
0.0204082	0.102041	0.0523811
0.0204082	0.142857	0.0516557
0.0204082	0.183673	0.0507261
0.0204082	0.22449	0.0495961
0.0204082	0.265306	0.0482699
0.0204082	0.306122	0.0467528
0.0204082	0.346939	0.0450508
0.0204082	0.387755	0.0431704
0.0204082	0.428571	0.0411192
0.0204082	0.469388	0.0389052
0.0204082	0.510204	0.0365371
0.0204082	0.55102	0.0340243
0.0204082	0.591837	0.0313767
0.0204082	0.632653	0.0286047
0.0204082	0.673469	0.0257194
0.0204082	0.714286	0.0227322
0.0204082	0.755102	0.0196548
0.0204082	0.795918	0.0164996
0.0204082	0.836735	0.0132789
0.0204082	0.877551	0.0100055
0.0204082	0.918367	0.00669245
0.0204082	0.959184	0.00335288
0.0204082	1	0
0.0612245	-1	0.00332198
0.0612245	-0.959184	0.00663092
0.0612245	-0.918367	0.00991383
0.0612245	-0.877551	0.0131578
0.0612245	-0.836735	0.0163502
0.0612245	-0.795918	0.0194783
0.0612245	-0.755102	0.0225299
0.0612245	-0.714286	0.0254931
0.0612245	-0.673469	0.0283561
0.0612245	-0.632653	0.0311077
0.0612245	-0.591837	0.0337371
0.0612245	-0.55102	0.0362339
0.0612245	-0.510204	0.0385882
0.0612245	-0.469388	0.0407907
0.0612245	-0.428571	0.0428329
0.0612245	-0.387755	0.0447065
0.0612245	-0.346939	0.0464041
0.0612245	-0.306122	0.0479191
0.0612245	-0.265306	0.0492453
0.0612245	-0.22449	0.0503776
0.0612245	-0.183673	0.0513114
0.0612245	-0.142857	0.0520429
0.0612245	-0.102041	0.0525692
0.0612245	-0.0612245	0.0528881
0.0612245	-0.0204082	0.0529984
0.0612245	0.0204082	0.0528995
0.0612245	0.0612245	0.0525918
0.0612245	0.102041	0.0520763
0.0612245	0.142857	0.0513552
0.0612245	0.183673	0.050431
0.0612245	0.22449	0.0493075
0.0612245	0.265306	0.0479891
0.0612245	0.306122	0.0464808
0.0612245	0.346939	0.0447887
0.0612245	0.387755	0.0429193
0.0612245	0.428571	0.04088
0.0612245	0.469388	0.0386789
0.0612245	0.510204	0.0363246
0.0612245	0.55102	0.0338264
0.0612245	0.591837	0.0311941
0.0612245	0.632653	0.0284383
0.0612245	0.673469	0.0255698
0.0612245	0.714286	0.0226
0.0612245	0.755102	0.0195405
0.0612245	0.795918	0.0164036
0.0612245	0.836735	0.0132016
0.0612245	0.877551	0.00994728
0.0612245	0.918367	0.00665352
0.0612245	0.959184	0.00333337
0.0612245	1	0
0.102041	-1	0.00328942
0.102041	-0.959184	0.00656593
0.102041	-0.918367	0.00981666
0.102041	-0.877551	0.0130289
0.102041	-0.836735	0.0161899
0.102041	-0.795918	0.0192874
0.102041	-0.755102	0.0223091
0.102041	-0.714286	0.0252432
0.102041	-0.673469	0.0280782
0.102041	-0.632653	0.0308028
0.102041	-0.591837	0.0334064
0.102041	-0.55102	0.0358787
0.102041	-0.510204	0.03821
0.102041	-0.469388	0.0403909
0.102041	-0.428571	0.0424131
0.102041	-0.387755	0.0442683
0.102041	-0.346939	0.0459493
0.102041	-0.306122	0.0474494
0.102041	-0.265306	0.0487627
0.102041	-0.22449	0.0498839
0.102041	-0.183673	0.0508085
0.102041	-0.142857	0.0515328
0.102041	-0.102041	0.052054
0.102041	-0.0612245	0.0523698
0.102041	-0.0204082	0.052479
0.102041	0.0204082	0.0523811
0.102041	0.0612245	0.0520763
0.102041	0.102041	0.0515659
0.102041	0.142857	0.0508518
0.102041	0.183673	0.0499368
0.102041	0.22449	0.0488243
0.102041	0.265306	0.0475188
0.102041	0.306122	0.0460253
0.102041	0.346939	0.0443497
0.102041	0.387755	0.0424986
0.102041	0.428571	0.0404793
0.102041	0.469388	0.0382998
0.102041	0.510204	0.0359685
0.102041	0.55102	0.0334948
0.102041	0.591837	0.0308884
0.102041	0.632653	0.0281596
0.102041	0.673469	0.0253192
0.102041	0.714286	0.0223785
0.102041	0.755102	0.019349
0.102041	0.795918	0.0162428
0.102041	0.836735	0.0130722
0.102041	0.877551	0.00984979
0.102041	0.918367	0.00658831
0.102041	0.959184	0.0033007
0.102041	1	0
0.142857	-1	0.00324387
0.142857	-0.959184	0.006475
0.142857	-0.918367	0.00968072
0.142857	-0.877551	0.0128484
0.142857	-0.836735	0.0159657
0.142857	-0.795918	0.0190203
0.142857	-0.755102	0.0220002
0.142857	-0.714286	0.0248937
0.142857	-0.673469	0.0276893
0.142857	-0.632653	0.0303763
0.142857	-0.591837	0.0329438
0.142857	-0.55102	0.0353819
0.142857	-0.510204	0.0376808
0.142857	-0.469388	0.0398316
0.142857	-0.428571	0.0418257
0.142857	-0.387755	0.0436552
0.142857	-0.346939	0.045313
0.142857	-0.306122	0.0467923
0.142857	-0.265306	0.0480874
0.142857	-0.22449	0.049193
0.142857	-0.183673	0.0501049
0.142857	-0.142857	0.0508192
0.142857	-0.102041	0.0513331
0.142857	-0.0612245	0.0516445
0.142857	-0.0204082	0.0517522
0.142857	0.0204082	0.0516557
0.142857	0.0612245	0.0513552
0.142857	0.102041	0.0508518
0.142857	0.142857	0.0501476
0.142857	0.183673	0.0492452
0.142857	0.22449	0.0481481
0.142857	0.265306	0.0468607
0.142857	0.306122	0.0453879
0.142857	0.346939	0.0437355
0.142857	0.387755	0.0419101
0.142857	0.428571	0.0399188
0.142857	0.469388	0.0377694
0.142857	0.510204	0.0354704
0.142857	0.55102	0.033031
0.142857	0.591837	0.0304607
0.142857	0.632653	0.0277696
0.142857	0.673469	0.0249686
0.142857	0.714286	0.0220685
0.142857	0.755102	0.019081
0.142857	0.795918	0.0160179
0.142857	0.836735	0.0128912
0.142857	0.877551	0.00971339
0.142857	0.918367	0.00649707
0.142857	0.959184	0.00325499
0.142857	1	0
0.183673	-1	0.00318549
0.183673	-0.959184	0.00635849
0.183673	-0.918367	0.00950652
0.183673	-0.877551	0.0126172
0.183673	-0.836735	0.0156784
0.183673	-0.795918	0.018678
0.183673	-0.755102	0.0216043
0.183673	-0.714286	0.0244457
0.183673	-0.673469	0.0271911
0.183673	-0.632653	0.0298296
0.183673	-0.591837	0.032351
0.183673	-0.55102	0.0347452
0.183673	-0.510204	0.0370028
0.183673	-0.469388	0.0391148
0.183673	-0.428571	0.0410731
0.183673	-0.387755	0.0428697
0.183673	-0.346939	0.0444976
0.183673	-0.306122	0.0459503
0.183673	-0.265306	0.0472221
0.183673	-0.22449	0.0483078
0.183673	-0.183673	0.0492032
0.183673	-0.142857	0.0499047
0.183673	-0.102041	0.0504094
0.183673	-0.0612245	0.0507152
0.183673	-0.0204082	0.050821
0.183673	0.0204082	0.0507261
0.183673	0.0612245	0.050431
0.183673	0.102041	0.0499368
0.183673	0.142857	0.0492452
0.183673	0.183673	0.048359
0.183673	0.22449	0.0472817
0.183673	0.265306	0.0460174
0.183673	0.306122	0.0445712
0.183673	0.346939	0.0429485
0.183673	0.387755	0.0411559
0.183673	0.428571	0.0392004
0.183673	0.469388	0.0370897
0.183673	0.510204	0.0348321
0.183673	0.55102	0.0324366
0.183673	0.591837	0.0299125
0.183673	0.632653	0.0272699
0.183673	0.673469	0.0245193
0.183673	0.714286	0.0216714
0.183673	0.755102	0.0187377
0.183673	0.795918	0.0157296
0.183673	0.836735	0.0126592
0.183673	0.877551	0.0095386
0.183673	0.918367	0.00638016
0.183673	0.959184	0.00319642
0.183673	1	0
0.22449	-1	0.00311453
0.22449	-0.959184	0.00621683
0.22449	-0.918367	0.00929473
0.22449	-0.877551	0.0123361
0.22449	-0.836735	0.0153291
0.22449	-0.795918	0.0182619
0.22449	-0.755102	0.021123
0.22449	-0.714286	0.0239011
0.22449	-0.673469	0.0265853
0.22449	-0.632653	0.0291651
0.22449	-0.591837	0.0316303
0.22449	-0.55102	0.0339711
0.22449	-0.510204	0.0361784
0.22449	-0.469388	0.0382434
0.22449	-0.428571	0.040158
0.22449	-0.387755	0.0419146
0.22449	-0.346939	0.0435063
0.22449	-0.306122	0.0449266
0.22449	-0.265306	0.0461701
0.22449	-0.22449	0.0472316
0.22449	-0.183673	0.0481071
0.22449	-0.142857	0.0487929
0.22449	-0.102041	0.0492864
0.22449	-0.0612245	0.0495854
0.22449	-0.0204082	0.0496888
0.22449	0.0204082	0.0495961
0.22449	0.0612245	0.0493075
0.22449	0.102041	0.0488243
0.22449	0.142857	0.0481481
0.22449	0.183673	0.0472817
0.22449	0.22449	0.0462284
0.22449	0.265306	0.0449923
0.22449	0.306122	0.0435782
0.22449	0.346939	0.0419917
0.22449	0.387755	0.0402391
0.22449	0.428571	0.0383271
0.22449	0.469388	0.0362635
0.22449	0.510204	0.0340562
0.22449	0.55102	0.031714
0.22449	0.591837	0.0292461
0.22449	0.632653	0.0266624
0.22449	0.673469	0.023973
0.22449	0.714286	0.0211886
0.22449	0.755102	0.0183202
0.22449	0.795918	0.0153792
0.22449	0.836735	0.0123772
0.22449	0.877551	0.0093261
0.22449	0.918367	0.00623802
0.22449	0.959184	0.00312521
0.22449	1	0
0.265306	-1	0.00303125
0.265306	-0.959184	0.0060506
0.265306	-0.918367	0.0090462
0.265306	-0.877551	0.0120063
0.265306	-0.836735	0.0149192
0.265306	-0.795918	0.0177736
0.265306	-0.755102	0.0205582
0.265306	-0.714286	0.023262
0.265306	-0.673469	0.0258745
0.265306	-0.632653	0.0283853
0.265306	-0.591837	0.0307845
0.265306	-0.55102	0.0330628
0.265306	-0.510204	0.035211
0.265306	-0.469388	0.0372208
0.265306	-0.428571	0.0390842
0.265306	-0.387755	0.0407939
0.265306	-0.346939	0.0423429
0.265306	-0.306122	0.0437253
0.265306	-0.265306	0.0449355
0.265306	-0.22449	0.0459687
0.265306	-0.183673	0.0468207
0.265306	-0.142857	0.0474882
0.265306	-0.102041	0.0479685
0.265306	-0.0612245	0.0482595
0.265306	-0.0204082	0.0483601
0.265306	0.0204082	0.0482699
0.265306	0.0612245	0.0479891
0.265306	0.102041	0.0475188
0.265306	0.142857	0.0468607
0.265306	0.183673	0.0460174
0.265306	0.22449	0.0449923
0.265306	0.265306	0.0437892
0.265306	0.306122	0.042413
0.265306	0.346939	0.0408689
0.265306	0.387755	0.0391631
0.265306	0.428571	0.0373023
0.265306	0.469388	0.0352938
0.265306	0.510204	0.0331455
0.265306	0.55102	0.030866
0.265306	0.591837	0.0284641
0.265306	0.632653	0.0259495
0.265306	0.673469	0.023332
0.265306	0.714286	0.0206221
0.265306	0.755102	0.0178304
0.265306	0.795918	0.014968
0.265306	0.836735	0.0120462
0.265306	0.877551	0.00907673
0.265306	0.918367	0.00607122
0.265306	0.959184	0.00304164
0.265306	1	0
0.306122	-1	0.00293598
0.306122	-0.959184	0.00586043
0.306122	-0.918367	0.00876188
0.306122	-0.877551	0.0116289
0.306122	-0.836735	0.0144503
0.306122	-0.795918	0.017215
0.306122	-0.755102	0.019912
0.306122	-0.714286	0.0225309
0.306122	-0.673469	0.0250612
0.306122	-0.632653	0.0274931
0.306122	-0.591837	0.029817
0.306122	-0.55102	0.0320236
0.306122	-0.510204	0.0341044
0.306122	-0.469388	0.036051
0.306122	-0.428571	0.0378559
0.306122	-0.387755	0.0395118
0.306122	-0.346939	0.0410121
0.306122	-0.306122	0.0423511
0.306122	-0.265306	0.0435232
0.306122	-0.22449	0.0445239
0.306122	-0.183673	0.0453492
0.306122	-0.142857	0.0459957
0.306122	-0.102041	0.0464609
0.306122	-0.0612245	0.0467428
0.306122	-0.0204082	0.0468402
0.306122	0.0204082	0.0467528
0.306122	0.0612245	0.0464808
0.306122	0.102041	0.0460253
0.306122	0.142857	0.0453879
0.306122	0.183673	0.0445712
0.306122	0.22449	0.0435782
0.306122	0.265306	0.042413
0.306122	0.306122	0.04108
0.306122	0.346939	0.0395844
0.306122	0.387755	0.0379322
0.306122	0.428571	0.0361299
0.306122	0.469388	0.0341845
0.306122	0.510204	0.0321038
0.306122	0.55102	0.0298959
0.306122	0.591837	0.0275695
0.306122	0.632653	0.0251339
0.306122	0.673469	0.0225987
0.306122	0.714286	0.0199739
0.306122	0.755102	0.01727
0.306122	0.795918	0.0144975
0.306122	0.836735	0.0116676
0.306122	0.877551	0.00879145
0.306122	0.918367	0.00588041
0.306122	0.959184	0.00294605
0.306122	1	0
0.346939	-1	0.00282909
0.346939	-0.959184	0.00564708
0.346939	-0.918367	0.0084429
0.346939	-0.877551	0.0112056
0.346939	-0.836735	0.0139243
0.346939	-0.795918	0.0165883
0.346939	-0.755102	0.0191871
0.346939	-0.714286	0.0217107
0.346939	-0.673469	0.0241489
0.346939	-0.632653	0.0264922
0.346939	-0.591837	0.0287315
0.346939	-0.55102	0.0308578
0.346939	-0.510204	0.0328628
0.346939	-0.469388	0.0347386
0.346939	-0.428571	0.0364777
0.346939	-0.387755	0.0380733
0.346939	-0.346939	0.0395191
0.346939	-0.306122	0.0408093
0.346939	-0.265306	0.0419388
0.346939	-0.22449	0.042903
0.346939	-0.183673	0.0436983
0.346939	-0.142857	0.0443212
0.346939	-0.102041	0.0447694
0.346939	-0.0612245	0.0450411
0.346939	-0.0204082	0.045135
0.346939	0.0204082	0.0450508
0.346939	0.0612245	0.0447887
0.346939	0.102041	0.0443497
0.346939	0.142857	0.0437355
0.346939	0.183673	0.0429485
0.346939	0.22449	0.0419917
0.346939	0.265306	0.0408689
0.346939	0.306122	0.0395844
0.346939	0.346939	0.0381433
0.346939	0.387755	0.0365513
0.346939	0.428571	0.0348146
0.346939	0.469388	0.03294
0.346939	0.510204	0.030935
0.346939	0.55102	0.0288075
0.346939	0.591837	0.0265658
0.346939	0.632653	0.0242189
0.346939	0.673469	0.021776
0.346939	0.714286	0.0192468
0.346939	0.755102	0.0166413
0.346939	0.795918	0.0139698
0.346939	0.836735	0.0112429
0.346939	0.877551	0.00847139
0.346939	0.918367	0.00566633
0.346939	0.959184	0.00283879
0.346939	1	0
0.387755	-1	0.00271101
0.387755	-0.959184	0.00541138
0.387755	-0.918367	0.00809051
0.387755	-0.877551	0.0107379
0.387755	-0.836735	0.0133431
0.387755	-0.795918	0.0158959
0.387755	-0.755102	0.0183863
0.387755	-0.714286	0.0208045
0.387755	-0.673469	0.023141
0.387755	-0.632653	0.0253865
0.387755	-0.591837	0.0275323
0.387755	-0.55102	0.0295698
0.387755	-0.510204	0.0314912
0.387755	-0.469388	0.0332886
0.387755	-0.428571	0.0349552
0.387755	-0.387755	0.0364842
0.387755	-0.346939	0.0378696
0.387755	-0.306122	0.039106
0.387755	-0.265306	0.0401883
0.387755	-0.22449	0.0411123
0.387755	-0.183673	0.0418744
0.387755	-0.142857	0.0424713
0.387755	-0.102041	0.0429008
0.387755	-0.0612245	0.0431611
0.387755	-0.0204082	0.0432511
0.387755	0.0204082	0.0431704
0.387755	0.0612245	0.0429193
0.387755	0.102041	0.0424986
0.387755	0.142857	0.0419101
0.387755	0.183673	0.0411559
0.387755	0.22449	0.0402391
0.387755	0.265306	0.0391631
0.387755	0.306122	0.0379322
0.387755	0.346939	0.0365513
0.387755	0.387755	0.0350257
0.387755	0.428571	0.0333615
0.387755	0.469388	0.0315652
0.387755	0.510204	0.0296439
0.387755	0.55102	0.0276051
0.387755	0.591837	0.025457
0.387755	0.632653	0.0232081
0.387755	0.673469	0.0208671
0.387755	0.714286	0.0184434
0.387755	0.755102	0.0159467
0.387755	0.795918	0.0133867
0.387755	0.836735	0.0107736
0.387755	0.877551	0.00811781
0.387755	0.918367	0.00542983
0.387755	0.959184	0.00272031
0.387755	1	0
0.428571	-1	0.0025822
0.428571	-0.959184	0.00515427
0.428571	-0.918367	0.0077061
0.428571	-0.877551	0.0102277
0.428571	-0.836735	0.0127091
0.428571	-0.795918	0.0151406
0.428571	-0.755102	0.0175127
0.428571	-0.714286	0.019816
0.428571	-0.673469	0.0220414
0.428571	-0.632653	0.0241803
0.428571	-0.591837	0.0262241
0.428571	-0.55102	0.0281649
0.428571	-0.510204	0.0299949
0.428571	-0.469388	0.031707
0.428571	-0.428571	0.0332943
0.428571	-0.387755	0.0347507
0.428571	-0.346939	0.0360703
0.428571	-0.306122	0.0372479
0.428571	-0.265306	0.0382788
0.428571	-0.22449	0.0391589
0.428571	-0.183673	0.0398847
0.428571	-0.142857	0.0404533
0.428571	-0.102041	0.0408624
0.428571	-0.0612245	0.0411104
0.428571	-0.0204082	0.0411961
0.428571	0.0204082	0.0411192
0.428571	0.0612245	0.04088
0.428571	0.102041	0.0404793
0.428571	0.142857	0.0399188
0.428571	0.183673	0.0392004
0.428571	0.22449	0.0383271
0.428571	0.265306	0.0373023
0.428571	0.306122	0.0361299
0.428571	0.346939	0.0348146
0.428571	0.387755	0.0333615
0.428571	0.428571	0.0317763
0.428571	0.469388	0.0300654
0.428571	0.510204	0.0282354
0.428571	0.55102	0.0262935
0.428571	0.591837	0.0242475
0.428571	0.632653	0.0221053
0.428571	0.673469	0.0198756
0.428571	0.714286	0.0175671
0.428571	0.755102	0.015189
0.428571	0.795918	0.0127506
0.428571	0.836735	0.0102617
0.428571	0.877551	0.0077321
0.428571	0.918367	0.00517183
0.428571	0.959184	0.00259105
0.428571	1	0
0.469388	-1	0.00244316
0.469388	-0.959184	0.00487674
0.469388	-0.918367	0.00729117
0.469388	-0.877551	0.00967698
0.469388	-0.836735	0.0120248
0.469388	-0.795918	0.0143254
0.469388	-0.755102	0.0165697
0.469388	-0.714286	0.018749
0.469388	-0.673469	0.0208546
0.469388	-0.632653	0.0228783
0.469388	-0.591837	0.0248121
0.469388	-0.55102	0.0266483
0.469388	-0.510204	0.0283798
0.469388	-0.469388	0.0299997
0.469388	-0.428571	0.0315016
0.469388	-0.387755	0.0328796
0.469388	-0.346939	0.0341281
0.469388	-0.306122	0.0352423
0.469388	-0.265306	0.0362177
0.469388	-0.22449	0.0370504
0.469388	-0.183673	0.0377372
0.469388	-0.142857	0.0382752
0.469388	-0.102041	0.0386622
0.469388	-0.0612245	0.0388968
0.469388	-0.0204082	0.0389779
0.469388	0.0204082	0.0389052
0.469388	0.0612245	0.0386789
0.469388	0.102041	0.0382998
0.469388	0.142857	0.0377694
0.469388	0.183673	0.0370897
0.469388	0.22449	0.0362635
0.469388	0.265306	0.0352938
0.469388	0.306122	0.0341845
0.469388	0.346939	0.03294
0.469388	0.387755	0.0315652
0.469388	0.428571	0.0300654
0.469388	0.469388	0.0284465
0.469388	0.510204	0.0267151
0.469388	0.55102	0.0248777
0.469388	0.591837	0.0229419
0.469388	0.632653	0.0209151
0.469388	0.673469	0.0188054
0.469388	0.714286	0.0166212
0.469388	0.755102	0.0143711
0.469388	0.795918	0.0120641
0.469388	0.836735	0.00970918
0.469388	0.877551	0.00731577
0.469388	0.918367	0.00489336
0.469388	0.959184	0.00245154
0.469388	1	0
0.510204	-1	0.00229445
0.510204	-0.959184	0.0045799
0.510204	-0.918367	0.00684737
0.510204	-0.877551	0.00908796
0.510204	-0.836735	0.0112929
0.510204	-0.795918	0.0134534
0.510204	-0.755102	0.0155612
0.510204	-0.714286	0.0176078
0.510204	-0.673469	0.0195852
0.510204	-0.632653	0.0214857
0.510204	-0.591837	0.0233018
0.510204	-0.55102	0.0250263
0.510204	-0.510204	0.0266524
0.510204	-0.469388	0.0281737
0.510204	-0.428571	0.0295842
0.510204	-0.387755	0.0308782
0.510204	-0.346939	0.0320508
0.510204	-0.306122	0.0330972
0.510204	-0.265306	0.0340132
0.510204	-0.22449	0.0347952
0.510204	-0.183673	0.0354402
0.510204	-0.142857	0.0359454
0.510204	-0.102041	0.0363089
0.510204	-0.0612245	0.0365292
0.510204	-0.0204082	0.0366054
0.510204	0.0204082	0.0365371
0.510204	0.0612245	0.0363246
0.510204	0.102041	0.0359685
0.510204	0.142857	0.0354704
0.510204	0.183673	0.0348321
0.510204	0.22449	0.0340562
0.510204	0.265306	0.0331455
0.510204	0.306122	0.0321038
0.510204	0.346939	0.030935
0.510204	0.387755	0.0296439
0.510204	0.428571	0.0282354
0.510204	0.469388	0.0267151
0.510204	0.510204	0.025089
0.510204	0.55102	0.0233635
0.510204	0.591837	0.0215454
0.510204	0.632653	0.019642
0.510204	0.673469	0.0176608
0.510204	0.714286	0.0156095
0.510204	0.755102	0.0134964
0.510204	0.795918	0.0113298
0.510204	0.836735	0.0091182
0.510204	0.877551	0.00687048
0.510204	0.918367	0.00459551
0.510204	0.959184	0.00230232
0.510204	1	0
0.55102	-1	0.00213665
0.55102	-0.959184	0.00426492
0.55102	-0.918367	0.00637645
0.55102	-0.877551	0.00846294
0.55102	-0.836735	0.0105162
0.55102	-0.795918	0.0125282
0.55102	-0.755102	0.014491
0.55102	-0.714286	0.0163968
0.55102	-0.673469	0.0182383
0.55102	-0.632653	0.0200081
0.55102	-0.591837	0.0216993
0.55102	-0.55102	0.0233051
0.55102	-0.510204	0.0248194
0.55102	-0.469388	0.0262361
0.55102	-0.428571	0.0275495
0.55102	-0.387755	0.0287546
0.55102	-0.346939	0.0298465
0.55102	-0.306122	0.0308209
0.55102	-0.265306	0.031674
0.55102	-0.22449	0.0324022
0.55102	-0.183673	0.0330028
0.55102	-0.142857	0.0334733
0.55102	-0.102041	0.0338118
0.55102	-0.0612245	0.034017
0.55102	-0.0204082	0.0340879
0.55102	0.0204082	0.0340243
0.55102	0.0612245	0.0338264
0.55102	0.102041	0.0334948
0.55102	0.142857	0.033031
0.55102	0.183673	0.0324366
0.55102	0.22449	0.031714
0.55102	0.265306	0.030866
0.55102	0.306122	0.0298959
0.55102	0.346939	0.0288075
0.55102	0.387755	0.0276051
0.55102	0.428571	0.0262935
0.55102	0.469388	0.0248777
0.55102	0.510204	0.0233635
0.55102	0.55102	0.0217567
0.55102	0.591837	0.0200637
0.55102	0.632653	0.0182912
0.55102	0.673469	0.0164462
0.55102	0.714286	0.014536
0.55102	0.755102	0.0125682
0.55102	0.795918	0.0105506
0.55102	0.836735	0.0084911
0.55102	0.877551	0.00639796
0.55102	0.918367	0.00427946
0.55102	0.959184	0.00214398
0.55102	1	0
0.591837	-1	0.00197039
0.591837	-0.959184	0.00393305
0.591837	-0.918367	0.00588026
0.591837	-0.877551	0.00780439
0.591837	-0.836735	0.00969788
0.591837	-0.795918	0.0115533
0.591837	-0.755102	0.0133633
0.591837	-0.714286	0.0151209
0.591837	-0.673469	0.0168191
0.591837	-0.632653	0.0184511
0.591837	-0.591837	0.0200107
0.591837	-0.55102	0.0214916
0.591837	-0.510204	0.0228881
0.591837	-0.469388	0.0241945
0.591837	-0.428571	0.0254058
0.591837	-0.387755	0.0265171
0.591837	-0.346939	0.027524
0.591837	-0.306122	0.0284226
0.591837	-0.265306	0.0292092
0.591837	-0.22449	0.0298808
0.591837	-0.183673	0.0304347
0.591837	-0.142857	0.0308686
0.591837	-0.102041	0.0311807
0.591837	-0.0612245	0.0313699
0.591837	-0.0204082	0.0314353
0.591837	0.0204082	0.0313767
0.591837	0.0612245	0.0311941
0.591837	0.102041	0.0308884
0.591837	0.142857	0.0304607
0.591837	0.183673	0.0299125
0.591837	0.22449	0.0292461
0.591837	0.265306	0.0284641
0.591837	0.306122	0.0275695
0.591837	0.346939	0.0265658
0.591837	0.387755	0.025457
0.591837	0.428571	0.0242475
0.591837	0.469388	0.0229419
0.591837	0.510204	0.0215454
0.591837	0.55102	0.0200637
0.591837	0.591837	0.0185024
0.591837	0.632653	0.0168678
0.591837	0.673469	0.0151664
0.591837	0.714286	0.0134049
0.591837	0.755102	0.0115902
0.591837	0.795918	0.00972957
0.591837	0.836735	0.00783036
0.591837	0.877551	0.0059001
0.591837	0.918367	0.00394645
0.591837	0.959184	0.00197715
0.591837	1	0
0.632653	-1	0.00179632
0.632653	-0.959184	0.00358559
0.632653	-0.918367	0.00536078
0.632653	-0.877551	0.00711492
0.632653	-0.836735	0.00884114
0.632653	-0.795918	0.0105326
0.632653	-0.755102	0.0121828
0.632653	-0.714286	0.0137851
0.632653	-0.673469	0.0153332
0.632653	-0.632653	0.0168211
0.632653	-0.591837	0.0182429
0.632653	-0.55102	0.019593
0.632653	-0.510204	0.0208661
0.632653	-0.469388	0.0220571
0.632653	-0.428571	0.0231613
0.632653	-0.387755	0.0241744
0.632653	-0.346939	0.0250924
0.632653	-0.306122	0.0259116
0.632653	-0.265306	0.0266288
0.632653	-0.22449	0.027241
0.632653	-0.183673	0.027746
0.632653	-0.142857	0.0281415
0.632653	-0.102041	0.0284261
0.632653	-0.0612245	0.0285986
0.632653	-0.0204082	0.0286582
0.632653	0.0204082	0.0286047
0.632653	0.0612245	0.0284383
0.632653	0.102041	0.0281596
0.632653	0.142857	0.0277696
0.632653	0.183673	0.0272699
0.632653	0.22449	0.0266624
0.632653	0.265306	0.0259495
0.632653	0.306122	0.0251339
0.632653	0.346939	0.0242189
0.632653	0.387755	0.0232081
0.632653	0.428571	0.0221053
0.632653	0.469388	0.0209151
0.632653	0.510204	0.019642
0.632653	0.55102	0.0182912
0.632653	0.591837	0.0168678
0.632653	0.632653	0.0153777
0.632653	0.673469	0.0138266
0.632653	0.714286	0.0122206
0.632653	0.755102	0.0105663
0.632653	0.795918	0.00887002
0.632653	0.836735	0.0071386
0.632653	0.877551	0.00537887
0.632653	0.918367	0.00359781
0.632653	0.959184	0.00180248
0.632653	1	0
0.673469	-1	0.00161513
0.673469	-0.959184	0.00322391
0.673469	-0.918367	0.00482005
0.673469	-0.877551	0.00639726
0.673469	-0.836735	0.00794935
0.673469	-0.795918	0.00947023
0.673469	-0.755102	0.0109539
0.673469	-0.714286	0.0123946
0.673469	-0.673469	0.0137866
0.673469	-0.632653	0.0151244
0.673469	-0.591837	0.0164028
0.673469	-0.55102	0.0176167
0.673469	-0.510204	0.0187613
0.673469	-0.469388	0.0198322
0.673469	-0.428571	0.0208251
0.673469	-0.387755	0.021736
0.673469	-0.346939	0.0225614
0.673469	-0.306122	0.023298
0.673469	-0.265306	0.0239428
0.673469	-0.22449	0.0244933
0.673469	-0.183673	0.0249473
0.673469	-0.142857	0.0253029
0.673469	-0.102041	0.0255588
0.673469	-0.0612245	0.0257139
0.673469	-0.0204082	0.0257675
0.673469	0.0204082	0.0257194
0.673469	0.0612245	0.0255698
0.673469	0.102041	0.0253192
0.673469	0.142857	0.0249686
0.673469	0.183673	0.0245193
0.673469	0.22449	0.023973
0.673469	0.265306	0.023332
0.673469	0.306122	0.0225987
0.673469	0.346939	0.021776
0.673469	0.387755	0.0208671
0.673469	0.428571	0.0198756
0.673469	0.469388	0.0188054
0.673469	0.510204	0.0176608
0.673469	0.55102	0.0164462
0.673469	0.591837	0.0151664
0.673469	0.632653	0.0138266
0.673469	0.673469	0.0124319
0.673469	0.714286	0.010988
0.673469	0.755102	0.00950048
0.673469	0.795918	0.00797532
0.673469	0.836735	0.00641854
0.673469	0.877551	0.00483631
0.673469	0.918367	0.0032349
0.673469	0.959184	0.00162067
0.673469	1	0
0.714286	-1	0.00142753
0.714286	-0.959184	0.00284947
0.714286	-0.918367	0.00426021
0.714286	-0.877551	0.00565423
0.714286	-0.836735	0.00702605
0.714286	-0.795918	0.00837029
0.714286	-0.755102	0.00968165
0.714286	-0.714286	0.010955
0.714286	-0.673469	0.0121853
0.714286	-0.632653	0.0133677
0.714286	-0.591837	0.0144976
0.714286	-0.55102	0.0155706
0.714286	-0.510204	0.0165823
0.714286	-0.469388	0.0175288
0.714286	-0.428571	0.0184063
0.714286	-0.387755	0.0192114
0.714286	-0.346939	0.019941
0.714286	-0.306122	0.020592
0.714286	-0.265306	0.0211619
0.714286	-0.22449	0.0216485
0.714286	-0.183673	0.0220497
0.714286	-0.142857	0.0223641
0.714286	-0.102041	0.0225902
0.714286	-0.0612245	0.0227273
0.714286	-0.0204082	0.0227747
0.714286	0.0204082	0.0227322
0.714286	0.0612245	0.0226
0.714286	0.102041	0.0223785
0.714286	0.142857	0.0220685
0.714286	0.183673	0.0216714
0.714286	0.22449	0.0211886
0.714286	0.265306	0.0206221
0.714286	0.306122	0.0199739
0.714286	0.346939	0.0192468
0.714286	0.387755	0.0184434
0.714286	0.428571	0.0175671
0.714286	0.469388	0.0166212
0.714286	0.510204	0.0156095
0.714286	0.55102	0.014536
0.714286	0.591837	0.0134049
0.714286	0.632653	0.0122206
0.714286	0.673469	0.010988
0.714286	0.714286	0.00971174
0.714286	0.755102	0.00839702
0.714286	0.795918	0.00704901
0.714286	0.836735	0.00567305
0.714286	0.877551	0.00427459
0.714286	0.918367	0.00285918
0.714286	0.959184	0.00143243
0.714286	1	0
0.755102	-1	0.00123428
0.755102	-0.959184	0.00246372
0.755102	-0.918367	0.00368349
0.755102	-0.877551	0.00488879
0.755102	-0.836735	0.00607491
0.755102	-0.795918	0.00723716
0.755102	-0.755102	0.008371
0.755102	-0.714286	0.00947197
0.755102	-0.673469	0.0105357
0.755102	-0.632653	0.0115581
0.755102	-0.591837	0.012535
0.755102	-0.55102	0.0134627
0.755102	-0.510204	0.0143374
0.755102	-0.469388	0.0151558
0.755102	-0.428571	0.0159146
0.755102	-0.387755	0.0166107
0.755102	-0.346939	0.0172415
0.755102	-0.306122	0.0178043
0.755102	-0.265306	0.0182971
0.755102	-0.22449	0.0187178
0.755102	-0.183673	0.0190648
0.755102	-0.142857	0.0193366
0.755102	-0.102041	0.0195321
0.755102	-0.0612245	0.0196506
0.755102	-0.0204082	0.0196916
0.755102	0.0204082	0.0196548
0.755102	0.0612245	0.0195405
0.755102	0.102041	0.019349
0.755102	0.142857	0.019081
0.755102	0.183673	0.0187377
0.755102	0.22449	0.0183202
0.755102	0.265306	0.0178304
0.755102	0.306122	0.01727
0.755102	0.346939	0.0166413
0.755102	0.387755	0.0159467
0.755102	0.428571	0.015189
0.755102	0.469388	0.0143711
0.755102	0.510204	0.0134964
0.755102	0.55102	0.0125682
0.755102	0.591837	0.0115902
0.755102	0.632653	0.0105663
0.755102	0.673469	0.00950048
0.755102	0.714286	0.00839702
0.755102	0.755102	0.00726028
0.755102	0.795918	0.00609475
0.755102	0.836735	0.00490506
0.755102	0.877551	0.00369592
0.755102	0.918367	0.00247212
0.755102	0.959184	0.00123851
0.755102	1	0
0.795918	-1	0.00103614
0.795918	-0.959184	0.00206821
0.795918	-0.918367	0.00309216
0.795918	-0.877551	0.00410397
0.795918	-0.836735	0.00509967
0.795918	-0.795918	0.00607535
0.795918	-0.755102	0.00702717
0.795918	-0.714286	0.00795139
0.795918	-0.673469	0.00884437
0.795918	-0.632653	0.00970261
0.795918	-0.591837	0.0105227
0.795918	-0.55102	0.0113015
0.795918	-0.510204	0.0120358
0.795918	-0.469388	0.0127228
0.795918	-0.428571	0.0133597
0.795918	-0.387755	0.0139441
0.795918	-0.346939	0.0144736
0.795918	-0.306122	0.0149461
0.795918	-0.265306	0.0153598
0.795918	-0.22449	0.015713
0.795918	-0.183673	0.0160042
0.795918	-0.142857	0.0162324
0.795918	-0.102041	0.0163965
0.795918	-0.0612245	0.016496
0.795918	-0.0204082	0.0165304
0.795918	0.0204082	0.0164996
0.795918	0.0612245	0.0164036
0.795918	0.102041	0.0162428
0.795918	0.142857	0.0160179
0.795918	0.183673	0.0157296
0.795918	0.22449	0.0153792
0.795918	0.265306	0.014968
0.795918	0.306122	0.0144975
0.795918	0.346939	0.0139698
0.795918	0.387755	0.0133867
0.795918	0.428571	0.0127506
0.795918	0.469388	0.0120641
0.795918	0.510204	0.0113298
0.795918	0.55102	0.0105506
0.795918	0.591837	0.00972957
0.795918	0.632653	0.00887002
0.795918	0.673469	0.00797532
0.795918	0.714286	0.00704901
0.795918	0.755102	0.00609475
0.795918	0.795918	0.00511633
0.795918	0.836735	0.00411763
0.795918	0.877551	0.00310259
0.795918	0.918367	0.00207526
0.795918	0.959184	0.00103969
0.795918	1	0
0.836735	-1	0.000833884
0.836735	-0.959184	0.00166449
0.836735	-0.918367	0.00248857
0.836735	-0.877551	0.00330288
0.836735	-0.836735	0.00410422
0.836735	-0.795918	0.00488944
0.836735	-0.755102	0.00565547
0.836735	-0.714286	0.00639928
0.836735	-0.673469	0.00711796
0.836735	-0.632653	0.00780867
0.836735	-0.591837	0.00846869
0.836735	-0.55102	0.00909543
0.836735	-0.510204	0.00968641
0.836735	-0.469388	0.0102393
0.836735	-0.428571	0.0107519
0.836735	-0.387755	0.0112222
0.836735	-0.346939	0.0116484
0.836735	-0.306122	0.0120287
0.836735	-0.265306	0.0123616
0.836735	-0.22449	0.0126458
0.836735	-0.183673	0.0128802
0.836735	-0.142857	0.0130638
0.836735	-0.102041	0.0131959
0.836735	-0.0612245	0.013276
0.836735	-0.0204082	0.0133037
0.836735	0.0204082	0.0132789
0.836735	0.0612245	0.0132016
0.836735	0.102041	0.0130722
0.836735	0.142857	0.0128912
0.836735	0.183673	0.0126592
0.836735	0.22449	0.0123772
0.836735	0.265306	0.0120462
0.836735	0.306122	0.0116676
0.836735	0.346939	0.0112429
0.836735	0.387755	0.0107736
0.836735	0.428571	0.0102617
0.836735	0.469388	0.00970918
0.836735	0.510204	0.0091182
0.836735	0.55102	0.0084911
0.836735	0.591837	0.00783036
0.836735	0.632653	0.0071386
0.836735	0.673469	0.00641854
0.836735	0.714286	0.00567305
0.836735	0.755102	0.00490506
0.836735	0.795918	0.00411763
0.836735	0.836735	0.00331387
0.836735	0.877551	0.00249697
0.836735	0.918367	0.00167017
0.836735	0.959184	0.000836743
0.836735	1	0
0.877551	-1	0.000628324
0.877551	-0.959184	0.00125418
0.877551	-0.918367	0.00187512
0.877551	-0.877551	0.00248869
0.877551	-0.836735	0.00309249
0.877551	-0.795918	0.00368415
0.877551	-0.755102	0.00426134
0.877551	-0.714286	0.0048218
0.877551	-0.673469	0.00536331
0.877551	-0.632653	0.00588376
0.877551	-0.591837	0.00638108
0.877551	-0.55102	0.00685332
0.877551	-0.510204	0.00729862
0.877551	-0.469388	0.00771522
0.877551	-0.428571	0.00810147
0.877551	-0.387755	0.00845584
0.877551	-0.346939	0.00877694
0.877551	-0.306122	0.00906348
0.877551	-0.265306	0.00931433
0.877551	-0.22449	0.00952849
0.877551	-0.183673	0.00970511
0.877551	-0.142857	0.00984346
0.877551	-0.102041	0.00994301
0.877551	-0.0612245	0.0100033
0.877551	-0.0204082	0.0100242
0.877551	0.0204082	0.0100055
0.877551	0.0612245	0.00994728
0.877551	0.102041	0.00984979
0.877551	0.142857	0.00971339
0.877551	0.183673	0.0095386
0.877551	0.22449	0.0093261
0.877551	0.265306	0.00907673
0.877551	0.306122	0.00879145
0.877551	0.346939	0.00847139
0.877551	0.387755	0.00811781
0.877551	0.428571	0.0077321
0.877551	0.469388	0.00731577
0.877551	0.510204	0.00687048
0.877551	0.55102	0.00639796
0.877551	0.591837	0.0059001
0.877551	0.632653	0.00537887
0.877551	0.673469	0.00483631
0.877551	0.714286	0.00427459
0.877551	0.755102	0.00369592
0.877551	0.795918	0.00310259
0.877551	0.836735	0.00249697
0.877551	0.877551	0.00188144
0.877551	0.918367	0.00125846
0.877551	0.959184	0.000630478
0.877551	1	0
0.918367	-1	0.000420272
0.918367	-0.959184	0.000838894
0.918367	-0.918367	0.00125422
0.918367	-0.877551	0.00166463
0.918367	-0.836735	0.0020685
0.918367	-0.795918	0.00246425
0.918367	-0.755102	0.00285032
0.918367	-0.714286	0.0032252
0.918367	-0.673469	0.0035874
0.918367	-0.632653	0.00393552
0.918367	-0.591837	0.00426816
0.918367	-0.55102	0.00458404
0.918367	-0.510204	0.00488189
0.918367	-0.469388	0.00516054
0.918367	-0.428571	0.00541889
0.918367	-0.387755	0.00565593
0.918367	-0.346939	0.0058707
0.918367	-0.306122	0.00606236
0.918367	-0.265306	0.00623015
0.918367	-0.22449	0.0063734
0.918367	-0.183673	0.00649153
0.918367	-0.142857	0.00658408
0.918367	-0.102041	0.00665066
0.918367	-0.0612245	0.00669101
0.918367	-0.0204082	0.00670497
0.918367	0.0204082	0.00669245
0.918367	0.0612245	0.00665352
0.918367	0.102041	0.00658831
0.918367	0.142857	0.00649707
0.918367	0.183673	0.00638016
0.918367	0.22449	0.00623802
0.918367	0.265306	0.00607122
0.918367	0.306122	0.00588041
0.918367	0.346939	0.00566633
0.918367	0.387755	0.00542983
0.918367	0.428571	0.00517183
0.918367	0.469388	0.00489336
0.918367	0.510204	0.00459551
0.918367	0.55102	0.00427946
0.918367	0.591837	0.00394645
0.918367	0.632653	0.00359781
0.918367	0.673469	0.0032349
0.918367	0.714286	0.00285918
0.918367	0.755102	0.00247212
0.918367	0.795918	0.00207526
0.918367	0.836735	0.00167017
0.918367	0.877551	0.00125846
0.918367	0.918367	0.000841754
0.918367	0.959184	0.000421713
0.918367	1	0
0.959184	-1	0.000210554
0.959184	-0.959184	0.000420281
0.959184	-0.918367	0.000628358
0.959184	-0.877551	0.000833968
0.959184	-0.836735	0.0010363
0.959184	-0.795918	0.00123457
0.959184	-0.755102	0.00142799
0.959184	-0.714286	0.0016158
0.959184	-0.673469	0.00179727
0.959184	-0.632653	0.00197167
0.959184	-0.591837	0.00213832
0.959184	-0.55102	0.00229657
0.959184	-0.510204	0.00244579
0.959184	-0.469388	0.0025854
0.959184	-0.428571	0.00271483
0.959184	-0.387755	0.00283358
0.959184	-0.346939	0.00294118
0.959184	-0.306122	0.0030372
0.959184	-0.265306	0.00312127
0.959184	-0.22449	0.00319303
0.959184	-0.183673	0.00325222
0.959184	-0.142857	0.00329858
0.959184	-0.102041	0.00333194
0.959184	-0.0612245	0.00335215
0.959184	-0.0204082	0.00335914
0.959184	0.0204082	0.00335288
0.959184	0.0612245	0.00333337
0.959184	0.102041	0.0033007
0.959184	0.142857	0.00325499
0.959184	0.183673	0.00319642
0.959184	0.22449	0.00312521
0.959184	0.265306	0.00304164
0.959184	0.306122	0.00294605
0.959184	0.346939	0.00283879
0.959184	0.387755	0.00272031
0.959184	0.428571	0.00259105
0.959184	0.469388	0.00245154
0.959184	0.510204	0.00230232
0.959184	0.55102	0.00214398
0.959184	0.591837	0.00197715
0.959184	0.632653	0.00180248
0.959184	0.673469	0.00162067
0.959184	0.714286	0.00143243
0.959184	0.755102	0.00123851
0.959184	0.795918	0.00103969
0.959184	0.836735	0.000836743
0.959184	0.877551	0.000630478
0.959184	0.918367	0.000421713
0.959184	0.959184	0.000211275
0.959184	1	0
1	-1	0
1	-0.959184	0
1	-0.918367	0
1	-0.877551	0
1	-0.836735	0
1	-0.795918	0
1	-0.755102	0
1	-0.714286	0
1	-0.673469	0
1	-0.632653	0
1	-0.591837	0
1	-0.55102	0
1	-0.510204	0
1	-0.469388	0
1	-0.428571	0
1	-0.387755	0
1	-0.346939	0
1	-0.306122	0
1	-0.265306	0
1	-0.22449	0
1	-0.183673	0
1	-0.142857	0
1	-0.102041	0
1	-0.0612245	0
1	-0.0204082	0
1	0.0204082	0
1	0.0612245	0
1	0.102041	0
1	0.142857	0
1	0.183673	0
1	0.22449	0
1	0.265306	0
1	0.306122	0
1	0.346939	0
1	0.387755	0
1	0.428571	0
1	0.469388	0
1	0.510204	0
1	0.55102	0
1	0.591837	0
1	0.632653	0
1	0.673469	0
1	0.714286	0
1	0.755102	0
1	0.795918	0
1	0.836735	0
1	0.877551	0
1	0.918367	0
1	0.959184	0
1	1	0
