-1	-1	0.000979151
-1	-0.959184	0.00195522
-1	-0.918367	0.00292512
-1	-0.877551	0.00388574
-1	-0.836735	0.00483394
-1	-0.795918	0.00576653
-1	-0.755102	0.00668031
-1	-0.714286	0.007572
-1	-0.673469	0.00843831
-1	-0.632653	0.00927592
-1	-0.591837	0.0100815
-1	-0.55102	0.0108517
-1	-0.510204	0.0115831
-1	-0.469388	0.0122726
-1	-0.428571	0.0129168
-1	-0.387755	0.0135128
-1	-0.346939	0.0140575
-1	-0.306122	0.014548
-1	-0.265306	0.0149818
-1	-0.22449	0.0153565
-1	-0.183673	0.0156699
-1	-0.142857	0.0159202
-1	-0.102041	0.0161058
-1	-0.0612245	0.0162256
-1	-0.0204082	0.0162787
-1	0.0204082	0.0162646
-1	0.0612245	0.0161831
-1	0.102041	0.0160346
-1	0.142857	0.0158196
-1	0.183673	0.0155391
-1	0.22449	0.0151945
-1	0.265306	0.0147874
-1	0.306122	0.0143198
-1	0.346939	0.0137939
-1	0.387755	0.0132123
-1	0.428571	0.0125777
-1	0.469388	0.0118931
-1	0.510204	0.0111616
-1	0.55102	0.0103866
-1	0.591837	0.00957127
-1	0.632653	0.00871929
-1	0.673469	0.00783418
-1	0.714286	0.00691956
-1	0.755102	0.00597908
-1	0.795918	0.00501644
-1	0.836735	0.00403532
-1	0.877551	0.00303941
-1	0.918367	0.00203243
-1	0.959184	0.00101806
-1	1	0
-0.959184	-1	0.00195522
-0.959184	-0.959184	0.0039043
-0.959184	-0.918367	0.00584105
-0.959184	-0.877551	0.00775927
-0.959184	-0.836735	0.00965268
-0.959184	-0.795918	0.0115149
-0.959184	-0.755102	0.0133396
-0.959184	-0.714286	0.0151202
-0.959184	-0.673469	0.0168501
-0.959184	-0.632653	0.0185227
-0.959184	-0.591837	0.0201313
-0.959184	-0.55102	0.0216692
-0.959184	-0.510204	0.0231298
-0.959184	-0.469388	0.0245066
-0.959184	-0.428571	0.0257931
-0.959184	-0.387755	0.0269831
-0.959184	-0.346939	0.0280707
-0.959184	-0.306122	0.0290502
-0.959184	-0.265306	0.0299165
-0.959184	-0.22449	0.0306647
-0.959184	-0.183673	0.0312905
-0.959184	-0.142857	0.0317903
-0.959184	-0.102041	0.032161
-0.959184	-0.0612245	0.0324002
-0.959184	-0.0204082	0.0325062
-0.959184	0.0204082	0.032478
-0.959184	0.0612245	0.0323154
-0.959184	0.102041	0.0320188
-0.959184	0.142857	0.0315894
-0.959184	0.183673	0.0310294
-0.959184	0.22449	0.0303412
-0.959184	0.265306	0.0295283
-0.959184	0.306122	0.0285945
-0.959184	0.346939	0.0275444
-0.959184	0.387755	0.026383
-0.959184	0.428571	0.0251159
-0.959184	0.469388	0.0237488
-0.959184	0.510204	0.0222882
-0.959184	0.55102	0.0207404
-0.959184	0.591837	0.0191124
-0.959184	0.632653	0.0174112
-0.959184	0.673469	0.0156437
-0.959184	0.714286	0.0138173
-0.959184	0.755102	0.0119394
-0.959184	0.795918	0.0100171
-0.959184	0.836735	0.00805794
-0.959184	0.877551	0.00606927
-0.959184	0.918367	0.00405847
-0.959184	0.959184	0.00203292
-0.959184	1	0
-0.918367	-1	0.00292512
-0.918367	-0.959184	0.00584105
-0.918367	-0.918367	0.00873854
-0.918367	-0.877551	0.0116083
-0.918367	-0.836735	0.014441
-0.918367	-0.795918	0.017227
-0.918367	-0.755102	0.0199568
-0.918367	-0.714286	0.0226206
-0.918367	-0.673469	0.0252087
-0.918367	-0.632653	0.027711
-0.918367	-0.591837	0.0301175
-0.918367	-0.55102	0.0324183
-0.918367	-0.510204	0.0346035
-0.918367	-0.469388	0.0366632
-0.918367	-0.428571	0.0385879
-0.918367	-0.387755	0.0403683
-0.918367	-0.346939	0.0419954
-0.918367	-0.306122	0.0434608
-0.918367	-0.265306	0.0447568
-0.918367	-0.22449	0.0458761
-0.918367	-0.183673	0.0468124
-0.918367	-0.142857	0.0475601
-0.918367	-0.102041	0.0481147
-0.918367	-0.0612245	0.0484726
-0.918367	-0.0204082	0.0486312
-0.918367	0.0204082	0.048589
-0.918367	0.0612245	0.0483456
-0.918367	0.102041	0.0479019
-0.918367	0.142857	0.0472596
-0.918367	0.183673	0.0464217
-0.918367	0.22449	0.0453922
-0.918367	0.265306	0.044176
-0.918367	0.306122	0.042779
-0.918367	0.346939	0.041208
-0.918367	0.387755	0.0394705
-0.918367	0.428571	0.0375748
-0.918367	0.469388	0.0355296
-0.918367	0.510204	0.0333444
-0.918367	0.55102	0.0310289
-0.918367	0.591837	0.0285933
-0.918367	0.632653	0.0260481
-0.918367	0.673469	0.0234039
-0.918367	0.714286	0.0206715
-0.918367	0.755102	0.017862
-0.918367	0.795918	0.0149861
-0.918367	0.836735	0.0120551
-0.918367	0.877551	0.00907997
-0.918367	0.918367	0.0060717
-0.918367	0.959184	0.00304136
-0.918367	1	0
-0.877551	-1	0.00388574
-0.877551	-0.959184	0.00775927
-0.877551	-0.918367	0.0116083
-0.877551	-0.877551	0.0154205
-0.877551	-0.836735	0.0191834
-0.877551	-0.795918	0.0228844
-0.877551	-0.755102	0.0265107
-0.877551	-0.714286	0.0300493
-0.877551	-0.673469	0.0334873
-0.877551	-0.632653	0.0368113
-0.877551	-0.591837	0.0400082
-0.877551	-0.55102	0.0430646
-0.877551	-0.510204	0.0459674
-0.877551	-0.469388	0.0487035
-0.877551	-0.428571	0.0512603
-0.877551	-0.387755	0.0536253
-0.877551	-0.346939	0.0557868
-0.877551	-0.306122	0.0577335
-0.877551	-0.265306	0.059455
-0.877551	-0.22449	0.0609419
-0.877551	-0.183673	0.0621857
-0.877551	-0.142857	0.063179
-0.877551	-0.102041	0.0639158
-0.877551	-0.0612245	0.0643911
-0.877551	-0.0204082	0.0646018
-0.877551	0.0204082	0.0645457
-0.877551	0.0612245	0.0642224
-0.877551	0.102041	0.063633
-0.877551	0.142857	0.0627798
-0.877551	0.183673	0.0616667
-0.877551	0.22449	0.0602991
-0.877551	0.265306	0.0586835
-0.877551	0.306122	0.0568278
-0.877551	0.346939	0.0547409
-0.877551	0.387755	0.0524328
-0.877551	0.428571	0.0499144
-0.877551	0.469388	0.0471976
-0.877551	0.510204	0.0442948
-0.877551	0.55102	0.0412189
-0.877551	0.591837	0.0379834
-0.877551	0.632653	0.0346024
-0.877551	0.673469	0.0310898
-0.877551	0.714286	0.0274601
-0.877551	0.755102	0.0237279
-0.877551	0.795918	0.0199076
-0.877551	0.836735	0.0160141
-0.877551	0.877551	0.0120619
-0.877551	0.918367	0.00806566
-0.877551	0.959184	0.00404016
-0.877551	1	0
-0.836735	-1	0.00483394
-0.836735	-0.959184	0.00965268
-0.836735	-0.918367	0.014441
-0.836735	-0.877551	0.0191834
-0.836735	-0.836735	0.0238645
-0.836735	-0.795918	0.0284686
-0.836735	-0.755102	0.0329798
-0.836735	-0.714286	0.037382
-0.836735	-0.673469	0.0416588
-0.836735	-0.632653	0.045794
-0.836735	-0.591837	0.0497709
-0.836735	-0.55102	0.0535732
-0.836735	-0.510204	0.0571843
-0.836735	-0.469388	0.0605881
-0.836735	-0.428571	0.0637688
-0.836735	-0.387755	0.0667109
-0.836735	-0.346939	0.0693998
-0.836735	-0.306122	0.0718215
-0.836735	-0.265306	0.0739632
-0.836735	-0.22449	0.0758129
-0.836735	-0.183673	0.0773602
-0.836735	-0.142857	0.0785959
-0.836735	-0.102041	0.0795124
-0.836735	-0.0612245	0.0801038
-0.836735	-0.0204082	0.0803658
-0.836735	0.0204082	0.0802961
-0.836735	0.0612245	0.0798939
-0.836735	0.102041	0.0791606
-0.836735	0.142857	0.0780992
-0.836735	0.183673	0.0767146
-0.836735	0.22449	0.0750132
-0.836735	0.265306	0.0730034
-0.836735	0.306122	0.0706948
-0.836735	0.346939	0.0680987
-0.836735	0.387755	0.0652273
-0.836735	0.428571	0.0620945
-0.836735	0.469388	0.0587147
-0.836735	0.510204	0.0551035
-0.836735	0.55102	0.051277
-0.836735	0.591837	0.0472521
-0.836735	0.632653	0.043046
-0.836735	0.673469	0.0386763
-0.836735	0.714286	0.0341609
-0.836735	0.755102	0.0295179
-0.836735	0.795918	0.0247655
-0.836735	0.836735	0.0199218
-0.836735	0.877551	0.0150052
-0.836735	0.918367	0.0100338
-0.836735	0.959184	0.00502603
-0.836735	1	0
-0.795918	-1	0.00576653
-0.795918	-0.959184	0.0115149
-0.795918	-0.918367	0.017227
-0.795918	-0.877551	0.0228844
-0.795918	-0.836735	0.0284686
-0.795918	-0.795918	0.033961
-0.795918	-0.755102	0.0393425
-0.795918	-0.714286	0.0445939
-0.795918	-0.673469	0.0496959
-0.795918	-0.632653	0.0546288
-0.795918	-0.591837	0.059373
-0.795918	-0.55102	0.0639088
-0.795918	-0.510204	0.0682167
-0.795918	-0.469388	0.0722771
-0.795918	-0.428571	0.0760714
-0.795918	-0.387755	0.0795812
-0.795918	-0.346939	0.0827888
-0.795918	-0.306122	0.0856778
-0.795918	-0.265306	0.0882326
-0.795918	-0.22449	0.0904392
-0.795918	-0.183673	0.092285
-0.795918	-0.142857	0.0937591
-0.795918	-0.102041	0.0948524
-0.795918	-0.0612245	0.0955579
-0.795918	-0.0204082	0.0958705
-0.795918	0.0204082	0.0957873
-0.795918	0.0612245	0.0953075
-0.795918	0.102041	0.0944328
-0.795918	0.142857	0.0931666
-0.795918	0.183673	0.0915148
-0.795918	0.22449	0.0894852
-0.795918	0.265306	0.0870876
-0.795918	0.306122	0.0843337
-0.795918	0.346939	0.0812366
-0.795918	0.387755	0.0778114
-0.795918	0.428571	0.0740741
-0.795918	0.469388	0.0700423
-0.795918	0.510204	0.0657344
-0.795918	0.55102	0.0611697
-0.795918	0.591837	0.0563683
-0.795918	0.632653	0.0513507
-0.795918	0.673469	0.046138
-0.795918	0.714286	0.0407515
-0.795918	0.755102	0.0352127
-0.795918	0.795918	0.0295434
-0.795918	0.836735	0.0237653
-0.795918	0.877551	0.0179001
-0.795918	0.918367	0.0119696
-0.795918	0.959184	0.00599569
-0.795918	1	0
-0.755102	-1	0.00668031
-0.755102	-0.959184	0.0133396
-0.755102	-0.918367	0.0199568
-0.755102	-0.877551	0.0265107
-0.755102	-0.836735	0.0329798
-0.755102	-0.795918	0.0393425
-0.755102	-0.755102	0.0455767
-0.755102	-0.714286	0.0516603
-0.755102	-0.673469	0.0575708
-0.755102	-0.632653	0.0632854
-0.755102	-0.591837	0.0687814
-0.755102	-0.55102	0.0740359
-0.755102	-0.510204	0.0790263
-0.755102	-0.469388	0.0837303
-0.755102	-0.428571	0.0881258
-0.755102	-0.387755	0.0921917
-0.755102	-0.346939	0.0959076
-0.755102	-0.306122	0.0992543
-0.755102	-0.265306	0.102214
-0.755102	-0.22449	0.10477
-0.755102	-0.183673	0.106909
-0.755102	-0.142857	0.108616
-0.755102	-0.102041	0.109883
-0.755102	-0.0612245	0.1107
-0.755102	-0.0204082	0.111062
-0.755102	0.0204082	0.110966
-0.755102	0.0612245	0.11041
-0.755102	0.102041	0.109397
-0.755102	0.142857	0.10793
-0.755102	0.183673	0.106016
-0.755102	0.22449	0.103665
-0.755102	0.265306	0.100888
-0.755102	0.306122	0.0976973
-0.755102	0.346939	0.0941095
-0.755102	0.387755	0.0901414
-0.755102	0.428571	0.085812
-0.755102	0.469388	0.0811413
-0.755102	0.510204	0.0761507
-0.755102	0.55102	0.0708627
-0.755102	0.591837	0.0653004
-0.755102	0.632653	0.0594878
-0.755102	0.673469	0.053449
-0.755102	0.714286	0.047209
-0.755102	0.755102	0.0407925
-0.755102	0.795918	0.0342249
-0.755102	0.836735	0.0275311
-0.755102	0.877551	0.0207365
-0.755102	0.918367	0.0138663
-0.755102	0.959184	0.00694577
-0.755102	1	0
-0.714286	-1	0.007572
-0.714286	-0.959184	0.0151202
-0.714286	-0.918367	0.0226206
-0.714286	-0.877551	0.0300493
-0.714286	-0.836735	0.037382
-0.714286	-0.795918	0.0445939
-0.714286	-0.755102	0.0516603
-0.714286	-0.714286	0.0585559
-0.714286	-0.673469	0.0652553
-0.714286	-0.632653	0.0717327
-0.714286	-0.591837	0.0779623
-0.714286	-0.55102	0.0839182
-0.714286	-0.510204	0.0895748
-0.714286	-0.469388	0.0949066
-0.714286	-0.428571	0.0998888
-0.714286	-0.387755	0.104497
-0.714286	-0.346939	0.108709
-0.714286	-0.306122	0.112503
-0.714286	-0.265306	0.115858
-0.714286	-0.22449	0.118755
-0.714286	-0.183673	0.121179
-0.714286	-0.142857	0.123114
-0.714286	-0.102041	0.12455
-0.714286	-0.0612245	0.125476
-0.714286	-0.0204082	0.125887
-0.714286	0.0204082	0.125777
-0.714286	0.0612245	0.125148
-0.714286	0.102041	0.123999
-0.714286	0.142857	0.122336
-0.714286	0.183673	0.120167
-0.714286	0.22449	0.117502
-0.714286	0.265306	0.114354
-0.714286	0.306122	0.110738
-0.714286	0.346939	0.106671
-0.714286	0.387755	0.102174
-0.714286	0.428571	0.0972662
-0.714286	0.469388	0.091972
-0.714286	0.510204	0.0863153
-0.714286	0.55102	0.0803215
-0.714286	0.591837	0.0740167
-0.714286	0.632653	0.0674282
-0.714286	0.673469	0.0605834
-0.714286	0.714286	0.0535104
-0.714286	0.755102	0.0462375
-0.714286	0.795918	0.0387932
-0.714286	0.836735	0.031206
-0.714286	0.877551	0.0235045
-0.714286	0.918367	0.0157172
-0.714286	0.959184	0.00787289
-0.714286	1	0
-0.673469	-1	0.00843831
-0.673469	-0.959184	0.0168501
-0.673469	-0.918367	0.0252087
-0.673469	-0.877551	0.0334873
-0.673469	-0.836735	0.0416588
-0.673469	-0.795918	0.0496959
-0.673469	-0.755102	0.0575708
-0.673469	-0.714286	0.0652553
-0.673469	-0.673469	0.0727212
-0.673469	-0.632653	0.0799396
-0.673469	-0.591837	0.086882
-0.673469	-0.55102	0.0935193
-0.673469	-0.510204	0.099823
-0.673469	-0.469388	0.105765
-0.673469	-0.428571	0.111317
-0.673469	-0.387755	0.116453
-0.673469	-0.346939	0.121147
-0.673469	-0.306122	0.125374
-0.673469	-0.265306	0.129113
-0.673469	-0.22449	0.132342
-0.673469	-0.183673	0.135043
-0.673469	-0.142857	0.1372
-0.673469	-0.102041	0.1388
-0.673469	-0.0612245	0.139832
-0.673469	-0.0204082	0.140289
-0.673469	0.0204082	0.140168
-0.673469	0.0612245	0.139466
-0.673469	0.102041	0.138186
-0.673469	0.142857	0.136333
-0.673469	0.183673	0.133916
-0.673469	0.22449	0.130946
-0.673469	0.265306	0.127437
-0.673469	0.306122	0.123407
-0.673469	0.346939	0.118875
-0.673469	0.387755	0.113863
-0.673469	0.428571	0.108394
-0.673469	0.469388	0.102495
-0.673469	0.510204	0.0961906
-0.673469	0.55102	0.089511
-0.673469	0.591837	0.082485
-0.673469	0.632653	0.0751426
-0.673469	0.673469	0.0675147
-0.673469	0.714286	0.0596325
-0.673469	0.755102	0.0515276
-0.673469	0.795918	0.0432315
-0.673469	0.836735	0.0347762
-0.673469	0.877551	0.0261936
-0.673469	0.918367	0.0175154
-0.673469	0.959184	0.00877363
-0.673469	1	0
-0.632653	-1	0.00927592
-0.632653	-0.959184	0.0185227
-0.632653	-0.918367	0.027711
-0.632653	-0.877551	0.0368113
-0.632653	-0.836735	0.045794
-0.632653	-0.795918	0.0546288
-0.632653	-0.755102	0.0632854
-0.632653	-0.714286	0.0717327
-0.632653	-0.673469	0.0799396
-0.632653	-0.632653	0.0878747
-0.632653	-0.591837	0.0955061
-0.632653	-0.55102	0.102802
-0.632653	-0.510204	0.109732
-0.632653	-0.469388	0.116263
-0.632653	-0.428571	0.122367
-0.632653	-0.387755	0.128012
-0.632653	-0.346939	0.133172
-0.632653	-0.306122	0.137819
-0.632653	-0.265306	0.141929
-0.632653	-0.22449	0.145478
-0.632653	-0.183673	0.148447
-0.632653	-0.142857	0.150819
-0.632653	-0.102041	0.152577
-0.632653	-0.0612245	0.153712
-0.632653	-0.0204082	0.154215
-0.632653	0.0204082	0.154081
-0.632653	0.0612245	0.153309
-0.632653	0.102041	0.151902
-0.632653	0.142857	0.149865
-0.632653	0.183673	0.147208
-0.632653	0.22449	0.143944
-0.632653	0.265306	0.140087
-0.632653	0.306122	0.135657
-0.632653	0.346939	0.130675
-0.632653	0.387755	0.125165
-0.632653	0.428571	0.119154
-0.632653	0.469388	0.112668
-0.632653	0.510204	0.105739
-0.632653	0.55102	0.0983961
-0.632653	0.591837	0.0906726
-0.632653	0.632653	0.0826014
-0.632653	0.673469	0.0742164
-0.632653	0.714286	0.0655518
-0.632653	0.755102	0.0566423
-0.632653	0.795918	0.0475228
-0.632653	0.836735	0.0382282
-0.632653	0.877551	0.0287936
-0.632653	0.918367	0.0192541
-0.632653	0.959184	0.00964452
-0.632653	1	0
-0.591837	-1	0.0100815
-0.591837	-0.959184	0.0201313
-0.591837	-0.918367	0.0301175
-0.591837	-0.877551	0.0400082
-0.591837	-0.836735	0.0497709
-0.591837	-0.795918	0.059373
-0.591837	-0.755102	0.0687814
-0.591837	-0.714286	0.0779623
-0.591837	-0.673469	0.086882
-0.591837	-0.632653	0.0955061
-0.591837	-0.591837	0.1038
-0.591837	-0.55102	0.11173
-0.591837	-0.510204	0.119261
-0.591837	-0.469388	0.12636
-0.591837	-0.428571	0.132993
-0.591837	-0.387755	0.139129
-0.591837	-0.346939	0.144737
-0.591837	-0.306122	0.149788
-0.591837	-0.265306	0.154254
-0.591837	-0.22449	0.158112
-0.591837	-0.183673	0.161339
-0.591837	-0.142857	0.163916
-0.591837	-0.102041	0.165828
-0.591837	-0.0612245	0.167061
-0.591837	-0.0204082	0.167607
-0.591837	0.0204082	0.167462
-0.591837	0.0612245	0.166623
-0.591837	0.102041	0.165094
-0.591837	0.142857	0.16288
-0.591837	0.183673	0.159993
-0.591837	0.22449	0.156444
-0.591837	0.265306	0.152253
-0.591837	0.306122	0.147438
-0.591837	0.346939	0.142024
-0.591837	0.387755	0.136035
-0.591837	0.428571	0.129502
-0.591837	0.469388	0.122453
-0.591837	0.510204	0.114922
-0.591837	0.55102	0.106941
-0.591837	0.591837	0.098547
-0.591837	0.632653	0.0897749
-0.591837	0.673469	0.0806617
-0.591837	0.714286	0.0712446
-0.591837	0.755102	0.0615614
-0.591837	0.795918	0.0516499
-0.591837	0.836735	0.0415481
-0.591837	0.877551	0.0312942
-0.591837	0.918367	0.0209262
-0.591837	0.959184	0.0104821
-0.591837	1	0
-0.55102	-1	0.0108517
-0.55102	-0.959184	0.0216692
-0.55102	-0.918367	0.0324183
-0.55102	-0.877551	0.0430646
-0.55102	-0.836735	0.0535732
-0.55102	-0.795918	0.0639088
-0.55102	-0.755102	0.0740359
-0.55102	-0.714286	0.0839182
-0.55102	-0.673469	0.0935193
-0.55102	-0.632653	0.102802
-0.55102	-0.591837	0.11173
-0.55102	-0.55102	0.120266
-0.55102	-0.510204	0.128372
-0.55102	-0.469388	0.136013
-0.55102	-0.428571	0.143153
-0.55102	-0.387755	0.149758
-0.55102	-0.346939	0.155794
-0.55102	-0.306122	0.161231
-0.55102	-0.265306	0.166039
-0.55102	-0.22449	0.170191
-0.55102	-0.183673	0.173665
-0.55102	-0.142857	0.176439
-0.55102	-0.102041	0.178496
-0.55102	-0.0612245	0.179824
-0.55102	-0.0204082	0.180412
-0.55102	0.0204082	0.180255
-0.55102	0.0612245	0.179352
-0.55102	0.102041	0.177706
-0.55102	0.142857	0.175324
-0.55102	0.183673	0.172215
-0.55102	0.22449	0.168396
-0.55102	0.265306	0.163884
-0.55102	0.306122	0.158702
-0.55102	0.346939	0.152873
-0.55102	0.387755	0.146428
-0.55102	0.428571	0.139395
-0.55102	0.469388	0.131808
-0.55102	0.510204	0.123701
-0.55102	0.55102	0.115111
-0.55102	0.591837	0.106075
-0.55102	0.632653	0.0966332
-0.55102	0.673469	0.0868238
-0.55102	0.714286	0.0766873
-0.55102	0.755102	0.0662643
-0.55102	0.795918	0.0555956
-0.55102	0.836735	0.0447222
-0.55102	0.877551	0.0336849
-0.55102	0.918367	0.0225248
-0.55102	0.959184	0.0112829
-0.55102	1	0
-0.510204	-1	0.0115831
-0.510204	-0.959184	0.0231298
-0.510204	-0.918367	0.0346035
-0.510204	-0.877551	0.0459674
-0.510204	-0.836735	0.0571843
-0.510204	-0.795918	0.0682167
-0.510204	-0.755102	0.0790263
-0.510204	-0.714286	0.0895748
-0.510204	-0.673469	0.099823
-0.510204	-0.632653	0.109732
-0.510204	-0.591837	0.119261
-0.510204	-0.55102	0.128372
-0.510204	-0.510204	0.137025
-0.510204	-0.469388	0.145181
-0.510204	-0.428571	0.152803
-0.510204	-0.387755	0.159853
-0.510204	-0.346939	0.166296
-0.510204	-0.306122	0.172099
-0.510204	-0.265306	0.177231
-0.510204	-0.22449	0.181663
-0.510204	-0.183673	0.18537
-0.510204	-0.142857	0.188331
-0.510204	-0.102041	0.190528
-0.510204	-0.0612245	0.191945
-0.510204	-0.0204082	0.192572
-0.510204	0.0204082	0.192405
-0.510204	0.0612245	0.191442
-0.510204	0.102041	0.189685
-0.510204	0.142857	0.187141
-0.510204	0.183673	0.183823
-0.510204	0.22449	0.179747
-0.510204	0.265306	0.174931
-0.510204	0.306122	0.169399
-0.510204	0.346939	0.163178
-0.510204	0.387755	0.156298
-0.510204	0.428571	0.148791
-0.510204	0.469388	0.140692
-0.510204	0.510204	0.132039
-0.510204	0.55102	0.12287
-0.510204	0.591837	0.113226
-0.510204	0.632653	0.103147
-0.510204	0.673469	0.0926762
-0.510204	0.714286	0.0818565
-0.510204	0.755102	0.0707309
-0.510204	0.795918	0.0593431
-0.510204	0.836735	0.0477367
-0.510204	0.877551	0.0359554
-0.510204	0.918367	0.0240431
-0.510204	0.959184	0.0120434
-0.510204	1	0
-0.469388	-1	0.0122726
-0.469388	-0.959184	0.0245066
-0.469388	-0.918367	0.0366632
-0.469388	-0.877551	0.0487035
-0.469388	-0.836735	0.0605881
-0.469388	-0.795918	0.0722771
-0.469388	-0.755102	0.0837303
-0.469388	-0.714286	0.0949066
-0.469388	-0.673469	0.105765
-0.469388	-0.632653	0.116263
-0.469388	-0.591837	0.12636
-0.469388	-0.55102	0.136013
-0.469388	-0.510204	0.145181
-0.469388	-0.469388	0.153823
-0.469388	-0.428571	0.161898
-0.469388	-0.387755	0.169368
-0.469388	-0.346939	0.176194
-0.469388	-0.306122	0.182343
-0.469388	-0.265306	0.18778
-0.469388	-0.22449	0.192476
-0.469388	-0.183673	0.196404
-0.469388	-0.142857	0.199541
-0.469388	-0.102041	0.201868
-0.469388	-0.0612245	0.20337
-0.469388	-0.0204082	0.204035
-0.469388	0.0204082	0.203858
-0.469388	0.0612245	0.202837
-0.469388	0.102041	0.200975
-0.469388	0.142857	0.19828
-0.469388	0.183673	0.194765
-0.469388	0.22449	0.190446
-0.469388	0.265306	0.185343
-0.469388	0.306122	0.179482
-0.469388	0.346939	0.172891
-0.469388	0.387755	0.165601
-0.469388	0.428571	0.157647
-0.469388	0.469388	0.149067
-0.469388	0.510204	0.139898
-0.469388	0.55102	0.130184
-0.469388	0.591837	0.119965
-0.469388	0.632653	0.109286
-0.469388	0.673469	0.0981926
-0.469388	0.714286	0.0867288
-0.469388	0.755102	0.074941
-0.469388	0.795918	0.0628754
-0.469388	0.836735	0.0505781
-0.469388	0.877551	0.0380956
-0.469388	0.918367	0.0254742
-0.469388	0.959184	0.0127603
-0.469388	1	0
-0.428571	-1	0.0129168
-0.428571	-0.959184	0.0257931
-0.428571	-0.918367	0.0385879
-0.428571	-0.877551	0.0512603
-0.428571	-0.836735	0.0637688
-0.428571	-0.795918	0.0760714
-0.428571	-0.755102	0.0881258
-0.428571	-0.714286	0.0998888
-0.428571	-0.673469	0.111317
-0.428571	-0.632653	0.122367
-0.428571	-0.591837	0.132993
-0.428571	-0.55102	0.143153
-0.428571	-0.510204	0.152803
-0.428571	-0.469388	0.161898
-0.428571	-0.428571	0.170397
-0.428571	-0.387755	0.178259
-0.428571	-0.346939	0.185444
-0.428571	-0.306122	0.191915
-0.428571	-0.265306	0.197638
-0.428571	-0.22449	0.20258
-0.428571	-0.183673	0.206715
-0.428571	-0.142857	0.210017
-0.428571	-0.102041	0.212466
-0.428571	-0.0612245	0.214046
-0.428571	-0.0204082	0.214746
-0.428571	0.0204082	0.21456
-0.428571	0.0612245	0.213485
-0.428571	0.102041	0.211526
-0.428571	0.142857	0.208689
-0.428571	0.183673	0.204989
-0.428571	0.22449	0.200443
-0.428571	0.265306	0.195073
-0.428571	0.306122	0.188904
-0.428571	0.346939	0.181967
-0.428571	0.387755	0.174294
-0.428571	0.428571	0.165923
-0.428571	0.469388	0.156892
-0.428571	0.510204	0.147242
-0.428571	0.55102	0.137018
-0.428571	0.591837	0.126263
-0.428571	0.632653	0.115024
-0.428571	0.673469	0.103347
-0.428571	0.714286	0.0912817
-0.428571	0.755102	0.0788752
-0.428571	0.795918	0.0661761
-0.428571	0.836735	0.0532333
-0.428571	0.877551	0.0400955
-0.428571	0.918367	0.0268115
-0.428571	0.959184	0.0134301
-0.428571	1	0
-0.387755	-1	0.0135128
-0.387755	-0.959184	0.0269831
-0.387755	-0.918367	0.0403683
-0.387755	-0.877551	0.0536253
-0.387755	-0.836735	0.0667109
-0.387755	-0.795918	0.0795812
-0.387755	-0.755102	0.0921917
-0.387755	-0.714286	0.104497
-0.387755	-0.673469	0.116453
-0.387755	-0.632653	0.128012
-0.387755	-0.591837	0.139129
-0.387755	-0.55102	0.149758
-0.387755	-0.510204	0.159853
-0.387755	-0.469388	0.169368
-0.387755	-0.428571	0.178259
-0.387755	-0.387755	0.186483
-0.387755	-0.346939	0.194
-0.387755	-0.306122	0.200769
-0.387755	-0.265306	0.206756
-0.387755	-0.22449	0.211927
-0.387755	-0.183673	0.216252
-0.387755	-0.142857	0.219706
-0.387755	-0.102041	0.222268
-0.387755	-0.0612245	0.223921
-0.387755	-0.0204082	0.224654
-0.387755	0.0204082	0.224459
-0.387755	0.0612245	0.223335
-0.387755	0.102041	0.221285
-0.387755	0.142857	0.218318
-0.387755	0.183673	0.214447
-0.387755	0.22449	0.209691
-0.387755	0.265306	0.204073
-0.387755	0.306122	0.197619
-0.387755	0.346939	0.190362
-0.387755	0.387755	0.182336
-0.387755	0.428571	0.173578
-0.387755	0.469388	0.164131
-0.387755	0.510204	0.154036
-0.387755	0.55102	0.143339
-0.387755	0.591837	0.132088
-0.387755	0.632653	0.12033
-0.387755	0.673469	0.108115
-0.387755	0.714286	0.0954932
-0.387755	0.755102	0.0825142
-0.387755	0.795918	0.0692293
-0.387755	0.836735	0.0556893
-0.387755	0.877551	0.0419454
-0.387755	0.918367	0.0280485
-0.387755	0.959184	0.0140497
-0.387755	1	0
-0.346939	-1	0.0140575
-0.346939	-0.959184	0.0280707
-0.346939	-0.918367	0.0419954
-0.346939	-0.877551	0.0557868
-0.346939	-0.836735	0.0693998
-0.346939	-0.795918	0.0827888
-0.346939	-0.755102	0.0959076
-0.346939	-0.714286	0.108709
-0.346939	-0.673469	0.121147
-0.346939	-0.632653	0.133172
-0.346939	-0.591837	0.144737
-0.346939	-0.55102	0.155794
-0.346939	-0.510204	0.166296
-0.346939	-0.469388	0.176194
-0.346939	-0.428571	0.185444
-0.346939	-0.387755	0.194
-0.346939	-0.346939	0.201819
-0.346939	-0.306122	0.208861
-0.346939	-0.265306	0.215089
-0.346939	-0.22449	0.220469
-0.346939	-0.183673	0.224968
-0.346939	-0.142857	0.228562
-0.346939	-0.102041	0.231227
-0.346939	-0.0612245	0.232947
-0.346939	-0.0204082	0.233709
-0.346939	0.0204082	0.233506
-0.346939	0.0612245	0.232336
-0.346939	0.102041	0.230204
-0.346939	0.142857	0.227117
-0.346939	0.183673	0.223091
-0.346939	0.22449	0.218143
-0.346939	0.265306	0.212298
-0.346939	0.306122	0.205585
-0.346939	0.346939	0.198035
-0.346939	0.387755	0.189685
-0.346939	0.428571	0.180575
-0.346939	0.469388	0.170746
-0.346939	0.510204	0.160244
-0.346939	0.55102	0.149117
-0.346939	0.591837	0.137412
-0.346939	0.632653	0.12518
-0.346939	0.673469	0.112473
-0.346939	0.714286	0.0993422
-0.346939	0.755102	0.0858401
-0.346939	0.795918	0.0720197
-0.346939	0.836735	0.057934
-0.346939	0.877551	0.0436361
-0.346939	0.918367	0.0291791
-0.346939	0.959184	0.014616
-0.346939	1	0
-0.306122	-1	0.014548
-0.306122	-0.959184	0.0290502
-0.306122	-0.918367	0.0434608
-0.306122	-0.877551	0.0577335
-0.306122	-0.836735	0.0718215
-0.306122	-0.795918	0.0856778
-0.306122	-0.755102	0.0992543
-0.306122	-0.714286	0.112503
-0.306122	-0.673469	0.125374
-0.306122	-0.632653	0.137819
-0.306122	-0.591837	0.149788
-0.306122	-0.55102	0.161231
-0.306122	-0.510204	0.172099
-0.306122	-0.469388	0.182343
-0.306122	-0.428571	0.191915
-0.306122	-0.387755	0.200769
-0.306122	-0.346939	0.208861
-0.306122	-0.306122	0.21615
-0.306122	-0.265306	0.222595
-0.306122	-0.22449	0.228162
-0.306122	-0.183673	0.232818
-0.306122	-0.142857	0.236537
-0.306122	-0.102041	0.239296
-0.306122	-0.0612245	0.241075
-0.306122	-0.0204082	0.241864
-0.306122	0.0204082	0.241654
-0.306122	0.0612245	0.240444
-0.306122	0.102041	0.238237
-0.306122	0.142857	0.235042
-0.306122	0.183673	0.230875
-0.306122	0.22449	0.225755
-0.306122	0.265306	0.219706
-0.306122	0.306122	0.212759
-0.306122	0.346939	0.204945
-0.306122	0.387755	0.196304
-0.306122	0.428571	0.186876
-0.306122	0.469388	0.176704
-0.306122	0.510204	0.165836
-0.306122	0.55102	0.15432
-0.306122	0.591837	0.142207
-0.306122	0.632653	0.129549
-0.306122	0.673469	0.116398
-0.306122	0.714286	0.102809
-0.306122	0.755102	0.0888355
-0.306122	0.795918	0.0745328
-0.306122	0.836735	0.0599556
-0.306122	0.877551	0.0451588
-0.306122	0.918367	0.0301973
-0.306122	0.959184	0.0151261
-0.306122	1	0
-0.265306	-1	0.0149818
-0.265306	-0.959184	0.0299165
-0.265306	-0.918367	0.0447568
-0.265306	-0.877551	0.059455
-0.265306	-0.836735	0.0739632
-0.265306	-0.795918	0.0882326
-0.265306	-0.755102	0.102214
-0.265306	-0.714286	0.115858
-0.265306	-0.673469	0.129113
-0.265306	-0.632653	0.141929
-0.265306	-0.591837	0.154254
-0.265306	-0.55102	0.166039
-0.265306	-0.510204	0.177231
-0.265306	-0.469388	0.18778
-0.265306	-0.428571	0.197638
-0.265306	-0.387755	0.206756
-0.265306	-0.346939	0.215089
-0.265306	-0.306122	0.222595
-0.265306	-0.265306	0.229233
-0.265306	-0.22449	0.234965
-0.265306	-0.183673	0.239761
-0.265306	-0.142857	0.243591
-0.265306	-0.102041	0.246431
-0.265306	-0.0612245	0.248264
-0.265306	-0.0204082	0.249076
-0.265306	0.0204082	0.24886
-0.265306	0.0612245	0.247613
-0.265306	0.102041	0.245341
-0.265306	0.142857	0.242051
-0.265306	0.183673	0.23776
-0.265306	0.22449	0.232487
-0.265306	0.265306	0.226258
-0.265306	0.306122	0.219103
-0.265306	0.346939	0.211057
-0.265306	0.387755	0.202158
-0.265306	0.428571	0.192448
-0.265306	0.469388	0.181973
-0.265306	0.510204	0.170781
-0.265306	0.55102	0.158922
-0.265306	0.591837	0.146448
-0.265306	0.632653	0.133412
-0.265306	0.673469	0.119869
-0.265306	0.714286	0.105874
-0.265306	0.755102	0.0914845
-0.265306	0.795918	0.0767553
-0.265306	0.836735	0.0617434
-0.265306	0.877551	0.0465053
-0.265306	0.918367	0.0310977
-0.265306	0.959184	0.0155771
-0.265306	1	0
-0.22449	-1	0.0153565
-0.22449	-0.959184	0.0306647
-0.22449	-0.918367	0.0458761
-0.22449	-0.877551	0.0609419
-0.22449	-0.836735	0.0758129
-0.22449	-0.795918	0.0904392
-0.22449	-0.755102	0.10477
-0.22449	-0.714286	0.118755
-0.22449	-0.673469	0.132342
-0.22449	-0.632653	0.145478
-0.22449	-0.591837	0.158112
-0.22449	-0.55102	0.170191
-0.22449	-0.510204	0.181663
-0.22449	-0.469388	0.192476
-0.22449	-0.428571	0.20258
-0.22449	-0.387755	0.211927
-0.22449	-0.346939	0.220469
-0.22449	-0.306122	0.228162
-0.22449	-0.265306	0.234965
-0.22449	-0.22449	0.240842
-0.22449	-0.183673	0.245757
-0.22449	-0.142857	0.249682
-0.22449	-0.102041	0.252594
-0.22449	-0.0612245	0.254473
-0.22449	-0.0204082	0.255305
-0.22449	0.0204082	0.255083
-0.22449	0.0612245	0.253806
-0.22449	0.102041	0.251476
-0.22449	0.142857	0.248104
-0.22449	0.183673	0.243706
-0.22449	0.22449	0.238301
-0.22449	0.265306	0.231916
-0.22449	0.306122	0.224582
-0.22449	0.346939	0.216335
-0.22449	0.387755	0.207213
-0.22449	0.428571	0.197261
-0.22449	0.469388	0.186524
-0.22449	0.510204	0.175052
-0.22449	0.55102	0.162896
-0.22449	0.591837	0.15011
-0.22449	0.632653	0.136748
-0.22449	0.673469	0.122867
-0.22449	0.714286	0.108522
-0.22449	0.755102	0.0937724
-0.22449	0.795918	0.0786748
-0.22449	0.836735	0.0632875
-0.22449	0.877551	0.0476684
-0.22449	0.918367	0.0318754
-0.22449	0.959184	0.0159667
-0.22449	1	0
-0.183673	-1	0.0156699
-0.183673	-0.959184	0.0312905
-0.183673	-0.918367	0.0468124
-0.183673	-0.877551	0.0621857
-0.183673	-0.836735	0.0773602
-0.183673	-0.795918	0.092285
-0.183673	-0.755102	0.106909
-0.183673	-0.714286	0.121179
-0.183673	-0.673469	0.135043
-0.183673	-0.632653	0.148447
-0.183673	-0.591837	0.161339
-0.183673	-0.55102	0.173665
-0.183673	-0.510204	0.18537
-0.183673	-0.469388	0.196404
-0.183673	-0.428571	0.206715
-0.183673	-0.387755	0.216252
-0.183673	-0.346939	0.224968
-0.183673	-0.306122	0.232818
-0.183673	-0.265306	0.239761
-0.183673	-0.22449	0.245757
-0.183673	-0.183673	0.250773
-0.183673	-0.142857	0.254778
-0.183673	-0.102041	0.257749
-0.183673	-0.0612245	0.259666
-0.183673	-0.0204082	0.260515
-0.183673	0.0204082	0.260289
-0.183673	0.0612245	0.258986
-0.183673	0.102041	0.256609
-0.183673	0.142857	0.253168
-0.183673	0.183673	0.24868
-0.183673	0.22449	0.243164
-0.183673	0.265306	0.236649
-0.183673	0.306122	0.229166
-0.183673	0.346939	0.22075
-0.183673	0.387755	0.211442
-0.183673	0.428571	0.201287
-0.183673	0.469388	0.190331
-0.183673	0.510204	0.178625
-0.183673	0.55102	0.166221
-0.183673	0.591837	0.153174
-0.183673	0.632653	0.139539
-0.183673	0.673469	0.125374
-0.183673	0.714286	0.110737
-0.183673	0.755102	0.0956862
-0.183673	0.795918	0.0802805
-0.183673	0.836735	0.0645792
-0.183673	0.877551	0.0486412
-0.183673	0.918367	0.032526
-0.183673	0.959184	0.0162925
-0.183673	1	0
-0.142857	-1	0.0159202
-0.142857	-0.959184	0.0317903
-0.142857	-0.918367	0.0475601
-0.142857	-0.877551	0.063179
-0.142857	-0.836735	0.0785959
-0.142857	-0.795918	0.0937591
-0.142857	-0.755102	0.108616
-0.142857	-0.714286	0.123114
-0.142857	-0.673469	0.1372
-0.142857	-0.632653	0.150819
-0.142857	-0.591837	0.163916
-0.142857	-0.55102	0.176439
-0.142857	-0.510204	0.188331
-0.142857	-0.469388	0.199541
-0.142857	-0.428571	0.210017
-0.142857	-0.387755	0.219706
-0.142857	-0.346939	0.228562
-0.142857	-0.306122	0.236537
-0.142857	-0.265306	0.243591
-0.142857	-0.22449	0.249682
-0.142857	-0.183673	0.254778
-0.142857	-0.142857	0.258848
-0.142857	-0.102041	0.261866
-0.142857	-0.0612245	0.263814
-0.142857	-0.0204082	0.264677
-0.142857	0.0204082	0.264447
-0.142857	0.0612245	0.263123
-0.142857	0.102041	0.260708
-0.142857	0.142857	0.257212
-0.142857	0.183673	0.252652
-0.142857	0.22449	0.247049
-0.142857	0.265306	0.240429
-0.142857	0.306122	0.232826
-0.142857	0.346939	0.224276
-0.142857	0.387755	0.21482
-0.142857	0.428571	0.204502
-0.142857	0.469388	0.193371
-0.142857	0.510204	0.181478
-0.142857	0.55102	0.168876
-0.142857	0.591837	0.15562
-0.142857	0.632653	0.141768
-0.142857	0.673469	0.127377
-0.142857	0.714286	0.112506
-0.142857	0.755102	0.0972146
-0.142857	0.795918	0.0815629
-0.142857	0.836735	0.0656107
-0.142857	0.877551	0.0494182
-0.142857	0.918367	0.0330455
-0.142857	0.959184	0.0165528
-0.142857	1	0
-0.102041	-1	0.0161058
-0.102041	-0.959184	0.032161
-0.102041	-0.918367	0.0481147
-0.102041	-0.877551	0.0639158
-0.102041	-0.836735	0.0795124
-0.102041	-0.795918	0.0948524
-0.102041	-0.755102	0.109883
-0.102041	-0.714286	0.12455
-0.102041	-0.673469	0.1388
-0.102041	-0.632653	0.152577
-0.102041	-0.591837	0.165828
-0.102041	-0.55102	0.178496
-0.102041	-0.510204	0.190528
-0.102041	-0.469388	0.201868
-0.102041	-0.428571	0.212466
-0.102041	-0.387755	0.222268
-0.102041	-0.346939	0.231227
-0.102041	-0.306122	0.239296
-0.102041	-0.265306	0.246431
-0.102041	-0.22449	0.252594
-0.102041	-0.183673	0.257749
-0.102041	-0.142857	0.261866
-0.102041	-0.102041	0.26492
-0.102041	-0.0612245	0.26689
-0.102041	-0.0204082	0.267763
-0.102041	0.0204082	0.267531
-0.102041	0.0612245	0.266191
-0.102041	0.102041	0.263748
-0.102041	0.142857	0.260211
-0.102041	0.183673	0.255598
-0.102041	0.22449	0.249929
-0.102041	0.265306	0.243233
-0.102041	0.306122	0.235541
-0.102041	0.346939	0.226891
-0.102041	0.387755	0.217325
-0.102041	0.428571	0.206887
-0.102041	0.469388	0.195626
-0.102041	0.510204	0.183594
-0.102041	0.55102	0.170845
-0.102041	0.591837	0.157435
-0.102041	0.632653	0.143421
-0.102041	0.673469	0.128862
-0.102041	0.714286	0.113818
-0.102041	0.755102	0.0983482
-0.102041	0.795918	0.082514
-0.102041	0.836735	0.0663758
-0.102041	0.877551	0.0499945
-0.102041	0.918367	0.0334309
-0.102041	0.959184	0.0167458
-0.102041	1	0
-0.0612245	-1	0.0162256
-0.0612245	-0.959184	0.0324002
-0.0612245	-0.918367	0.0484726
-0.0612245	-0.877551	0.0643911
-0.0612245	-0.836735	0.0801038
-0.0612245	-0.795918	0.0955579
-0.0612245	-0.755102	0.1107
-0.0612245	-0.714286	0.125476
-0.0612245	-0.673469	0.139832
-0.0612245	-0.632653	0.153712
-0.0612245	-0.591837	0.167061
-0.0612245	-0.55102	0.179824
-0.0612245	-0.510204	0.191945
-0.0612245	-0.469388	0.20337
-0.0612245	-0.428571	0.214046
-0.0612245	-0.387755	0.223921
-0.0612245	-0.346939	0.232947
-0.0612245	-0.306122	0.241075
-0.0612245	-0.265306	0.248264
-0.0612245	-0.22449	0.254473
-0.0612245	-0.183673	0.259666
-0.0612245	-0.142857	0.263814
-0.0612245	-0.102041	0.26689
-0.0612245	-0.0612245	0.268875
-0.0612245	-0.0204082	0.269755
-0.0612245	0.0204082	0.26952
-0.0612245	0.0612245	0.268171
-0.0612245	0.102041	0.265709
-0.0612245	0.142857	0.262147
-0.0612245	0.183673	0.257499
-0.0612245	0.22449	0.251788
-0.0612245	0.265306	0.245042
-0.0612245	0.306122	0.237293
-0.0612245	0.346939	0.228579
-0.0612245	0.387755	0.218941
-0.0612245	0.428571	0.208426
-0.0612245	0.469388	0.197081
-0.0612245	0.510204	0.18496
-0.0612245	0.55102	0.172116
-0.0612245	0.591837	0.158606
-0.0612245	0.632653	0.144488
-0.0612245	0.673469	0.129821
-0.0612245	0.714286	0.114664
-0.0612245	0.755102	0.0990797
-0.0612245	0.795918	0.0831277
-0.0612245	0.836735	0.0668695
-0.0612245	0.877551	0.0503663
-0.0612245	0.918367	0.0336795
-0.0612245	0.959184	0.0168704
-0.0612245	1	0
-0.0204082	-1	0.0162787
-0.0204082	-0.959184	0.0325062
-0.0204082	-0.918367	0.0486312
-0.0204082	-0.877551	0.0646018
-0.0204082	-0.836735	0.0803658
-0.0204082	-0.795918	0.0958705
-0.0204082	-0.755102	0.111062
-0.0204082	-0.714286	0.125887
-0.0204082	-0.673469	0.140289
-0.0204082	-0.632653	0.154215
-0.0204082	-0.591837	0.167607
-0.0204082	-0.55102	0.180412
-0.0204082	-0.510204	0.192572
-0.0204082	-0.469388	0.204035
-0.0204082	-0.428571	0.214746
-0.0204082	-0.387755	0.224654
-0.0204082	-0.346939	0.233709
-0.0204082	-0.306122	0.241864
-0.0204082	-0.265306	0.249076
-0.0204082	-0.22449	0.255305
-0.0204082	-0.183673	0.260515
-0.0204082	-0.142857	0.264677
-0.0204082	-0.102041	0.267763
-0.0204082	-0.0612245	0.269755
-0.0204082	-0.0204082	0.270637
-0.0204082	0.0204082	0.270402
-0.0204082	0.0612245	0.269048
-0.0204082	0.102041	0.266578
-0.0204082	0.142857	0.263004
-0.0204082	0.183673	0.258341
-0.0204082	0.22449	0.252612
-0.0204082	0.265306	0.245844
-0.0204082	0.306122	0.238069
-0.0204082	0.346939	0.229327
-0.0204082	0.387755	0.219657
-0.0204082	0.428571	0.209107
-0.0204082	0.469388	0.197726
-0.0204082	0.510204	0.185565
-0.0204082	0.55102	0.172679
-0.0204082	0.591837	0.159125
-0.0204082	0.632653	0.14496
-0.0204082	0.673469	0.130245
-0.0204082	0.714286	0.115039
-0.0204082	0.755102	0.0994038
-0.0204082	0.795918	0.0833996
-0.0204082	0.836735	0.0670882
-0.0204082	0.877551	0.0505311
-0.0204082	0.918367	0.0337897
-0.0204082	0.959184	0.0169255
-0.0204082	1	0
0.0204082	-1	0.0162646
0.0204082	-0.959184	0.032478
0.0204082	-0.918367	0.048589
0.0204082	-0.877551	0.0645457
0.0204082	-0.836735	0.0802961
0.0204082	-0.795918	0.0957873
0.0204082	-0.755102	0.110966
0.0204082	-0.714286	0.125777
0.0204082	-0.673469	0.140168
0.0204082	-0.632653	0.154081
0.0204082	-0.591837	0.167462
0.0204082	-0.55102	0.180255
0.0204082	-0.510204	0.192405
0.0204082	-0.469388	0.203858
0.0204082	-0.428571	0.21456
0.0204082	-0.387755	0.224459
0.0204082	-0.346939	0.233506
0.0204082	-0.306122	0.241654
0.0204082	-0.265306	0.24886
0.0204082	-0.22449	0.255083
0.0204082	-0.183673	0.260289
0.0204082	-0.142857	0.264447
0.0204082	-0.102041	0.267531
0.0204082	-0.0612245	0.26952
0.0204082	-0.0204082	0.270402
0.0204082	0.0204082	0.270167
0.0204082	0.0612245	0.268814
0.0204082	0.102041	0.266347
0.0204082	0.142857	0.262776
0.0204082	0.183673	0.258117
0.0204082	0.22449	0.252393
0.0204082	0.265306	0.24563
0.0204082	0.306122	0.237863
0.0204082	0.346939	0.229128
0.0204082	0.387755	0.219467
0.0204082	0.428571	0.208926
0.0204082	0.469388	0.197554
0.0204082	0.510204	0.185404
0.0204082	0.55102	0.172529
0.0204082	0.591837	0.158987
0.0204082	0.632653	0.144835
0.0204082	0.673469	0.130132
0.0204082	0.714286	0.11494
0.0204082	0.755102	0.0993175
0.0204082	0.795918	0.0833272
0.0204082	0.836735	0.06703
0.0204082	0.877551	0.0504872
0.0204082	0.918367	0.0337604
0.0204082	0.959184	0.0169109
0.0204082	1	0
0.0612245	-1	0.0161831
0.0612245	-0.959184	0.0323154
0.0612245	-0.918367	0.0483456
0.0612245	-0.877551	0.0642224
0.0612245	-0.836735	0.0798939
0.0612245	-0.795918	0.0953075
0.0612245	-0.755102	0.11041
0.0612245	-0.714286	0.125148
0.0612245	-0.673469	0.139466
0.0612245	-0.632653	0.153309
0.0612245	-0.591837	0.166623
0.0612245	-0.55102	0.179352
0.0612245	-0.510204	0.191442
0.0612245	-0.469388	0.202837
0.0612245	-0.428571	0.213485
0.0612245	-0.387755	0.223335
0.0612245	-0.346939	0.232336
0.0612245	-0.306122	0.240444
0.0612245	-0.265306	0.247613
0.0612245	-0.22449	0.253806
0.0612245	-0.183673	0.258986
0.0612245	-0.142857	0.263123
0.0612245	-0.102041	0.266191
0.0612245	-0.0612245	0.268171
0.0612245	-0.0204082	0.269048
0.0612245	0.0204082	0.268814
0.0612245	0.0612245	0.267468
0.0612245	0.102041	0.265013
0.0612245	0.142857	0.26146
0.0612245	0.183673	0.256824
0.0612245	0.22449	0.251128
0.0612245	0.265306	0.2444
0.0612245	0.306122	0.236671
0.0612245	0.346939	0.22798
0.0612245	0.387755	0.218368
0.0612245	0.428571	0.207879
0.0612245	0.469388	0.196565
0.0612245	0.510204	0.184475
0.0612245	0.55102	0.171665
0.0612245	0.591837	0.15819
0.0612245	0.632653	0.144109
0.0612245	0.673469	0.12948
0.0612245	0.714286	0.114364
0.0612245	0.755102	0.0988201
0.0612245	0.795918	0.0829099
0.0612245	0.836735	0.0666943
0.0612245	0.877551	0.0502344
0.0612245	0.918367	0.0335913
0.0612245	0.959184	0.0168262
0.0612245	1	0
0.102041	-1	0.0160346
0.102041	-0.959184	0.0320188
0.102041	-0.918367	0.0479019
0.102041	-0.877551	0.063633
0.102041	-0.836735	0.0791606
0.102041	-0.795918	0.0944328
0.102041	-0.755102	0.109397
0.102041	-0.714286	0.123999
0.102041	-0.673469	0.138186
0.102041	-0.632653	0.151902
0.102041	-0.591837	0.165094
0.102041	-0.55102	0.177706
0.102041	-0.510204	0.189685
0.102041	-0.469388	0.200975
0.102041	-0.428571	0.211526
0.102041	-0.387755	0.221285
0.102041	-0.346939	0.230204
0.102041	-0.306122	0.238237
0.102041	-0.265306	0.245341
0.102041	-0.22449	0.251476
0.102041	-0.183673	0.256609
0.102041	-0.142857	0.260708
0.102041	-0.102041	0.263748
0.102041	-0.0612245	0.265709
0.102041	-0.0204082	0.266578
0.102041	0.0204082	0.266347
0.102041	0.0612245	0.265013
0.102041	0.102041	0.262581
0.102041	0.142857	0.25906
0.102041	0.183673	0.254467
0.102041	0.22449	0.248824
0.102041	0.265306	0.242157
0.102041	0.306122	0.234499
0.102041	0.346939	0.225888
0.102041	0.387755	0.216363
0.102041	0.428571	0.205971
0.102041	0.469388	0.194761
0.102041	0.510204	0.182782
0.102041	0.55102	0.170089
0.102041	0.591837	0.156738
0.102041	0.632653	0.142787
0.102041	0.673469	0.128292
0.102041	0.714286	0.113314
0.102041	0.755102	0.0979131
0.102041	0.795918	0.0821489
0.102041	0.836735	0.0660821
0.102041	0.877551	0.0497733
0.102041	0.918367	0.033283
0.102041	0.959184	0.0166717
0.102041	1	0
0.142857	-1	0.0158196
0.142857	-0.959184	0.0315894
0.142857	-0.918367	0.0472596
0.142857	-0.877551	0.0627798
0.142857	-0.836735	0.0780992
0.142857	-0.795918	0.0931666
0.142857	-0.755102	0.10793
0.142857	-0.714286	0.122336
0.142857	-0.673469	0.136333
0.142857	-0.632653	0.149865
0.142857	-0.591837	0.16288
0.142857	-0.55102	0.175324
0.142857	-0.510204	0.187141
0.142857	-0.469388	0.19828
0.142857	-0.428571	0.208689
0.142857	-0.387755	0.218318
0.142857	-0.346939	0.227117
0.142857	-0.306122	0.235042
0.142857	-0.265306	0.242051
0.142857	-0.22449	0.248104
0.142857	-0.183673	0.253168
0.142857	-0.142857	0.257212
0.142857	-0.102041	0.260211
0.142857	-0.0612245	0.262147
0.142857	-0.0204082	0.263004
0.142857	0.0204082	0.262776
0.142857	0.0612245	0.26146
0.142857	0.102041	0.25906
0.142857	0.142857	0.255586
0.142857	0.183673	0.251055
0.142857	0.22449	0.245487
0.142857	0.265306	0.23891
0.142857	0.306122	0.231355
0.142857	0.346939	0.222859
0.142857	0.387755	0.213462
0.142857	0.428571	0.20321
0.142857	0.469388	0.192149
0.142857	0.510204	0.180331
0.142857	0.55102	0.167809
0.142857	0.591837	0.154637
0.142857	0.632653	0.140872
0.142857	0.673469	0.126572
0.142857	0.714286	0.111795
0.142857	0.755102	0.0966003
0.142857	0.795918	0.0810474
0.142857	0.836735	0.0651961
0.142857	0.877551	0.0491059
0.142857	0.918367	0.0328367
0.142857	0.959184	0.0164482
0.142857	1	0
0.183673	-1	0.0155391
0.183673	-0.959184	0.0310294
0.183673	-0.918367	0.0464217
0.183673	-0.877551	0.0616667
0.183673	-0.836735	0.0767146
0.183673	-0.795918	0.0915148
0.183673	-0.755102	0.106016
0.183673	-0.714286	0.120167
0.183673	-0.673469	0.133916
0.183673	-0.632653	0.147208
0.183673	-0.591837	0.159993
0.183673	-0.55102	0.172215
0.183673	-0.510204	0.183823
0.183673	-0.469388	0.194765
0.183673	-0.428571	0.204989
0.183673	-0.387755	0.214447
0.183673	-0.346939	0.223091
0.183673	-0.306122	0.230875
0.183673	-0.265306	0.23776
0.183673	-0.22449	0.243706
0.183673	-0.183673	0.24868
0.183673	-0.142857	0.252652
0.183673	-0.102041	0.255598
0.183673	-0.0612245	0.257499
0.183673	-0.0204082	0.258341
0.183673	0.0204082	0.258117
0.183673	0.0612245	0.256824
0.183673	0.102041	0.254467
0.183673	0.142857	0.251055
0.183673	0.183673	0.246604
0.183673	0.22449	0.241135
0.183673	0.265306	0.234674
0.183673	0.306122	0.227253
0.183673	0.346939	0.218908
0.183673	0.387755	0.209678
0.183673	0.428571	0.199607
0.183673	0.469388	0.188743
0.183673	0.510204	0.177134
0.183673	0.55102	0.164834
0.183673	0.591837	0.151895
0.183673	0.632653	0.138374
0.183673	0.673469	0.124328
0.183673	0.714286	0.109813
0.183673	0.755102	0.0948876
0.183673	0.795918	0.0796105
0.183673	0.836735	0.0640402
0.183673	0.877551	0.0482353
0.183673	0.918367	0.0322545
0.183673	0.959184	0.0161566
0.183673	1	0
0.22449	-1	0.0151945
0.22449	-0.959184	0.0303412
0.22449	-0.918367	0.0453922
0.22449	-0.877551	0.0602991
0.22449	-0.836735	0.0750132
0.22449	-0.795918	0.0894852
0.22449	-0.755102	0.103665
0.22449	-0.714286	0.117502
0.22449	-0.673469	0.130946
0.22449	-0.632653	0.143944
0.22449	-0.591837	0.156444
0.22449	-0.55102	0.168396
0.22449	-0.510204	0.179747
0.22449	-0.469388	0.190446
0.22449	-0.428571	0.200443
0.22449	-0.387755	0.209691
0.22449	-0.346939	0.218143
0.22449	-0.306122	0.225755
0.22449	-0.265306	0.232487
0.22449	-0.22449	0.238301
0.22449	-0.183673	0.243164
0.22449	-0.142857	0.247049
0.22449	-0.102041	0.249929
0.22449	-0.0612245	0.251788
0.22449	-0.0204082	0.252612
0.22449	0.0204082	0.252393
0.22449	0.0612245	0.251128
0.22449	0.102041	0.248824
0.22449	0.142857	0.245487
0.22449	0.183673	0.241135
0.22449	0.22449	0.235787
0.22449	0.265306	0.22947
0.22449	0.306122	0.222213
0.22449	0.346939	0.214053
0.22449	0.387755	0.205028
0.22449	0.428571	0.19518
0.22449	0.469388	0.184557
0.22449	0.510204	0.173206
0.22449	0.55102	0.161178
0.22449	0.591837	0.148527
0.22449	0.632653	0.135306
0.22449	0.673469	0.121571
0.22449	0.714286	0.107377
0.22449	0.755102	0.0927832
0.22449	0.795918	0.0778449
0.22449	0.836735	0.0626199
0.22449	0.877551	0.0471656
0.22449	0.918367	0.0315392
0.22449	0.959184	0.0157983
0.22449	1	0
0.265306	-1	0.0147874
0.265306	-0.959184	0.0295283
0.265306	-0.918367	0.044176
0.265306	-0.877551	0.0586835
0.265306	-0.836735	0.0730034
0.265306	-0.795918	0.0870876
0.265306	-0.755102	0.100888
0.265306	-0.714286	0.114354
0.265306	-0.673469	0.127437
0.265306	-0.632653	0.140087
0.265306	-0.591837	0.152253
0.265306	-0.55102	0.163884
0.265306	-0.510204	0.174931
0.265306	-0.469388	0.185343
0.265306	-0.428571	0.195073
0.265306	-0.387755	0.204073
0.265306	-0.346939	0.212298
0.265306	-0.306122	0.219706
0.265306	-0.265306	0.226258
0.265306	-0.22449	0.231916
0.265306	-0.183673	0.236649
0.265306	-0.142857	0.240429
0.265306	-0.102041	0.243233
0.265306	-0.0612245	0.245042
0.265306	-0.0204082	0.245844
0.265306	0.0204082	0.24563
0.265306	0.0612245	0.2444
0.265306	0.102041	0.242157
0.265306	0.142857	0.23891
0.265306	0.183673	0.234674
0.265306	0.22449	0.22947
0.265306	0.265306	0.223322
0.265306	0.306122	0.21626
0.265306	0.346939	0.208318
0.265306	0.387755	0.199534
0.265306	0.428571	0.189951
0.265306	0.469388	0.179612
0.265306	0.510204	0.168565
0.265306	0.55102	0.15686
0.265306	0.591837	0.144547
0.265306	0.632653	0.13168
0.265306	0.673469	0.118313
0.265306	0.714286	0.1045
0.265306	0.755102	0.0902973
0.265306	0.795918	0.0757592
0.265306	0.836735	0.0609422
0.265306	0.877551	0.0459018
0.265306	0.918367	0.0306942
0.265306	0.959184	0.015375
0.265306	1	0
0.306122	-1	0.0143198
0.306122	-0.959184	0.0285945
0.306122	-0.918367	0.042779
0.306122	-0.877551	0.0568278
0.306122	-0.836735	0.0706948
0.306122	-0.795918	0.0843337
0.306122	-0.755102	0.0976973
0.306122	-0.714286	0.110738
0.306122	-0.673469	0.123407
0.306122	-0.632653	0.135657
0.306122	-0.591837	0.147438
0.306122	-0.55102	0.158702
0.306122	-0.510204	0.169399
0.306122	-0.469388	0.179482
0.306122	-0.428571	0.188904
0.306122	-0.387755	0.197619
0.306122	-0.346939	0.205585
0.306122	-0.306122	0.212759
0.306122	-0.265306	0.219103
0.306122	-0.22449	0.224582
0.306122	-0.183673	0.229166
0.306122	-0.142857	0.232826
0.306122	-0.102041	0.235541
0.306122	-0.0612245	0.237293
0.306122	-0.0204082	0.238069
0.306122	0.0204082	0.237863
0.306122	0.0612245	0.236671
0.306122	0.102041	0.234499
0.306122	0.142857	0.231355
0.306122	0.183673	0.227253
0.306122	0.22449	0.222213
0.306122	0.265306	0.21626
0.306122	0.306122	0.209421
0.306122	0.346939	0.20173
0.306122	0.387755	0.193224
0.306122	0.428571	0.183944
0.306122	0.469388	0.173932
0.306122	0.510204	0.163234
0.306122	0.55102	0.151899
0.306122	0.591837	0.139976
0.306122	0.632653	0.127516
0.306122	0.673469	0.114572
0.306122	0.714286	0.101196
0.306122	0.755102	0.0874418
0.306122	0.795918	0.0733635
0.306122	0.836735	0.059015
0.306122	0.877551	0.0444503
0.306122	0.918367	0.0297235
0.306122	0.959184	0.0148888
0.306122	1	0
0.346939	-1	0.0137939
0.346939	-0.959184	0.0275444
0.346939	-0.918367	0.041208
0.346939	-0.877551	0.0547409
0.346939	-0.836735	0.0680987
0.346939	-0.795918	0.0812366
0.346939	-0.755102	0.0941095
0.346939	-0.714286	0.106671
0.346939	-0.673469	0.118875
0.346939	-0.632653	0.130675
0.346939	-0.591837	0.142024
0.346939	-0.55102	0.152873
0.346939	-0.510204	0.163178
0.346939	-0.469388	0.172891
0.346939	-0.428571	0.181967
0.346939	-0.387755	0.190362
0.346939	-0.346939	0.198035
0.346939	-0.306122	0.204945
0.346939	-0.265306	0.211057
0.346939	-0.22449	0.216335
0.346939	-0.183673	0.22075
0.346939	-0.142857	0.224276
0.346939	-0.102041	0.226891
0.346939	-0.0612245	0.228579
0.346939	-0.0204082	0.229327
0.346939	0.0204082	0.229128
0.346939	0.0612245	0.22798
0.346939	0.102041	0.225888
0.346939	0.142857	0.222859
0.346939	0.183673	0.218908
0.346939	0.22449	0.214053
0.346939	0.265306	0.208318
0.346939	0.306122	0.20173
0.346939	0.346939	0.194322
0.346939	0.387755	0.186129
0.346939	0.428571	0.177189
0.346939	0.469388	0.167545
0.346939	0.510204	0.15724
0.346939	0.55102	0.146321
0.346939	0.591837	0.134836
0.346939	0.632653	0.122833
0.346939	0.673469	0.110364
0.346939	0.714286	0.0974796
0.346939	0.755102	0.0842307
0.346939	0.795918	0.0706694
0.346939	0.836735	0.0568477
0.346939	0.877551	0.0428179
0.346939	0.918367	0.028632
0.346939	0.959184	0.014342
0.346939	1	0
0.387755	-1	0.0132123
0.387755	-0.959184	0.026383
0.387755	-0.918367	0.0394705
0.387755	-0.877551	0.0524328
0.387755	-0.836735	0.0652273
0.387755	-0.795918	0.0778114
0.387755	-0.755102	0.0901414
0.387755	-0.714286	0.102174
0.387755	-0.673469	0.113863
0.387755	-0.632653	0.125165
0.387755	-0.591837	0.136035
0.387755	-0.55102	0.146428
0.387755	-0.510204	0.156298
0.387755	-0.469388	0.165601
0.387755	-0.428571	0.174294
0.387755	-0.387755	0.182336
0.387755	-0.346939	0.189685
0.387755	-0.306122	0.196304
0.387755	-0.265306	0.202158
0.387755	-0.22449	0.207213
0.387755	-0.183673	0.211442
0.387755	-0.142857	0.21482
0.387755	-0.102041	0.217325
0.387755	-0.0612245	0.218941
0.387755	-0.0204082	0.219657
0.387755	0.0204082	0.219467
0.387755	0.0612245	0.218368
0.387755	0.102041	0.216363
0.387755	0.142857	0.213462
0.387755	0.183673	0.209678
0.387755	0.22449	0.205028
0.387755	0.265306	0.199534
0.387755	0.306122	0.193224
0.387755	0.346939	0.186129
0.387755	0.387755	0.178281
0.387755	0.428571	0.169718
0.387755	0.469388	0.16048
0.387755	0.510204	0.15061
0.387755	0.55102	0.140152
0.387755	0.591837	0.129151
0.387755	0.632653	0.117654
0.387755	0.673469	0.105711
0.387755	0.714286	0.0933695
0.387755	0.755102	0.0806792
0.387755	0.795918	0.0676897
0.387755	0.836735	0.0544508
0.387755	0.877551	0.0410126
0.387755	0.918367	0.0274248
0.387755	0.959184	0.0137373
0.387755	1	0
0.428571	-1	0.0125777
0.428571	-0.959184	0.0251159
0.428571	-0.918367	0.0375748
0.428571	-0.877551	0.0499144
0.428571	-0.836735	0.0620945
0.428571	-0.795918	0.0740741
0.428571	-0.755102	0.085812
0.428571	-0.714286	0.0972662
0.428571	-0.673469	0.108394
0.428571	-0.632653	0.119154
0.428571	-0.591837	0.129502
0.428571	-0.55102	0.139395
0.428571	-0.510204	0.148791
0.428571	-0.469388	0.157647
0.428571	-0.428571	0.165923
0.428571	-0.387755	0.173578
0.428571	-0.346939	0.180575
0.428571	-0.306122	0.186876
0.428571	-0.265306	0.192448
0.428571	-0.22449	0.197261
0.428571	-0.183673	0.201287
0.428571	-0.142857	0.204502
0.428571	-0.102041	0.206887
0.428571	-0.0612245	0.208426
0.428571	-0.0204082	0.209107
0.428571	0.0204082	0.208926
0.428571	0.0612245	0.207879
0.428571	0.102041	0.205971
0.428571	0.142857	0.20321
0.428571	0.183673	0.199607
0.428571	0.22449	0.19518
0.428571	0.265306	0.189951
0.428571	0.306122	0.183944
0.428571	0.346939	0.177189
0.428571	0.387755	0.169718
0.428571	0.428571	0.161567
0.428571	0.469388	0.152773
0.428571	0.510204	0.143376
0.428571	0.55102	0.13342
0.428571	0.591837	0.122948
0.428571	0.632653	0.112003
0.428571	0.673469	0.100634
0.428571	0.714286	0.088885
0.428571	0.755102	0.0768042
0.428571	0.795918	0.0644386
0.428571	0.836735	0.0518356
0.428571	0.877551	0.0390427
0.428571	0.918367	0.0261076
0.428571	0.959184	0.0130775
0.428571	1	0
0.469388	-1	0.0118931
0.469388	-0.959184	0.0237488
0.469388	-0.918367	0.0355296
0.469388	-0.877551	0.0471976
0.469388	-0.836735	0.0587147
0.469388	-0.795918	0.0700423
0.469388	-0.755102	0.0811413
0.469388	-0.714286	0.091972
0.469388	-0.673469	0.102495
0.469388	-0.632653	0.112668
0.469388	-0.591837	0.122453
0.469388	-0.55102	0.131808
0.469388	-0.510204	0.140692
0.469388	-0.469388	0.149067
0.469388	-0.428571	0.156892
0.469388	-0.387755	0.164131
0.469388	-0.346939	0.170746
0.469388	-0.306122	0.176704
0.469388	-0.265306	0.181973
0.469388	-0.22449	0.186524
0.469388	-0.183673	0.190331
0.469388	-0.142857	0.193371
0.469388	-0.102041	0.195626
0.469388	-0.0612245	0.197081
0.469388	-0.0204082	0.197726
0.469388	0.0204082	0.197554
0.469388	0.0612245	0.196565
0.469388	0.102041	0.194761
0.469388	0.142857	0.192149
0.469388	0.183673	0.188743
0.469388	0.22449	0.184557
0.469388	0.265306	0.179612
0.469388	0.306122	0.173932
0.469388	0.346939	0.167545
0.469388	0.387755	0.16048
0.469388	0.428571	0.152773
0.469388	0.469388	0.144457
0.469388	0.510204	0.135573
0.469388	0.55102	0.126158
0.469388	0.591837	0.116256
0.469388	0.632653	0.105907
0.469388	0.673469	0.0951563
0.469388	0.714286	0.0840471
0.469388	0.755102	0.0726238
0.469388	0.795918	0.0609312
0.469388	0.836735	0.0490142
0.469388	0.877551	0.0369177
0.469388	0.918367	0.0246865
0.469388	0.959184	0.0123657
0.469388	1	0
0.510204	-1	0.0111616
0.510204	-0.959184	0.0222882
0.510204	-0.918367	0.0333444
0.510204	-0.877551	0.0442948
0.510204	-0.836735	0.0551035
0.510204	-0.795918	0.0657344
0.510204	-0.755102	0.0761507
0.510204	-0.714286	0.0863153
0.510204	-0.673469	0.0961906
0.510204	-0.632653	0.105739
0.510204	-0.591837	0.114922
0.510204	-0.55102	0.123701
0.510204	-0.510204	0.132039
0.510204	-0.469388	0.139898
0.510204	-0.428571	0.147242
0.510204	-0.387755	0.154036
0.510204	-0.346939	0.160244
0.510204	-0.306122	0.165836
0.510204	-0.265306	0.170781
0.510204	-0.22449	0.175052
0.510204	-0.183673	0.178625
0.510204	-0.142857	0.181478
0.510204	-0.102041	0.183594
0.510204	-0.0612245	0.18496
0.510204	-0.0204082	0.185565
0.510204	0.0204082	0.185404
0.510204	0.0612245	0.184475
0.510204	0.102041	0.182782
0.510204	0.142857	0.180331
0.510204	0.183673	0.177134
0.510204	0.22449	0.173206
0.510204	0.265306	0.168565
0.510204	0.306122	0.163234
0.510204	0.346939	0.15724
0.510204	0.387755	0.15061
0.510204	0.428571	0.143376
0.510204	0.469388	0.135573
0.510204	0.510204	0.127234
0.510204	0.55102	0.118399
0.510204	0.591837	0.109105
0.510204	0.632653	0.0993934
0.510204	0.673469	0.0893038
0.510204	0.714286	0.0788778
0.510204	0.755102	0.0681571
0.510204	0.795918	0.0571837
0.510204	0.836735	0.0459996
0.510204	0.877551	0.0346471
0.510204	0.918367	0.0231682
0.510204	0.959184	0.0116051
0.510204	1	0
0.55102	-1	0.0103866
0.55102	-0.959184	0.0207404
0.55102	-0.918367	0.0310289
0.55102	-0.877551	0.0412189
0.55102	-0.836735	0.051277
0.55102	-0.795918	0.0611697
0.55102	-0.755102	0.0708627
0.55102	-0.714286	0.0803215
0.55102	-0.673469	0.089511
0.55102	-0.632653	0.0983961
0.55102	-0.591837	0.106941
0.55102	-0.55102	0.115111
0.55102	-0.510204	0.12287
0.55102	-0.469388	0.130184
0.55102	-0.428571	0.137018
0.55102	-0.387755	0.143339
0.55102	-0.346939	0.149117
0.55102	-0.306122	0.15432
0.55102	-0.265306	0.158922
0.55102	-0.22449	0.162896
0.55102	-0.183673	0.166221
0.55102	-0.142857	0.168876
0.55102	-0.102041	0.170845
0.55102	-0.0612245	0.172116
0.55102	-0.0204082	0.172679
0.55102	0.0204082	0.172529
0.55102	0.0612245	0.171665
0.55102	0.102041	0.170089
0.55102	0.142857	0.167809
0.55102	0.183673	0.164834
0.55102	0.22449	0.161178
0.55102	0.265306	0.15686
0.55102	0.306122	0.151899
0.55102	0.346939	0.146321
0.55102	0.387755	0.140152
0.55102	0.428571	0.13342
0.55102	0.469388	0.126158
0.55102	0.510204	0.118399
0.55102	0.55102	0.110177
0.55102	0.591837	0.101529
0.55102	0.632653	0.0924914
0.55102	0.673469	0.0831024
0.55102	0.714286	0.0734004
0.55102	0.755102	0.0634242
0.55102	0.795918	0.0532128
0.55102	0.836735	0.0428053
0.55102	0.877551	0.0322411
0.55102	0.918367	0.0215594
0.55102	0.959184	0.0107993
0.55102	1	0
0.591837	-1	0.00957127
0.591837	-0.959184	0.0191124
0.591837	-0.918367	0.0285933
0.591837	-0.877551	0.0379834
0.591837	-0.836735	0.0472521
0.591837	-0.795918	0.0563683
0.591837	-0.755102	0.0653004
0.591837	-0.714286	0.0740167
0.591837	-0.673469	0.082485
0.591837	-0.632653	0.0906726
0.591837	-0.591837	0.098547
0.591837	-0.55102	0.106075
0.591837	-0.510204	0.113226
0.591837	-0.469388	0.119965
0.591837	-0.428571	0.126263
0.591837	-0.387755	0.132088
0.591837	-0.346939	0.137412
0.591837	-0.306122	0.142207
0.591837	-0.265306	0.146448
0.591837	-0.22449	0.15011
0.591837	-0.183673	0.153174
0.591837	-0.142857	0.15562
0.591837	-0.102041	0.157435
0.591837	-0.0612245	0.158606
0.591837	-0.0204082	0.159125
0.591837	0.0204082	0.158987
0.591837	0.0612245	0.15819
0.591837	0.102041	0.156738
0.591837	0.142857	0.154637
0.591837	0.183673	0.151895
0.591837	0.22449	0.148527
0.591837	0.265306	0.144547
0.591837	0.306122	0.139976
0.591837	0.346939	0.134836
0.591837	0.387755	0.129151
0.591837	0.428571	0.122948
0.591837	0.469388	0.116256
0.591837	0.510204	0.109105
0.591837	0.55102	0.101529
0.591837	0.591837	0.0935596
0.591837	0.632653	0.0852314
0.591837	0.673469	0.0765794
0.591837	0.714286	0.067639
0.591837	0.755102	0.0584458
0.591837	0.795918	0.0490359
0.591837	0.836735	0.0394454
0.591837	0.877551	0.0297104
0.591837	0.918367	0.0198671
0.591837	0.959184	0.0099516
0.591837	1	0
0.632653	-1	0.00871929
0.632653	-0.959184	0.0174112
0.632653	-0.918367	0.0260481
0.632653	-0.877551	0.0346024
0.632653	-0.836735	0.043046
0.632653	-0.795918	0.0513507
0.632653	-0.755102	0.0594878
0.632653	-0.714286	0.0674282
0.632653	-0.673469	0.0751426
0.632653	-0.632653	0.0826014
0.632653	-0.591837	0.0897749
0.632653	-0.55102	0.0966332
0.632653	-0.510204	0.103147
0.632653	-0.469388	0.109286
0.632653	-0.428571	0.115024
0.632653	-0.387755	0.12033
0.632653	-0.346939	0.12518
0.632653	-0.306122	0.129549
0.632653	-0.265306	0.133412
0.632653	-0.22449	0.136748
0.632653	-0.183673	0.139539
0.632653	-0.142857	0.141768
0.632653	-0.102041	0.143421
0.632653	-0.0612245	0.144488
0.632653	-0.0204082	0.14496
0.632653	0.0204082	0.144835
0.632653	0.0612245	0.144109
0.632653	0.102041	0.142787
0.632653	0.142857	0.140872
0.632653	0.183673	0.138374
0.632653	0.22449	0.135306
0.632653	0.265306	0.13168
0.632653	0.306122	0.127516
0.632653	0.346939	0.122833
0.632653	0.387755	0.117654
0.632653	0.428571	0.112003
0.632653	0.469388	0.105907
0.632653	0.510204	0.0993934
0.632653	0.55102	0.0924914
0.632653	0.591837	0.0852314
0.632653	0.632653	0.0776446
0.632653	0.673469	0.0697628
0.632653	0.714286	0.0616181
0.632653	0.755102	0.0532433
0.632653	0.795918	0.044671
0.632653	0.836735	0.0359342
0.632653	0.877551	0.0270658
0.632653	0.918367	0.0180986
0.632653	0.959184	0.00906576
0.632653	1	0
0.673469	-1	0.00783418
0.673469	-0.959184	0.0156437
0.673469	-0.918367	0.0234039
0.673469	-0.877551	0.0310898
0.673469	-0.836735	0.0386763
0.673469	-0.795918	0.046138
0.673469	-0.755102	0.053449
0.673469	-0.714286	0.0605834
0.673469	-0.673469	0.0675147
0.673469	-0.632653	0.0742164
0.673469	-0.591837	0.0806617
0.673469	-0.55102	0.0868238
0.673469	-0.510204	0.0926762
0.673469	-0.469388	0.0981926
0.673469	-0.428571	0.103347
0.673469	-0.387755	0.108115
0.673469	-0.346939	0.112473
0.673469	-0.306122	0.116398
0.673469	-0.265306	0.119869
0.673469	-0.22449	0.122867
0.673469	-0.183673	0.125374
0.673469	-0.142857	0.127377
0.673469	-0.102041	0.128862
0.673469	-0.0612245	0.129821
0.673469	-0.0204082	0.130245
0.673469	0.0204082	0.130132
0.673469	0.0612245	0.12948
0.673469	0.102041	0.128292
0.673469	0.142857	0.126572
0.673469	0.183673	0.124328
0.673469	0.22449	0.121571
0.673469	0.265306	0.118313
0.673469	0.306122	0.114572
0.673469	0.346939	0.110364
0.673469	0.387755	0.105711
0.673469	0.428571	0.100634
0.673469	0.469388	0.0951563
0.673469	0.510204	0.0893038
0.673469	0.55102	0.0831024
0.673469	0.591837	0.0765794
0.673469	0.632653	0.0697628
0.673469	0.673469	0.062681
0.673469	0.714286	0.0553631
0.673469	0.755102	0.0478384
0.673469	0.795918	0.0401364
0.673469	0.836735	0.0322864
0.673469	0.877551	0.0243183
0.673469	0.918367	0.0162614
0.673469	0.959184	0.00814548
0.673469	1	0
0.714286	-1	0.00691956
0.714286	-0.959184	0.0138173
0.714286	-0.918367	0.0206715
0.714286	-0.877551	0.0274601
0.714286	-0.836735	0.0341609
0.714286	-0.795918	0.0407515
0.714286	-0.755102	0.047209
0.714286	-0.714286	0.0535104
0.714286	-0.673469	0.0596325
0.714286	-0.632653	0.0655518
0.714286	-0.591837	0.0712446
0.714286	-0.55102	0.0766873
0.714286	-0.510204	0.0818565
0.714286	-0.469388	0.0867288
0.714286	-0.428571	0.0912817
0.714286	-0.387755	0.0954932
0.714286	-0.346939	0.0993422
0.714286	-0.306122	0.102809
0.714286	-0.265306	0.105874
0.714286	-0.22449	0.108522
0.714286	-0.183673	0.110737
0.714286	-0.142857	0.112506
0.714286	-0.102041	0.113818
0.714286	-0.0612245	0.114664
0.714286	-0.0204082	0.115039
0.714286	0.0204082	0.11494
0.714286	0.0612245	0.114364
0.714286	0.102041	0.113314
0.714286	0.142857	0.111795
0.714286	0.183673	0.109813
0.714286	0.22449	0.107377
0.714286	0.265306	0.1045
0.714286	0.306122	0.101196
0.714286	0.346939	0.0974796
0.714286	0.387755	0.0933695
0.714286	0.428571	0.088885
0.714286	0.469388	0.0840471
0.714286	0.510204	0.0788778
0.714286	0.55102	0.0734004
0.714286	0.591837	0.067639
0.714286	0.632653	0.0616181
0.714286	0.673469	0.0553631
0.714286	0.714286	0.0488996
0.714286	0.755102	0.0422534
0.714286	0.795918	0.0354505
0.714286	0.836735	0.0285171
0.714286	0.877551	0.0214792
0.714286	0.918367	0.0143629
0.714286	0.959184	0.00719451
0.714286	1	0
0.755102	-1	0.00597908
0.755102	-0.959184	0.0119394
0.755102	-0.918367	0.017862
0.755102	-0.877551	0.0237279
0.755102	-0.836735	0.0295179
0.755102	-0.795918	0.0352127
0.755102	-0.755102	0.0407925
0.755102	-0.714286	0.0462375
0.755102	-0.673469	0.0515276
0.755102	-0.632653	0.0566423
0.755102	-0.591837	0.0615614
0.755102	-0.55102	0.0662643
0.755102	-0.510204	0.0707309
0.755102	-0.469388	0.074941
0.755102	-0.428571	0.0788752
0.755102	-0.387755	0.0825142
0.755102	-0.346939	0.0858401
0.755102	-0.306122	0.0888355
0.755102	-0.265306	0.0914845
0.755102	-0.22449	0.0937724
0.755102	-0.183673	0.0956862
0.755102	-0.142857	0.0972146
0.755102	-0.102041	0.0983482
0.755102	-0.0612245	0.0990797
0.755102	-0.0204082	0.0994038
0.755102	0.0204082	0.0993175
0.755102	0.0612245	0.0988201
0.755102	0.102041	0.0979131
0.755102	0.142857	0.0966003
0.755102	0.183673	0.0948876
0.755102	0.22449	0.0927832
0.755102	0.265306	0.0902973
0.755102	0.306122	0.0874418
0.755102	0.346939	0.0842307
0.755102	0.387755	0.0806792
0.755102	0.428571	0.0768042
0.755102	0.469388	0.0726238
0.755102	0.510204	0.0681571
0.755102	0.55102	0.0634242
0.755102	0.591837	0.0584458
0.755102	0.632653	0.0532433
0.755102	0.673469	0.0478384
0.755102	0.714286	0.0422534
0.755102	0.755102	0.0365105
0.755102	0.795918	0.0306323
0.755102	0.836735	0.0246412
0.755102	0.877551	0.0185598
0.755102	0.918367	0.0124108
0.755102	0.959184	0.00621667
0.755102	1	0
0.795918	-1	0.00501644
0.795918	-0.959184	0.0100171
0.795918	-0.918367	0.0149861
0.795918	-0.877551	0.0199076
0.795918	-0.836735	0.0247655
0.795918	-0.795918	0.0295434
0.795918	-0.755102	0.0342249
0.795918	-0.714286	0.0387932
0.795918	-0.673469	0.0432315
0.795918	-0.632653	0.0475228
0.795918	-0.591837	0.0516499
0.795918	-0.55102	0.0555956
0.795918	-0.510204	0.0593431
0.795918	-0.469388	0.0628754
0.795918	-0.428571	0.0661761
0.795918	-0.387755	0.0692293
0.795918	-0.346939	0.0720197
0.795918	-0.306122	0.0745328
0.795918	-0.265306	0.0767553
0.795918	-0.22449	0.0786748
0.795918	-0.183673	0.0802805
0.795918	-0.142857	0.0815629
0.795918	-0.102041	0.082514
0.795918	-0.0612245	0.0831277
0.795918	-0.0204082	0.0833996
0.795918	0.0204082	0.0833272
0.795918	0.0612245	0.0829099
0.795918	0.102041	0.0821489
0.795918	0.142857	0.0810474
0.795918	0.183673	0.0796105
0.795918	0.22449	0.0778449
0.795918	0.265306	0.0757592
0.795918	0.306122	0.0733635
0.795918	0.346939	0.0706694
0.795918	0.387755	0.0676897
0.795918	0.428571	0.0644386
0.795918	0.469388	0.0609312
0.795918	0.510204	0.0571837
0.795918	0.55102	0.0532128
0.795918	0.591837	0.0490359
0.795918	0.632653	0.044671
0.795918	0.673469	0.0401364
0.795918	0.714286	0.0354505
0.795918	0.755102	0.0306323
0.795918	0.795918	0.0257004
0.795918	0.836735	0.0206739
0.795918	0.877551	0.0155716
0.795918	0.918367	0.0104126
0.795918	0.959184	0.00521577
0.795918	1	0
0.836735	-1	0.00403532
0.836735	-0.959184	0.00805794
0.836735	-0.918367	0.0120551
0.836735	-0.877551	0.0160141
0.836735	-0.836735	0.0199218
0.836735	-0.795918	0.0237653
0.836735	-0.755102	0.0275311
0.836735	-0.714286	0.031206
0.836735	-0.673469	0.0347762
0.836735	-0.632653	0.0382282
0.836735	-0.591837	0.0415481
0.836735	-0.55102	0.0447222
0.836735	-0.510204	0.0477367
0.836735	-0.469388	0.0505781
0.836735	-0.428571	0.0532333
0.836735	-0.387755	0.0556893
0.836735	-0.346939	0.057934
0.836735	-0.306122	0.0599556
0.836735	-0.265306	0.0617434
0.836735	-0.22449	0.0632875
0.836735	-0.183673	0.0645792
0.836735	-0.142857	0.0656107
0.836735	-0.102041	0.0663758
0.836735	-0.0612245	0.0668695
0.836735	-0.0204082	0.0670882
0.836735	0.0204082	0.06703
0.836735	0.0612245	0.0666943
0.836735	0.102041	0.0660821
0.836735	0.142857	0.0651961
0.836735	0.183673	0.0640402
0.836735	0.22449	0.0626199
0.836735	0.265306	0.0609422
0.836735	0.306122	0.059015
0.836735	0.346939	0.0568477
0.836735	0.387755	0.0544508
0.836735	0.428571	0.0518356
0.836735	0.469388	0.0490142
0.836735	0.510204	0.0459996
0.836735	0.55102	0.0428053
0.836735	0.591837	0.0394454
0.836735	0.632653	0.0359342
0.836735	0.673469	0.0322864
0.836735	0.714286	0.0285171
0.836735	0.755102	0.0246412
0.836735	0.795918	0.0206739
0.836735	0.836735	0.0166305
0.836735	0.877551	0.0125261
0.836735	0.918367	0.00837611
0.836735	0.959184	0.00419566
0.836735	1	0
0.877551	-1	0.00303941
0.877551	-0.959184	0.00606927
0.877551	-0.918367	0.00907997
0.877551	-0.877551	0.0120619
0.877551	-0.836735	0.0150052
0.877551	-0.795918	0.0179001
0.877551	-0.755102	0.0207365
0.877551	-0.714286	0.0235045
0.877551	-0.673469	0.0261936
0.877551	-0.632653	0.0287936
0.877551	-0.591837	0.0312942
0.877551	-0.55102	0.0336849
0.877551	-0.510204	0.0359554
0.877551	-0.469388	0.0380956
0.877551	-0.428571	0.0400955
0.877551	-0.387755	0.0419454
0.877551	-0.346939	0.0436361
0.877551	-0.306122	0.0451588
0.877551	-0.265306	0.0465053
0.877551	-0.22449	0.0476684
0.877551	-0.183673	0.0486412
0.877551	-0.142857	0.0494182
0.877551	-0.102041	0.0499945
0.877551	-0.0612245	0.0503663
0.877551	-0.0204082	0.0505311
0.877551	0.0204082	0.0504872
0.877551	0.0612245	0.0502344
0.877551	0.102041	0.0497733
0.877551	0.142857	0.0491059
0.877551	0.183673	0.0482353
0.877551	0.22449	0.0471656
0.877551	0.265306	0.0459018
0.877551	0.306122	0.0444503
0.877551	0.346939	0.0428179
0.877551	0.387755	0.0410126
0.877551	0.428571	0.0390427
0.877551	0.469388	0.0369177
0.877551	0.510204	0.0346471
0.877551	0.55102	0.0322411
0.877551	0.591837	0.0297104
0.877551	0.632653	0.0270658
0.877551	0.673469	0.0243183
0.877551	0.714286	0.0214792
0.877551	0.755102	0.0185598
0.877551	0.795918	0.0155716
0.877551	0.836735	0.0125261
0.877551	0.877551	0.00943472
0.877551	0.918367	0.00630892
0.877551	0.959184	0.00316019
0.877551	1	0
0.918367	-1	0.00203243
0.918367	-0.959184	0.00405847
0.918367	-0.918367	0.0060717
0.918367	-0.877551	0.00806566
0.918367	-0.836735	0.0100338
0.918367	-0.795918	0.0119696
0.918367	-0.755102	0.0138663
0.918367	-0.714286	0.0157172
0.918367	-0.673469	0.0175154
0.918367	-0.632653	0.0192541
0.918367	-0.591837	0.0209262
0.918367	-0.55102	0.0225248
0.918367	-0.510204	0.0240431
0.918367	-0.469388	0.0254742
0.918367	-0.428571	0.0268115
0.918367	-0.387755	0.0280485
0.918367	-0.346939	0.0291791
0.918367	-0.306122	0.0301973
0.918367	-0.265306	0.0310977
0.918367	-0.22449	0.0318754
0.918367	-0.183673	0.032526
0.918367	-0.142857	0.0330455
0.918367	-0.102041	0.0334309
0.918367	-0.0612245	0.0336795
0.918367	-0.0204082	0.0337897
0.918367	0.0204082	0.0337604
0.918367	0.0612245	0.0335913
0.918367	0.102041	0.033283
0.918367	0.142857	0.0328367
0.918367	0.183673	0.0322545
0.918367	0.22449	0.0315392
0.918367	0.265306	0.0306942
0.918367	0.306122	0.0297235
0.918367	0.346939	0.028632
0.918367	0.387755	0.0274248
0.918367	0.428571	0.0261076
0.918367	0.469388	0.0246865
0.918367	0.510204	0.0231682
0.918367	0.55102	0.0215594
0.918367	0.591837	0.0198671
0.918367	0.632653	0.0180986
0.918367	0.673469	0.0162614
0.918367	0.714286	0.0143629
0.918367	0.755102	0.0124108
0.918367	0.795918	0.0104126
0.918367	0.836735	0.00837611
0.918367	0.877551	0.00630892
0.918367	0.918367	0.00421872
0.918367	0.959184	0.00211319
0.918367	1	0
0.959184	-1	0.00101806
0.959184	-0.959184	0.00203292
0.959184	-0.918367	0.00304136
0.959184	-0.877551	0.00404016
0.959184	-0.836735	0.00502603
0.959184	-0.795918	0.00599569
0.959184	-0.755102	0.00694577
0.959184	-0.714286	0.00787289
0.959184	-0.673469	0.00877363
0.959184	-0.632653	0.00964452
0.959184	-0.591837	0.0104821
0.959184	-0.55102	0.0112829
0.959184	-0.510204	0.0120434
0.959184	-0.469388	0.0127603
0.959184	-0.428571	0.0134301
0.959184	-0.387755	0.0140497
0.959184	-0.346939	0.014616
0.959184	-0.306122	0.0151261
0.959184	-0.265306	0.0155771
0.959184	-0.22449	0.0159667
0.959184	-0.183673	0.0162925
0.959184	-0.142857	0.0165528
0.959184	-0.102041	0.0167458
0.959184	-0.0612245	0.0168704
0.959184	-0.0204082	0.0169255
0.959184	0.0204082	0.0169109
0.959184	0.0612245	0.0168262
0.959184	0.102041	0.0166717
0.959184	0.142857	0.0164482
0.959184	0.183673	0.0161566
0.959184	0.22449	0.0157983
0.959184	0.265306	0.015375
0.959184	0.306122	0.0148888
0.959184	0.346939	0.014342
0.959184	0.387755	0.0137373
0.959184	0.428571	0.0130775
0.959184	0.469388	0.0123657
0.959184	0.510204	0.0116051
0.959184	0.55102	0.0107993
0.959184	0.591837	0.0099516
0.959184	0.632653	0.00906576
0.959184	0.673469	0.00814548
0.959184	0.714286	0.00719451
0.959184	0.755102	0.00621667
0.959184	0.795918	0.00521577
0.959184	0.836735	0.00419566
0.959184	0.877551	0.00316019
0.959184	0.918367	0.00211319
0.959184	0.959184	0.00105852
0.959184	1	0
1	-1	0
1	-0.959184	0
1	-0.918367	0
1	-0.877551	0
1	-0.836735	0
1	-0.795918	0
1	-0.755102	0
1	-0.714286	0
1	-0.673469	0
1	-0.632653	0
1	-0.591837	0
1	-0.55102	0
1	-0.510204	0
1	-0.469388	0
1	-0.428571	0
1	-0.387755	0
1	-0.346939	0
1	-0.306122	0
1	-0.265306	0
1	-0.22449	0
1	-0.183673	0
1	-0.142857	0
1	-0.102041	0
1	-0.0612245	0
1	-0.0204082	0
1	0.0204082	0
1	0.0612245	0
1	0.102041	0
1	0.142857	0
1	0.183673	0
1	0.22449	0
1	0.265306	0
1	0.306122	0
1	0.346939	0
1	0.387755	0
1	0.428571	0
1	0.469388	0
1	0.510204	0
1	0.55102	0
1	0.591837	0
1	0.632653	0
1	0.673469	0
1	0.714286	0
1	0.755102	0
1	0.795918	0
1	0.836735	0
1	0.877551	0
1	0.918367	0
1	0.959184	0
1	1	0
