-1	-1	0.00018215
-1	-0.959184	0.000363584
-1	-0.918367	0.00054359
-1	-0.877551	0.000721459
-1	-0.836735	0.000896493
-1	-0.795918	0.001068
-1	-0.755102	0.00123531
-1	-0.714286	0.00139777
-1	-0.673469	0.00155473
-1	-0.632653	0.00170558
-1	-0.591837	0.00184971
-1	-0.55102	0.00198658
-1	-0.510204	0.00211562
-1	-0.469388	0.00223634
-1	-0.428571	0.00234826
-1	-0.387755	0.00245093
-1	-0.346939	0.00254396
-1	-0.306122	0.00262696
-1	-0.265306	0.00269961
-1	-0.22449	0.00276163
-1	-0.183673	0.00281276
-1	-0.142857	0.0028528
-1	-0.102041	0.00288159
-1	-0.0612245	0.00289901
-1	-0.0204082	0.002905
-1	0.0204082	0.00289952
-1	0.0612245	0.00288259
-1	0.102041	0.00285428
-1	0.142857	0.0028147
-1	0.183673	0.00276399
-1	0.22449	0.00270237
-1	0.265306	0.00263006
-1	0.306122	0.00254735
-1	0.346939	0.00245457
-1	0.387755	0.00235209
-1	0.428571	0.0022403
-1	0.469388	0.00211964
-1	0.510204	0.00199059
-1	0.55102	0.00185367
-1	0.591837	0.0017094
-1	0.632653	0.00155837
-1	0.673469	0.00140117
-1	0.714286	0.00123842
-1	0.755102	0.00107076
-1	0.795918	0.000898859
-1	0.836735	0.000723398
-1	0.877551	0.000545072
-1	0.918367	0.000364585
-1	0.959184	0.000182655
-1	1	0
-0.959184	-1	0.000363584
-0.959184	-0.959184	0.00072574
-0.959184	-0.918367	0.00108504
-0.959184	-0.877551	0.00144008
-0.959184	-0.836735	0.00178946
-0.959184	-0.795918	0.00213181
-0.959184	-0.755102	0.00246577
-0.959184	-0.714286	0.00279005
-0.959184	-0.673469	0.00310335
-0.959184	-0.632653	0.00340445
-0.959184	-0.591837	0.00369216
-0.959184	-0.55102	0.00396534
-0.959184	-0.510204	0.00422293
-0.959184	-0.469388	0.00446389
-0.959184	-0.428571	0.00468729
-0.959184	-0.387755	0.00489223
-0.959184	-0.346939	0.00507791
-0.959184	-0.306122	0.00524359
-0.959184	-0.265306	0.00538861
-0.959184	-0.22449	0.0055124
-0.959184	-0.183673	0.00561446
-0.959184	-0.142857	0.00569438
-0.959184	-0.102041	0.00575185
-0.959184	-0.0612245	0.00578663
-0.959184	-0.0204082	0.00579858
-0.959184	0.0204082	0.00578764
-0.959184	0.0612245	0.00575385
-0.959184	0.102041	0.00569734
-0.959184	0.142857	0.00561833
-0.959184	0.183673	0.00551712
-0.959184	0.22449	0.00539411
-0.959184	0.265306	0.00524978
-0.959184	0.306122	0.0050847
-0.959184	0.346939	0.0048995
-0.959184	0.387755	0.00469493
-0.959184	0.428571	0.00447179
-0.959184	0.469388	0.00423095
-0.959184	0.510204	0.00397336
-0.959184	0.55102	0.00370005
-0.959184	0.591837	0.00341209
-0.959184	0.632653	0.00311062
-0.959184	0.673469	0.00279683
-0.959184	0.714286	0.00247197
-0.959184	0.755102	0.00213731
-0.959184	0.795918	0.00179419
-0.959184	0.836735	0.00144395
-0.959184	0.877551	0.001088
-0.959184	0.918367	0.000727738
-0.959184	0.959184	0.000364591
-0.959184	1	0
-0.918367	-1	0.00054359
-0.918367	-0.959184	0.00108504
-0.918367	-0.918367	0.00162223
-0.918367	-0.877551	0.00215305
-0.918367	-0.836735	0.0026754
-0.918367	-0.795918	0.00318724
-0.918367	-0.755102	0.00368655
-0.918367	-0.714286	0.00417136
-0.918367	-0.673469	0.00463977
-0.918367	-0.632653	0.00508994
-0.918367	-0.591837	0.00552009
-0.918367	-0.55102	0.00592853
-0.918367	-0.510204	0.00631364
-0.918367	-0.469388	0.00667391
-0.918367	-0.428571	0.0070079
-0.918367	-0.387755	0.00731431
-0.918367	-0.346939	0.00759192
-0.918367	-0.306122	0.00783962
-0.918367	-0.265306	0.00805644
-0.918367	-0.22449	0.00824151
-0.918367	-0.183673	0.0083941
-0.918367	-0.142857	0.00851359
-0.918367	-0.102041	0.00859951
-0.918367	-0.0612245	0.00865151
-0.918367	-0.0204082	0.00866937
-0.918367	0.0204082	0.00865301
-0.918367	0.0612245	0.0086025
-0.918367	0.102041	0.00851801
-0.918367	0.142857	0.00839989
-0.918367	0.183673	0.00824857
-0.918367	0.22449	0.00806466
-0.918367	0.265306	0.00784888
-0.918367	0.306122	0.00760206
-0.918367	0.346939	0.00732518
-0.918367	0.387755	0.00701933
-0.918367	0.428571	0.00668571
-0.918367	0.469388	0.00632563
-0.918367	0.510204	0.00594052
-0.918367	0.55102	0.00553189
-0.918367	0.591837	0.00510137
-0.918367	0.632653	0.00465064
-0.918367	0.673469	0.0041815
-0.918367	0.714286	0.0036958
-0.918367	0.755102	0.00319546
-0.918367	0.795918	0.00268246
-0.918367	0.836735	0.00215883
-0.918367	0.877551	0.00162666
-0.918367	0.918367	0.00108803
-0.918367	0.959184	0.000545095
-0.918367	1	0
-0.877551	-1	0.000721459
-0.877551	-0.959184	0.00144008
-0.877551	-0.918367	0.00215305
-0.877551	-0.877551	0.00285755
-0.877551	-0.836735	0.00355082
-0.877551	-0.795918	0.00423014
-0.877551	-0.755102	0.00489283
-0.877551	-0.714286	0.00553628
-0.877551	-0.673469	0.00615797
-0.877551	-0.632653	0.00675543
-0.877551	-0.591837	0.00732634
-0.877551	-0.55102	0.00786842
-0.877551	-0.510204	0.00837954
-0.877551	-0.469388	0.00885769
-0.877551	-0.428571	0.00930097
-0.877551	-0.387755	0.00970764
-0.877551	-0.346939	0.0100761
-0.877551	-0.306122	0.0104048
-0.877551	-0.265306	0.0106926
-0.877551	-0.22449	0.0109382
-0.877551	-0.183673	0.0111408
-0.877551	-0.142857	0.0112993
-0.877551	-0.102041	0.0114134
-0.877551	-0.0612245	0.0114824
-0.877551	-0.0204082	0.0115061
-0.877551	0.0204082	0.0114844
-0.877551	0.0612245	0.0114173
-0.877551	0.102041	0.0113052
-0.877551	0.142857	0.0111484
-0.877551	0.183673	0.0109476
-0.877551	0.22449	0.0107035
-0.877551	0.265306	0.0104171
-0.877551	0.306122	0.0100895
-0.877551	0.346939	0.00972207
-0.877551	0.387755	0.00931614
-0.877551	0.428571	0.00887335
-0.877551	0.469388	0.00839545
-0.877551	0.510204	0.00788433
-0.877551	0.55102	0.007342
-0.877551	0.591837	0.0067706
-0.877551	0.632653	0.00617239
-0.877551	0.673469	0.00554974
-0.877551	0.714286	0.00490511
-0.877551	0.755102	0.00424105
-0.877551	0.795918	0.0035602
-0.877551	0.836735	0.00286523
-0.877551	0.877551	0.00215892
-0.877551	0.918367	0.00144405
-0.877551	0.959184	0.000723457
-0.877551	1	0
-0.836735	-1	0.000896493
-0.836735	-0.959184	0.00178946
-0.836735	-0.918367	0.0026754
-0.836735	-0.877551	0.00355082
-0.836735	-0.836735	0.00441229
-0.836735	-0.795918	0.00525642
-0.836735	-0.755102	0.00607988
-0.836735	-0.714286	0.00687944
-0.836735	-0.673469	0.00765195
-0.836735	-0.632653	0.00839438
-0.836735	-0.591837	0.00910378
-0.836735	-0.55102	0.00977738
-0.836735	-0.510204	0.0104125
-0.836735	-0.469388	0.0110067
-0.836735	-0.428571	0.0115575
-0.836735	-0.387755	0.0120628
-0.836735	-0.346939	0.0125206
-0.836735	-0.306122	0.0129292
-0.836735	-0.265306	0.0132867
-0.836735	-0.22449	0.013592
-0.836735	-0.183673	0.0138436
-0.836735	-0.142857	0.0140407
-0.836735	-0.102041	0.0141824
-0.836735	-0.0612245	0.0142681
-0.836735	-0.0204082	0.0142976
-0.836735	0.0204082	0.0142706
-0.836735	0.0612245	0.0141873
-0.836735	0.102041	0.014048
-0.836735	0.142857	0.0138532
-0.836735	0.183673	0.0136036
-0.836735	0.22449	0.0133003
-0.836735	0.265306	0.0129444
-0.836735	0.306122	0.0125374
-0.836735	0.346939	0.0120807
-0.836735	0.387755	0.0115763
-0.836735	0.428571	0.0110261
-0.836735	0.469388	0.0104323
-0.836735	0.510204	0.00979715
-0.836735	0.55102	0.00912324
-0.836735	0.591837	0.00841322
-0.836735	0.632653	0.00766988
-0.836735	0.673469	0.00689617
-0.836735	0.714286	0.00609515
-0.836735	0.755102	0.00526998
-0.836735	0.795918	0.00442394
-0.836735	0.836735	0.00356037
-0.836735	0.877551	0.00268269
-0.836735	0.918367	0.00179439
-0.836735	0.959184	0.000898976
-0.836735	1	0
-0.795918	-1	0.001068
-0.795918	-0.959184	0.00213181
-0.795918	-0.918367	0.00318724
-0.795918	-0.877551	0.00423014
-0.795918	-0.836735	0.00525642
-0.795918	-0.795918	0.00626203
-0.795918	-0.755102	0.00724304
-0.795918	-0.714286	0.00819556
-0.795918	-0.673469	0.00911587
-0.795918	-0.632653	0.0100003
-0.795918	-0.591837	0.0108454
-0.795918	-0.55102	0.0116479
-0.795918	-0.510204	0.0124045
-0.795918	-0.469388	0.0131124
-0.795918	-0.428571	0.0137686
-0.795918	-0.387755	0.0143706
-0.795918	-0.346939	0.014916
-0.795918	-0.306122	0.0154027
-0.795918	-0.265306	0.0158287
-0.795918	-0.22449	0.0161923
-0.795918	-0.183673	0.0164921
-0.795918	-0.142857	0.0167268
-0.795918	-0.102041	0.0168956
-0.795918	-0.0612245	0.0169978
-0.795918	-0.0204082	0.0170329
-0.795918	0.0204082	0.0170008
-0.795918	0.0612245	0.0169015
-0.795918	0.102041	0.0167355
-0.795918	0.142857	0.0165034
-0.795918	0.183673	0.0162062
-0.795918	0.22449	0.0158448
-0.795918	0.265306	0.0154209
-0.795918	0.306122	0.0149359
-0.795918	0.346939	0.0143919
-0.795918	0.387755	0.013791
-0.795918	0.428571	0.0131356
-0.795918	0.469388	0.0124281
-0.795918	0.510204	0.0116715
-0.795918	0.55102	0.0108686
-0.795918	0.591837	0.0100228
-0.795918	0.632653	0.00913722
-0.795918	0.673469	0.00821549
-0.795918	0.714286	0.00726122
-0.795918	0.755102	0.00627819
-0.795918	0.795918	0.00527029
-0.795918	0.836735	0.00424151
-0.795918	0.877551	0.00319593
-0.795918	0.918367	0.00213768
-0.795918	0.959184	0.00107096
-0.795918	1	0
-0.755102	-1	0.00123531
-0.755102	-0.959184	0.00246577
-0.755102	-0.918367	0.00368655
-0.755102	-0.877551	0.00489283
-0.755102	-0.836735	0.00607988
-0.755102	-0.795918	0.00724304
-0.755102	-0.755102	0.00837772
-0.755102	-0.714286	0.00947947
-0.755102	-0.673469	0.0105439
-0.755102	-0.632653	0.011567
-0.755102	-0.591837	0.0125445
-0.755102	-0.55102	0.0134727
-0.755102	-0.510204	0.0143478
-0.755102	-0.469388	0.0151665
-0.755102	-0.428571	0.0159255
-0.755102	-0.387755	0.0166219
-0.755102	-0.346939	0.0172527
-0.755102	-0.306122	0.0178156
-0.755102	-0.265306	0.0183084
-0.755102	-0.22449	0.0187289
-0.755102	-0.183673	0.0190757
-0.755102	-0.142857	0.0193472
-0.755102	-0.102041	0.0195425
-0.755102	-0.0612245	0.0196607
-0.755102	-0.0204082	0.0197012
-0.755102	0.0204082	0.0196641
-0.755102	0.0612245	0.0195493
-0.755102	0.102041	0.0193573
-0.755102	0.142857	0.0190888
-0.755102	0.183673	0.018745
-0.755102	0.22449	0.018327
-0.755102	0.265306	0.0178367
-0.755102	0.306122	0.0172758
-0.755102	0.346939	0.0166466
-0.755102	0.387755	0.0159515
-0.755102	0.428571	0.0151933
-0.755102	0.469388	0.0143751
-0.755102	0.510204	0.0134999
-0.755102	0.55102	0.0125713
-0.755102	0.591837	0.0115929
-0.755102	0.632653	0.0105686
-0.755102	0.673469	0.00950252
-0.755102	0.714286	0.00839875
-0.755102	0.755102	0.00726172
-0.755102	0.795918	0.00609593
-0.755102	0.836735	0.00490598
-0.755102	0.877551	0.00369659
-0.755102	0.918367	0.00247256
-0.755102	0.959184	0.00123874
-0.755102	1	0
-0.714286	-1	0.00139777
-0.714286	-0.959184	0.00279005
-0.714286	-0.918367	0.00417136
-0.714286	-0.877551	0.00553628
-0.714286	-0.836735	0.00687944
-0.714286	-0.795918	0.00819556
-0.714286	-0.755102	0.00947947
-0.714286	-0.714286	0.0107261
-0.714286	-0.673469	0.0119306
-0.714286	-0.632653	0.0130881
-0.714286	-0.591837	0.0141942
-0.714286	-0.55102	0.0152444
-0.714286	-0.510204	0.0162347
-0.714286	-0.469388	0.0171611
-0.714286	-0.428571	0.0180199
-0.714286	-0.387755	0.0188078
-0.714286	-0.346939	0.0195216
-0.714286	-0.306122	0.0201586
-0.714286	-0.265306	0.0207161
-0.714286	-0.22449	0.021192
-0.714286	-0.183673	0.0215843
-0.714286	-0.142857	0.0218916
-0.714286	-0.102041	0.0221125
-0.714286	-0.0612245	0.0222462
-0.714286	-0.0204082	0.0222921
-0.714286	0.0204082	0.0222501
-0.714286	0.0612245	0.0221202
-0.714286	0.102041	0.021903
-0.714286	0.142857	0.0215992
-0.714286	0.183673	0.0212101
-0.714286	0.22449	0.0207372
-0.714286	0.265306	0.0201824
-0.714286	0.306122	0.0195477
-0.714286	0.346939	0.0188357
-0.714286	0.387755	0.0180493
-0.714286	0.428571	0.0171914
-0.714286	0.469388	0.0162655
-0.714286	0.510204	0.0152753
-0.714286	0.55102	0.0142245
-0.714286	0.591837	0.0131175
-0.714286	0.632653	0.0119585
-0.714286	0.673469	0.0107522
-0.714286	0.714286	0.00950327
-0.714286	0.755102	0.00821671
-0.714286	0.795918	0.0068976
-0.714286	0.836735	0.00555116
-0.714286	0.877551	0.00418273
-0.714286	0.918367	0.00279773
-0.714286	0.959184	0.00140164
-0.714286	1	0
-0.673469	-1	0.00155473
-0.673469	-0.959184	0.00310335
-0.673469	-0.918367	0.00463977
-0.673469	-0.877551	0.00615797
-0.673469	-0.836735	0.00765195
-0.673469	-0.795918	0.00911587
-0.673469	-0.755102	0.0105439
-0.673469	-0.714286	0.0119306
-0.673469	-0.673469	0.0132703
-0.673469	-0.632653	0.0145578
-0.673469	-0.591837	0.0157881
-0.673469	-0.55102	0.0169563
-0.673469	-0.510204	0.0180577
-0.673469	-0.469388	0.0190881
-0.673469	-0.428571	0.0200434
-0.673469	-0.387755	0.0209198
-0.673469	-0.346939	0.0217138
-0.673469	-0.306122	0.0224222
-0.673469	-0.265306	0.0230423
-0.673469	-0.22449	0.0235717
-0.673469	-0.183673	0.0240081
-0.673469	-0.142857	0.0243499
-0.673469	-0.102041	0.0245956
-0.673469	-0.0612245	0.0247443
-0.673469	-0.0204082	0.0247954
-0.673469	0.0204082	0.0247486
-0.673469	0.0612245	0.0246041
-0.673469	0.102041	0.0243625
-0.673469	0.142857	0.0240246
-0.673469	0.183673	0.0235919
-0.673469	0.22449	0.0230659
-0.673469	0.265306	0.0224487
-0.673469	0.306122	0.0217428
-0.673469	0.346939	0.0209509
-0.673469	0.387755	0.0200761
-0.673469	0.428571	0.0191219
-0.673469	0.469388	0.018092
-0.673469	0.510204	0.0169906
-0.673469	0.55102	0.0158219
-0.673469	0.591837	0.0145905
-0.673469	0.632653	0.0133014
-0.673469	0.673469	0.0119596
-0.673469	0.714286	0.0105704
-0.673469	0.755102	0.00913939
-0.673469	0.795918	0.00767215
-0.673469	0.836735	0.00617452
-0.673469	0.877551	0.00465242
-0.673469	0.918367	0.00311189
-0.673469	0.959184	0.00155904
-0.673469	1	0
-0.632653	-1	0.00170558
-0.632653	-0.959184	0.00340445
-0.632653	-0.918367	0.00508994
-0.632653	-0.877551	0.00675543
-0.632653	-0.836735	0.00839438
-0.632653	-0.795918	0.0100003
-0.632653	-0.755102	0.011567
-0.632653	-0.714286	0.0130881
-0.632653	-0.673469	0.0145578
-0.632653	-0.632653	0.0159703
-0.632653	-0.591837	0.0173199
-0.632653	-0.55102	0.0186014
-0.632653	-0.510204	0.0198098
-0.632653	-0.469388	0.0209401
-0.632653	-0.428571	0.0219881
-0.632653	-0.387755	0.0229495
-0.632653	-0.346939	0.0238205
-0.632653	-0.306122	0.0245977
-0.632653	-0.265306	0.025278
-0.632653	-0.22449	0.0258587
-0.632653	-0.183673	0.0263375
-0.632653	-0.142857	0.0267124
-0.632653	-0.102041	0.026982
-0.632653	-0.0612245	0.0271451
-0.632653	-0.0204082	0.0272011
-0.632653	0.0204082	0.0271498
-0.632653	0.0612245	0.0269913
-0.632653	0.102041	0.0267263
-0.632653	0.142857	0.0263556
-0.632653	0.183673	0.0258808
-0.632653	0.22449	0.0253038
-0.632653	0.265306	0.0246268
-0.632653	0.306122	0.0238523
-0.632653	0.346939	0.0229836
-0.632653	0.387755	0.0220239
-0.632653	0.428571	0.0209772
-0.632653	0.469388	0.0198474
-0.632653	0.510204	0.0186391
-0.632653	0.55102	0.017357
-0.632653	0.591837	0.0160061
-0.632653	0.632653	0.0145919
-0.632653	0.673469	0.0131199
-0.632653	0.714286	0.011596
-0.632653	0.755102	0.0100261
-0.632653	0.795918	0.00841653
-0.632653	0.836735	0.00677359
-0.632653	0.877551	0.00510382
-0.632653	0.918367	0.00341382
-0.632653	0.959184	0.0017103
-0.632653	1	0
-0.591837	-1	0.00184971
-0.591837	-0.959184	0.00369216
-0.591837	-0.918367	0.00552009
-0.591837	-0.877551	0.00732634
-0.591837	-0.836735	0.00910378
-0.591837	-0.795918	0.0108454
-0.591837	-0.755102	0.0125445
-0.591837	-0.714286	0.0141942
-0.591837	-0.673469	0.0157881
-0.591837	-0.632653	0.0173199
-0.591837	-0.591837	0.0187836
-0.591837	-0.55102	0.0201734
-0.591837	-0.510204	0.0214839
-0.591837	-0.469388	0.0227098
-0.591837	-0.428571	0.0238463
-0.591837	-0.387755	0.0248889
-0.591837	-0.346939	0.0258336
-0.591837	-0.306122	0.0266765
-0.591837	-0.265306	0.0274142
-0.591837	-0.22449	0.028044
-0.591837	-0.183673	0.0285632
-0.591837	-0.142857	0.0289698
-0.591837	-0.102041	0.0292622
-0.591837	-0.0612245	0.0294391
-0.591837	-0.0204082	0.0294999
-0.591837	0.0204082	0.0294442
-0.591837	0.0612245	0.0292724
-0.591837	0.102041	0.0289849
-0.591837	0.142857	0.0285829
-0.591837	0.183673	0.028068
-0.591837	0.22449	0.0274422
-0.591837	0.265306	0.026708
-0.591837	0.306122	0.0258681
-0.591837	0.346939	0.0249259
-0.591837	0.387755	0.0238852
-0.591837	0.428571	0.0227499
-0.591837	0.469388	0.0215247
-0.591837	0.510204	0.0202142
-0.591837	0.55102	0.0188238
-0.591837	0.591837	0.0173588
-0.591837	0.632653	0.0158251
-0.591837	0.673469	0.0142287
-0.591837	0.714286	0.012576
-0.591837	0.755102	0.0108734
-0.591837	0.795918	0.00912781
-0.591837	0.836735	0.00734603
-0.591837	0.877551	0.00553514
-0.591837	0.918367	0.00370232
-0.591837	0.959184	0.00185484
-0.591837	1	0
-0.55102	-1	0.00198658
-0.55102	-0.959184	0.00396534
-0.55102	-0.918367	0.00592853
-0.55102	-0.877551	0.00786842
-0.55102	-0.836735	0.00977738
-0.55102	-0.795918	0.0116479
-0.55102	-0.755102	0.0134727
-0.55102	-0.714286	0.0152444
-0.55102	-0.673469	0.0169563
-0.55102	-0.632653	0.0186014
-0.55102	-0.591837	0.0201734
-0.55102	-0.55102	0.0216661
-0.55102	-0.510204	0.0230735
-0.55102	-0.469388	0.0243901
-0.55102	-0.428571	0.0256107
-0.55102	-0.387755	0.0267305
-0.55102	-0.346939	0.027745
-0.55102	-0.306122	0.0286503
-0.55102	-0.265306	0.0294426
-0.55102	-0.22449	0.030119
-0.55102	-0.183673	0.0306766
-0.55102	-0.142857	0.0311133
-0.55102	-0.102041	0.0314273
-0.55102	-0.0612245	0.0316173
-0.55102	-0.0204082	0.0316826
-0.55102	0.0204082	0.0316229
-0.55102	0.0612245	0.0314382
-0.55102	0.102041	0.0311295
-0.55102	0.142857	0.0306978
-0.55102	0.183673	0.0301448
-0.55102	0.22449	0.0294727
-0.55102	0.265306	0.0286841
-0.55102	0.306122	0.0277821
-0.55102	0.346939	0.0267702
-0.55102	0.387755	0.0256525
-0.55102	0.428571	0.0244332
-0.55102	0.469388	0.0231173
-0.55102	0.510204	0.0217099
-0.55102	0.55102	0.0202166
-0.55102	0.591837	0.0186432
-0.55102	0.632653	0.016996
-0.55102	0.673469	0.0152815
-0.55102	0.714286	0.0135065
-0.55102	0.755102	0.011678
-0.55102	0.795918	0.00980318
-0.55102	0.836735	0.00788957
-0.55102	0.877551	0.00594469
-0.55102	0.918367	0.00397626
-0.55102	0.959184	0.00199208
-0.55102	1	0
-0.510204	-1	0.00211562
-0.510204	-0.959184	0.00422293
-0.510204	-0.918367	0.00631364
-0.510204	-0.877551	0.00837954
-0.510204	-0.836735	0.0104125
-0.510204	-0.795918	0.0124045
-0.510204	-0.755102	0.0143478
-0.510204	-0.714286	0.0162347
-0.510204	-0.673469	0.0180577
-0.510204	-0.632653	0.0198098
-0.510204	-0.591837	0.0214839
-0.510204	-0.55102	0.0230735
-0.510204	-0.510204	0.0245723
-0.510204	-0.469388	0.0259745
-0.510204	-0.428571	0.0272744
-0.510204	-0.387755	0.0284669
-0.510204	-0.346939	0.0295473
-0.510204	-0.306122	0.0305114
-0.510204	-0.265306	0.0313552
-0.510204	-0.22449	0.0320755
-0.510204	-0.183673	0.0326694
-0.510204	-0.142857	0.0331344
-0.510204	-0.102041	0.0334688
-0.510204	-0.0612245	0.0336712
-0.510204	-0.0204082	0.0337407
-0.510204	0.0204082	0.033677
-0.510204	0.0612245	0.0334804
-0.510204	0.102041	0.0331516
-0.510204	0.142857	0.0326919
-0.510204	0.183673	0.032103
-0.510204	0.22449	0.0313872
-0.510204	0.265306	0.0305474
-0.510204	0.306122	0.0295868
-0.510204	0.346939	0.0285092
-0.510204	0.387755	0.0273188
-0.510204	0.428571	0.0260204
-0.510204	0.469388	0.024619
-0.510204	0.510204	0.0231202
-0.510204	0.55102	0.0215298
-0.510204	0.591837	0.0198542
-0.510204	0.632653	0.0181
-0.510204	0.673469	0.0162742
-0.510204	0.714286	0.0143838
-0.510204	0.755102	0.0124366
-0.510204	0.795918	0.01044
-0.510204	0.836735	0.00840206
-0.510204	0.877551	0.00633085
-0.510204	0.918367	0.00423455
-0.510204	0.959184	0.00212148
-0.510204	1	0
-0.469388	-1	0.00223634
-0.469388	-0.959184	0.00446389
-0.469388	-0.918367	0.00667391
-0.469388	-0.877551	0.00885769
-0.469388	-0.836735	0.0110067
-0.469388	-0.795918	0.0131124
-0.469388	-0.755102	0.0151665
-0.469388	-0.714286	0.0171611
-0.469388	-0.673469	0.0190881
-0.469388	-0.632653	0.0209401
-0.469388	-0.591837	0.0227098
-0.469388	-0.55102	0.0243901
-0.469388	-0.510204	0.0259745
-0.469388	-0.469388	0.0274566
-0.469388	-0.428571	0.0288307
-0.469388	-0.387755	0.0300912
-0.469388	-0.346939	0.0312333
-0.469388	-0.306122	0.0322524
-0.469388	-0.265306	0.0331444
-0.469388	-0.22449	0.0339058
-0.469388	-0.183673	0.0345335
-0.469388	-0.142857	0.0350251
-0.469388	-0.102041	0.0353786
-0.469388	-0.0612245	0.0355925
-0.469388	-0.0204082	0.035666
-0.469388	0.0204082	0.0355987
-0.469388	0.0612245	0.0353909
-0.469388	0.102041	0.0350433
-0.469388	0.142857	0.0345573
-0.469388	0.183673	0.0339348
-0.469388	0.22449	0.0331782
-0.469388	0.265306	0.0322905
-0.469388	0.306122	0.031275
-0.469388	0.346939	0.030136
-0.469388	0.387755	0.0288777
-0.469388	0.428571	0.0275051
-0.469388	0.469388	0.0260238
-0.469388	0.510204	0.0244394
-0.469388	0.55102	0.0227583
-0.469388	0.591837	0.0209871
-0.469388	0.632653	0.0191329
-0.469388	0.673469	0.0172028
-0.469388	0.714286	0.0152046
-0.469388	0.755102	0.0131462
-0.469388	0.795918	0.0110357
-0.469388	0.836735	0.0088815
-0.469388	0.877551	0.0066921
-0.469388	0.918367	0.00447618
-0.469388	0.959184	0.00224254
-0.469388	1	0
-0.428571	-1	0.00234826
-0.428571	-0.959184	0.00468729
-0.428571	-0.918367	0.0070079
-0.428571	-0.877551	0.00930097
-0.428571	-0.836735	0.0115575
-0.428571	-0.795918	0.0137686
-0.428571	-0.755102	0.0159255
-0.428571	-0.714286	0.0180199
-0.428571	-0.673469	0.0200434
-0.428571	-0.632653	0.0219881
-0.428571	-0.591837	0.0238463
-0.428571	-0.55102	0.0256107
-0.428571	-0.510204	0.0272744
-0.428571	-0.469388	0.0288307
-0.428571	-0.428571	0.0302735
-0.428571	-0.387755	0.0315972
-0.428571	-0.346939	0.0327964
-0.428571	-0.306122	0.0338665
-0.428571	-0.265306	0.0348031
-0.428571	-0.22449	0.0356026
-0.428571	-0.183673	0.0362618
-0.428571	-0.142857	0.036778
-0.428571	-0.102041	0.0371491
-0.428571	-0.0612245	0.0373737
-0.428571	-0.0204082	0.0374509
-0.428571	0.0204082	0.0373802
-0.428571	0.0612245	0.037162
-0.428571	0.102041	0.0367971
-0.428571	0.142857	0.0362868
-0.428571	0.183673	0.0356331
-0.428571	0.22449	0.0348386
-0.428571	0.265306	0.0339064
-0.428571	0.306122	0.0328402
-0.428571	0.346939	0.0316441
-0.428571	0.387755	0.0303229
-0.428571	0.428571	0.0288816
-0.428571	0.469388	0.0273261
-0.428571	0.510204	0.0256625
-0.428571	0.55102	0.0238973
-0.428571	0.591837	0.0220375
-0.428571	0.632653	0.0200904
-0.428571	0.673469	0.0180637
-0.428571	0.714286	0.0159655
-0.428571	0.755102	0.0138041
-0.428571	0.795918	0.011588
-0.428571	0.836735	0.00932597
-0.428571	0.877551	0.00702701
-0.428571	0.918367	0.0047002
-0.428571	0.959184	0.00235476
-0.428571	1	0
-0.387755	-1	0.00245093
-0.387755	-0.959184	0.00489223
-0.387755	-0.918367	0.00731431
-0.387755	-0.877551	0.00970764
-0.387755	-0.836735	0.0120628
-0.387755	-0.795918	0.0143706
-0.387755	-0.755102	0.0166219
-0.387755	-0.714286	0.0188078
-0.387755	-0.673469	0.0209198
-0.387755	-0.632653	0.0229495
-0.387755	-0.591837	0.0248889
-0.387755	-0.55102	0.0267305
-0.387755	-0.510204	0.0284669
-0.387755	-0.469388	0.0300912
-0.387755	-0.428571	0.0315972
-0.387755	-0.387755	0.0329787
-0.387755	-0.346939	0.0342304
-0.387755	-0.306122	0.0353472
-0.387755	-0.265306	0.0363248
-0.387755	-0.22449	0.0371593
-0.387755	-0.183673	0.0378472
-0.387755	-0.142857	0.038386
-0.387755	-0.102041	0.0387734
-0.387755	-0.0612245	0.0390078
-0.387755	-0.0204082	0.0390884
-0.387755	0.0204082	0.0390146
-0.387755	0.0612245	0.0387869
-0.387755	0.102041	0.0384059
-0.387755	0.142857	0.0378733
-0.387755	0.183673	0.0371911
-0.387755	0.22449	0.0363619
-0.387755	0.265306	0.0353889
-0.387755	0.306122	0.0342761
-0.387755	0.346939	0.0330277
-0.387755	0.387755	0.0316487
-0.387755	0.428571	0.0301444
-0.387755	0.469388	0.0285209
-0.387755	0.510204	0.0267846
-0.387755	0.55102	0.0249421
-0.387755	0.591837	0.023001
-0.387755	0.632653	0.0209688
-0.387755	0.673469	0.0188535
-0.387755	0.714286	0.0166636
-0.387755	0.755102	0.0144077
-0.387755	0.795918	0.0120947
-0.387755	0.836735	0.00973373
-0.387755	0.877551	0.00733425
-0.387755	0.918367	0.0049057
-0.387755	0.959184	0.00245772
-0.387755	1	0
-0.346939	-1	0.00254396
-0.346939	-0.959184	0.00507791
-0.346939	-0.918367	0.00759192
-0.346939	-0.877551	0.0100761
-0.346939	-0.836735	0.0125206
-0.346939	-0.795918	0.014916
-0.346939	-0.755102	0.0172527
-0.346939	-0.714286	0.0195216
-0.346939	-0.673469	0.0217138
-0.346939	-0.632653	0.0238205
-0.346939	-0.591837	0.0258336
-0.346939	-0.55102	0.027745
-0.346939	-0.510204	0.0295473
-0.346939	-0.469388	0.0312333
-0.346939	-0.428571	0.0327964
-0.346939	-0.387755	0.0342304
-0.346939	-0.346939	0.0355295
-0.346939	-0.306122	0.0366888
-0.346939	-0.265306	0.0377035
-0.346939	-0.22449	0.0385696
-0.346939	-0.183673	0.0392837
-0.346939	-0.142857	0.0398429
-0.346939	-0.102041	0.040245
-0.346939	-0.0612245	0.0404883
-0.346939	-0.0204082	0.0405719
-0.346939	0.0204082	0.0404954
-0.346939	0.0612245	0.040259
-0.346939	0.102041	0.0398636
-0.346939	0.142857	0.0393108
-0.346939	0.183673	0.0386026
-0.346939	0.22449	0.0377419
-0.346939	0.265306	0.0367321
-0.346939	0.306122	0.035577
-0.346939	0.346939	0.0342812
-0.346939	0.387755	0.0328499
-0.346939	0.428571	0.0312885
-0.346939	0.469388	0.0296034
-0.346939	0.510204	0.0278011
-0.346939	0.55102	0.0258888
-0.346939	0.591837	0.023874
-0.346939	0.632653	0.0217646
-0.346939	0.673469	0.0195691
-0.346939	0.714286	0.017296
-0.346939	0.755102	0.0149545
-0.346939	0.795918	0.0125537
-0.346939	0.836735	0.0101032
-0.346939	0.877551	0.00761261
-0.346939	0.918367	0.00509189
-0.346939	0.959184	0.002551
-0.346939	1	0
-0.306122	-1	0.00262696
-0.306122	-0.959184	0.00524359
-0.306122	-0.918367	0.00783962
-0.306122	-0.877551	0.0104048
-0.306122	-0.836735	0.0129292
-0.306122	-0.795918	0.0154027
-0.306122	-0.755102	0.0178156
-0.306122	-0.714286	0.0201586
-0.306122	-0.673469	0.0224222
-0.306122	-0.632653	0.0245977
-0.306122	-0.591837	0.0266765
-0.306122	-0.55102	0.0286503
-0.306122	-0.510204	0.0305114
-0.306122	-0.469388	0.0322524
-0.306122	-0.428571	0.0338665
-0.306122	-0.387755	0.0353472
-0.306122	-0.346939	0.0366888
-0.306122	-0.306122	0.0378858
-0.306122	-0.265306	0.0389336
-0.306122	-0.22449	0.039828
-0.306122	-0.183673	0.0405654
-0.306122	-0.142857	0.0411429
-0.306122	-0.102041	0.0415581
-0.306122	-0.0612245	0.0418094
-0.306122	-0.0204082	0.0418957
-0.306122	0.0204082	0.0418166
-0.306122	0.0612245	0.0415725
-0.306122	0.102041	0.0411642
-0.306122	0.142857	0.0405934
-0.306122	0.183673	0.0398621
-0.306122	0.22449	0.0389734
-0.306122	0.265306	0.0379306
-0.306122	0.306122	0.0367378
-0.306122	0.346939	0.0353997
-0.306122	0.387755	0.0339217
-0.306122	0.428571	0.0323094
-0.306122	0.469388	0.0305693
-0.306122	0.510204	0.0287082
-0.306122	0.55102	0.0267335
-0.306122	0.591837	0.0246529
-0.306122	0.632653	0.0224747
-0.306122	0.673469	0.0202076
-0.306122	0.714286	0.0178604
-0.306122	0.755102	0.0154424
-0.306122	0.795918	0.0129633
-0.306122	0.836735	0.0104328
-0.306122	0.877551	0.00786099
-0.306122	0.918367	0.00525803
-0.306122	0.959184	0.00263423
-0.306122	1	0
-0.265306	-1	0.00269961
-0.265306	-0.959184	0.00538861
-0.265306	-0.918367	0.00805644
-0.265306	-0.877551	0.0106926
-0.265306	-0.836735	0.0132867
-0.265306	-0.795918	0.0158287
-0.265306	-0.755102	0.0183084
-0.265306	-0.714286	0.0207161
-0.265306	-0.673469	0.0230423
-0.265306	-0.632653	0.025278
-0.265306	-0.591837	0.0274142
-0.265306	-0.55102	0.0294426
-0.265306	-0.510204	0.0313552
-0.265306	-0.469388	0.0331444
-0.265306	-0.428571	0.0348031
-0.265306	-0.387755	0.0363248
-0.265306	-0.346939	0.0377035
-0.265306	-0.306122	0.0389336
-0.265306	-0.265306	0.0400104
-0.265306	-0.22449	0.0409295
-0.265306	-0.183673	0.0416873
-0.265306	-0.142857	0.0422808
-0.265306	-0.102041	0.0427074
-0.265306	-0.0612245	0.0429657
-0.265306	-0.0204082	0.0430544
-0.265306	0.0204082	0.0429732
-0.265306	0.0612245	0.0427223
-0.265306	0.102041	0.0423027
-0.265306	0.142857	0.0417161
-0.265306	0.183673	0.0409646
-0.265306	0.22449	0.0400512
-0.265306	0.265306	0.0389796
-0.265306	0.306122	0.0377538
-0.265306	0.346939	0.0363788
-0.265306	0.387755	0.0348598
-0.265306	0.428571	0.033203
-0.265306	0.469388	0.0314147
-0.265306	0.510204	0.0295022
-0.265306	0.55102	0.0274728
-0.265306	0.591837	0.0253347
-0.265306	0.632653	0.0230963
-0.265306	0.673469	0.0207665
-0.265306	0.714286	0.0183543
-0.265306	0.755102	0.0158695
-0.265306	0.795918	0.0133218
-0.265306	0.836735	0.0107213
-0.265306	0.877551	0.0080784
-0.265306	0.918367	0.00540345
-0.265306	0.959184	0.00270709
-0.265306	1	0
-0.22449	-1	0.00276163
-0.22449	-0.959184	0.0055124
-0.22449	-0.918367	0.00824151
-0.22449	-0.877551	0.0109382
-0.22449	-0.836735	0.013592
-0.22449	-0.795918	0.0161923
-0.22449	-0.755102	0.0187289
-0.22449	-0.714286	0.021192
-0.22449	-0.673469	0.0235717
-0.22449	-0.632653	0.0258587
-0.22449	-0.591837	0.028044
-0.22449	-0.55102	0.030119
-0.22449	-0.510204	0.0320755
-0.22449	-0.469388	0.0339058
-0.22449	-0.428571	0.0356026
-0.22449	-0.387755	0.0371593
-0.22449	-0.346939	0.0385696
-0.22449	-0.306122	0.039828
-0.22449	-0.265306	0.0409295
-0.22449	-0.22449	0.0418698
-0.22449	-0.183673	0.042645
-0.22449	-0.142857	0.043252
-0.22449	-0.102041	0.0436885
-0.22449	-0.0612245	0.0439527
-0.22449	-0.0204082	0.0440434
-0.22449	0.0204082	0.0439603
-0.22449	0.0612245	0.0437037
-0.22449	0.102041	0.0432745
-0.22449	0.142857	0.0426744
-0.22449	0.183673	0.0419056
-0.22449	0.22449	0.0409713
-0.22449	0.265306	0.039875
-0.22449	0.306122	0.0386211
-0.22449	0.346939	0.0372145
-0.22449	0.387755	0.0356606
-0.22449	0.428571	0.0339657
-0.22449	0.469388	0.0321364
-0.22449	0.510204	0.0301799
-0.22449	0.55102	0.028104
-0.22449	0.591837	0.0259167
-0.22449	0.632653	0.0236269
-0.22449	0.673469	0.0212435
-0.22449	0.714286	0.018776
-0.22449	0.755102	0.0162341
-0.22449	0.795918	0.0136278
-0.22449	0.836735	0.0109676
-0.22449	0.877551	0.00826398
-0.22449	0.918367	0.00552758
-0.22449	0.959184	0.00276928
-0.22449	1	0
-0.183673	-1	0.00281276
-0.183673	-0.959184	0.00561446
-0.183673	-0.918367	0.0083941
-0.183673	-0.877551	0.0111408
-0.183673	-0.836735	0.0138436
-0.183673	-0.795918	0.0164921
-0.183673	-0.755102	0.0190757
-0.183673	-0.714286	0.0215843
-0.183673	-0.673469	0.0240081
-0.183673	-0.632653	0.0263375
-0.183673	-0.591837	0.0285632
-0.183673	-0.55102	0.0306766
-0.183673	-0.510204	0.0326694
-0.183673	-0.469388	0.0345335
-0.183673	-0.428571	0.0362618
-0.183673	-0.387755	0.0378472
-0.183673	-0.346939	0.0392837
-0.183673	-0.306122	0.0405654
-0.183673	-0.265306	0.0416873
-0.183673	-0.22449	0.042645
-0.183673	-0.183673	0.0434345
-0.183673	-0.142857	0.0440528
-0.183673	-0.102041	0.0444974
-0.183673	-0.0612245	0.0447664
-0.183673	-0.0204082	0.0448589
-0.183673	0.0204082	0.0447742
-0.183673	0.0612245	0.0445128
-0.183673	0.102041	0.0440757
-0.183673	0.142857	0.0434645
-0.183673	0.183673	0.0426815
-0.183673	0.22449	0.0417299
-0.183673	0.265306	0.0406133
-0.183673	0.306122	0.0393362
-0.183673	0.346939	0.0379035
-0.183673	0.387755	0.0363209
-0.183673	0.428571	0.0345946
-0.183673	0.469388	0.0327314
-0.183673	0.510204	0.0307387
-0.183673	0.55102	0.0286243
-0.183673	0.591837	0.0263966
-0.183673	0.632653	0.0240643
-0.183673	0.673469	0.0216368
-0.183673	0.714286	0.0191236
-0.183673	0.755102	0.0165346
-0.183673	0.795918	0.0138802
-0.183673	0.836735	0.0111707
-0.183673	0.877551	0.00841698
-0.183673	0.918367	0.00562992
-0.183673	0.959184	0.00282055
-0.183673	1	0
-0.142857	-1	0.0028528
-0.142857	-0.959184	0.00569438
-0.142857	-0.918367	0.00851359
-0.142857	-0.877551	0.0112993
-0.142857	-0.836735	0.0140407
-0.142857	-0.795918	0.0167268
-0.142857	-0.755102	0.0193472
-0.142857	-0.714286	0.0218916
-0.142857	-0.673469	0.0243499
-0.142857	-0.632653	0.0267124
-0.142857	-0.591837	0.0289698
-0.142857	-0.55102	0.0311133
-0.142857	-0.510204	0.0331344
-0.142857	-0.469388	0.0350251
-0.142857	-0.428571	0.036778
-0.142857	-0.387755	0.038386
-0.142857	-0.346939	0.0398429
-0.142857	-0.306122	0.0411429
-0.142857	-0.265306	0.0422808
-0.142857	-0.22449	0.043252
-0.142857	-0.183673	0.0440528
-0.142857	-0.142857	0.0446799
-0.142857	-0.102041	0.0451308
-0.142857	-0.0612245	0.0454037
-0.142857	-0.0204082	0.0454974
-0.142857	0.0204082	0.0454116
-0.142857	0.0612245	0.0451465
-0.142857	0.102041	0.0447031
-0.142857	0.142857	0.0440832
-0.142857	0.183673	0.0432891
-0.142857	0.22449	0.0423239
-0.142857	0.265306	0.0411914
-0.142857	0.306122	0.0398961
-0.142857	0.346939	0.038443
-0.142857	0.387755	0.0368379
-0.142857	0.428571	0.035087
-0.142857	0.469388	0.0331973
-0.142857	0.510204	0.0311763
-0.142857	0.55102	0.0290318
-0.142857	0.591837	0.0267723
-0.142857	0.632653	0.0244069
-0.142857	0.673469	0.0219448
-0.142857	0.714286	0.0193958
-0.142857	0.755102	0.01677
-0.142857	0.795918	0.0140777
-0.142857	0.836735	0.0113297
-0.142857	0.877551	0.0085368
-0.142857	0.918367	0.00571006
-0.142857	0.959184	0.0028607
-0.142857	1	0
-0.102041	-1	0.00288159
-0.102041	-0.959184	0.00575185
-0.102041	-0.918367	0.00859951
-0.102041	-0.877551	0.0114134
-0.102041	-0.836735	0.0141824
-0.102041	-0.795918	0.0168956
-0.102041	-0.755102	0.0195425
-0.102041	-0.714286	0.0221125
-0.102041	-0.673469	0.0245956
-0.102041	-0.632653	0.026982
-0.102041	-0.591837	0.0292622
-0.102041	-0.55102	0.0314273
-0.102041	-0.510204	0.0334688
-0.102041	-0.469388	0.0353786
-0.102041	-0.428571	0.0371491
-0.102041	-0.387755	0.0387734
-0.102041	-0.346939	0.040245
-0.102041	-0.306122	0.0415581
-0.102041	-0.265306	0.0427074
-0.102041	-0.22449	0.0436885
-0.102041	-0.183673	0.0444974
-0.102041	-0.142857	0.0451308
-0.102041	-0.102041	0.0455863
-0.102041	-0.0612245	0.0458619
-0.102041	-0.0204082	0.0459566
-0.102041	0.0204082	0.0458699
-0.102041	0.0612245	0.0456021
-0.102041	0.102041	0.0451543
-0.102041	0.142857	0.0445281
-0.102041	0.183673	0.0437259
-0.102041	0.22449	0.042751
-0.102041	0.265306	0.0416071
-0.102041	0.306122	0.0402988
-0.102041	0.346939	0.038831
-0.102041	0.387755	0.0372097
-0.102041	0.428571	0.0354411
-0.102041	0.469388	0.0335324
-0.102041	0.510204	0.0314909
-0.102041	0.55102	0.0293247
-0.102041	0.591837	0.0270425
-0.102041	0.632653	0.0246532
-0.102041	0.673469	0.0221663
-0.102041	0.714286	0.0195916
-0.102041	0.755102	0.0169392
-0.102041	0.795918	0.0142198
-0.102041	0.836735	0.0114441
-0.102041	0.877551	0.00862295
-0.102041	0.918367	0.00576769
-0.102041	0.959184	0.00288957
-0.102041	1	0
-0.0612245	-1	0.00289901
-0.0612245	-0.959184	0.00578663
-0.0612245	-0.918367	0.00865151
-0.0612245	-0.877551	0.0114824
-0.0612245	-0.836735	0.0142681
-0.0612245	-0.795918	0.0169978
-0.0612245	-0.755102	0.0196607
-0.0612245	-0.714286	0.0222462
-0.0612245	-0.673469	0.0247443
-0.0612245	-0.632653	0.0271451
-0.0612245	-0.591837	0.0294391
-0.0612245	-0.55102	0.0316173
-0.0612245	-0.510204	0.0336712
-0.0612245	-0.469388	0.0355925
-0.0612245	-0.428571	0.0373737
-0.0612245	-0.387755	0.0390078
-0.0612245	-0.346939	0.0404883
-0.0612245	-0.306122	0.0418094
-0.0612245	-0.265306	0.0429657
-0.0612245	-0.22449	0.0439527
-0.0612245	-0.183673	0.0447664
-0.0612245	-0.142857	0.0454037
-0.0612245	-0.102041	0.0458619
-0.0612245	-0.0612245	0.0461392
-0.0612245	-0.0204082	0.0462345
-0.0612245	0.0204082	0.0461473
-0.0612245	0.0612245	0.0458779
-0.0612245	0.102041	0.0454273
-0.0612245	0.142857	0.0447973
-0.0612245	0.183673	0.0439903
-0.0612245	0.22449	0.0430095
-0.0612245	0.265306	0.0418587
-0.0612245	0.306122	0.0405424
-0.0612245	0.346939	0.0390658
-0.0612245	0.387755	0.0374347
-0.0612245	0.428571	0.0356554
-0.0612245	0.469388	0.0337351
-0.0612245	0.510204	0.0316813
-0.0612245	0.55102	0.0295021
-0.0612245	0.591837	0.027206
-0.0612245	0.632653	0.0248023
-0.0612245	0.673469	0.0223003
-0.0612245	0.714286	0.01971
-0.0612245	0.755102	0.0170417
-0.0612245	0.795918	0.0143058
-0.0612245	0.836735	0.0115132
-0.0612245	0.877551	0.00867509
-0.0612245	0.918367	0.00580256
-0.0612245	0.959184	0.00290704
-0.0612245	1	0
-0.0204082	-1	0.002905
-0.0204082	-0.959184	0.00579858
-0.0204082	-0.918367	0.00866937
-0.0204082	-0.877551	0.0115061
-0.0204082	-0.836735	0.0142976
-0.0204082	-0.795918	0.0170329
-0.0204082	-0.755102	0.0197012
-0.0204082	-0.714286	0.0222921
-0.0204082	-0.673469	0.0247954
-0.0204082	-0.632653	0.0272011
-0.0204082	-0.591837	0.0294999
-0.0204082	-0.55102	0.0316826
-0.0204082	-0.510204	0.0337407
-0.0204082	-0.469388	0.035666
-0.0204082	-0.428571	0.0374509
-0.0204082	-0.387755	0.0390884
-0.0204082	-0.346939	0.0405719
-0.0204082	-0.306122	0.0418957
-0.0204082	-0.265306	0.0430544
-0.0204082	-0.22449	0.0440434
-0.0204082	-0.183673	0.0448589
-0.0204082	-0.142857	0.0454974
-0.0204082	-0.102041	0.0459566
-0.0204082	-0.0612245	0.0462345
-0.0204082	-0.0204082	0.0463299
-0.0204082	0.0204082	0.0462425
-0.0204082	0.0612245	0.0459726
-0.0204082	0.102041	0.0455211
-0.0204082	0.142857	0.0448898
-0.0204082	0.183673	0.0440812
-0.0204082	0.22449	0.0430983
-0.0204082	0.265306	0.0419451
-0.0204082	0.306122	0.0406261
-0.0204082	0.346939	0.0391465
-0.0204082	0.387755	0.0375119
-0.0204082	0.428571	0.035729
-0.0204082	0.469388	0.0338048
-0.0204082	0.510204	0.0317467
-0.0204082	0.55102	0.029563
-0.0204082	0.591837	0.0272622
-0.0204082	0.632653	0.0248535
-0.0204082	0.673469	0.0223463
-0.0204082	0.714286	0.0197507
-0.0204082	0.755102	0.0170768
-0.0204082	0.795918	0.0143353
-0.0204082	0.836735	0.011537
-0.0204082	0.877551	0.008693
-0.0204082	0.918367	0.00581454
-0.0204082	0.959184	0.00291304
-0.0204082	1	0
0.0204082	-1	0.00289952
0.0204082	-0.959184	0.00578764
0.0204082	-0.918367	0.00865301
0.0204082	-0.877551	0.0114844
0.0204082	-0.836735	0.0142706
0.0204082	-0.795918	0.0170008
0.0204082	-0.755102	0.0196641
0.0204082	-0.714286	0.0222501
0.0204082	-0.673469	0.0247486
0.0204082	-0.632653	0.0271498
0.0204082	-0.591837	0.0294442
0.0204082	-0.55102	0.0316229
0.0204082	-0.510204	0.033677
0.0204082	-0.469388	0.0355987
0.0204082	-0.428571	0.0373802
0.0204082	-0.387755	0.0390146
0.0204082	-0.346939	0.0404954
0.0204082	-0.306122	0.0418166
0.0204082	-0.265306	0.0429732
0.0204082	-0.22449	0.0439603
0.0204082	-0.183673	0.0447742
0.0204082	-0.142857	0.0454116
0.0204082	-0.102041	0.0458699
0.0204082	-0.0612245	0.0461473
0.0204082	-0.0204082	0.0462425
0.0204082	0.0204082	0.0461553
0.0204082	0.0612245	0.0458858
0.0204082	0.102041	0.0454352
0.0204082	0.142857	0.0448051
0.0204082	0.183673	0.043998
0.0204082	0.22449	0.043017
0.0204082	0.265306	0.041866
0.0204082	0.306122	0.0405495
0.0204082	0.346939	0.0390726
0.0204082	0.387755	0.0374412
0.0204082	0.428571	0.0356616
0.0204082	0.469388	0.033741
0.0204082	0.510204	0.0316868
0.0204082	0.55102	0.0295072
0.0204082	0.591837	0.0272108
0.0204082	0.632653	0.0248066
0.0204082	0.673469	0.0223042
0.0204082	0.714286	0.0197135
0.0204082	0.755102	0.0170446
0.0204082	0.795918	0.0143083
0.0204082	0.836735	0.0115153
0.0204082	0.877551	0.0086766
0.0204082	0.918367	0.00580357
0.0204082	0.959184	0.00290755
0.0204082	1	0
0.0612245	-1	0.00288259
0.0612245	-0.959184	0.00575385
0.0612245	-0.918367	0.0086025
0.0612245	-0.877551	0.0114173
0.0612245	-0.836735	0.0141873
0.0612245	-0.795918	0.0169015
0.0612245	-0.755102	0.0195493
0.0612245	-0.714286	0.0221202
0.0612245	-0.673469	0.0246041
0.0612245	-0.632653	0.0269913
0.0612245	-0.591837	0.0292724
0.0612245	-0.55102	0.0314382
0.0612245	-0.510204	0.0334804
0.0612245	-0.469388	0.0353909
0.0612245	-0.428571	0.037162
0.0612245	-0.387755	0.0387869
0.0612245	-0.346939	0.040259
0.0612245	-0.306122	0.0415725
0.0612245	-0.265306	0.0427223
0.0612245	-0.22449	0.0437037
0.0612245	-0.183673	0.0445128
0.0612245	-0.142857	0.0451465
0.0612245	-0.102041	0.0456021
0.0612245	-0.0612245	0.0458779
0.0612245	-0.0204082	0.0459726
0.0612245	0.0204082	0.0458858
0.0612245	0.0612245	0.045618
0.0612245	0.102041	0.04517
0.0612245	0.142857	0.0445435
0.0612245	0.183673	0.0437411
0.0612245	0.22449	0.0427659
0.0612245	0.265306	0.0416216
0.0612245	0.306122	0.0403128
0.0612245	0.346939	0.0388445
0.0612245	0.387755	0.0372226
0.0612245	0.428571	0.0354535
0.0612245	0.469388	0.033544
0.0612245	0.510204	0.0315018
0.0612245	0.55102	0.0293349
0.0612245	0.591837	0.0270519
0.0612245	0.632653	0.0246618
0.0612245	0.673469	0.022174
0.0612245	0.714286	0.0195984
0.0612245	0.755102	0.0169451
0.0612245	0.795918	0.0142248
0.0612245	0.836735	0.011448
0.0612245	0.877551	0.00862595
0.0612245	0.918367	0.00576969
0.0612245	0.959184	0.00289057
0.0612245	1	0
0.102041	-1	0.00285428
0.102041	-0.959184	0.00569734
0.102041	-0.918367	0.00851801
0.102041	-0.877551	0.0113052
0.102041	-0.836735	0.014048
0.102041	-0.795918	0.0167355
0.102041	-0.755102	0.0193573
0.102041	-0.714286	0.021903
0.102041	-0.673469	0.0243625
0.102041	-0.632653	0.0267263
0.102041	-0.591837	0.0289849
0.102041	-0.55102	0.0311295
0.102041	-0.510204	0.0331516
0.102041	-0.469388	0.0350433
0.102041	-0.428571	0.0367971
0.102041	-0.387755	0.0384059
0.102041	-0.346939	0.0398636
0.102041	-0.306122	0.0411642
0.102041	-0.265306	0.0423027
0.102041	-0.22449	0.0432745
0.102041	-0.183673	0.0440757
0.102041	-0.142857	0.0447031
0.102041	-0.102041	0.0451543
0.102041	-0.0612245	0.0454273
0.102041	-0.0204082	0.0455211
0.102041	0.0204082	0.0454352
0.102041	0.0612245	0.04517
0.102041	0.102041	0.0447263
0.102041	0.142857	0.0441061
0.102041	0.183673	0.0433116
0.102041	0.22449	0.0423459
0.102041	0.265306	0.0412128
0.102041	0.306122	0.0399169
0.102041	0.346939	0.038463
0.102041	0.387755	0.036857
0.102041	0.428571	0.0351053
0.102041	0.469388	0.0332146
0.102041	0.510204	0.0311924
0.102041	0.55102	0.0290468
0.102041	0.591837	0.0267862
0.102041	0.632653	0.0244196
0.102041	0.673469	0.0219562
0.102041	0.714286	0.0194059
0.102041	0.755102	0.0167787
0.102041	0.795918	0.0140851
0.102041	0.836735	0.0113356
0.102041	0.877551	0.00854123
0.102041	0.918367	0.00571303
0.102041	0.959184	0.00286218
0.102041	1	0
0.142857	-1	0.0028147
0.142857	-0.959184	0.00561833
0.142857	-0.918367	0.00839989
0.142857	-0.877551	0.0111484
0.142857	-0.836735	0.0138532
0.142857	-0.795918	0.0165034
0.142857	-0.755102	0.0190888
0.142857	-0.714286	0.0215992
0.142857	-0.673469	0.0240246
0.142857	-0.632653	0.0263556
0.142857	-0.591837	0.0285829
0.142857	-0.55102	0.0306978
0.142857	-0.510204	0.0326919
0.142857	-0.469388	0.0345573
0.142857	-0.428571	0.0362868
0.142857	-0.387755	0.0378733
0.142857	-0.346939	0.0393108
0.142857	-0.306122	0.0405934
0.142857	-0.265306	0.0417161
0.142857	-0.22449	0.0426744
0.142857	-0.183673	0.0434645
0.142857	-0.142857	0.0440832
0.142857	-0.102041	0.0445281
0.142857	-0.0612245	0.0447973
0.142857	-0.0204082	0.0448898
0.142857	0.0204082	0.0448051
0.142857	0.0612245	0.0445435
0.142857	0.102041	0.0441061
0.142857	0.142857	0.0434944
0.142857	0.183673	0.0427109
0.142857	0.22449	0.0417586
0.142857	0.265306	0.0406413
0.142857	0.306122	0.0393633
0.142857	0.346939	0.0379296
0.142857	0.387755	0.0363459
0.142857	0.428571	0.0346184
0.142857	0.469388	0.032754
0.142857	0.510204	0.0307599
0.142857	0.55102	0.028644
0.142857	0.591837	0.0264148
0.142857	0.632653	0.0240809
0.142857	0.673469	0.0216517
0.142857	0.714286	0.0191368
0.142857	0.755102	0.016546
0.142857	0.795918	0.0138897
0.142857	0.836735	0.0111784
0.142857	0.877551	0.00842278
0.142857	0.918367	0.0056338
0.142857	0.959184	0.00282249
0.142857	1	0
0.183673	-1	0.00276399
0.183673	-0.959184	0.00551712
0.183673	-0.918367	0.00824857
0.183673	-0.877551	0.0109476
0.183673	-0.836735	0.0136036
0.183673	-0.795918	0.0162062
0.183673	-0.755102	0.018745
0.183673	-0.714286	0.0212101
0.183673	-0.673469	0.0235919
0.183673	-0.632653	0.0258808
0.183673	-0.591837	0.028068
0.183673	-0.55102	0.0301448
0.183673	-0.510204	0.032103
0.183673	-0.469388	0.0339348
0.183673	-0.428571	0.0356331
0.183673	-0.387755	0.0371911
0.183673	-0.346939	0.0386026
0.183673	-0.306122	0.0398621
0.183673	-0.265306	0.0409646
0.183673	-0.22449	0.0419056
0.183673	-0.183673	0.0426815
0.183673	-0.142857	0.0432891
0.183673	-0.102041	0.0437259
0.183673	-0.0612245	0.0439903
0.183673	-0.0204082	0.0440812
0.183673	0.0204082	0.043998
0.183673	0.0612245	0.0437411
0.183673	0.102041	0.0433116
0.183673	0.142857	0.0427109
0.183673	0.183673	0.0419415
0.183673	0.22449	0.0410064
0.183673	0.265306	0.0399092
0.183673	0.306122	0.0386542
0.183673	0.346939	0.0372464
0.183673	0.387755	0.0356912
0.183673	0.428571	0.0339948
0.183673	0.469388	0.0321639
0.183673	0.510204	0.0302058
0.183673	0.55102	0.028128
0.183673	0.591837	0.0259389
0.183673	0.632653	0.0236471
0.183673	0.673469	0.0212617
0.183673	0.714286	0.018792
0.183673	0.755102	0.016248
0.183673	0.795918	0.0136395
0.183673	0.836735	0.010977
0.183673	0.877551	0.00827106
0.183673	0.918367	0.00553231
0.183673	0.959184	0.00277165
0.183673	1	0
0.22449	-1	0.00270237
0.22449	-0.959184	0.00539411
0.22449	-0.918367	0.00806466
0.22449	-0.877551	0.0107035
0.22449	-0.836735	0.0133003
0.22449	-0.795918	0.0158448
0.22449	-0.755102	0.018327
0.22449	-0.714286	0.0207372
0.22449	-0.673469	0.0230659
0.22449	-0.632653	0.0253038
0.22449	-0.591837	0.0274422
0.22449	-0.55102	0.0294727
0.22449	-0.510204	0.0313872
0.22449	-0.469388	0.0331782
0.22449	-0.428571	0.0348386
0.22449	-0.387755	0.0363619
0.22449	-0.346939	0.0377419
0.22449	-0.306122	0.0389734
0.22449	-0.265306	0.0400512
0.22449	-0.22449	0.0409713
0.22449	-0.183673	0.0417299
0.22449	-0.142857	0.0423239
0.22449	-0.102041	0.042751
0.22449	-0.0612245	0.0430095
0.22449	-0.0204082	0.0430983
0.22449	0.0204082	0.043017
0.22449	0.0612245	0.0427659
0.22449	0.102041	0.0423459
0.22449	0.142857	0.0417586
0.22449	0.183673	0.0410064
0.22449	0.22449	0.0400921
0.22449	0.265306	0.0390194
0.22449	0.306122	0.0377924
0.22449	0.346939	0.0364159
0.22449	0.387755	0.0348954
0.22449	0.428571	0.0332369
0.22449	0.469388	0.0314468
0.22449	0.510204	0.0295323
0.22449	0.55102	0.0275009
0.22449	0.591837	0.0253606
0.22449	0.632653	0.0231199
0.22449	0.673469	0.0207876
0.22449	0.714286	0.0183731
0.22449	0.755102	0.0158857
0.22449	0.795918	0.0133354
0.22449	0.836735	0.0107323
0.22449	0.877551	0.00808665
0.22449	0.918367	0.00540896
0.22449	0.959184	0.00270985
0.22449	1	0
0.265306	-1	0.00263006
0.265306	-0.959184	0.00524978
0.265306	-0.918367	0.00784888
0.265306	-0.877551	0.0104171
0.265306	-0.836735	0.0129444
0.265306	-0.795918	0.0154209
0.265306	-0.755102	0.0178367
0.265306	-0.714286	0.0201824
0.265306	-0.673469	0.0224487
0.265306	-0.632653	0.0246268
0.265306	-0.591837	0.026708
0.265306	-0.55102	0.0286841
0.265306	-0.510204	0.0305474
0.265306	-0.469388	0.0322905
0.265306	-0.428571	0.0339064
0.265306	-0.387755	0.0353889
0.265306	-0.346939	0.0367321
0.265306	-0.306122	0.0379306
0.265306	-0.265306	0.0389796
0.265306	-0.22449	0.039875
0.265306	-0.183673	0.0406133
0.265306	-0.142857	0.0411914
0.265306	-0.102041	0.0416071
0.265306	-0.0612245	0.0418587
0.265306	-0.0204082	0.0419451
0.265306	0.0204082	0.041866
0.265306	0.0612245	0.0416216
0.265306	0.102041	0.0412128
0.265306	0.142857	0.0406413
0.265306	0.183673	0.0399092
0.265306	0.22449	0.0390194
0.265306	0.265306	0.0379753
0.265306	0.306122	0.0367812
0.265306	0.346939	0.0354415
0.265306	0.387755	0.0339617
0.265306	0.428571	0.0323476
0.265306	0.469388	0.0306054
0.265306	0.510204	0.0287421
0.265306	0.55102	0.026765
0.265306	0.591837	0.024682
0.265306	0.632653	0.0225013
0.265306	0.673469	0.0202314
0.265306	0.714286	0.0178815
0.265306	0.755102	0.0154606
0.265306	0.795918	0.0129786
0.265306	0.836735	0.0104451
0.265306	0.877551	0.00787027
0.265306	0.918367	0.00526424
0.265306	0.959184	0.00263734
0.265306	1	0
0.306122	-1	0.00254735
0.306122	-0.959184	0.0050847
0.306122	-0.918367	0.00760206
0.306122	-0.877551	0.0100895
0.306122	-0.836735	0.0125374
0.306122	-0.795918	0.0149359
0.306122	-0.755102	0.0172758
0.306122	-0.714286	0.0195477
0.306122	-0.673469	0.0217428
0.306122	-0.632653	0.0238523
0.306122	-0.591837	0.0258681
0.306122	-0.55102	0.0277821
0.306122	-0.510204	0.0295868
0.306122	-0.469388	0.031275
0.306122	-0.428571	0.0328402
0.306122	-0.387755	0.0342761
0.306122	-0.346939	0.035577
0.306122	-0.306122	0.0367378
0.306122	-0.265306	0.0377538
0.306122	-0.22449	0.0386211
0.306122	-0.183673	0.0393362
0.306122	-0.142857	0.0398961
0.306122	-0.102041	0.0402988
0.306122	-0.0612245	0.0405424
0.306122	-0.0204082	0.0406261
0.306122	0.0204082	0.0405495
0.306122	0.0612245	0.0403128
0.306122	0.102041	0.0399169
0.306122	0.142857	0.0393633
0.306122	0.183673	0.0386542
0.306122	0.22449	0.0377924
0.306122	0.265306	0.0367812
0.306122	0.306122	0.0356245
0.306122	0.346939	0.034327
0.306122	0.387755	0.0328938
0.306122	0.428571	0.0313303
0.306122	0.469388	0.029643
0.306122	0.510204	0.0278383
0.306122	0.55102	0.0259234
0.306122	0.591837	0.0239059
0.306122	0.632653	0.0217937
0.306122	0.673469	0.0195952
0.306122	0.714286	0.0173191
0.306122	0.755102	0.0149745
0.306122	0.795918	0.0125705
0.306122	0.836735	0.0101167
0.306122	0.877551	0.00762278
0.306122	0.918367	0.0050987
0.306122	0.959184	0.00255441
0.306122	1	0
0.346939	-1	0.00245457
0.346939	-0.959184	0.0048995
0.346939	-0.918367	0.00732518
0.346939	-0.877551	0.00972207
0.346939	-0.836735	0.0120807
0.346939	-0.795918	0.0143919
0.346939	-0.755102	0.0166466
0.346939	-0.714286	0.0188357
0.346939	-0.673469	0.0209509
0.346939	-0.632653	0.0229836
0.346939	-0.591837	0.0249259
0.346939	-0.55102	0.0267702
0.346939	-0.510204	0.0285092
0.346939	-0.469388	0.030136
0.346939	-0.428571	0.0316441
0.346939	-0.387755	0.0330277
0.346939	-0.346939	0.0342812
0.346939	-0.306122	0.0353997
0.346939	-0.265306	0.0363788
0.346939	-0.22449	0.0372145
0.346939	-0.183673	0.0379035
0.346939	-0.142857	0.038443
0.346939	-0.102041	0.038831
0.346939	-0.0612245	0.0390658
0.346939	-0.0204082	0.0391465
0.346939	0.0204082	0.0390726
0.346939	0.0612245	0.0388445
0.346939	0.102041	0.038463
0.346939	0.142857	0.0379296
0.346939	0.183673	0.0372464
0.346939	0.22449	0.0364159
0.346939	0.265306	0.0354415
0.346939	0.306122	0.034327
0.346939	0.346939	0.0330768
0.346939	0.387755	0.0316957
0.346939	0.428571	0.0301892
0.346939	0.469388	0.0285633
0.346939	0.510204	0.0268244
0.346939	0.55102	0.0249792
0.346939	0.591837	0.0230352
0.346939	0.632653	0.0209999
0.346939	0.673469	0.0188815
0.346939	0.714286	0.0166884
0.346939	0.755102	0.0144291
0.346939	0.795918	0.0121126
0.346939	0.836735	0.0097482
0.346939	0.877551	0.00734515
0.346939	0.918367	0.00491299
0.346939	0.959184	0.00246137
0.346939	1	0
0.387755	-1	0.00235209
0.387755	-0.959184	0.00469493
0.387755	-0.918367	0.00701933
0.387755	-0.877551	0.00931614
0.387755	-0.836735	0.0115763
0.387755	-0.795918	0.013791
0.387755	-0.755102	0.0159515
0.387755	-0.714286	0.0180493
0.387755	-0.673469	0.0200761
0.387755	-0.632653	0.0220239
0.387755	-0.591837	0.0238852
0.387755	-0.55102	0.0256525
0.387755	-0.510204	0.0273188
0.387755	-0.469388	0.0288777
0.387755	-0.428571	0.0303229
0.387755	-0.387755	0.0316487
0.387755	-0.346939	0.0328499
0.387755	-0.306122	0.0339217
0.387755	-0.265306	0.0348598
0.387755	-0.22449	0.0356606
0.387755	-0.183673	0.0363209
0.387755	-0.142857	0.0368379
0.387755	-0.102041	0.0372097
0.387755	-0.0612245	0.0374347
0.387755	-0.0204082	0.0375119
0.387755	0.0204082	0.0374412
0.387755	0.0612245	0.0372226
0.387755	0.102041	0.036857
0.387755	0.142857	0.0363459
0.387755	0.183673	0.0356912
0.387755	0.22449	0.0348954
0.387755	0.265306	0.0339617
0.387755	0.306122	0.0328938
0.387755	0.346939	0.0316957
0.387755	0.387755	0.0303723
0.387755	0.428571	0.0289287
0.387755	0.469388	0.0273707
0.387755	0.510204	0.0257043
0.387755	0.55102	0.0239362
0.387755	0.591837	0.0220734
0.387755	0.632653	0.0201231
0.387755	0.673469	0.0180932
0.387755	0.714286	0.0159916
0.387755	0.755102	0.0138266
0.387755	0.795918	0.0116069
0.387755	0.836735	0.00934118
0.387755	0.877551	0.00703846
0.387755	0.918367	0.00470786
0.387755	0.959184	0.0023586
0.387755	1	0
0.428571	-1	0.0022403
0.428571	-0.959184	0.00447179
0.428571	-0.918367	0.00668571
0.428571	-0.877551	0.00887335
0.428571	-0.836735	0.0110261
0.428571	-0.795918	0.0131356
0.428571	-0.755102	0.0151933
0.428571	-0.714286	0.0171914
0.428571	-0.673469	0.0191219
0.428571	-0.632653	0.0209772
0.428571	-0.591837	0.0227499
0.428571	-0.55102	0.0244332
0.428571	-0.510204	0.0260204
0.428571	-0.469388	0.0275051
0.428571	-0.428571	0.0288816
0.428571	-0.387755	0.0301444
0.428571	-0.346939	0.0312885
0.428571	-0.306122	0.0323094
0.428571	-0.265306	0.033203
0.428571	-0.22449	0.0339657
0.428571	-0.183673	0.0345946
0.428571	-0.142857	0.035087
0.428571	-0.102041	0.0354411
0.428571	-0.0612245	0.0356554
0.428571	-0.0204082	0.035729
0.428571	0.0204082	0.0356616
0.428571	0.0612245	0.0354535
0.428571	0.102041	0.0351053
0.428571	0.142857	0.0346184
0.428571	0.183673	0.0339948
0.428571	0.22449	0.0332369
0.428571	0.265306	0.0323476
0.428571	0.306122	0.0313303
0.428571	0.346939	0.0301892
0.428571	0.387755	0.0289287
0.428571	0.428571	0.0275538
0.428571	0.469388	0.0260698
0.428571	0.510204	0.0244826
0.428571	0.55102	0.0227986
0.428571	0.591837	0.0210243
0.428571	0.632653	0.0191667
0.428571	0.673469	0.0172332
0.428571	0.714286	0.0152315
0.428571	0.755102	0.0131694
0.428571	0.795918	0.0110552
0.428571	0.836735	0.0088972
0.428571	0.877551	0.00670393
0.428571	0.918367	0.0044841
0.428571	0.959184	0.0022465
0.428571	1	0
0.469388	-1	0.00211964
0.469388	-0.959184	0.00423095
0.469388	-0.918367	0.00632563
0.469388	-0.877551	0.00839545
0.469388	-0.836735	0.0104323
0.469388	-0.795918	0.0124281
0.469388	-0.755102	0.0143751
0.469388	-0.714286	0.0162655
0.469388	-0.673469	0.018092
0.469388	-0.632653	0.0198474
0.469388	-0.591837	0.0215247
0.469388	-0.55102	0.0231173
0.469388	-0.510204	0.024619
0.469388	-0.469388	0.0260238
0.469388	-0.428571	0.0273261
0.469388	-0.387755	0.0285209
0.469388	-0.346939	0.0296034
0.469388	-0.306122	0.0305693
0.469388	-0.265306	0.0314147
0.469388	-0.22449	0.0321364
0.469388	-0.183673	0.0327314
0.469388	-0.142857	0.0331973
0.469388	-0.102041	0.0335324
0.469388	-0.0612245	0.0337351
0.469388	-0.0204082	0.0338048
0.469388	0.0204082	0.033741
0.469388	0.0612245	0.033544
0.469388	0.102041	0.0332146
0.469388	0.142857	0.032754
0.469388	0.183673	0.0321639
0.469388	0.22449	0.0314468
0.469388	0.265306	0.0306054
0.469388	0.306122	0.029643
0.469388	0.346939	0.0285633
0.469388	0.387755	0.0273707
0.469388	0.428571	0.0260698
0.469388	0.469388	0.0246657
0.469388	0.510204	0.0231641
0.469388	0.55102	0.0215707
0.469388	0.591837	0.0198919
0.469388	0.632653	0.0181344
0.469388	0.673469	0.0163051
0.469388	0.714286	0.0144112
0.469388	0.755102	0.0124602
0.469388	0.795918	0.0104598
0.469388	0.836735	0.00841802
0.469388	0.877551	0.00634287
0.469388	0.918367	0.0042426
0.469388	0.959184	0.00212551
0.469388	1	0
0.510204	-1	0.00199059
0.510204	-0.959184	0.00397336
0.510204	-0.918367	0.00594052
0.510204	-0.877551	0.00788433
0.510204	-0.836735	0.00979715
0.510204	-0.795918	0.0116715
0.510204	-0.755102	0.0134999
0.510204	-0.714286	0.0152753
0.510204	-0.673469	0.0169906
0.510204	-0.632653	0.0186391
0.510204	-0.591837	0.0202142
0.510204	-0.55102	0.0217099
0.510204	-0.510204	0.0231202
0.510204	-0.469388	0.0244394
0.510204	-0.428571	0.0256625
0.510204	-0.387755	0.0267846
0.510204	-0.346939	0.0278011
0.510204	-0.306122	0.0287082
0.510204	-0.265306	0.0295022
0.510204	-0.22449	0.0301799
0.510204	-0.183673	0.0307387
0.510204	-0.142857	0.0311763
0.510204	-0.102041	0.0314909
0.510204	-0.0612245	0.0316813
0.510204	-0.0204082	0.0317467
0.510204	0.0204082	0.0316868
0.510204	0.0612245	0.0315018
0.510204	0.102041	0.0311924
0.510204	0.142857	0.0307599
0.510204	0.183673	0.0302058
0.510204	0.22449	0.0295323
0.510204	0.265306	0.0287421
0.510204	0.306122	0.0278383
0.510204	0.346939	0.0268244
0.510204	0.387755	0.0257043
0.510204	0.428571	0.0244826
0.510204	0.469388	0.0231641
0.510204	0.510204	0.0217538
0.510204	0.55102	0.0202575
0.510204	0.591837	0.0186809
0.510204	0.632653	0.0170304
0.510204	0.673469	0.0153124
0.510204	0.714286	0.0135338
0.510204	0.755102	0.0117016
0.510204	0.795918	0.00982301
0.510204	0.836735	0.00790552
0.510204	0.877551	0.00595671
0.510204	0.918367	0.0039843
0.510204	0.959184	0.00199611
0.510204	1	0
0.55102	-1	0.00185367
0.55102	-0.959184	0.00370005
0.55102	-0.918367	0.00553189
0.55102	-0.877551	0.007342
0.55102	-0.836735	0.00912324
0.55102	-0.795918	0.0108686
0.55102	-0.755102	0.0125713
0.55102	-0.714286	0.0142245
0.55102	-0.673469	0.0158219
0.55102	-0.632653	0.017357
0.55102	-0.591837	0.0188238
0.55102	-0.55102	0.0202166
0.55102	-0.510204	0.0215298
0.55102	-0.469388	0.0227583
0.55102	-0.428571	0.0238973
0.55102	-0.387755	0.0249421
0.55102	-0.346939	0.0258888
0.55102	-0.306122	0.0267335
0.55102	-0.265306	0.0274728
0.55102	-0.22449	0.028104
0.55102	-0.183673	0.0286243
0.55102	-0.142857	0.0290318
0.55102	-0.102041	0.0293247
0.55102	-0.0612245	0.0295021
0.55102	-0.0204082	0.029563
0.55102	0.0204082	0.0295072
0.55102	0.0612245	0.0293349
0.55102	0.102041	0.0290468
0.55102	0.142857	0.028644
0.55102	0.183673	0.028128
0.55102	0.22449	0.0275009
0.55102	0.265306	0.026765
0.55102	0.306122	0.0259234
0.55102	0.346939	0.0249792
0.55102	0.387755	0.0239362
0.55102	0.428571	0.0227986
0.55102	0.469388	0.0215707
0.55102	0.510204	0.0202575
0.55102	0.55102	0.018864
0.55102	0.591837	0.0173959
0.55102	0.632653	0.0158589
0.55102	0.673469	0.0142591
0.55102	0.714286	0.0126029
0.55102	0.755102	0.0108967
0.55102	0.795918	0.00914732
0.55102	0.836735	0.00736173
0.55102	0.877551	0.00554697
0.55102	0.918367	0.00371024
0.55102	0.959184	0.0018588
0.55102	1	0
0.591837	-1	0.0017094
0.591837	-0.959184	0.00341209
0.591837	-0.918367	0.00510137
0.591837	-0.877551	0.0067706
0.591837	-0.836735	0.00841322
0.591837	-0.795918	0.0100228
0.591837	-0.755102	0.0115929
0.591837	-0.714286	0.0131175
0.591837	-0.673469	0.0145905
0.591837	-0.632653	0.0160061
0.591837	-0.591837	0.0173588
0.591837	-0.55102	0.0186432
0.591837	-0.510204	0.0198542
0.591837	-0.469388	0.0209871
0.591837	-0.428571	0.0220375
0.591837	-0.387755	0.023001
0.591837	-0.346939	0.023874
0.591837	-0.306122	0.0246529
0.591837	-0.265306	0.0253347
0.591837	-0.22449	0.0259167
0.591837	-0.183673	0.0263966
0.591837	-0.142857	0.0267723
0.591837	-0.102041	0.0270425
0.591837	-0.0612245	0.027206
0.591837	-0.0204082	0.0272622
0.591837	0.0204082	0.0272108
0.591837	0.0612245	0.0270519
0.591837	0.102041	0.0267862
0.591837	0.142857	0.0264148
0.591837	0.183673	0.0259389
0.591837	0.22449	0.0253606
0.591837	0.265306	0.024682
0.591837	0.306122	0.0239059
0.591837	0.346939	0.0230352
0.591837	0.387755	0.0220734
0.591837	0.428571	0.0210243
0.591837	0.469388	0.0198919
0.591837	0.510204	0.0186809
0.591837	0.55102	0.0173959
0.591837	0.591837	0.0160421
0.591837	0.632653	0.0146247
0.591837	0.673469	0.0131494
0.591837	0.714286	0.011622
0.591837	0.755102	0.0100486
0.591837	0.795918	0.00843542
0.591837	0.836735	0.0067888
0.591837	0.877551	0.00511527
0.591837	0.918367	0.00342148
0.591837	0.959184	0.00171414
0.591837	1	0
0.632653	-1	0.00155837
0.632653	-0.959184	0.00311062
0.632653	-0.918367	0.00465064
0.632653	-0.877551	0.00617239
0.632653	-0.836735	0.00766988
0.632653	-0.795918	0.00913722
0.632653	-0.755102	0.0105686
0.632653	-0.714286	0.0119585
0.632653	-0.673469	0.0133014
0.632653	-0.632653	0.0145919
0.632653	-0.591837	0.0158251
0.632653	-0.55102	0.016996
0.632653	-0.510204	0.0181
0.632653	-0.469388	0.0191329
0.632653	-0.428571	0.0200904
0.632653	-0.387755	0.0209688
0.632653	-0.346939	0.0217646
0.632653	-0.306122	0.0224747
0.632653	-0.265306	0.0230963
0.632653	-0.22449	0.0236269
0.632653	-0.183673	0.0240643
0.632653	-0.142857	0.0244069
0.632653	-0.102041	0.0246532
0.632653	-0.0612245	0.0248023
0.632653	-0.0204082	0.0248535
0.632653	0.0204082	0.0248066
0.632653	0.0612245	0.0246618
0.632653	0.102041	0.0244196
0.632653	0.142857	0.0240809
0.632653	0.183673	0.0236471
0.632653	0.22449	0.0231199
0.632653	0.265306	0.0225013
0.632653	0.306122	0.0217937
0.632653	0.346939	0.0209999
0.632653	0.387755	0.0201231
0.632653	0.428571	0.0191667
0.632653	0.469388	0.0181344
0.632653	0.510204	0.0170304
0.632653	0.55102	0.0158589
0.632653	0.591837	0.0146247
0.632653	0.632653	0.0133325
0.632653	0.673469	0.0119876
0.632653	0.714286	0.0105952
0.632653	0.755102	0.0091608
0.632653	0.795918	0.00769012
0.632653	0.836735	0.00618898
0.632653	0.877551	0.00466332
0.632653	0.918367	0.00311918
0.632653	0.959184	0.00156269
0.632653	1	0
0.673469	-1	0.00140117
0.673469	-0.959184	0.00279683
0.673469	-0.918367	0.0041815
0.673469	-0.877551	0.00554974
0.673469	-0.836735	0.00689617
0.673469	-0.795918	0.00821549
0.673469	-0.755102	0.00950252
0.673469	-0.714286	0.0107522
0.673469	-0.673469	0.0119596
0.673469	-0.632653	0.0131199
0.673469	-0.591837	0.0142287
0.673469	-0.55102	0.0152815
0.673469	-0.510204	0.0162742
0.673469	-0.469388	0.0172028
0.673469	-0.428571	0.0180637
0.673469	-0.387755	0.0188535
0.673469	-0.346939	0.0195691
0.673469	-0.306122	0.0202076
0.673469	-0.265306	0.0207665
0.673469	-0.22449	0.0212435
0.673469	-0.183673	0.0216368
0.673469	-0.142857	0.0219448
0.673469	-0.102041	0.0221663
0.673469	-0.0612245	0.0223003
0.673469	-0.0204082	0.0223463
0.673469	0.0204082	0.0223042
0.673469	0.0612245	0.022174
0.673469	0.102041	0.0219562
0.673469	0.142857	0.0216517
0.673469	0.183673	0.0212617
0.673469	0.22449	0.0207876
0.673469	0.265306	0.0202314
0.673469	0.306122	0.0195952
0.673469	0.346939	0.0188815
0.673469	0.387755	0.0180932
0.673469	0.428571	0.0172332
0.673469	0.469388	0.0163051
0.673469	0.510204	0.0153124
0.673469	0.55102	0.0142591
0.673469	0.591837	0.0131494
0.673469	0.632653	0.0119876
0.673469	0.673469	0.0107783
0.673469	0.714286	0.00952638
0.673469	0.755102	0.00823669
0.673469	0.795918	0.00691437
0.673469	0.836735	0.00556466
0.673469	0.877551	0.0041929
0.673469	0.918367	0.00280453
0.673469	0.959184	0.00140505
0.673469	1	0
0.714286	-1	0.00123842
0.714286	-0.959184	0.00247197
0.714286	-0.918367	0.0036958
0.714286	-0.877551	0.00490511
0.714286	-0.836735	0.00609515
0.714286	-0.795918	0.00726122
0.714286	-0.755102	0.00839875
0.714286	-0.714286	0.00950327
0.714286	-0.673469	0.0105704
0.714286	-0.632653	0.011596
0.714286	-0.591837	0.012576
0.714286	-0.55102	0.0135065
0.714286	-0.510204	0.0143838
0.714286	-0.469388	0.0152046
0.714286	-0.428571	0.0159655
0.714286	-0.387755	0.0166636
0.714286	-0.346939	0.017296
0.714286	-0.306122	0.0178604
0.714286	-0.265306	0.0183543
0.714286	-0.22449	0.018776
0.714286	-0.183673	0.0191236
0.714286	-0.142857	0.0193958
0.714286	-0.102041	0.0195916
0.714286	-0.0612245	0.01971
0.714286	-0.0204082	0.0197507
0.714286	0.0204082	0.0197135
0.714286	0.0612245	0.0195984
0.714286	0.102041	0.0194059
0.714286	0.142857	0.0191368
0.714286	0.183673	0.018792
0.714286	0.22449	0.0183731
0.714286	0.265306	0.0178815
0.714286	0.306122	0.0173191
0.714286	0.346939	0.0166884
0.714286	0.387755	0.0159916
0.714286	0.428571	0.0152315
0.714286	0.469388	0.0144112
0.714286	0.510204	0.0135338
0.714286	0.55102	0.0126029
0.714286	0.591837	0.011622
0.714286	0.632653	0.0105952
0.714286	0.673469	0.00952638
0.714286	0.714286	0.00841984
0.714286	0.755102	0.00727996
0.714286	0.795918	0.00611123
0.714286	0.836735	0.0049183
0.714286	0.877551	0.00370588
0.714286	0.918367	0.00247877
0.714286	0.959184	0.00124185
0.714286	1	0
0.755102	-1	0.00107076
0.755102	-0.959184	0.00213731
0.755102	-0.918367	0.00319546
0.755102	-0.877551	0.00424105
0.755102	-0.836735	0.00526998
0.755102	-0.795918	0.00627819
0.755102	-0.755102	0.00726172
0.755102	-0.714286	0.00821671
0.755102	-0.673469	0.00913939
0.755102	-0.632653	0.0100261
0.755102	-0.591837	0.0108734
0.755102	-0.55102	0.011678
0.755102	-0.510204	0.0124366
0.755102	-0.469388	0.0131462
0.755102	-0.428571	0.0138041
0.755102	-0.387755	0.0144077
0.755102	-0.346939	0.0149545
0.755102	-0.306122	0.0154424
0.755102	-0.265306	0.0158695
0.755102	-0.22449	0.0162341
0.755102	-0.183673	0.0165346
0.755102	-0.142857	0.01677
0.755102	-0.102041	0.0169392
0.755102	-0.0612245	0.0170417
0.755102	-0.0204082	0.0170768
0.755102	0.0204082	0.0170446
0.755102	0.0612245	0.0169451
0.755102	0.102041	0.0167787
0.755102	0.142857	0.016546
0.755102	0.183673	0.016248
0.755102	0.22449	0.0158857
0.755102	0.265306	0.0154606
0.755102	0.306122	0.0149745
0.755102	0.346939	0.0144291
0.755102	0.387755	0.0138266
0.755102	0.428571	0.0131694
0.755102	0.469388	0.0124602
0.755102	0.510204	0.0117016
0.755102	0.55102	0.0108967
0.755102	0.591837	0.0100486
0.755102	0.632653	0.0091608
0.755102	0.673469	0.00823669
0.755102	0.714286	0.00727996
0.755102	0.755102	0.00629439
0.755102	0.795918	0.00528389
0.755102	0.836735	0.00425245
0.755102	0.877551	0.00320417
0.755102	0.918367	0.00214319
0.755102	0.959184	0.00107372
0.755102	1	0
0.795918	-1	0.000898859
0.795918	-0.959184	0.00179419
0.795918	-0.918367	0.00268246
0.795918	-0.877551	0.0035602
0.795918	-0.836735	0.00442394
0.795918	-0.795918	0.00527029
0.795918	-0.755102	0.00609593
0.795918	-0.714286	0.0068976
0.795918	-0.673469	0.00767215
0.795918	-0.632653	0.00841653
0.795918	-0.591837	0.00912781
0.795918	-0.55102	0.00980318
0.795918	-0.510204	0.01044
0.795918	-0.469388	0.0110357
0.795918	-0.428571	0.011588
0.795918	-0.387755	0.0120947
0.795918	-0.346939	0.0125537
0.795918	-0.306122	0.0129633
0.795918	-0.265306	0.0133218
0.795918	-0.22449	0.0136278
0.795918	-0.183673	0.0138802
0.795918	-0.142857	0.0140777
0.795918	-0.102041	0.0142198
0.795918	-0.0612245	0.0143058
0.795918	-0.0204082	0.0143353
0.795918	0.0204082	0.0143083
0.795918	0.0612245	0.0142248
0.795918	0.102041	0.0140851
0.795918	0.142857	0.0138897
0.795918	0.183673	0.0136395
0.795918	0.22449	0.0133354
0.795918	0.265306	0.0129786
0.795918	0.306122	0.0125705
0.795918	0.346939	0.0121126
0.795918	0.387755	0.0116069
0.795918	0.428571	0.0110552
0.795918	0.469388	0.0104598
0.795918	0.510204	0.00982301
0.795918	0.55102	0.00914732
0.795918	0.591837	0.00843542
0.795918	0.632653	0.00769012
0.795918	0.673469	0.00691437
0.795918	0.714286	0.00611123
0.795918	0.755102	0.00528389
0.795918	0.795918	0.00443561
0.795918	0.836735	0.00356976
0.795918	0.877551	0.00268977
0.795918	0.918367	0.00179913
0.795918	0.959184	0.000901348
0.795918	1	0
0.836735	-1	0.000723398
0.836735	-0.959184	0.00144395
0.836735	-0.918367	0.00215883
0.836735	-0.877551	0.00286523
0.836735	-0.836735	0.00356037
0.836735	-0.795918	0.00424151
0.836735	-0.755102	0.00490598
0.836735	-0.714286	0.00555116
0.836735	-0.673469	0.00617452
0.836735	-0.632653	0.00677359
0.836735	-0.591837	0.00734603
0.836735	-0.55102	0.00788957
0.836735	-0.510204	0.00840206
0.836735	-0.469388	0.0088815
0.836735	-0.428571	0.00932597
0.836735	-0.387755	0.00973373
0.836735	-0.346939	0.0101032
0.836735	-0.306122	0.0104328
0.836735	-0.265306	0.0107213
0.836735	-0.22449	0.0109676
0.836735	-0.183673	0.0111707
0.836735	-0.142857	0.0113297
0.836735	-0.102041	0.0114441
0.836735	-0.0612245	0.0115132
0.836735	-0.0204082	0.011537
0.836735	0.0204082	0.0115153
0.836735	0.0612245	0.011448
0.836735	0.102041	0.0113356
0.836735	0.142857	0.0111784
0.836735	0.183673	0.010977
0.836735	0.22449	0.0107323
0.836735	0.265306	0.0104451
0.836735	0.306122	0.0101167
0.836735	0.346939	0.0097482
0.836735	0.387755	0.00934118
0.836735	0.428571	0.0088972
0.836735	0.469388	0.00841802
0.836735	0.510204	0.00790552
0.836735	0.55102	0.00736173
0.836735	0.591837	0.0067888
0.836735	0.632653	0.00618898
0.836735	0.673469	0.00556466
0.836735	0.714286	0.0049183
0.836735	0.755102	0.00425245
0.836735	0.795918	0.00356976
0.836735	0.836735	0.00287293
0.836735	0.877551	0.00216472
0.836735	0.918367	0.00144793
0.836735	0.959184	0.000725402
0.836735	1	0
0.877551	-1	0.000545072
0.877551	-0.959184	0.001088
0.877551	-0.918367	0.00162666
0.877551	-0.877551	0.00215892
0.877551	-0.836735	0.00268269
0.877551	-0.795918	0.00319593
0.877551	-0.755102	0.00369659
0.877551	-0.714286	0.00418273
0.877551	-0.673469	0.00465242
0.877551	-0.632653	0.00510382
0.877551	-0.591837	0.00553514
0.877551	-0.55102	0.00594469
0.877551	-0.510204	0.00633085
0.877551	-0.469388	0.0066921
0.877551	-0.428571	0.00702701
0.877551	-0.387755	0.00733425
0.877551	-0.346939	0.00761261
0.877551	-0.306122	0.00786099
0.877551	-0.265306	0.0080784
0.877551	-0.22449	0.00826398
0.877551	-0.183673	0.00841698
0.877551	-0.142857	0.0085368
0.877551	-0.102041	0.00862295
0.877551	-0.0612245	0.00867509
0.877551	-0.0204082	0.008693
0.877551	0.0204082	0.0086766
0.877551	0.0612245	0.00862595
0.877551	0.102041	0.00854123
0.877551	0.142857	0.00842278
0.877551	0.183673	0.00827106
0.877551	0.22449	0.00808665
0.877551	0.265306	0.00787027
0.877551	0.306122	0.00762278
0.877551	0.346939	0.00734515
0.877551	0.387755	0.00703846
0.877551	0.428571	0.00670393
0.877551	0.469388	0.00634287
0.877551	0.510204	0.00595671
0.877551	0.55102	0.00554697
0.877551	0.591837	0.00511527
0.877551	0.632653	0.00466332
0.877551	0.673469	0.0041929
0.877551	0.714286	0.00370588
0.877551	0.755102	0.00320417
0.877551	0.795918	0.00268977
0.877551	0.836735	0.00216472
0.877551	0.877551	0.00163109
0.877551	0.918367	0.001091
0.877551	0.959184	0.000546581
0.877551	1	0
0.918367	-1	0.000364585
0.918367	-0.959184	0.000727738
0.918367	-0.918367	0.00108803
0.918367	-0.877551	0.00144405
0.918367	-0.836735	0.00179439
0.918367	-0.795918	0.00213768
0.918367	-0.755102	0.00247256
0.918367	-0.714286	0.00279773
0.918367	-0.673469	0.00311189
0.918367	-0.632653	0.00341382
0.918367	-0.591837	0.00370232
0.918367	-0.55102	0.00397626
0.918367	-0.510204	0.00423455
0.918367	-0.469388	0.00447618
0.918367	-0.428571	0.0047002
0.918367	-0.387755	0.0049057
0.918367	-0.346939	0.00509189
0.918367	-0.306122	0.00525803
0.918367	-0.265306	0.00540345
0.918367	-0.22449	0.00552758
0.918367	-0.183673	0.00562992
0.918367	-0.142857	0.00571006
0.918367	-0.102041	0.00576769
0.918367	-0.0612245	0.00580256
0.918367	-0.0204082	0.00581454
0.918367	0.0204082	0.00580357
0.918367	0.0612245	0.00576969
0.918367	0.102041	0.00571303
0.918367	0.142857	0.0056338
0.918367	0.183673	0.00553231
0.918367	0.22449	0.00540896
0.918367	0.265306	0.00526424
0.918367	0.306122	0.0050987
0.918367	0.346939	0.00491299
0.918367	0.387755	0.00470786
0.918367	0.428571	0.0044841
0.918367	0.469388	0.0042426
0.918367	0.510204	0.0039843
0.918367	0.55102	0.00371024
0.918367	0.591837	0.00342148
0.918367	0.632653	0.00311918
0.918367	0.673469	0.00280453
0.918367	0.714286	0.00247877
0.918367	0.755102	0.00214319
0.918367	0.795918	0.00179913
0.918367	0.836735	0.00144793
0.918367	0.877551	0.001091
0.918367	0.918367	0.000729742
0.918367	0.959184	0.000365595
0.918367	1	0
0.959184	-1	0.000182655
0.959184	-0.959184	0.000364591
0.959184	-0.918367	0.000545095
0.959184	-0.877551	0.000723457
0.959184	-0.836735	0.000898976
0.959184	-0.795918	0.00107096
0.959184	-0.755102	0.00123874
0.959184	-0.714286	0.00140164
0.959184	-0.673469	0.00155904
0.959184	-0.632653	0.0017103
0.959184	-0.591837	0.00185484
0.959184	-0.55102	0.00199208
0.959184	-0.510204	0.00212148
0.959184	-0.469388	0.00224254
0.959184	-0.428571	0.00235476
0.959184	-0.387755	0.00245772
0.959184	-0.346939	0.002551
0.959184	-0.306122	0.00263423
0.959184	-0.265306	0.00270709
0.959184	-0.22449	0.00276928
0.959184	-0.183673	0.00282055
0.959184	-0.142857	0.0028607
0.959184	-0.102041	0.00288957
0.959184	-0.0612245	0.00290704
0.959184	-0.0204082	0.00291304
0.959184	0.0204082	0.00290755
0.959184	0.0612245	0.00289057
0.959184	0.102041	0.00286218
0.959184	0.142857	0.00282249
0.959184	0.183673	0.00277165
0.959184	0.22449	0.00270985
0.959184	0.265306	0.00263734
0.959184	0.306122	0.00255441
0.959184	0.346939	0.00246137
0.959184	0.387755	0.0023586
0.959184	0.428571	0.0022465
0.959184	0.469388	0.00212551
0.959184	0.510204	0.00199611
0.959184	0.55102	0.0018588
0.959184	0.591837	0.00171414
0.959184	0.632653	0.00156269
0.959184	0.673469	0.00140505
0.959184	0.714286	0.00124185
0.959184	0.755102	0.00107372
0.959184	0.795918	0.000901348
0.959184	0.836735	0.000725402
0.959184	0.877551	0.000546581
0.959184	0.918367	0.000365595
0.959184	0.959184	0.00018316
0.959184	1	0
1	-1	0
1	-0.959184	0
1	-0.918367	0
1	-0.877551	0
1	-0.836735	0
1	-0.795918	0
1	-0.755102	0
1	-0.714286	0
1	-0.673469	0
1	-0.632653	0
1	-0.591837	0
1	-0.55102	0
1	-0.510204	0
1	-0.469388	0
1	-0.428571	0
1	-0.387755	0
1	-0.346939	0
1	-0.306122	0
1	-0.265306	0
1	-0.22449	0
1	-0.183673	0
1	-0.142857	0
1	-0.102041	0
1	-0.0612245	0
1	-0.0204082	0
1	0.0204082	0
1	0.0612245	0
1	0.102041	0
1	0.142857	0
1	0.183673	0
1	0.22449	0
1	0.265306	0
1	0.306122	0
1	0.346939	0
1	0.387755	0
1	0.428571	0
1	0.469388	0
1	0.510204	0
1	0.55102	0
1	0.591837	0
1	0.632653	0
1	0.673469	0
1	0.714286	0
1	0.755102	0
1	0.795918	0
1	0.836735	0
1	0.877551	0
1	0.918367	0
1	0.959184	0
1	1	0
