-1	-1	0.000368664
-1	-0.959184	0.000735895
-1	-0.918367	0.00110026
-1	-0.877551	0.00146035
-1	-0.836735	0.00181475
-1	-0.795918	0.00216208
-1	-0.755102	0.002501
-1	-0.714286	0.00283016
-1	-0.673469	0.0031483
-1	-0.632653	0.00345415
-1	-0.591837	0.00374652
-1	-0.55102	0.00402425
-1	-0.510204	0.00428626
-1	-0.469388	0.0045315
-1	-0.428571	0.00475901
-1	-0.387755	0.00496787
-1	-0.346939	0.00515725
-1	-0.306122	0.0053264
-1	-0.265306	0.00547463
-1	-0.22449	0.00560134
-1	-0.183673	0.00570602
-1	-0.142857	0.00578824
-1	-0.102041	0.00584765
-1	-0.0612245	0.005884
-1	-0.0204082	0.00589713
-1	0.0204082	0.00588697
-1	0.0612245	0.00585355
-1	0.102041	0.00579697
-1	0.142857	0.00571745
-1	0.183673	0.00561528
-1	0.22449	0.00549086
-1	0.265306	0.00534467
-1	0.306122	0.00517727
-1	0.346939	0.00498932
-1	0.387755	0.00478156
-1	0.428571	0.0045548
-1	0.469388	0.00430993
-1	0.510204	0.00404792
-1	0.55102	0.00376981
-1	0.591837	0.0034767
-1	0.632653	0.00316975
-1	0.673469	0.00285019
-1	0.714286	0.00251927
-1	0.755102	0.00217832
-1	0.795918	0.00182869
-1	0.836735	0.00147177
-1	0.877551	0.00110899
-1	0.918367	0.000741792
-1	0.959184	0.000371637
-1	1	0
-0.959184	-1	0.000735895
-0.959184	-0.959184	0.00146893
-0.959184	-0.918367	0.00219624
-0.959184	-0.877551	0.00291501
-0.959184	-0.836735	0.00362244
-0.959184	-0.795918	0.00431576
-0.959184	-0.755102	0.00499226
-0.959184	-0.714286	0.00564932
-0.959184	-0.673469	0.00628435
-0.959184	-0.632653	0.00689486
-0.959184	-0.591837	0.00747846
-0.959184	-0.55102	0.00803285
-0.959184	-0.510204	0.00855585
-0.959184	-0.469388	0.00904538
-0.959184	-0.428571	0.0094995
-0.959184	-0.387755	0.00991641
-0.959184	-0.346939	0.0102944
-0.959184	-0.306122	0.0106321
-0.959184	-0.265306	0.010928
-0.959184	-0.22449	0.0111809
-0.959184	-0.183673	0.0113898
-0.959184	-0.142857	0.011554
-0.959184	-0.102041	0.0116725
-0.959184	-0.0612245	0.0117451
-0.959184	-0.0204082	0.0117713
-0.959184	0.0204082	0.011751
-0.959184	0.0612245	0.0116843
-0.959184	0.102041	0.0115714
-0.959184	0.142857	0.0114127
-0.959184	0.183673	0.0112087
-0.959184	0.22449	0.0109604
-0.959184	0.265306	0.0106685
-0.959184	0.306122	0.0103344
-0.959184	0.346939	0.00995924
-0.959184	0.387755	0.00954452
-0.959184	0.428571	0.00909187
-0.959184	0.469388	0.00860309
-0.959184	0.510204	0.0080801
-0.959184	0.55102	0.00752496
-0.959184	0.591837	0.00693988
-0.959184	0.632653	0.00632718
-0.959184	0.673469	0.00568928
-0.959184	0.714286	0.00502874
-0.959184	0.755102	0.00434816
-0.959184	0.795918	0.00365026
-0.959184	0.836735	0.00293782
-0.959184	0.877551	0.00221367
-0.959184	0.918367	0.0014807
-0.959184	0.959184	0.000741827
-0.959184	1	0
-0.918367	-1	0.00110026
-0.918367	-0.959184	0.00219624
-0.918367	-0.918367	0.00328368
-0.918367	-0.877551	0.00435834
-0.918367	-0.836735	0.00541603
-0.918367	-0.795918	0.00645264
-0.918367	-0.755102	0.00746411
-0.918367	-0.714286	0.00844649
-0.918367	-0.673469	0.00939595
-0.918367	-0.632653	0.0103087
-0.918367	-0.591837	0.0111813
-0.918367	-0.55102	0.0120102
-0.918367	-0.510204	0.0127921
-0.918367	-0.469388	0.0135241
-0.918367	-0.428571	0.014203
-0.918367	-0.387755	0.0148264
-0.918367	-0.346939	0.0153916
-0.918367	-0.306122	0.0158964
-0.918367	-0.265306	0.0163388
-0.918367	-0.22449	0.0167169
-0.918367	-0.183673	0.0170294
-0.918367	-0.142857	0.0172747
-0.918367	-0.102041	0.017452
-0.918367	-0.0612245	0.0175605
-0.918367	-0.0204082	0.0175997
-0.918367	0.0204082	0.0175694
-0.918367	0.0612245	0.0174696
-0.918367	0.102041	0.0173008
-0.918367	0.142857	0.0170635
-0.918367	0.183673	0.0167585
-0.918367	0.22449	0.0163872
-0.918367	0.265306	0.0159509
-0.918367	0.306122	0.0154513
-0.918367	0.346939	0.0148904
-0.918367	0.387755	0.0142703
-0.918367	0.428571	0.0135936
-0.918367	0.469388	0.0128628
-0.918367	0.510204	0.0120808
-0.918367	0.55102	0.0112508
-0.918367	0.591837	0.0103761
-0.918367	0.632653	0.00945998
-0.918367	0.673469	0.00850625
-0.918367	0.714286	0.00751864
-0.918367	0.755102	0.00650108
-0.918367	0.795918	0.00545763
-0.918367	0.836735	0.00439243
-0.918367	0.877551	0.00330973
-0.918367	0.918367	0.00221384
-0.918367	0.959184	0.00110913
-0.918367	1	0
-0.877551	-1	0.00146035
-0.877551	-0.959184	0.00291501
-0.877551	-0.918367	0.00435834
-0.877551	-0.877551	0.0057847
-0.877551	-0.836735	0.00718855
-0.877551	-0.795918	0.00856441
-0.877551	-0.755102	0.0099069
-0.877551	-0.714286	0.0112108
-0.877551	-0.673469	0.012471
-0.877551	-0.632653	0.0136825
-0.877551	-0.591837	0.0148406
-0.877551	-0.55102	0.0159408
-0.877551	-0.510204	0.0169787
-0.877551	-0.469388	0.0179501
-0.877551	-0.428571	0.0188513
-0.877551	-0.387755	0.0196786
-0.877551	-0.346939	0.0204288
-0.877551	-0.306122	0.0210988
-0.877551	-0.265306	0.021686
-0.877551	-0.22449	0.0221879
-0.877551	-0.183673	0.0226026
-0.877551	-0.142857	0.0229283
-0.877551	-0.102041	0.0231636
-0.877551	-0.0612245	0.0233076
-0.877551	-0.0204082	0.0233596
-0.877551	0.0204082	0.0233194
-0.877551	0.0612245	0.023187
-0.877551	0.102041	0.0229628
-0.877551	0.142857	0.0226478
-0.877551	0.183673	0.0222432
-0.877551	0.22449	0.0217503
-0.877551	0.265306	0.0211712
-0.877551	0.306122	0.0205081
-0.877551	0.346939	0.0197636
-0.877551	0.387755	0.0189406
-0.877551	0.428571	0.0180424
-0.877551	0.469388	0.0170724
-0.877551	0.510204	0.0160346
-0.877551	0.55102	0.0149329
-0.877551	0.591837	0.0137719
-0.877551	0.632653	0.012556
-0.877551	0.673469	0.0112901
-0.877551	0.714286	0.00997928
-0.877551	0.755102	0.00862871
-0.877551	0.795918	0.00724376
-0.877551	0.836735	0.00582995
-0.877551	0.877551	0.00439292
-0.877551	0.918367	0.00293837
-0.877551	0.959184	0.00147212
-0.877551	1	0
-0.836735	-1	0.00181475
-0.836735	-0.959184	0.00362244
-0.836735	-0.918367	0.00541603
-0.836735	-0.877551	0.00718855
-0.836735	-0.836735	0.00893309
-0.836735	-0.795918	0.0106428
-0.836735	-0.755102	0.0123111
-0.836735	-0.714286	0.0139315
-0.836735	-0.673469	0.0154975
-0.836735	-0.632653	0.017003
-0.836735	-0.591837	0.0184422
-0.836735	-0.55102	0.0198094
-0.836735	-0.510204	0.0210991
-0.836735	-0.469388	0.0223063
-0.836735	-0.428571	0.0234262
-0.836735	-0.387755	0.0244543
-0.836735	-0.346939	0.0253865
-0.836735	-0.306122	0.0262192
-0.836735	-0.265306	0.0269488
-0.836735	-0.22449	0.0275726
-0.836735	-0.183673	0.0280879
-0.836735	-0.142857	0.0284926
-0.836735	-0.102041	0.028785
-0.836735	-0.0612245	0.028964
-0.836735	-0.0204082	0.0290286
-0.836735	0.0204082	0.0289786
-0.836735	0.0612245	0.028814
-0.836735	0.102041	0.0285355
-0.836735	0.142857	0.0281441
-0.836735	0.183673	0.0276412
-0.836735	0.22449	0.0270287
-0.836735	0.265306	0.0263091
-0.836735	0.306122	0.0254851
-0.836735	0.346939	0.0245599
-0.836735	0.387755	0.0235372
-0.836735	0.428571	0.022421
-0.836735	0.469388	0.0212156
-0.836735	0.510204	0.0199259
-0.836735	0.55102	0.0185569
-0.836735	0.591837	0.017114
-0.836735	0.632653	0.0156031
-0.836735	0.673469	0.01403
-0.836735	0.714286	0.0124011
-0.836735	0.755102	0.0107227
-0.836735	0.795918	0.0090017
-0.836735	0.836735	0.00724478
-0.836735	0.877551	0.005459
-0.836735	0.918367	0.00365147
-0.836735	0.959184	0.00182938
-0.836735	1	0
-0.795918	-1	0.00216208
-0.795918	-0.959184	0.00431576
-0.795918	-0.918367	0.00645264
-0.795918	-0.877551	0.00856441
-0.795918	-0.836735	0.0106428
-0.795918	-0.795918	0.0126798
-0.795918	-0.755102	0.0146674
-0.795918	-0.714286	0.0165979
-0.795918	-0.673469	0.0184636
-0.795918	-0.632653	0.0202573
-0.795918	-0.591837	0.021972
-0.795918	-0.55102	0.0236008
-0.795918	-0.510204	0.0251374
-0.795918	-0.469388	0.0265756
-0.795918	-0.428571	0.0279098
-0.795918	-0.387755	0.0291347
-0.795918	-0.346939	0.0302454
-0.795918	-0.306122	0.0312374
-0.795918	-0.265306	0.0321067
-0.795918	-0.22449	0.0328498
-0.795918	-0.183673	0.0334638
-0.795918	-0.142857	0.0339459
-0.795918	-0.102041	0.0342943
-0.795918	-0.0612245	0.0345075
-0.795918	-0.0204082	0.0345845
-0.795918	0.0204082	0.034525
-0.795918	0.0612245	0.0343289
-0.795918	0.102041	0.0339971
-0.795918	0.142857	0.0335308
-0.795918	0.183673	0.0329316
-0.795918	0.22449	0.0322019
-0.795918	0.265306	0.0313446
-0.795918	0.306122	0.0303628
-0.795918	0.346939	0.0292606
-0.795918	0.387755	0.0280421
-0.795918	0.428571	0.0267122
-0.795918	0.469388	0.0252762
-0.795918	0.510204	0.0237396
-0.795918	0.55102	0.0221086
-0.795918	0.591837	0.0203896
-0.795918	0.632653	0.0185895
-0.795918	0.673469	0.0167153
-0.795918	0.714286	0.0147746
-0.795918	0.755102	0.012775
-0.795918	0.795918	0.0107246
-0.795918	0.836735	0.0086314
-0.795918	0.877551	0.00650383
-0.795918	0.918367	0.00435034
-0.795918	0.959184	0.00217951
-0.795918	1	0
-0.755102	-1	0.002501
-0.755102	-0.959184	0.00499226
-0.755102	-0.918367	0.00746411
-0.755102	-0.877551	0.0099069
-0.755102	-0.836735	0.0123111
-0.755102	-0.795918	0.0146674
-0.755102	-0.755102	0.0169666
-0.755102	-0.714286	0.0191997
-0.755102	-0.673469	0.0213579
-0.755102	-0.632653	0.0234327
-0.755102	-0.591837	0.0254162
-0.755102	-0.55102	0.0273003
-0.755102	-0.510204	0.0290777
-0.755102	-0.469388	0.0307414
-0.755102	-0.428571	0.0322848
-0.755102	-0.387755	0.0337017
-0.755102	-0.346939	0.0349865
-0.755102	-0.306122	0.036134
-0.755102	-0.265306	0.0371395
-0.755102	-0.22449	0.0379992
-0.755102	-0.183673	0.0387093
-0.755102	-0.142857	0.0392671
-0.755102	-0.102041	0.0396701
-0.755102	-0.0612245	0.0399167
-0.755102	-0.0204082	0.0400058
-0.755102	0.0204082	0.0399369
-0.755102	0.0612245	0.0397101
-0.755102	0.102041	0.0393263
-0.755102	0.142857	0.0387868
-0.755102	0.183673	0.0380937
-0.755102	0.22449	0.0372497
-0.755102	0.265306	0.0362579
-0.755102	0.306122	0.0351223
-0.755102	0.346939	0.0338473
-0.755102	0.387755	0.0324378
-0.755102	0.428571	0.0308995
-0.755102	0.469388	0.0292383
-0.755102	0.510204	0.0274609
-0.755102	0.55102	0.0255742
-0.755102	0.591837	0.0235857
-0.755102	0.632653	0.0215034
-0.755102	0.673469	0.0193355
-0.755102	0.714286	0.0170906
-0.755102	0.755102	0.0147776
-0.755102	0.795918	0.0124057
-0.755102	0.836735	0.00998441
-0.755102	0.877551	0.00752333
-0.755102	0.918367	0.00503227
-0.755102	0.959184	0.00252116
-0.755102	1	0
-0.714286	-1	0.00283016
-0.714286	-0.959184	0.00564932
-0.714286	-0.918367	0.00844649
-0.714286	-0.877551	0.0112108
-0.714286	-0.836735	0.0139315
-0.714286	-0.795918	0.0165979
-0.714286	-0.755102	0.0191997
-0.714286	-0.714286	0.0217266
-0.714286	-0.673469	0.0241689
-0.714286	-0.632653	0.0265168
-0.714286	-0.591837	0.0287613
-0.714286	-0.55102	0.0308934
-0.714286	-0.510204	0.0329048
-0.714286	-0.469388	0.0347875
-0.714286	-0.428571	0.036534
-0.714286	-0.387755	0.0381373
-0.714286	-0.346939	0.0395912
-0.714286	-0.306122	0.0408897
-0.714286	-0.265306	0.0420276
-0.714286	-0.22449	0.0430004
-0.714286	-0.183673	0.043804
-0.714286	-0.142857	0.0444352
-0.714286	-0.102041	0.0448913
-0.714286	-0.0612245	0.0451703
-0.714286	-0.0204082	0.0452711
-0.714286	0.0204082	0.0451931
-0.714286	0.0612245	0.0449365
-0.714286	0.102041	0.0445022
-0.714286	0.142857	0.0438917
-0.714286	0.183673	0.0431074
-0.714286	0.22449	0.0421523
-0.714286	0.265306	0.04103
-0.714286	0.306122	0.0397449
-0.714286	0.346939	0.0383021
-0.714286	0.387755	0.0367071
-0.714286	0.428571	0.0349663
-0.714286	0.469388	0.0330865
-0.714286	0.510204	0.0310751
-0.714286	0.55102	0.0289401
-0.714286	0.591837	0.02669
-0.714286	0.632653	0.0243336
-0.714286	0.673469	0.0218803
-0.714286	0.714286	0.0193399
-0.714286	0.755102	0.0167225
-0.714286	0.795918	0.0140385
-0.714286	0.836735	0.0112985
-0.714286	0.877551	0.00851351
-0.714286	0.918367	0.00569459
-0.714286	0.959184	0.00285298
-0.714286	1	0
-0.673469	-1	0.0031483
-0.673469	-0.959184	0.00628435
-0.673469	-0.918367	0.00939595
-0.673469	-0.877551	0.012471
-0.673469	-0.836735	0.0154975
-0.673469	-0.795918	0.0184636
-0.673469	-0.755102	0.0213579
-0.673469	-0.714286	0.0241689
-0.673469	-0.673469	0.0268856
-0.673469	-0.632653	0.0294975
-0.673469	-0.591837	0.0319943
-0.673469	-0.55102	0.0343661
-0.673469	-0.510204	0.0366036
-0.673469	-0.469388	0.0386978
-0.673469	-0.428571	0.0406407
-0.673469	-0.387755	0.0424243
-0.673469	-0.346939	0.0440416
-0.673469	-0.306122	0.045486
-0.673469	-0.265306	0.0467519
-0.673469	-0.22449	0.047834
-0.673469	-0.183673	0.0487279
-0.673469	-0.142857	0.04943
-0.673469	-0.102041	0.0499374
-0.673469	-0.0612245	0.0502478
-0.673469	-0.0204082	0.05036
-0.673469	0.0204082	0.0502732
-0.673469	0.0612245	0.0499878
-0.673469	0.102041	0.0495046
-0.673469	0.142857	0.0488255
-0.673469	0.183673	0.047953
-0.673469	0.22449	0.0468905
-0.673469	0.265306	0.0456421
-0.673469	0.306122	0.0442126
-0.673469	0.346939	0.0426075
-0.673469	0.387755	0.0408333
-0.673469	0.428571	0.0388968
-0.673469	0.469388	0.0368057
-0.673469	0.510204	0.0345682
-0.673469	0.55102	0.0321932
-0.673469	0.591837	0.0296901
-0.673469	0.632653	0.0270689
-0.673469	0.673469	0.0243398
-0.673469	0.714286	0.0215139
-0.673469	0.755102	0.0186023
-0.673469	0.795918	0.0156165
-0.673469	0.836735	0.0125685
-0.673469	0.877551	0.00947049
-0.673469	0.918367	0.00633471
-0.673469	0.959184	0.00317368
-0.673469	1	0
-0.632653	-1	0.00345415
-0.632653	-0.959184	0.00689486
-0.632653	-0.918367	0.0103087
-0.632653	-0.877551	0.0136825
-0.632653	-0.836735	0.017003
-0.632653	-0.795918	0.0202573
-0.632653	-0.755102	0.0234327
-0.632653	-0.714286	0.0265168
-0.632653	-0.673469	0.0294975
-0.632653	-0.632653	0.0323632
-0.632653	-0.591837	0.0351025
-0.632653	-0.55102	0.0377047
-0.632653	-0.510204	0.0401595
-0.632653	-0.469388	0.0424573
-0.632653	-0.428571	0.0445888
-0.632653	-0.387755	0.0465457
-0.632653	-0.346939	0.0483201
-0.632653	-0.306122	0.0499049
-0.632653	-0.265306	0.0512938
-0.632653	-0.22449	0.052481
-0.632653	-0.183673	0.0534618
-0.632653	-0.142857	0.0542321
-0.632653	-0.102041	0.0547887
-0.632653	-0.0612245	0.0551293
-0.632653	-0.0204082	0.0552523
-0.632653	0.0204082	0.0551572
-0.632653	0.0612245	0.054844
-0.632653	0.102041	0.0543139
-0.632653	0.142857	0.0535688
-0.632653	0.183673	0.0526116
-0.632653	0.22449	0.0514459
-0.632653	0.265306	0.0500761
-0.632653	0.306122	0.0485077
-0.632653	0.346939	0.0467468
-0.632653	0.387755	0.0448002
-0.632653	0.428571	0.0426755
-0.632653	0.469388	0.0403813
-0.632653	0.510204	0.0379264
-0.632653	0.55102	0.0353207
-0.632653	0.591837	0.0325745
-0.632653	0.632653	0.0296986
-0.632653	0.673469	0.0267044
-0.632653	0.714286	0.0236039
-0.632653	0.755102	0.0204094
-0.632653	0.795918	0.0171336
-0.632653	0.836735	0.0137896
-0.632653	0.877551	0.0103905
-0.632653	0.918367	0.00695012
-0.632653	0.959184	0.003482
-0.632653	1	0
-0.591837	-1	0.00374652
-0.591837	-0.959184	0.00747846
-0.591837	-0.918367	0.0111813
-0.591837	-0.877551	0.0148406
-0.591837	-0.836735	0.0184422
-0.591837	-0.795918	0.021972
-0.591837	-0.755102	0.0254162
-0.591837	-0.714286	0.0287613
-0.591837	-0.673469	0.0319943
-0.591837	-0.632653	0.0351025
-0.591837	-0.591837	0.0380737
-0.591837	-0.55102	0.0408961
-0.591837	-0.510204	0.0435587
-0.591837	-0.469388	0.046051
-0.591837	-0.428571	0.048363
-0.591837	-0.387755	0.0504855
-0.591837	-0.346939	0.0524101
-0.591837	-0.306122	0.054129
-0.591837	-0.265306	0.0556354
-0.591837	-0.22449	0.0569231
-0.591837	-0.183673	0.0579869
-0.591837	-0.142857	0.0588224
-0.591837	-0.102041	0.0594262
-0.591837	-0.0612245	0.0597956
-0.591837	-0.0204082	0.0599291
-0.591837	0.0204082	0.0598258
-0.591837	0.0612245	0.0594861
-0.591837	0.102041	0.0589112
-0.591837	0.142857	0.058103
-0.591837	0.183673	0.0570648
-0.591837	0.22449	0.0558004
-0.591837	0.265306	0.0543147
-0.591837	0.306122	0.0526136
-0.591837	0.346939	0.0507036
-0.591837	0.387755	0.0485922
-0.591837	0.428571	0.0462877
-0.591837	0.469388	0.0437993
-0.591837	0.510204	0.0411366
-0.591837	0.55102	0.0383104
-0.591837	0.591837	0.0353317
-0.591837	0.632653	0.0322123
-0.591837	0.673469	0.0289648
-0.591837	0.714286	0.0256018
-0.591837	0.755102	0.0221369
-0.591837	0.795918	0.0185839
-0.591837	0.836735	0.0149567
-0.591837	0.877551	0.01127
-0.591837	0.918367	0.00753839
-0.591837	0.959184	0.00377672
-0.591837	1	0
-0.55102	-1	0.00402425
-0.55102	-0.959184	0.00803285
-0.55102	-0.918367	0.0120102
-0.55102	-0.877551	0.0159408
-0.55102	-0.836735	0.0198094
-0.55102	-0.795918	0.0236008
-0.55102	-0.755102	0.0273003
-0.55102	-0.714286	0.0308934
-0.55102	-0.673469	0.0343661
-0.55102	-0.632653	0.0377047
-0.55102	-0.591837	0.0408961
-0.55102	-0.55102	0.0439278
-0.55102	-0.510204	0.0467878
-0.55102	-0.469388	0.0494648
-0.55102	-0.428571	0.0519482
-0.55102	-0.387755	0.0542281
-0.55102	-0.346939	0.0562953
-0.55102	-0.306122	0.0581417
-0.55102	-0.265306	0.0597598
-0.55102	-0.22449	0.0611429
-0.55102	-0.183673	0.0622856
-0.55102	-0.142857	0.0631831
-0.55102	-0.102041	0.0638316
-0.55102	-0.0612245	0.0642284
-0.55102	-0.0204082	0.0643717
-0.55102	0.0204082	0.0642608
-0.55102	0.0612245	0.0638959
-0.55102	0.102041	0.0632783
-0.55102	0.142857	0.0624103
-0.55102	0.183673	0.0612951
-0.55102	0.22449	0.059937
-0.55102	0.265306	0.0583412
-0.55102	0.306122	0.0565139
-0.55102	0.346939	0.0544623
-0.55102	0.387755	0.0521944
-0.55102	0.428571	0.0497191
-0.55102	0.469388	0.0470462
-0.55102	0.510204	0.0441862
-0.55102	0.55102	0.0411504
-0.55102	0.591837	0.0379509
-0.55102	0.632653	0.0346003
-0.55102	0.673469	0.031112
-0.55102	0.714286	0.0274997
-0.55102	0.755102	0.023778
-0.55102	0.795918	0.0199615
-0.55102	0.836735	0.0160655
-0.55102	0.877551	0.0121055
-0.55102	0.918367	0.00809723
-0.55102	0.959184	0.0040567
-0.55102	1	0
-0.510204	-1	0.00428626
-0.510204	-0.959184	0.00855585
-0.510204	-0.918367	0.0127921
-0.510204	-0.877551	0.0169787
-0.510204	-0.836735	0.0210991
-0.510204	-0.795918	0.0251374
-0.510204	-0.755102	0.0290777
-0.510204	-0.714286	0.0329048
-0.510204	-0.673469	0.0366036
-0.510204	-0.632653	0.0401595
-0.510204	-0.591837	0.0435587
-0.510204	-0.55102	0.0467878
-0.510204	-0.510204	0.049834
-0.510204	-0.469388	0.0526853
-0.510204	-0.428571	0.0553304
-0.510204	-0.387755	0.0577587
-0.510204	-0.346939	0.0599606
-0.510204	-0.306122	0.0619271
-0.510204	-0.265306	0.0636505
-0.510204	-0.22449	0.0651238
-0.510204	-0.183673	0.0663408
-0.510204	-0.142857	0.0672967
-0.510204	-0.102041	0.0679874
-0.510204	-0.0612245	0.0684101
-0.510204	-0.0204082	0.0685628
-0.510204	0.0204082	0.0684446
-0.510204	0.0612245	0.068056
-0.510204	0.102041	0.0673982
-0.510204	0.142857	0.0664737
-0.510204	0.183673	0.0652858
-0.510204	0.22449	0.0638393
-0.510204	0.265306	0.0621396
-0.510204	0.306122	0.0601933
-0.510204	0.346939	0.0580082
-0.510204	0.387755	0.0555926
-0.510204	0.428571	0.0529562
-0.510204	0.469388	0.0501092
-0.510204	0.510204	0.047063
-0.510204	0.55102	0.0438296
-0.510204	0.591837	0.0404217
-0.510204	0.632653	0.036853
-0.510204	0.673469	0.0331376
-0.510204	0.714286	0.0292902
-0.510204	0.755102	0.0253261
-0.510204	0.795918	0.0212611
-0.510204	0.836735	0.0171115
-0.510204	0.877551	0.0128936
-0.510204	0.918367	0.00862441
-0.510204	0.959184	0.00432082
-0.510204	1	0
-0.469388	-1	0.0045315
-0.469388	-0.959184	0.00904538
-0.469388	-0.918367	0.0135241
-0.469388	-0.877551	0.0179501
-0.469388	-0.836735	0.0223063
-0.469388	-0.795918	0.0265756
-0.469388	-0.755102	0.0307414
-0.469388	-0.714286	0.0347875
-0.469388	-0.673469	0.0386978
-0.469388	-0.632653	0.0424573
-0.469388	-0.591837	0.046051
-0.469388	-0.55102	0.0494648
-0.469388	-0.510204	0.0526853
-0.469388	-0.469388	0.0556998
-0.469388	-0.428571	0.0584962
-0.469388	-0.387755	0.0610634
-0.469388	-0.346939	0.0633912
-0.469388	-0.306122	0.0654704
-0.469388	-0.265306	0.0672924
-0.469388	-0.22449	0.0688499
-0.469388	-0.183673	0.0701366
-0.469388	-0.142857	0.0711471
-0.469388	-0.102041	0.0718774
-0.469388	-0.0612245	0.0723242
-0.469388	-0.0204082	0.0724856
-0.469388	0.0204082	0.0723607
-0.469388	0.0612245	0.0719499
-0.469388	0.102041	0.0712544
-0.469388	0.142857	0.070277
-0.469388	0.183673	0.0690212
-0.469388	0.22449	0.0674919
-0.469388	0.265306	0.0656949
-0.469388	0.306122	0.0636373
-0.469388	0.346939	0.0613271
-0.469388	0.387755	0.0587734
-0.469388	0.428571	0.0559861
-0.469388	0.469388	0.0529762
-0.469388	0.510204	0.0497557
-0.469388	0.55102	0.0463373
-0.469388	0.591837	0.0427345
-0.469388	0.632653	0.0389616
-0.469388	0.673469	0.0350336
-0.469388	0.714286	0.030966
-0.469388	0.755102	0.0267752
-0.469388	0.795918	0.0224776
-0.469388	0.836735	0.0180905
-0.469388	0.877551	0.0136314
-0.469388	0.918367	0.00911787
-0.469388	0.959184	0.00456804
-0.469388	1	0
-0.428571	-1	0.00475901
-0.428571	-0.959184	0.0094995
-0.428571	-0.918367	0.014203
-0.428571	-0.877551	0.0188513
-0.428571	-0.836735	0.0234262
-0.428571	-0.795918	0.0279098
-0.428571	-0.755102	0.0322848
-0.428571	-0.714286	0.036534
-0.428571	-0.673469	0.0406407
-0.428571	-0.632653	0.0445888
-0.428571	-0.591837	0.048363
-0.428571	-0.55102	0.0519482
-0.428571	-0.510204	0.0553304
-0.428571	-0.469388	0.0584962
-0.428571	-0.428571	0.061433
-0.428571	-0.387755	0.0641291
-0.428571	-0.346939	0.0665738
-0.428571	-0.306122	0.0687573
-0.428571	-0.265306	0.0706708
-0.428571	-0.22449	0.0723065
-0.428571	-0.183673	0.0736578
-0.428571	-0.142857	0.0747191
-0.428571	-0.102041	0.075486
-0.428571	-0.0612245	0.0759552
-0.428571	-0.0204082	0.0761247
-0.428571	0.0204082	0.0759936
-0.428571	0.0612245	0.0755621
-0.428571	0.102041	0.0748318
-0.428571	0.142857	0.0738052
-0.428571	0.183673	0.0724864
-0.428571	0.22449	0.0708803
-0.428571	0.265306	0.0689931
-0.428571	0.306122	0.0668323
-0.428571	0.346939	0.0644061
-0.428571	0.387755	0.0617241
-0.428571	0.428571	0.0587968
-0.428571	0.469388	0.0556359
-0.428571	0.510204	0.0522537
-0.428571	0.55102	0.0486637
-0.428571	0.591837	0.04488
-0.428571	0.632653	0.0409176
-0.428571	0.673469	0.0367924
-0.428571	0.714286	0.0325207
-0.428571	0.755102	0.0281194
-0.428571	0.795918	0.0236061
-0.428571	0.836735	0.0189988
-0.428571	0.877551	0.0143157
-0.428571	0.918367	0.00957563
-0.428571	0.959184	0.00479737
-0.428571	1	0
-0.387755	-1	0.00496787
-0.387755	-0.959184	0.00991641
-0.387755	-0.918367	0.0148264
-0.387755	-0.877551	0.0196786
-0.387755	-0.836735	0.0244543
-0.387755	-0.795918	0.0291347
-0.387755	-0.755102	0.0337017
-0.387755	-0.714286	0.0381373
-0.387755	-0.673469	0.0424243
-0.387755	-0.632653	0.0465457
-0.387755	-0.591837	0.0504855
-0.387755	-0.55102	0.0542281
-0.387755	-0.510204	0.0577587
-0.387755	-0.469388	0.0610634
-0.387755	-0.428571	0.0641291
-0.387755	-0.387755	0.0669435
-0.387755	-0.346939	0.0694955
-0.387755	-0.306122	0.0717749
-0.387755	-0.265306	0.0737723
-0.387755	-0.22449	0.0754798
-0.387755	-0.183673	0.0768904
-0.387755	-0.142857	0.0779983
-0.387755	-0.102041	0.0787989
-0.387755	-0.0612245	0.0792887
-0.387755	-0.0204082	0.0794657
-0.387755	0.0204082	0.0793288
-0.387755	0.0612245	0.0788783
-0.387755	0.102041	0.0781159
-0.387755	0.142857	0.0770444
-0.387755	0.183673	0.0756676
-0.387755	0.22449	0.0739911
-0.387755	0.265306	0.0720211
-0.387755	0.306122	0.0697653
-0.387755	0.346939	0.0672327
-0.387755	0.387755	0.064433
-0.387755	0.428571	0.0613773
-0.387755	0.469388	0.0580776
-0.387755	0.510204	0.054547
-0.387755	0.55102	0.0507994
-0.387755	0.591837	0.0468496
-0.387755	0.632653	0.0427134
-0.387755	0.673469	0.0384071
-0.387755	0.714286	0.0339479
-0.387755	0.755102	0.0293535
-0.387755	0.795918	0.0246421
-0.387755	0.836735	0.0198326
-0.387755	0.877551	0.014944
-0.387755	0.918367	0.00999588
-0.387755	0.959184	0.00500792
-0.387755	1	0
-0.346939	-1	0.00515725
-0.346939	-0.959184	0.0102944
-0.346939	-0.918367	0.0153916
-0.346939	-0.877551	0.0204288
-0.346939	-0.836735	0.0253865
-0.346939	-0.795918	0.0302454
-0.346939	-0.755102	0.0349865
-0.346939	-0.714286	0.0395912
-0.346939	-0.673469	0.0440416
-0.346939	-0.632653	0.0483201
-0.346939	-0.591837	0.0524101
-0.346939	-0.55102	0.0562953
-0.346939	-0.510204	0.0599606
-0.346939	-0.469388	0.0633912
-0.346939	-0.428571	0.0665738
-0.346939	-0.387755	0.0694955
-0.346939	-0.346939	0.0721448
-0.346939	-0.306122	0.074511
-0.346939	-0.265306	0.0765846
-0.346939	-0.22449	0.0783572
-0.346939	-0.183673	0.0798216
-0.346939	-0.142857	0.0809717
-0.346939	-0.102041	0.0818028
-0.346939	-0.0612245	0.0823113
-0.346939	-0.0204082	0.082495
-0.346939	0.0204082	0.0823529
-0.346939	0.0612245	0.0818853
-0.346939	0.102041	0.0810938
-0.346939	0.142857	0.0799814
-0.346939	0.183673	0.0785522
-0.346939	0.22449	0.0768117
-0.346939	0.265306	0.0747666
-0.346939	0.306122	0.0724249
-0.346939	0.346939	0.0697957
-0.346939	0.387755	0.0668893
-0.346939	0.428571	0.0637171
-0.346939	0.469388	0.0602916
-0.346939	0.510204	0.0566264
-0.346939	0.55102	0.0527359
-0.346939	0.591837	0.0486356
-0.346939	0.632653	0.0443417
-0.346939	0.673469	0.0398713
-0.346939	0.714286	0.0352421
-0.346939	0.755102	0.0304725
-0.346939	0.795918	0.0255815
-0.346939	0.836735	0.0205886
-0.346939	0.877551	0.0155137
-0.346939	0.918367	0.0103769
-0.346939	0.959184	0.00519883
-0.346939	1	0
-0.306122	-1	0.0053264
-0.306122	-0.959184	0.0106321
-0.306122	-0.918367	0.0158964
-0.306122	-0.877551	0.0210988
-0.306122	-0.836735	0.0262192
-0.306122	-0.795918	0.0312374
-0.306122	-0.755102	0.036134
-0.306122	-0.714286	0.0408897
-0.306122	-0.673469	0.045486
-0.306122	-0.632653	0.0499049
-0.306122	-0.591837	0.054129
-0.306122	-0.55102	0.0581417
-0.306122	-0.510204	0.0619271
-0.306122	-0.469388	0.0654704
-0.306122	-0.428571	0.0687573
-0.306122	-0.387755	0.0717749
-0.306122	-0.346939	0.074511
-0.306122	-0.306122	0.0769549
-0.306122	-0.265306	0.0790965
-0.306122	-0.22449	0.0809272
-0.306122	-0.183673	0.0824396
-0.306122	-0.142857	0.0836274
-0.306122	-0.102041	0.0844858
-0.306122	-0.0612245	0.085011
-0.306122	-0.0204082	0.0852007
-0.306122	0.0204082	0.0850539
-0.306122	0.0612245	0.084571
-0.306122	0.102041	0.0837536
-0.306122	0.142857	0.0826046
-0.306122	0.183673	0.0811286
-0.306122	0.22449	0.079331
-0.306122	0.265306	0.0772188
-0.306122	0.306122	0.0748003
-0.306122	0.346939	0.0720849
-0.306122	0.387755	0.0690831
-0.306122	0.428571	0.0658069
-0.306122	0.469388	0.0622691
-0.306122	0.510204	0.0584836
-0.306122	0.55102	0.0544656
-0.306122	0.591837	0.0502308
-0.306122	0.632653	0.045796
-0.306122	0.673469	0.041179
-0.306122	0.714286	0.0363979
-0.306122	0.755102	0.0314719
-0.306122	0.795918	0.0264205
-0.306122	0.836735	0.0212639
-0.306122	0.877551	0.0160225
-0.306122	0.918367	0.0107173
-0.306122	0.959184	0.00536934
-0.306122	1	0
-0.265306	-1	0.00547463
-0.265306	-0.959184	0.010928
-0.265306	-0.918367	0.0163388
-0.265306	-0.877551	0.021686
-0.265306	-0.836735	0.0269488
-0.265306	-0.795918	0.0321067
-0.265306	-0.755102	0.0371395
-0.265306	-0.714286	0.0420276
-0.265306	-0.673469	0.0467519
-0.265306	-0.632653	0.0512938
-0.265306	-0.591837	0.0556354
-0.265306	-0.55102	0.0597598
-0.265306	-0.510204	0.0636505
-0.265306	-0.469388	0.0672924
-0.265306	-0.428571	0.0706708
-0.265306	-0.387755	0.0737723
-0.265306	-0.346939	0.0765846
-0.265306	-0.306122	0.0790965
-0.265306	-0.265306	0.0812977
-0.265306	-0.22449	0.0831794
-0.265306	-0.183673	0.0847338
-0.265306	-0.142857	0.0859547
-0.265306	-0.102041	0.086837
-0.265306	-0.0612245	0.0873768
-0.265306	-0.0204082	0.0875718
-0.265306	0.0204082	0.0874209
-0.265306	0.0612245	0.0869246
-0.265306	0.102041	0.0860844
-0.265306	0.142857	0.0849035
-0.265306	0.183673	0.0833863
-0.265306	0.22449	0.0815387
-0.265306	0.265306	0.0793678
-0.265306	0.306122	0.076882
-0.265306	0.346939	0.0740909
-0.265306	0.387755	0.0710057
-0.265306	0.428571	0.0676383
-0.265306	0.469388	0.064002
-0.265306	0.510204	0.0601112
-0.265306	0.55102	0.0559813
-0.265306	0.591837	0.0516287
-0.265306	0.632653	0.0470705
-0.265306	0.673469	0.042325
-0.265306	0.714286	0.0374109
-0.265306	0.755102	0.0323478
-0.265306	0.795918	0.0271558
-0.265306	0.836735	0.0218556
-0.265306	0.877551	0.0164684
-0.265306	0.918367	0.0110155
-0.265306	0.959184	0.00551876
-0.265306	1	0
-0.22449	-1	0.00560134
-0.22449	-0.959184	0.0111809
-0.22449	-0.918367	0.0167169
-0.22449	-0.877551	0.0221879
-0.22449	-0.836735	0.0275726
-0.22449	-0.795918	0.0328498
-0.22449	-0.755102	0.0379992
-0.22449	-0.714286	0.0430004
-0.22449	-0.673469	0.047834
-0.22449	-0.632653	0.052481
-0.22449	-0.591837	0.0569231
-0.22449	-0.55102	0.0611429
-0.22449	-0.510204	0.0651238
-0.22449	-0.469388	0.0688499
-0.22449	-0.428571	0.0723065
-0.22449	-0.387755	0.0754798
-0.22449	-0.346939	0.0783572
-0.22449	-0.306122	0.0809272
-0.22449	-0.265306	0.0831794
-0.22449	-0.22449	0.0851046
-0.22449	-0.183673	0.0866951
-0.22449	-0.142857	0.0879442
-0.22449	-0.102041	0.0888469
-0.22449	-0.0612245	0.0893992
-0.22449	-0.0204082	0.0895987
-0.22449	0.0204082	0.0894443
-0.22449	0.0612245	0.0889365
-0.22449	0.102041	0.0880769
-0.22449	0.142857	0.0868686
-0.22449	0.183673	0.0853164
-0.22449	0.22449	0.083426
-0.22449	0.265306	0.0812048
-0.22449	0.306122	0.0786614
-0.22449	0.346939	0.0758058
-0.22449	0.387755	0.0726491
-0.22449	0.428571	0.0692038
-0.22449	0.469388	0.0654834
-0.22449	0.510204	0.0615025
-0.22449	0.55102	0.057277
-0.22449	0.591837	0.0528236
-0.22449	0.632653	0.04816
-0.22449	0.673469	0.0433046
-0.22449	0.714286	0.0382768
-0.22449	0.755102	0.0330965
-0.22449	0.795918	0.0277843
-0.22449	0.836735	0.0223615
-0.22449	0.877551	0.0168496
-0.22449	0.918367	0.0112705
-0.22449	0.959184	0.0056465
-0.22449	1	0
-0.183673	-1	0.00570602
-0.183673	-0.959184	0.0113898
-0.183673	-0.918367	0.0170294
-0.183673	-0.877551	0.0226026
-0.183673	-0.836735	0.0280879
-0.183673	-0.795918	0.0334638
-0.183673	-0.755102	0.0387093
-0.183673	-0.714286	0.043804
-0.183673	-0.673469	0.0487279
-0.183673	-0.632653	0.0534618
-0.183673	-0.591837	0.0579869
-0.183673	-0.55102	0.0622856
-0.183673	-0.510204	0.0663408
-0.183673	-0.469388	0.0701366
-0.183673	-0.428571	0.0736578
-0.183673	-0.387755	0.0768904
-0.183673	-0.346939	0.0798216
-0.183673	-0.306122	0.0824396
-0.183673	-0.265306	0.0847338
-0.183673	-0.22449	0.0866951
-0.183673	-0.183673	0.0883152
-0.183673	-0.142857	0.0895878
-0.183673	-0.102041	0.0905073
-0.183673	-0.0612245	0.0910699
-0.183673	-0.0204082	0.0912731
-0.183673	0.0204082	0.0911159
-0.183673	0.0612245	0.0905986
-0.183673	0.102041	0.0897229
-0.183673	0.142857	0.0884921
-0.183673	0.183673	0.0869108
-0.183673	0.22449	0.0849851
-0.183673	0.265306	0.0827224
-0.183673	0.306122	0.0801315
-0.183673	0.346939	0.0772225
-0.183673	0.387755	0.0740068
-0.183673	0.428571	0.0704971
-0.183673	0.469388	0.0667071
-0.183673	0.510204	0.0626519
-0.183673	0.55102	0.0583475
-0.183673	0.591837	0.0538108
-0.183673	0.632653	0.04906
-0.183673	0.673469	0.0441139
-0.183673	0.714286	0.0389921
-0.183673	0.755102	0.033715
-0.183673	0.795918	0.0283036
-0.183673	0.836735	0.0227794
-0.183673	0.877551	0.0171645
-0.183673	0.918367	0.0114811
-0.183673	0.959184	0.00575202
-0.183673	1	0
-0.142857	-1	0.00578824
-0.142857	-0.959184	0.011554
-0.142857	-0.918367	0.0172747
-0.142857	-0.877551	0.0229283
-0.142857	-0.836735	0.0284926
-0.142857	-0.795918	0.0339459
-0.142857	-0.755102	0.0392671
-0.142857	-0.714286	0.0444352
-0.142857	-0.673469	0.04943
-0.142857	-0.632653	0.0542321
-0.142857	-0.591837	0.0588224
-0.142857	-0.55102	0.0631831
-0.142857	-0.510204	0.0672967
-0.142857	-0.469388	0.0711471
-0.142857	-0.428571	0.0747191
-0.142857	-0.387755	0.0779983
-0.142857	-0.346939	0.0809717
-0.142857	-0.306122	0.0836274
-0.142857	-0.265306	0.0859547
-0.142857	-0.22449	0.0879442
-0.142857	-0.183673	0.0895878
-0.142857	-0.142857	0.0908786
-0.142857	-0.102041	0.0918114
-0.142857	-0.0612245	0.0923821
-0.142857	-0.0204082	0.0925883
-0.142857	0.0204082	0.0924288
-0.142857	0.0612245	0.091904
-0.142857	0.102041	0.0910157
-0.142857	0.142857	0.0897671
-0.142857	0.183673	0.0881631
-0.142857	0.22449	0.0862096
-0.142857	0.265306	0.0839143
-0.142857	0.306122	0.0812861
-0.142857	0.346939	0.0783352
-0.142857	0.387755	0.0750732
-0.142857	0.428571	0.0715129
-0.142857	0.469388	0.0676683
-0.142857	0.510204	0.0635546
-0.142857	0.55102	0.0591882
-0.142857	0.591837	0.0545862
-0.142857	0.632653	0.0497669
-0.142857	0.673469	0.0447495
-0.142857	0.714286	0.0395539
-0.142857	0.755102	0.0342008
-0.142857	0.795918	0.0287114
-0.142857	0.836735	0.0231076
-0.142857	0.877551	0.0174118
-0.142857	0.918367	0.0116466
-0.142857	0.959184	0.0058349
-0.142857	1	0
-0.102041	-1	0.00584765
-0.102041	-0.959184	0.0116725
-0.102041	-0.918367	0.017452
-0.102041	-0.877551	0.0231636
-0.102041	-0.836735	0.028785
-0.102041	-0.795918	0.0342943
-0.102041	-0.755102	0.0396701
-0.102041	-0.714286	0.0448913
-0.102041	-0.673469	0.0499374
-0.102041	-0.632653	0.0547887
-0.102041	-0.591837	0.0594262
-0.102041	-0.55102	0.0638316
-0.102041	-0.510204	0.0679874
-0.102041	-0.469388	0.0718774
-0.102041	-0.428571	0.075486
-0.102041	-0.387755	0.0787989
-0.102041	-0.346939	0.0818028
-0.102041	-0.306122	0.0844858
-0.102041	-0.265306	0.086837
-0.102041	-0.22449	0.0888469
-0.102041	-0.183673	0.0905073
-0.102041	-0.142857	0.0918114
-0.102041	-0.102041	0.0927537
-0.102041	-0.0612245	0.0933303
-0.102041	-0.0204082	0.0935386
-0.102041	0.0204082	0.0933775
-0.102041	0.0612245	0.0928473
-0.102041	0.102041	0.0919498
-0.102041	0.142857	0.0906885
-0.102041	0.183673	0.089068
-0.102041	0.22449	0.0870945
-0.102041	0.265306	0.0847756
-0.102041	0.306122	0.0821204
-0.102041	0.346939	0.0791392
-0.102041	0.387755	0.0758437
-0.102041	0.428571	0.0722469
-0.102041	0.469388	0.0683628
-0.102041	0.510204	0.064207
-0.102041	0.55102	0.0597957
-0.102041	0.591837	0.0551464
-0.102041	0.632653	0.0502777
-0.102041	0.673469	0.0452088
-0.102041	0.714286	0.0399599
-0.102041	0.755102	0.0345518
-0.102041	0.795918	0.0290061
-0.102041	0.836735	0.0233448
-0.102041	0.877551	0.0175905
-0.102041	0.918367	0.0117661
-0.102041	0.959184	0.00589479
-0.102041	1	0
-0.0612245	-1	0.005884
-0.0612245	-0.959184	0.0117451
-0.0612245	-0.918367	0.0175605
-0.0612245	-0.877551	0.0233076
-0.0612245	-0.836735	0.028964
-0.0612245	-0.795918	0.0345075
-0.0612245	-0.755102	0.0399167
-0.0612245	-0.714286	0.0451703
-0.0612245	-0.673469	0.0502478
-0.0612245	-0.632653	0.0551293
-0.0612245	-0.591837	0.0597956
-0.0612245	-0.55102	0.0642284
-0.0612245	-0.510204	0.0684101
-0.0612245	-0.469388	0.0723242
-0.0612245	-0.428571	0.0759552
-0.0612245	-0.387755	0.0792887
-0.0612245	-0.346939	0.0823113
-0.0612245	-0.306122	0.085011
-0.0612245	-0.265306	0.0873768
-0.0612245	-0.22449	0.0893992
-0.0612245	-0.183673	0.0910699
-0.0612245	-0.142857	0.0923821
-0.0612245	-0.102041	0.0933303
-0.0612245	-0.0612245	0.0939105
-0.0612245	-0.0204082	0.0941201
-0.0612245	0.0204082	0.0939579
-0.0612245	0.0612245	0.0934244
-0.0612245	0.102041	0.0925214
-0.0612245	0.142857	0.0912522
-0.0612245	0.183673	0.0896216
-0.0612245	0.22449	0.0876359
-0.0612245	0.265306	0.0853026
-0.0612245	0.306122	0.0826309
-0.0612245	0.346939	0.0796312
-0.0612245	0.387755	0.0763152
-0.0612245	0.428571	0.072696
-0.0612245	0.469388	0.0687878
-0.0612245	0.510204	0.0646061
-0.0612245	0.55102	0.0601674
-0.0612245	0.591837	0.0554893
-0.0612245	0.632653	0.0505903
-0.0612245	0.673469	0.0454899
-0.0612245	0.714286	0.0402083
-0.0612245	0.755102	0.0347666
-0.0612245	0.795918	0.0291864
-0.0612245	0.836735	0.0234899
-0.0612245	0.877551	0.0176998
-0.0612245	0.918367	0.0118392
-0.0612245	0.959184	0.00593144
-0.0612245	1	0
-0.0204082	-1	0.00589713
-0.0204082	-0.959184	0.0117713
-0.0204082	-0.918367	0.0175997
-0.0204082	-0.877551	0.0233596
-0.0204082	-0.836735	0.0290286
-0.0204082	-0.795918	0.0345845
-0.0204082	-0.755102	0.0400058
-0.0204082	-0.714286	0.0452711
-0.0204082	-0.673469	0.05036
-0.0204082	-0.632653	0.0552523
-0.0204082	-0.591837	0.0599291
-0.0204082	-0.55102	0.0643717
-0.0204082	-0.510204	0.0685628
-0.0204082	-0.469388	0.0724856
-0.0204082	-0.428571	0.0761247
-0.0204082	-0.387755	0.0794657
-0.0204082	-0.346939	0.082495
-0.0204082	-0.306122	0.0852007
-0.0204082	-0.265306	0.0875718
-0.0204082	-0.22449	0.0895987
-0.0204082	-0.183673	0.0912731
-0.0204082	-0.142857	0.0925883
-0.0204082	-0.102041	0.0935386
-0.0204082	-0.0612245	0.0941201
-0.0204082	-0.0204082	0.0943301
-0.0204082	0.0204082	0.0941676
-0.0204082	0.0612245	0.0936329
-0.0204082	0.102041	0.0927279
-0.0204082	0.142857	0.0914559
-0.0204082	0.183673	0.0898216
-0.0204082	0.22449	0.0878315
-0.0204082	0.265306	0.085493
-0.0204082	0.306122	0.0828153
-0.0204082	0.346939	0.0798089
-0.0204082	0.387755	0.0764855
-0.0204082	0.428571	0.0728582
-0.0204082	0.469388	0.0689413
-0.0204082	0.510204	0.0647503
-0.0204082	0.55102	0.0603017
-0.0204082	0.591837	0.0556131
-0.0204082	0.632653	0.0507032
-0.0204082	0.673469	0.0455914
-0.0204082	0.714286	0.040298
-0.0204082	0.755102	0.0348442
-0.0204082	0.795918	0.0292515
-0.0204082	0.836735	0.0235424
-0.0204082	0.877551	0.0177393
-0.0204082	0.918367	0.0118657
-0.0204082	0.959184	0.00594467
-0.0204082	1	0
0.0204082	-1	0.00588697
0.0204082	-0.959184	0.011751
0.0204082	-0.918367	0.0175694
0.0204082	-0.877551	0.0233194
0.0204082	-0.836735	0.0289786
0.0204082	-0.795918	0.034525
0.0204082	-0.755102	0.0399369
0.0204082	-0.714286	0.0451931
0.0204082	-0.673469	0.0502732
0.0204082	-0.632653	0.0551572
0.0204082	-0.591837	0.0598258
0.0204082	-0.55102	0.0642608
0.0204082	-0.510204	0.0684446
0.0204082	-0.469388	0.0723607
0.0204082	-0.428571	0.0759936
0.0204082	-0.387755	0.0793288
0.0204082	-0.346939	0.0823529
0.0204082	-0.306122	0.0850539
0.0204082	-0.265306	0.0874209
0.0204082	-0.22449	0.0894443
0.0204082	-0.183673	0.0911159
0.0204082	-0.142857	0.0924288
0.0204082	-0.102041	0.0933775
0.0204082	-0.0612245	0.0939579
0.0204082	-0.0204082	0.0941676
0.0204082	0.0204082	0.0940054
0.0204082	0.0612245	0.0934716
0.0204082	0.102041	0.0925682
0.0204082	0.142857	0.0912983
0.0204082	0.183673	0.0896669
0.0204082	0.22449	0.0876801
0.0204082	0.265306	0.0853457
0.0204082	0.306122	0.0826726
0.0204082	0.346939	0.0796714
0.0204082	0.387755	0.0763537
0.0204082	0.428571	0.0727327
0.0204082	0.469388	0.0688226
0.0204082	0.510204	0.0646387
0.0204082	0.55102	0.0601978
0.0204082	0.591837	0.0555173
0.0204082	0.632653	0.0506158
0.0204082	0.673469	0.0455128
0.0204082	0.714286	0.0402286
0.0204082	0.755102	0.0347842
0.0204082	0.795918	0.0292012
0.0204082	0.836735	0.0235018
0.0204082	0.877551	0.0177088
0.0204082	0.918367	0.0118452
0.0204082	0.959184	0.00593443
0.0204082	1	0
0.0612245	-1	0.00585355
0.0612245	-0.959184	0.0116843
0.0612245	-0.918367	0.0174696
0.0612245	-0.877551	0.023187
0.0612245	-0.836735	0.028814
0.0612245	-0.795918	0.0343289
0.0612245	-0.755102	0.0397101
0.0612245	-0.714286	0.0449365
0.0612245	-0.673469	0.0499878
0.0612245	-0.632653	0.054844
0.0612245	-0.591837	0.0594861
0.0612245	-0.55102	0.0638959
0.0612245	-0.510204	0.068056
0.0612245	-0.469388	0.0719499
0.0612245	-0.428571	0.0755621
0.0612245	-0.387755	0.0788783
0.0612245	-0.346939	0.0818853
0.0612245	-0.306122	0.084571
0.0612245	-0.265306	0.0869246
0.0612245	-0.22449	0.0889365
0.0612245	-0.183673	0.0905986
0.0612245	-0.142857	0.091904
0.0612245	-0.102041	0.0928473
0.0612245	-0.0612245	0.0934244
0.0612245	-0.0204082	0.0936329
0.0612245	0.0204082	0.0934716
0.0612245	0.0612245	0.0929409
0.0612245	0.102041	0.0920426
0.0612245	0.142857	0.0907799
0.0612245	0.183673	0.0891578
0.0612245	0.22449	0.0871823
0.0612245	0.265306	0.0848611
0.0612245	0.306122	0.0822032
0.0612245	0.346939	0.079219
0.0612245	0.387755	0.0759202
0.0612245	0.428571	0.0723197
0.0612245	0.469388	0.0684318
0.0612245	0.510204	0.0642717
0.0612245	0.55102	0.059856
0.0612245	0.591837	0.0552021
0.0612245	0.632653	0.0503284
0.0612245	0.673469	0.0452544
0.0612245	0.714286	0.0400002
0.0612245	0.755102	0.0345867
0.0612245	0.795918	0.0290354
0.0612245	0.836735	0.0233684
0.0612245	0.877551	0.0176082
0.0612245	0.918367	0.011778
0.0612245	0.959184	0.00590074
0.0612245	1	0
0.102041	-1	0.00579697
0.102041	-0.959184	0.0115714
0.102041	-0.918367	0.0173008
0.102041	-0.877551	0.0229628
0.102041	-0.836735	0.0285355
0.102041	-0.795918	0.0339971
0.102041	-0.755102	0.0393263
0.102041	-0.714286	0.0445022
0.102041	-0.673469	0.0495046
0.102041	-0.632653	0.0543139
0.102041	-0.591837	0.0589112
0.102041	-0.55102	0.0632783
0.102041	-0.510204	0.0673982
0.102041	-0.469388	0.0712544
0.102041	-0.428571	0.0748318
0.102041	-0.387755	0.0781159
0.102041	-0.346939	0.0810938
0.102041	-0.306122	0.0837536
0.102041	-0.265306	0.0860844
0.102041	-0.22449	0.0880769
0.102041	-0.183673	0.0897229
0.102041	-0.142857	0.0910157
0.102041	-0.102041	0.0919498
0.102041	-0.0612245	0.0925214
0.102041	-0.0204082	0.0927279
0.102041	0.0204082	0.0925682
0.102041	0.0612245	0.0920426
0.102041	0.102041	0.0911529
0.102041	0.142857	0.0899025
0.102041	0.183673	0.088296
0.102041	0.22449	0.0863396
0.102041	0.265306	0.0840409
0.102041	0.306122	0.0814087
0.102041	0.346939	0.0784533
0.102041	0.387755	0.0751864
0.102041	0.428571	0.0716207
0.102041	0.469388	0.0677703
0.102041	0.510204	0.0636505
0.102041	0.55102	0.0592774
0.102041	0.591837	0.0546685
0.102041	0.632653	0.049842
0.102041	0.673469	0.044817
0.102041	0.714286	0.0396136
0.102041	0.755102	0.0342524
0.102041	0.795918	0.0287547
0.102041	0.836735	0.0231425
0.102041	0.877551	0.017438
0.102041	0.918367	0.0116641
0.102041	0.959184	0.0058437
0.102041	1	0
0.142857	-1	0.00571745
0.142857	-0.959184	0.0114127
0.142857	-0.918367	0.0170635
0.142857	-0.877551	0.0226478
0.142857	-0.836735	0.0281441
0.142857	-0.795918	0.0335308
0.142857	-0.755102	0.0387868
0.142857	-0.714286	0.0438917
0.142857	-0.673469	0.0488255
0.142857	-0.632653	0.0535688
0.142857	-0.591837	0.058103
0.142857	-0.55102	0.0624103
0.142857	-0.510204	0.0664737
0.142857	-0.469388	0.070277
0.142857	-0.428571	0.0738052
0.142857	-0.387755	0.0770444
0.142857	-0.346939	0.0799814
0.142857	-0.306122	0.0826046
0.142857	-0.265306	0.0849035
0.142857	-0.22449	0.0868686
0.142857	-0.183673	0.0884921
0.142857	-0.142857	0.0897671
0.142857	-0.102041	0.0906885
0.142857	-0.0612245	0.0912522
0.142857	-0.0204082	0.0914559
0.142857	0.0204082	0.0912983
0.142857	0.0612245	0.0907799
0.142857	0.102041	0.0899025
0.142857	0.142857	0.0886692
0.142857	0.183673	0.0870848
0.142857	0.22449	0.0851552
0.142857	0.265306	0.082888
0.142857	0.306122	0.0802919
0.142857	0.346939	0.0773771
0.142857	0.387755	0.074155
0.142857	0.428571	0.0706382
0.142857	0.469388	0.0668407
0.142857	0.510204	0.0627773
0.142857	0.55102	0.0584643
0.142857	0.591837	0.0539186
0.142857	0.632653	0.0491583
0.142857	0.673469	0.0442022
0.142857	0.714286	0.0390702
0.142857	0.755102	0.0337825
0.142857	0.795918	0.0283603
0.142857	0.836735	0.022825
0.142857	0.877551	0.0171988
0.142857	0.918367	0.0115041
0.142857	0.959184	0.00576354
0.142857	1	0
0.183673	-1	0.00561528
0.183673	-0.959184	0.0112087
0.183673	-0.918367	0.0167585
0.183673	-0.877551	0.0222432
0.183673	-0.836735	0.0276412
0.183673	-0.795918	0.0329316
0.183673	-0.755102	0.0380937
0.183673	-0.714286	0.0431074
0.183673	-0.673469	0.047953
0.183673	-0.632653	0.0526116
0.183673	-0.591837	0.0570648
0.183673	-0.55102	0.0612951
0.183673	-0.510204	0.0652858
0.183673	-0.469388	0.0690212
0.183673	-0.428571	0.0724864
0.183673	-0.387755	0.0756676
0.183673	-0.346939	0.0785522
0.183673	-0.306122	0.0811286
0.183673	-0.265306	0.0833863
0.183673	-0.22449	0.0853164
0.183673	-0.183673	0.0869108
0.183673	-0.142857	0.0881631
0.183673	-0.102041	0.089068
0.183673	-0.0612245	0.0896216
0.183673	-0.0204082	0.0898216
0.183673	0.0204082	0.0896669
0.183673	0.0612245	0.0891578
0.183673	0.102041	0.088296
0.183673	0.142857	0.0870848
0.183673	0.183673	0.0855287
0.183673	0.22449	0.0836336
0.183673	0.265306	0.0814069
0.183673	0.306122	0.0788572
0.183673	0.346939	0.0759945
0.183673	0.387755	0.0728299
0.183673	0.428571	0.069376
0.183673	0.469388	0.0656463
0.183673	0.510204	0.0616556
0.183673	0.55102	0.0574196
0.183673	0.591837	0.0529551
0.183673	0.632653	0.0482798
0.183673	0.673469	0.0434124
0.183673	0.714286	0.038372
0.183673	0.755102	0.0331788
0.183673	0.795918	0.0278535
0.183673	0.836735	0.0224172
0.183673	0.877551	0.0168915
0.183673	0.918367	0.0112985
0.183673	0.959184	0.00566055
0.183673	1	0
0.22449	-1	0.00549086
0.22449	-0.959184	0.0109604
0.22449	-0.918367	0.0163872
0.22449	-0.877551	0.0217503
0.22449	-0.836735	0.0270287
0.22449	-0.795918	0.0322019
0.22449	-0.755102	0.0372497
0.22449	-0.714286	0.0421523
0.22449	-0.673469	0.0468905
0.22449	-0.632653	0.0514459
0.22449	-0.591837	0.0558004
0.22449	-0.55102	0.059937
0.22449	-0.510204	0.0638393
0.22449	-0.469388	0.0674919
0.22449	-0.428571	0.0708803
0.22449	-0.387755	0.0739911
0.22449	-0.346939	0.0768117
0.22449	-0.306122	0.079331
0.22449	-0.265306	0.0815387
0.22449	-0.22449	0.083426
0.22449	-0.183673	0.0849851
0.22449	-0.142857	0.0862096
0.22449	-0.102041	0.0870945
0.22449	-0.0612245	0.0876359
0.22449	-0.0204082	0.0878315
0.22449	0.0204082	0.0876801
0.22449	0.0612245	0.0871823
0.22449	0.102041	0.0863396
0.22449	0.142857	0.0851552
0.22449	0.183673	0.0836336
0.22449	0.22449	0.0817805
0.22449	0.265306	0.0796031
0.22449	0.306122	0.0771099
0.22449	0.346939	0.0743106
0.22449	0.387755	0.0712162
0.22449	0.428571	0.0678388
0.22449	0.469388	0.0641918
0.22449	0.510204	0.0602894
0.22449	0.55102	0.0561473
0.22449	0.591837	0.0517818
0.22449	0.632653	0.0472101
0.22449	0.673469	0.0424505
0.22449	0.714286	0.0375218
0.22449	0.755102	0.0324437
0.22449	0.795918	0.0272363
0.22449	0.836735	0.0219205
0.22449	0.877551	0.0165172
0.22449	0.918367	0.0110482
0.22449	0.959184	0.00553513
0.22449	1	0
0.265306	-1	0.00534467
0.265306	-0.959184	0.0106685
0.265306	-0.918367	0.0159509
0.265306	-0.877551	0.0211712
0.265306	-0.836735	0.0263091
0.265306	-0.795918	0.0313446
0.265306	-0.755102	0.0362579
0.265306	-0.714286	0.04103
0.265306	-0.673469	0.0456421
0.265306	-0.632653	0.0500761
0.265306	-0.591837	0.0543147
0.265306	-0.55102	0.0583412
0.265306	-0.510204	0.0621396
0.265306	-0.469388	0.0656949
0.265306	-0.428571	0.0689931
0.265306	-0.387755	0.0720211
0.265306	-0.346939	0.0747666
0.265306	-0.306122	0.0772188
0.265306	-0.265306	0.0793678
0.265306	-0.22449	0.0812048
0.265306	-0.183673	0.0827224
0.265306	-0.142857	0.0839143
0.265306	-0.102041	0.0847756
0.265306	-0.0612245	0.0853026
0.265306	-0.0204082	0.085493
0.265306	0.0204082	0.0853457
0.265306	0.0612245	0.0848611
0.265306	0.102041	0.0840409
0.265306	0.142857	0.082888
0.265306	0.183673	0.0814069
0.265306	0.22449	0.0796031
0.265306	0.265306	0.0774837
0.265306	0.306122	0.0750569
0.265306	0.346939	0.0723321
0.265306	0.387755	0.0693201
0.265306	0.428571	0.0660326
0.265306	0.469388	0.0624827
0.265306	0.510204	0.0586843
0.265306	0.55102	0.0546524
0.265306	0.591837	0.0504031
0.265306	0.632653	0.0459531
0.265306	0.673469	0.0413202
0.265306	0.714286	0.0365228
0.265306	0.755102	0.0315799
0.265306	0.795918	0.0265112
0.265306	0.836735	0.0213368
0.265306	0.877551	0.0160775
0.265306	0.918367	0.010754
0.265306	0.959184	0.00538776
0.265306	1	0
0.306122	-1	0.00517727
0.306122	-0.959184	0.0103344
0.306122	-0.918367	0.0154513
0.306122	-0.877551	0.0205081
0.306122	-0.836735	0.0254851
0.306122	-0.795918	0.0303628
0.306122	-0.755102	0.0351223
0.306122	-0.714286	0.0397449
0.306122	-0.673469	0.0442126
0.306122	-0.632653	0.0485077
0.306122	-0.591837	0.0526136
0.306122	-0.55102	0.0565139
0.306122	-0.510204	0.0601933
0.306122	-0.469388	0.0636373
0.306122	-0.428571	0.0668323
0.306122	-0.387755	0.0697653
0.306122	-0.346939	0.0724249
0.306122	-0.306122	0.0748003
0.306122	-0.265306	0.076882
0.306122	-0.22449	0.0786614
0.306122	-0.183673	0.0801315
0.306122	-0.142857	0.0812861
0.306122	-0.102041	0.0821204
0.306122	-0.0612245	0.0826309
0.306122	-0.0204082	0.0828153
0.306122	0.0204082	0.0826726
0.306122	0.0612245	0.0822032
0.306122	0.102041	0.0814087
0.306122	0.142857	0.0802919
0.306122	0.183673	0.0788572
0.306122	0.22449	0.0771099
0.306122	0.265306	0.0750569
0.306122	0.306122	0.0727061
0.306122	0.346939	0.0700667
0.306122	0.387755	0.067149
0.306122	0.428571	0.0639645
0.306122	0.469388	0.0605257
0.306122	0.510204	0.0568463
0.306122	0.55102	0.0529407
0.306122	0.591837	0.0488244
0.306122	0.632653	0.0445139
0.306122	0.673469	0.0400261
0.306122	0.714286	0.0353789
0.306122	0.755102	0.0305908
0.306122	0.795918	0.0256808
0.306122	0.836735	0.0206686
0.306122	0.877551	0.0155739
0.306122	0.918367	0.0104172
0.306122	0.959184	0.00521901
0.306122	1	0
0.346939	-1	0.00498932
0.346939	-0.959184	0.00995924
0.346939	-0.918367	0.0148904
0.346939	-0.877551	0.0197636
0.346939	-0.836735	0.0245599
0.346939	-0.795918	0.0292606
0.346939	-0.755102	0.0338473
0.346939	-0.714286	0.0383021
0.346939	-0.673469	0.0426075
0.346939	-0.632653	0.0467468
0.346939	-0.591837	0.0507036
0.346939	-0.55102	0.0544623
0.346939	-0.510204	0.0580082
0.346939	-0.469388	0.0613271
0.346939	-0.428571	0.0644061
0.346939	-0.387755	0.0672327
0.346939	-0.346939	0.0697957
0.346939	-0.306122	0.0720849
0.346939	-0.265306	0.0740909
0.346939	-0.22449	0.0758058
0.346939	-0.183673	0.0772225
0.346939	-0.142857	0.0783352
0.346939	-0.102041	0.0791392
0.346939	-0.0612245	0.0796312
0.346939	-0.0204082	0.0798089
0.346939	0.0204082	0.0796714
0.346939	0.0612245	0.079219
0.346939	0.102041	0.0784533
0.346939	0.142857	0.0773771
0.346939	0.183673	0.0759945
0.346939	0.22449	0.0743106
0.346939	0.265306	0.0723321
0.346939	0.306122	0.0700667
0.346939	0.346939	0.0675231
0.346939	0.387755	0.0647113
0.346939	0.428571	0.0616424
0.346939	0.469388	0.0583285
0.346939	0.510204	0.0547826
0.346939	0.55102	0.0510188
0.346939	0.591837	0.047052
0.346939	0.632653	0.0428979
0.346939	0.673469	0.038573
0.346939	0.714286	0.0340945
0.346939	0.755102	0.0294803
0.346939	0.795918	0.0247485
0.346939	0.836735	0.0199182
0.346939	0.877551	0.0150085
0.346939	0.918367	0.010039
0.346939	0.959184	0.00502955
0.346939	1	0
0.387755	-1	0.00478156
0.387755	-0.959184	0.00954452
0.387755	-0.918367	0.0142703
0.387755	-0.877551	0.0189406
0.387755	-0.836735	0.0235372
0.387755	-0.795918	0.0280421
0.387755	-0.755102	0.0324378
0.387755	-0.714286	0.0367071
0.387755	-0.673469	0.0408333
0.387755	-0.632653	0.0448002
0.387755	-0.591837	0.0485922
0.387755	-0.55102	0.0521944
0.387755	-0.510204	0.0555926
0.387755	-0.469388	0.0587734
0.387755	-0.428571	0.0617241
0.387755	-0.387755	0.064433
0.387755	-0.346939	0.0668893
0.387755	-0.306122	0.0690831
0.387755	-0.265306	0.0710057
0.387755	-0.22449	0.0726491
0.387755	-0.183673	0.0740068
0.387755	-0.142857	0.0750732
0.387755	-0.102041	0.0758437
0.387755	-0.0612245	0.0763152
0.387755	-0.0204082	0.0764855
0.387755	0.0204082	0.0763537
0.387755	0.0612245	0.0759202
0.387755	0.102041	0.0751864
0.387755	0.142857	0.074155
0.387755	0.183673	0.0728299
0.387755	0.22449	0.0712162
0.387755	0.265306	0.0693201
0.387755	0.306122	0.067149
0.387755	0.346939	0.0647113
0.387755	0.387755	0.0620166
0.387755	0.428571	0.0590755
0.387755	0.469388	0.0558996
0.387755	0.510204	0.0525013
0.387755	0.55102	0.0488943
0.387755	0.591837	0.0450927
0.387755	0.632653	0.0411116
0.387755	0.673469	0.0369668
0.387755	0.714286	0.0326748
0.387755	0.755102	0.0282527
0.387755	0.795918	0.023718
0.387755	0.836735	0.0190888
0.387755	0.877551	0.0143836
0.387755	0.918367	0.009621
0.387755	0.959184	0.00482011
0.387755	1	0
0.428571	-1	0.0045548
0.428571	-0.959184	0.00909187
0.428571	-0.918367	0.0135936
0.428571	-0.877551	0.0180424
0.428571	-0.836735	0.022421
0.428571	-0.795918	0.0267122
0.428571	-0.755102	0.0308995
0.428571	-0.714286	0.0349663
0.428571	-0.673469	0.0388968
0.428571	-0.632653	0.0426755
0.428571	-0.591837	0.0462877
0.428571	-0.55102	0.0497191
0.428571	-0.510204	0.0529562
0.428571	-0.469388	0.0559861
0.428571	-0.428571	0.0587968
0.428571	-0.387755	0.0613773
0.428571	-0.346939	0.0637171
0.428571	-0.306122	0.0658069
0.428571	-0.265306	0.0676383
0.428571	-0.22449	0.0692038
0.428571	-0.183673	0.0704971
0.428571	-0.142857	0.0715129
0.428571	-0.102041	0.0722469
0.428571	-0.0612245	0.072696
0.428571	-0.0204082	0.0728582
0.428571	0.0204082	0.0727327
0.428571	0.0612245	0.0723197
0.428571	0.102041	0.0716207
0.428571	0.142857	0.0706382
0.428571	0.183673	0.069376
0.428571	0.22449	0.0678388
0.428571	0.265306	0.0660326
0.428571	0.306122	0.0639645
0.428571	0.346939	0.0616424
0.428571	0.387755	0.0590755
0.428571	0.428571	0.0562739
0.428571	0.469388	0.0532485
0.428571	0.510204	0.0500115
0.428571	0.55102	0.0465755
0.428571	0.591837	0.0429542
0.428571	0.632653	0.0391619
0.428571	0.673469	0.0352136
0.428571	0.714286	0.0311252
0.428571	0.755102	0.0269128
0.428571	0.795918	0.0225932
0.428571	0.836735	0.0181835
0.428571	0.877551	0.0137014
0.428571	0.918367	0.00916473
0.428571	0.959184	0.00459152
0.428571	1	0
0.469388	-1	0.00430993
0.469388	-0.959184	0.00860309
0.469388	-0.918367	0.0128628
0.469388	-0.877551	0.0170724
0.469388	-0.836735	0.0212156
0.469388	-0.795918	0.0252762
0.469388	-0.755102	0.0292383
0.469388	-0.714286	0.0330865
0.469388	-0.673469	0.0368057
0.469388	-0.632653	0.0403813
0.469388	-0.591837	0.0437993
0.469388	-0.55102	0.0470462
0.469388	-0.510204	0.0501092
0.469388	-0.469388	0.0529762
0.469388	-0.428571	0.0556359
0.469388	-0.387755	0.0580776
0.469388	-0.346939	0.0602916
0.469388	-0.306122	0.0622691
0.469388	-0.265306	0.064002
0.469388	-0.22449	0.0654834
0.469388	-0.183673	0.0667071
0.469388	-0.142857	0.0676683
0.469388	-0.102041	0.0683628
0.469388	-0.0612245	0.0687878
0.469388	-0.0204082	0.0689413
0.469388	0.0204082	0.0688226
0.469388	0.0612245	0.0684318
0.469388	0.102041	0.0677703
0.469388	0.142857	0.0668407
0.469388	0.183673	0.0656463
0.469388	0.22449	0.0641918
0.469388	0.265306	0.0624827
0.469388	0.306122	0.0605257
0.469388	0.346939	0.0583285
0.469388	0.387755	0.0558996
0.469388	0.428571	0.0532485
0.469388	0.469388	0.0503859
0.469388	0.510204	0.0473228
0.469388	0.55102	0.0440716
0.469388	0.591837	0.0406449
0.469388	0.632653	0.0370565
0.469388	0.673469	0.0333205
0.469388	0.714286	0.0294519
0.469388	0.755102	0.0254659
0.469388	0.795918	0.0213785
0.469388	0.836735	0.017206
0.469388	0.877551	0.0129648
0.469388	0.918367	0.00867203
0.469388	0.959184	0.00434467
0.469388	1	0
0.510204	-1	0.00404792
0.510204	-0.959184	0.0080801
0.510204	-0.918367	0.0120808
0.510204	-0.877551	0.0160346
0.510204	-0.836735	0.0199259
0.510204	-0.795918	0.0237396
0.510204	-0.755102	0.0274609
0.510204	-0.714286	0.0310751
0.510204	-0.673469	0.0345682
0.510204	-0.632653	0.0379264
0.510204	-0.591837	0.0411366
0.510204	-0.55102	0.0441862
0.510204	-0.510204	0.047063
0.510204	-0.469388	0.0497557
0.510204	-0.428571	0.0522537
0.510204	-0.387755	0.054547
0.510204	-0.346939	0.0566264
0.510204	-0.306122	0.0584836
0.510204	-0.265306	0.0601112
0.510204	-0.22449	0.0615025
0.510204	-0.183673	0.0626519
0.510204	-0.142857	0.0635546
0.510204	-0.102041	0.064207
0.510204	-0.0612245	0.0646061
0.510204	-0.0204082	0.0647503
0.510204	0.0204082	0.0646387
0.510204	0.0612245	0.0642717
0.510204	0.102041	0.0636505
0.510204	0.142857	0.0627773
0.510204	0.183673	0.0616556
0.510204	0.22449	0.0602894
0.510204	0.265306	0.0586843
0.510204	0.306122	0.0568463
0.510204	0.346939	0.0547826
0.510204	0.387755	0.0525013
0.510204	0.428571	0.0500115
0.510204	0.469388	0.0473228
0.510204	0.510204	0.044446
0.510204	0.55102	0.0413924
0.510204	0.591837	0.0381741
0.510204	0.632653	0.0348038
0.510204	0.673469	0.0312949
0.510204	0.714286	0.0276615
0.510204	0.755102	0.0239178
0.510204	0.795918	0.0200789
0.510204	0.836735	0.01616
0.510204	0.877551	0.0121767
0.510204	0.918367	0.00814485
0.510204	0.959184	0.00408055
0.510204	1	0
0.55102	-1	0.00376981
0.55102	-0.959184	0.00752496
0.55102	-0.918367	0.0112508
0.55102	-0.877551	0.0149329
0.55102	-0.836735	0.0185569
0.55102	-0.795918	0.0221086
0.55102	-0.755102	0.0255742
0.55102	-0.714286	0.0289401
0.55102	-0.673469	0.0321932
0.55102	-0.632653	0.0353207
0.55102	-0.591837	0.0383104
0.55102	-0.55102	0.0411504
0.55102	-0.510204	0.0438296
0.55102	-0.469388	0.0463373
0.55102	-0.428571	0.0486637
0.55102	-0.387755	0.0507994
0.55102	-0.346939	0.0527359
0.55102	-0.306122	0.0544656
0.55102	-0.265306	0.0559813
0.55102	-0.22449	0.057277
0.55102	-0.183673	0.0583475
0.55102	-0.142857	0.0591882
0.55102	-0.102041	0.0597957
0.55102	-0.0612245	0.0601674
0.55102	-0.0204082	0.0603017
0.55102	0.0204082	0.0601978
0.55102	0.0612245	0.059856
0.55102	0.102041	0.0592774
0.55102	0.142857	0.0584643
0.55102	0.183673	0.0574196
0.55102	0.22449	0.0561473
0.55102	0.265306	0.0546524
0.55102	0.306122	0.0529407
0.55102	0.346939	0.0510188
0.55102	0.387755	0.0488943
0.55102	0.428571	0.0465755
0.55102	0.469388	0.0440716
0.55102	0.510204	0.0413924
0.55102	0.55102	0.0385486
0.55102	0.591837	0.0355513
0.55102	0.632653	0.0324126
0.55102	0.673469	0.0291448
0.55102	0.714286	0.025761
0.55102	0.755102	0.0222746
0.55102	0.795918	0.0186994
0.55102	0.836735	0.0150497
0.55102	0.877551	0.0113401
0.55102	0.918367	0.00758526
0.55102	0.959184	0.0038002
0.55102	1	0
0.591837	-1	0.0034767
0.591837	-0.959184	0.00693988
0.591837	-0.918367	0.0103761
0.591837	-0.877551	0.0137719
0.591837	-0.836735	0.017114
0.591837	-0.795918	0.0203896
0.591837	-0.755102	0.0235857
0.591837	-0.714286	0.02669
0.591837	-0.673469	0.0296901
0.591837	-0.632653	0.0325745
0.591837	-0.591837	0.0353317
0.591837	-0.55102	0.0379509
0.591837	-0.510204	0.0404217
0.591837	-0.469388	0.0427345
0.591837	-0.428571	0.04488
0.591837	-0.387755	0.0468496
0.591837	-0.346939	0.0486356
0.591837	-0.306122	0.0502308
0.591837	-0.265306	0.0516287
0.591837	-0.22449	0.0528236
0.591837	-0.183673	0.0538108
0.591837	-0.142857	0.0545862
0.591837	-0.102041	0.0551464
0.591837	-0.0612245	0.0554893
0.591837	-0.0204082	0.0556131
0.591837	0.0204082	0.0555173
0.591837	0.0612245	0.0552021
0.591837	0.102041	0.0546685
0.591837	0.142857	0.0539186
0.591837	0.183673	0.0529551
0.591837	0.22449	0.0517818
0.591837	0.265306	0.0504031
0.591837	0.306122	0.0488244
0.591837	0.346939	0.047052
0.591837	0.387755	0.0450927
0.591837	0.428571	0.0429542
0.591837	0.469388	0.0406449
0.591837	0.510204	0.0381741
0.591837	0.55102	0.0355513
0.591837	0.591837	0.0327872
0.591837	0.632653	0.0298925
0.591837	0.673469	0.0268788
0.591837	0.714286	0.023758
0.591837	0.755102	0.0205427
0.591837	0.795918	0.0172455
0.591837	0.836735	0.0138796
0.591837	0.877551	0.0104584
0.591837	0.918367	0.00699549
0.591837	0.959184	0.00350473
0.591837	1	0
0.632653	-1	0.00316975
0.632653	-0.959184	0.00632718
0.632653	-0.918367	0.00945998
0.632653	-0.877551	0.012556
0.632653	-0.836735	0.0156031
0.632653	-0.795918	0.0185895
0.632653	-0.755102	0.0215034
0.632653	-0.714286	0.0243336
0.632653	-0.673469	0.0270689
0.632653	-0.632653	0.0296986
0.632653	-0.591837	0.0322123
0.632653	-0.55102	0.0346003
0.632653	-0.510204	0.036853
0.632653	-0.469388	0.0389616
0.632653	-0.428571	0.0409176
0.632653	-0.387755	0.0427134
0.632653	-0.346939	0.0443417
0.632653	-0.306122	0.045796
0.632653	-0.265306	0.0470705
0.632653	-0.22449	0.04816
0.632653	-0.183673	0.04906
0.632653	-0.142857	0.0497669
0.632653	-0.102041	0.0502777
0.632653	-0.0612245	0.0505903
0.632653	-0.0204082	0.0507032
0.632653	0.0204082	0.0506158
0.632653	0.0612245	0.0503284
0.632653	0.102041	0.049842
0.632653	0.142857	0.0491583
0.632653	0.183673	0.0482798
0.632653	0.22449	0.0472101
0.632653	0.265306	0.0459531
0.632653	0.306122	0.0445139
0.632653	0.346939	0.0428979
0.632653	0.387755	0.0411116
0.632653	0.428571	0.0391619
0.632653	0.469388	0.0370565
0.632653	0.510204	0.0348038
0.632653	0.55102	0.0324126
0.632653	0.591837	0.0298925
0.632653	0.632653	0.0272534
0.632653	0.673469	0.0245057
0.632653	0.714286	0.0216605
0.632653	0.755102	0.018729
0.632653	0.795918	0.0157229
0.632653	0.836735	0.0126542
0.632653	0.877551	0.00953504
0.632653	0.918367	0.00637788
0.632653	0.959184	0.00319531
0.632653	1	0
0.673469	-1	0.00285019
0.673469	-0.959184	0.00568928
0.673469	-0.918367	0.00850625
0.673469	-0.877551	0.0112901
0.673469	-0.836735	0.01403
0.673469	-0.795918	0.0167153
0.673469	-0.755102	0.0193355
0.673469	-0.714286	0.0218803
0.673469	-0.673469	0.0243398
0.673469	-0.632653	0.0267044
0.673469	-0.591837	0.0289648
0.673469	-0.55102	0.031112
0.673469	-0.510204	0.0331376
0.673469	-0.469388	0.0350336
0.673469	-0.428571	0.0367924
0.673469	-0.387755	0.0384071
0.673469	-0.346939	0.0398713
0.673469	-0.306122	0.041179
0.673469	-0.265306	0.042325
0.673469	-0.22449	0.0433046
0.673469	-0.183673	0.0441139
0.673469	-0.142857	0.0447495
0.673469	-0.102041	0.0452088
0.673469	-0.0612245	0.0454899
0.673469	-0.0204082	0.0455914
0.673469	0.0204082	0.0455128
0.673469	0.0612245	0.0452544
0.673469	0.102041	0.044817
0.673469	0.142857	0.0442022
0.673469	0.183673	0.0434124
0.673469	0.22449	0.0424505
0.673469	0.265306	0.0413202
0.673469	0.306122	0.0400261
0.673469	0.346939	0.038573
0.673469	0.387755	0.0369668
0.673469	0.428571	0.0352136
0.673469	0.469388	0.0333205
0.673469	0.510204	0.0312949
0.673469	0.55102	0.0291448
0.673469	0.591837	0.0268788
0.673469	0.632653	0.0245057
0.673469	0.673469	0.0220351
0.673469	0.714286	0.0194767
0.673469	0.755102	0.0168408
0.673469	0.795918	0.0141378
0.673469	0.836735	0.0113784
0.673469	0.877551	0.00857374
0.673469	0.918367	0.00573488
0.673469	0.959184	0.00287316
0.673469	1	0
0.714286	-1	0.00251927
0.714286	-0.959184	0.00502874
0.714286	-0.918367	0.00751864
0.714286	-0.877551	0.00997928
0.714286	-0.836735	0.0124011
0.714286	-0.795918	0.0147746
0.714286	-0.755102	0.0170906
0.714286	-0.714286	0.0193399
0.714286	-0.673469	0.0215139
0.714286	-0.632653	0.0236039
0.714286	-0.591837	0.0256018
0.714286	-0.55102	0.0274997
0.714286	-0.510204	0.0292902
0.714286	-0.469388	0.030966
0.714286	-0.428571	0.0325207
0.714286	-0.387755	0.0339479
0.714286	-0.346939	0.0352421
0.714286	-0.306122	0.0363979
0.714286	-0.265306	0.0374109
0.714286	-0.22449	0.0382768
0.714286	-0.183673	0.0389921
0.714286	-0.142857	0.0395539
0.714286	-0.102041	0.0399599
0.714286	-0.0612245	0.0402083
0.714286	-0.0204082	0.040298
0.714286	0.0204082	0.0402286
0.714286	0.0612245	0.0400002
0.714286	0.102041	0.0396136
0.714286	0.142857	0.0390702
0.714286	0.183673	0.038372
0.714286	0.22449	0.0375218
0.714286	0.265306	0.0365228
0.714286	0.306122	0.0353789
0.714286	0.346939	0.0340945
0.714286	0.387755	0.0326748
0.714286	0.428571	0.0311252
0.714286	0.469388	0.0294519
0.714286	0.510204	0.0276615
0.714286	0.55102	0.025761
0.714286	0.591837	0.023758
0.714286	0.632653	0.0216605
0.714286	0.673469	0.0194767
0.714286	0.714286	0.0172154
0.714286	0.755102	0.0148855
0.714286	0.795918	0.0124963
0.714286	0.836735	0.0100573
0.714286	0.877551	0.00757829
0.714286	0.918367	0.00506904
0.714286	0.959184	0.00253958
0.714286	1	0
0.755102	-1	0.00217832
0.755102	-0.959184	0.00434816
0.755102	-0.918367	0.00650108
0.755102	-0.877551	0.00862871
0.755102	-0.836735	0.0107227
0.755102	-0.795918	0.012775
0.755102	-0.755102	0.0147776
0.755102	-0.714286	0.0167225
0.755102	-0.673469	0.0186023
0.755102	-0.632653	0.0204094
0.755102	-0.591837	0.0221369
0.755102	-0.55102	0.023778
0.755102	-0.510204	0.0253261
0.755102	-0.469388	0.0267752
0.755102	-0.428571	0.0281194
0.755102	-0.387755	0.0293535
0.755102	-0.346939	0.0304725
0.755102	-0.306122	0.0314719
0.755102	-0.265306	0.0323478
0.755102	-0.22449	0.0330965
0.755102	-0.183673	0.033715
0.755102	-0.142857	0.0342008
0.755102	-0.102041	0.0345518
0.755102	-0.0612245	0.0347666
0.755102	-0.0204082	0.0348442
0.755102	0.0204082	0.0347842
0.755102	0.0612245	0.0345867
0.755102	0.102041	0.0342524
0.755102	0.142857	0.0337825
0.755102	0.183673	0.0331788
0.755102	0.22449	0.0324437
0.755102	0.265306	0.0315799
0.755102	0.306122	0.0305908
0.755102	0.346939	0.0294803
0.755102	0.387755	0.0282527
0.755102	0.428571	0.0269128
0.755102	0.469388	0.0254659
0.755102	0.510204	0.0239178
0.755102	0.55102	0.0222746
0.755102	0.591837	0.0205427
0.755102	0.632653	0.018729
0.755102	0.673469	0.0168408
0.755102	0.714286	0.0148855
0.755102	0.755102	0.012871
0.755102	0.795918	0.0108051
0.755102	0.836735	0.00869621
0.755102	0.877551	0.00655266
0.755102	0.918367	0.004383
0.755102	0.959184	0.00219588
0.755102	1	0
0.795918	-1	0.00182869
0.795918	-0.959184	0.00365026
0.795918	-0.918367	0.00545763
0.795918	-0.877551	0.00724376
0.795918	-0.836735	0.0090017
0.795918	-0.795918	0.0107246
0.795918	-0.755102	0.0124057
0.795918	-0.714286	0.0140385
0.795918	-0.673469	0.0156165
0.795918	-0.632653	0.0171336
0.795918	-0.591837	0.0185839
0.795918	-0.55102	0.0199615
0.795918	-0.510204	0.0212611
0.795918	-0.469388	0.0224776
0.795918	-0.428571	0.0236061
0.795918	-0.387755	0.0246421
0.795918	-0.346939	0.0255815
0.795918	-0.306122	0.0264205
0.795918	-0.265306	0.0271558
0.795918	-0.22449	0.0277843
0.795918	-0.183673	0.0283036
0.795918	-0.142857	0.0287114
0.795918	-0.102041	0.0290061
0.795918	-0.0612245	0.0291864
0.795918	-0.0204082	0.0292515
0.795918	0.0204082	0.0292012
0.795918	0.0612245	0.0290354
0.795918	0.102041	0.0287547
0.795918	0.142857	0.0283603
0.795918	0.183673	0.0278535
0.795918	0.22449	0.0272363
0.795918	0.265306	0.0265112
0.795918	0.306122	0.0256808
0.795918	0.346939	0.0247485
0.795918	0.387755	0.023718
0.795918	0.428571	0.0225932
0.795918	0.469388	0.0213785
0.795918	0.510204	0.0200789
0.795918	0.55102	0.0186994
0.795918	0.591837	0.0172455
0.795918	0.632653	0.0157229
0.795918	0.673469	0.0141378
0.795918	0.714286	0.0124963
0.795918	0.755102	0.0108051
0.795918	0.795918	0.00907084
0.795918	0.836735	0.00730043
0.795918	0.877551	0.00550093
0.795918	0.918367	0.00367951
0.795918	0.959184	0.00184343
0.795918	1	0
0.836735	-1	0.00147177
0.836735	-0.959184	0.00293782
0.836735	-0.918367	0.00439243
0.836735	-0.877551	0.00582995
0.836735	-0.836735	0.00724478
0.836735	-0.795918	0.0086314
0.836735	-0.755102	0.00998441
0.836735	-0.714286	0.0112985
0.836735	-0.673469	0.0125685
0.836735	-0.632653	0.0137896
0.836735	-0.591837	0.0149567
0.836735	-0.55102	0.0160655
0.836735	-0.510204	0.0171115
0.836735	-0.469388	0.0180905
0.836735	-0.428571	0.0189988
0.836735	-0.387755	0.0198326
0.836735	-0.346939	0.0205886
0.836735	-0.306122	0.0212639
0.836735	-0.265306	0.0218556
0.836735	-0.22449	0.0223615
0.836735	-0.183673	0.0227794
0.836735	-0.142857	0.0231076
0.836735	-0.102041	0.0233448
0.836735	-0.0612245	0.0234899
0.836735	-0.0204082	0.0235424
0.836735	0.0204082	0.0235018
0.836735	0.0612245	0.0233684
0.836735	0.102041	0.0231425
0.836735	0.142857	0.022825
0.836735	0.183673	0.0224172
0.836735	0.22449	0.0219205
0.836735	0.265306	0.0213368
0.836735	0.306122	0.0206686
0.836735	0.346939	0.0199182
0.836735	0.387755	0.0190888
0.836735	0.428571	0.0181835
0.836735	0.469388	0.017206
0.836735	0.510204	0.01616
0.836735	0.55102	0.0150497
0.836735	0.591837	0.0138796
0.836735	0.632653	0.0126542
0.836735	0.673469	0.0113784
0.836735	0.714286	0.0100573
0.836735	0.755102	0.00869621
0.836735	0.795918	0.00730043
0.836735	0.836735	0.00587556
0.836735	0.877551	0.00442728
0.836735	0.918367	0.00296136
0.836735	0.959184	0.00148364
0.836735	1	0
0.877551	-1	0.00110899
0.877551	-0.959184	0.00221367
0.877551	-0.918367	0.00330973
0.877551	-0.877551	0.00439292
0.877551	-0.836735	0.005459
0.877551	-0.795918	0.00650383
0.877551	-0.755102	0.00752333
0.877551	-0.714286	0.00851351
0.877551	-0.673469	0.00947049
0.877551	-0.632653	0.0103905
0.877551	-0.591837	0.01127
0.877551	-0.55102	0.0121055
0.877551	-0.510204	0.0128936
0.877551	-0.469388	0.0136314
0.877551	-0.428571	0.0143157
0.877551	-0.387755	0.014944
0.877551	-0.346939	0.0155137
0.877551	-0.306122	0.0160225
0.877551	-0.265306	0.0164684
0.877551	-0.22449	0.0168496
0.877551	-0.183673	0.0171645
0.877551	-0.142857	0.0174118
0.877551	-0.102041	0.0175905
0.877551	-0.0612245	0.0176998
0.877551	-0.0204082	0.0177393
0.877551	0.0204082	0.0177088
0.877551	0.0612245	0.0176082
0.877551	0.102041	0.017438
0.877551	0.142857	0.0171988
0.877551	0.183673	0.0168915
0.877551	0.22449	0.0165172
0.877551	0.265306	0.0160775
0.877551	0.306122	0.0155739
0.877551	0.346939	0.0150085
0.877551	0.387755	0.0143836
0.877551	0.428571	0.0137014
0.877551	0.469388	0.0129648
0.877551	0.510204	0.0121767
0.877551	0.55102	0.0113401
0.877551	0.591837	0.0104584
0.877551	0.632653	0.00953504
0.877551	0.673469	0.00857374
0.877551	0.714286	0.00757829
0.877551	0.755102	0.00655266
0.877551	0.795918	0.00550093
0.877551	0.836735	0.00442728
0.877551	0.877551	0.00333599
0.877551	0.918367	0.00223141
0.877551	0.959184	0.00111793
0.877551	1	0
0.918367	-1	0.000741792
0.918367	-0.959184	0.0014807
0.918367	-0.918367	0.00221384
0.918367	-0.877551	0.00293837
0.918367	-0.836735	0.00365147
0.918367	-0.795918	0.00435034
0.918367	-0.755102	0.00503227
0.918367	-0.714286	0.00569459
0.918367	-0.673469	0.00633471
0.918367	-0.632653	0.00695012
0.918367	-0.591837	0.00753839
0.918367	-0.55102	0.00809723
0.918367	-0.510204	0.00862441
0.918367	-0.469388	0.00911787
0.918367	-0.428571	0.00957563
0.918367	-0.387755	0.00999588
0.918367	-0.346939	0.0103769
0.918367	-0.306122	0.0107173
0.918367	-0.265306	0.0110155
0.918367	-0.22449	0.0112705
0.918367	-0.183673	0.0114811
0.918367	-0.142857	0.0116466
0.918367	-0.102041	0.0117661
0.918367	-0.0612245	0.0118392
0.918367	-0.0204082	0.0118657
0.918367	0.0204082	0.0118452
0.918367	0.0612245	0.011778
0.918367	0.102041	0.0116641
0.918367	0.142857	0.0115041
0.918367	0.183673	0.0112985
0.918367	0.22449	0.0110482
0.918367	0.265306	0.010754
0.918367	0.306122	0.0104172
0.918367	0.346939	0.010039
0.918367	0.387755	0.009621
0.918367	0.428571	0.00916473
0.918367	0.469388	0.00867203
0.918367	0.510204	0.00814485
0.918367	0.55102	0.00758526
0.918367	0.591837	0.00699549
0.918367	0.632653	0.00637788
0.918367	0.673469	0.00573488
0.918367	0.714286	0.00506904
0.918367	0.755102	0.004383
0.918367	0.795918	0.00367951
0.918367	0.836735	0.00296136
0.918367	0.877551	0.00223141
0.918367	0.918367	0.00149256
0.918367	0.959184	0.000747772
0.918367	1	0
0.959184	-1	0.000371637
0.959184	-0.959184	0.000741827
0.959184	-0.918367	0.00110913
0.959184	-0.877551	0.00147212
0.959184	-0.836735	0.00182938
0.959184	-0.795918	0.00217951
0.959184	-0.755102	0.00252116
0.959184	-0.714286	0.00285298
0.959184	-0.673469	0.00317368
0.959184	-0.632653	0.003482
0.959184	-0.591837	0.00377672
0.959184	-0.55102	0.0040567
0.959184	-0.510204	0.00432082
0.959184	-0.469388	0.00456804
0.959184	-0.428571	0.00479737
0.959184	-0.387755	0.00500792
0.959184	-0.346939	0.00519883
0.959184	-0.306122	0.00536934
0.959184	-0.265306	0.00551876
0.959184	-0.22449	0.0056465
0.959184	-0.183673	0.00575202
0.959184	-0.142857	0.0058349
0.959184	-0.102041	0.00589479
0.959184	-0.0612245	0.00593144
0.959184	-0.0204082	0.00594467
0.959184	0.0204082	0.00593443
0.959184	0.0612245	0.00590074
0.959184	0.102041	0.0058437
0.959184	0.142857	0.00576354
0.959184	0.183673	0.00566055
0.959184	0.22449	0.00553513
0.959184	0.265306	0.00538776
0.959184	0.306122	0.00521901
0.959184	0.346939	0.00502955
0.959184	0.387755	0.00482011
0.959184	0.428571	0.00459152
0.959184	0.469388	0.00434467
0.959184	0.510204	0.00408055
0.959184	0.55102	0.0038002
0.959184	0.591837	0.00350473
0.959184	0.632653	0.00319531
0.959184	0.673469	0.00287316
0.959184	0.714286	0.00253958
0.959184	0.755102	0.00219588
0.959184	0.795918	0.00184343
0.959184	0.836735	0.00148364
0.959184	0.877551	0.00111793
0.959184	0.918367	0.000747772
0.959184	0.959184	0.000374633
0.959184	1	0
1	-1	0
1	-0.959184	0
1	-0.918367	0
1	-0.877551	0
1	-0.836735	0
1	-0.795918	0
1	-0.755102	0
1	-0.714286	0
1	-0.673469	0
1	-0.632653	0
1	-0.591837	0
1	-0.55102	0
1	-0.510204	0
1	-0.469388	0
1	-0.428571	0
1	-0.387755	0
1	-0.346939	0
1	-0.306122	0
1	-0.265306	0
1	-0.22449	0
1	-0.183673	0
1	-0.142857	0
1	-0.102041	0
1	-0.0612245	0
1	-0.0204082	0
1	0.0204082	0
1	0.0612245	0
1	0.102041	0
1	0.142857	0
1	0.183673	0
1	0.22449	0
1	0.265306	0
1	0.306122	0
1	0.346939	0
1	0.387755	0
1	0.428571	0
1	0.469388	0
1	0.510204	0
1	0.55102	0
1	0.591837	0
1	0.632653	0
1	0.673469	0
1	0.714286	0
1	0.755102	0
1	0.795918	0
1	0.836735	0
1	0.877551	0
1	0.918367	0
1	0.959184	0
1	1	0
