-1	-1	0.000386283
-1	-0.959184	0.000771065
-1	-0.918367	0.00115285
-1	-0.877551	0.00153016
-1	-0.836735	0.00190151
-1	-0.795918	0.00226548
-1	-0.755102	0.00262063
-1	-0.714286	0.00296558
-1	-0.673469	0.00329898
-1	-0.632653	0.00361952
-1	-0.591837	0.00392595
-1	-0.55102	0.00421706
-1	-0.510204	0.0044917
-1	-0.469388	0.00474879
-1	-0.428571	0.00498729
-1	-0.387755	0.00520628
-1	-0.346939	0.00540486
-1	-0.306122	0.00558224
-1	-0.265306	0.00573771
-1	-0.22449	0.00587063
-1	-0.183673	0.00598047
-1	-0.142857	0.00606676
-1	-0.102041	0.00612915
-1	-0.0612245	0.00616737
-1	-0.0204082	0.00618125
-1	0.0204082	0.00617072
-1	0.0612245	0.00613579
-1	0.102041	0.00607659
-1	0.142857	0.00599332
-1	0.183673	0.00588632
-1	0.22449	0.00575598
-1	0.265306	0.0056028
-1	0.306122	0.00542739
-1	0.346939	0.00523042
-1	0.387755	0.00501267
-1	0.428571	0.004775
-1	0.469388	0.00451833
-1	0.510204	0.00424369
-1	0.55102	0.00395216
-1	0.591837	0.0036449
-1	0.632653	0.00332312
-1	0.673469	0.00298811
-1	0.714286	0.00264119
-1	0.755102	0.00228374
-1	0.795918	0.0019172
-1	0.836735	0.00154301
-1	0.877551	0.00116267
-1	0.918367	0.000777701
-1	0.959184	0.000389627
-1	1	0
-0.959184	-1	0.000771065
-0.959184	-0.959184	0.00153913
-0.959184	-0.918367	0.00230122
-0.959184	-0.877551	0.00305437
-0.959184	-0.836735	0.00379564
-0.959184	-0.795918	0.00452215
-0.959184	-0.755102	0.00523107
-0.959184	-0.714286	0.00591963
-0.959184	-0.673469	0.00658514
-0.959184	-0.632653	0.00722498
-0.959184	-0.591837	0.00783665
-0.959184	-0.55102	0.00841774
-0.959184	-0.510204	0.00896595
-0.959184	-0.469388	0.00947912
-0.959184	-0.428571	0.00995521
-0.959184	-0.387755	0.0103923
-0.959184	-0.346939	0.0107887
-0.959184	-0.306122	0.0111428
-0.959184	-0.265306	0.0114531
-0.959184	-0.22449	0.0117185
-0.959184	-0.183673	0.0119377
-0.959184	-0.142857	0.01211
-0.959184	-0.102041	0.0122345
-0.959184	-0.0612245	0.0123108
-0.959184	-0.0204082	0.0123385
-0.959184	0.0204082	0.0123175
-0.959184	0.0612245	0.0122477
-0.959184	0.102041	0.0121296
-0.959184	0.142857	0.0119634
-0.959184	0.183673	0.0117498
-0.959184	0.22449	0.0114896
-0.959184	0.265306	0.0111838
-0.959184	0.306122	0.0108337
-0.959184	0.346939	0.0104405
-0.959184	0.387755	0.0100059
-0.959184	0.428571	0.00953145
-0.959184	0.469388	0.00901911
-0.959184	0.510204	0.0084709
-0.959184	0.55102	0.00788897
-0.959184	0.591837	0.00727564
-0.959184	0.632653	0.00663333
-0.959184	0.673469	0.00596461
-0.959184	0.714286	0.00527212
-0.959184	0.755102	0.00455862
-0.959184	0.795918	0.00382695
-0.959184	0.836735	0.00308003
-0.959184	0.877551	0.00232083
-0.959184	0.918367	0.00155238
-0.959184	0.959184	0.000777741
-0.959184	1	0
-0.918367	-1	0.00115285
-0.918367	-0.959184	0.00230122
-0.918367	-0.918367	0.00344065
-0.918367	-0.877551	0.00456671
-0.918367	-0.836735	0.00567502
-0.918367	-0.795918	0.00676126
-0.918367	-0.755102	0.00782119
-0.918367	-0.714286	0.00885069
-0.918367	-0.673469	0.00984571
-0.918367	-0.632653	0.0108024
-0.918367	-0.591837	0.0117169
-0.918367	-0.55102	0.0125857
-0.918367	-0.510204	0.0134054
-0.918367	-0.469388	0.0141726
-0.918367	-0.428571	0.0148845
-0.918367	-0.387755	0.015538
-0.918367	-0.346939	0.0161307
-0.918367	-0.306122	0.0166601
-0.918367	-0.265306	0.017124
-0.918367	-0.22449	0.0175208
-0.918367	-0.183673	0.0178486
-0.918367	-0.142857	0.0181061
-0.918367	-0.102041	0.0182923
-0.918367	-0.0612245	0.0184064
-0.918367	-0.0204082	0.0184478
-0.918367	0.0204082	0.0184163
-0.918367	0.0612245	0.0183121
-0.918367	0.102041	0.0181354
-0.918367	0.142857	0.0178869
-0.918367	0.183673	0.0175676
-0.918367	0.22449	0.0171786
-0.918367	0.265306	0.0167214
-0.918367	0.306122	0.0161979
-0.918367	0.346939	0.0156101
-0.918367	0.387755	0.0149602
-0.918367	0.428571	0.0142509
-0.918367	0.469388	0.0134848
-0.918367	0.510204	0.0126652
-0.918367	0.55102	0.0117951
-0.918367	0.591837	0.0108781
-0.918367	0.632653	0.00991777
-0.918367	0.673469	0.00891793
-0.918367	0.714286	0.00788256
-0.918367	0.755102	0.00681578
-0.918367	0.795918	0.00572183
-0.918367	0.836735	0.00460508
-0.918367	0.877551	0.00346997
-0.918367	0.918367	0.00232103
-0.918367	0.959184	0.00116283
-0.918367	1	0
-0.877551	-1	0.00153016
-0.877551	-0.959184	0.00305437
-0.877551	-0.918367	0.00456671
-0.877551	-0.877551	0.00606131
-0.877551	-0.836735	0.00753234
-0.877551	-0.795918	0.00897409
-0.877551	-0.755102	0.0103809
-0.877551	-0.714286	0.0117473
-0.877551	-0.673469	0.013068
-0.877551	-0.632653	0.0143378
-0.877551	-0.591837	0.0155516
-0.877551	-0.55102	0.0167048
-0.877551	-0.510204	0.0177927
-0.877551	-0.469388	0.0188111
-0.877551	-0.428571	0.0197558
-0.877551	-0.387755	0.0206233
-0.877551	-0.346939	0.0214099
-0.877551	-0.306122	0.0221126
-0.877551	-0.265306	0.0227284
-0.877551	-0.22449	0.023255
-0.877551	-0.183673	0.02369
-0.877551	-0.142857	0.0240319
-0.877551	-0.102041	0.024279
-0.877551	-0.0612245	0.0244304
-0.877551	-0.0204082	0.0244854
-0.877551	0.0204082	0.0244437
-0.877551	0.0612245	0.0243053
-0.877551	0.102041	0.0240708
-0.877551	0.142857	0.023741
-0.877551	0.183673	0.0233171
-0.877551	0.22449	0.0228008
-0.877551	0.265306	0.022194
-0.877551	0.306122	0.0214992
-0.877551	0.346939	0.0207189
-0.877551	0.387755	0.0198564
-0.877551	0.428571	0.0189149
-0.877551	0.469388	0.0178982
-0.877551	0.510204	0.0168103
-0.877551	0.55102	0.0156554
-0.877551	0.591837	0.0144383
-0.877551	0.632653	0.0131637
-0.877551	0.673469	0.0118366
-0.877551	0.714286	0.0104624
-0.877551	0.755102	0.00904645
-0.877551	0.795918	0.00759448
-0.877551	0.836735	0.00611224
-0.877551	0.877551	0.00460563
-0.877551	0.918367	0.00308066
-0.877551	0.959184	0.00154341
-0.877551	1	0
-0.836735	-1	0.00190151
-0.836735	-0.959184	0.00379564
-0.836735	-0.918367	0.00567502
-0.836735	-0.877551	0.00753234
-0.836735	-0.836735	0.00936039
-0.836735	-0.795918	0.011152
-0.836735	-0.755102	0.0129003
-0.836735	-0.714286	0.0145983
-0.836735	-0.673469	0.0162395
-0.836735	-0.632653	0.0178174
-0.836735	-0.591837	0.0193259
-0.836735	-0.55102	0.0207589
-0.836735	-0.510204	0.0221108
-0.836735	-0.469388	0.0233764
-0.836735	-0.428571	0.0245504
-0.836735	-0.387755	0.0256284
-0.836735	-0.346939	0.0266059
-0.836735	-0.306122	0.0274791
-0.836735	-0.265306	0.0282444
-0.836735	-0.22449	0.0288988
-0.836735	-0.183673	0.0294394
-0.836735	-0.142857	0.0298642
-0.836735	-0.102041	0.0301713
-0.836735	-0.0612245	0.0303595
-0.836735	-0.0204082	0.0304278
-0.836735	0.0204082	0.030376
-0.836735	0.0612245	0.030204
-0.836735	0.102041	0.0299126
-0.836735	0.142857	0.0295027
-0.836735	0.183673	0.028976
-0.836735	0.22449	0.0283344
-0.836735	0.265306	0.0275803
-0.836735	0.306122	0.0267169
-0.836735	0.346939	0.0257473
-0.836735	0.387755	0.0246754
-0.836735	0.428571	0.0235054
-0.836735	0.469388	0.0222419
-0.836735	0.510204	0.02089
-0.836735	0.55102	0.0194549
-0.836735	0.591837	0.0179424
-0.836735	0.632653	0.0163584
-0.836735	0.673469	0.0147092
-0.836735	0.714286	0.0130015
-0.836735	0.755102	0.011242
-0.836735	0.795918	0.0094376
-0.836735	0.836735	0.00759563
-0.836735	0.877551	0.00572338
-0.836735	0.918367	0.00382831
-0.836735	0.959184	0.00191798
-0.836735	1	0
-0.795918	-1	0.00226548
-0.795918	-0.959184	0.00452215
-0.795918	-0.918367	0.00676126
-0.795918	-0.877551	0.00897409
-0.795918	-0.836735	0.011152
-0.795918	-0.795918	0.0132866
-0.795918	-0.755102	0.0153695
-0.795918	-0.714286	0.0173926
-0.795918	-0.673469	0.0193479
-0.795918	-0.632653	0.0212278
-0.795918	-0.591837	0.023025
-0.795918	-0.55102	0.0247323
-0.795918	-0.510204	0.026343
-0.795918	-0.469388	0.0278508
-0.795918	-0.428571	0.0292496
-0.795918	-0.387755	0.0305339
-0.795918	-0.346939	0.0316985
-0.795918	-0.306122	0.0327388
-0.795918	-0.265306	0.0336506
-0.795918	-0.22449	0.0344302
-0.795918	-0.183673	0.0350743
-0.795918	-0.142857	0.0355804
-0.795918	-0.102041	0.0359463
-0.795918	-0.0612245	0.0361705
-0.795918	-0.0204082	0.0362519
-0.795918	0.0204082	0.0361901
-0.795918	0.0612245	0.0359853
-0.795918	0.102041	0.0356381
-0.795918	0.142857	0.0351497
-0.795918	0.183673	0.0345222
-0.795918	0.22449	0.0337577
-0.795918	0.265306	0.0328594
-0.795918	0.306122	0.0318306
-0.795918	0.346939	0.0306755
-0.795918	0.387755	0.0293984
-0.795918	0.428571	0.0280045
-0.795918	0.469388	0.0264992
-0.795918	0.510204	0.0248885
-0.795918	0.55102	0.0231787
-0.795918	0.591837	0.0213767
-0.795918	0.632653	0.0194895
-0.795918	0.673469	0.0175247
-0.795918	0.714286	0.0154901
-0.795918	0.755102	0.0133937
-0.795918	0.795918	0.011244
-0.795918	0.836735	0.00904948
-0.795918	0.877551	0.00681887
-0.795918	0.918367	0.00456107
-0.795918	0.959184	0.00228509
-0.795918	1	0
-0.755102	-1	0.00262063
-0.755102	-0.959184	0.00523107
-0.755102	-0.918367	0.00782119
-0.755102	-0.877551	0.0103809
-0.755102	-0.836735	0.0129003
-0.755102	-0.795918	0.0153695
-0.755102	-0.755102	0.0177789
-0.755102	-0.714286	0.0201191
-0.755102	-0.673469	0.022381
-0.755102	-0.632653	0.0245556
-0.755102	-0.591837	0.0266345
-0.755102	-0.55102	0.0286095
-0.755102	-0.510204	0.0304727
-0.755102	-0.469388	0.0322168
-0.755102	-0.428571	0.0338349
-0.755102	-0.387755	0.0353205
-0.755102	-0.346939	0.0366677
-0.755102	-0.306122	0.0378711
-0.755102	-0.265306	0.0389259
-0.755102	-0.22449	0.0398277
-0.755102	-0.183673	0.0405728
-0.755102	-0.142857	0.0411582
-0.755102	-0.102041	0.0415815
-0.755102	-0.0612245	0.0418408
-0.755102	-0.0204082	0.041935
-0.755102	0.0204082	0.0418635
-0.755102	0.0612245	0.0416265
-0.755102	0.102041	0.0412249
-0.755102	0.142857	0.04066
-0.755102	0.183673	0.0399341
-0.755102	0.22449	0.0390498
-0.755102	0.265306	0.0380106
-0.755102	0.306122	0.0368206
-0.755102	0.346939	0.0354843
-0.755102	0.387755	0.0340071
-0.755102	0.428571	0.0323946
-0.755102	0.469388	0.0306534
-0.755102	0.510204	0.0287901
-0.755102	0.55102	0.0268123
-0.755102	0.591837	0.0247278
-0.755102	0.632653	0.0225448
-0.755102	0.673469	0.020272
-0.755102	0.714286	0.0179184
-0.755102	0.755102	0.0154934
-0.755102	0.795918	0.0130067
-0.755102	0.836735	0.0104681
-0.755102	0.877551	0.00788784
-0.755102	0.918367	0.0052761
-0.755102	0.959184	0.00264332
-0.755102	1	0
-0.714286	-1	0.00296558
-0.714286	-0.959184	0.00591963
-0.714286	-0.918367	0.00885069
-0.714286	-0.877551	0.0117473
-0.714286	-0.836735	0.0145983
-0.714286	-0.795918	0.0173926
-0.714286	-0.755102	0.0201191
-0.714286	-0.714286	0.0227674
-0.714286	-0.673469	0.0253269
-0.714286	-0.632653	0.0277878
-0.714286	-0.591837	0.0301404
-0.714286	-0.55102	0.0323753
-0.714286	-0.510204	0.0344838
-0.714286	-0.469388	0.0364574
-0.714286	-0.428571	0.0382885
-0.714286	-0.387755	0.0399697
-0.714286	-0.346939	0.0414943
-0.714286	-0.306122	0.0428561
-0.714286	-0.265306	0.0440496
-0.714286	-0.22449	0.0450701
-0.714286	-0.183673	0.0459133
-0.714286	-0.142857	0.0465758
-0.714286	-0.102041	0.0470548
-0.714286	-0.0612245	0.0473483
-0.714286	-0.0204082	0.0474548
-0.714286	0.0204082	0.0473739
-0.714286	0.0612245	0.0471058
-0.714286	0.102041	0.0466513
-0.714286	0.142857	0.046012
-0.714286	0.183673	0.0451905
-0.714286	0.22449	0.0441899
-0.714286	0.265306	0.0430139
-0.714286	0.306122	0.0416672
-0.714286	0.346939	0.0401551
-0.714286	0.387755	0.0384834
-0.714286	0.428571	0.0366587
-0.714286	0.469388	0.0346882
-0.714286	0.510204	0.0325797
-0.714286	0.55102	0.0303416
-0.714286	0.591837	0.0279827
-0.714286	0.632653	0.0255123
-0.714286	0.673469	0.0229403
-0.714286	0.714286	0.020277
-0.714286	0.755102	0.0175328
-0.714286	0.795918	0.0147188
-0.714286	0.836735	0.011846
-0.714286	0.877551	0.0089261
-0.714286	0.918367	0.00597058
-0.714286	0.959184	0.00299125
-0.714286	1	0
-0.673469	-1	0.00329898
-0.673469	-0.959184	0.00658514
-0.673469	-0.918367	0.00984571
-0.673469	-0.877551	0.013068
-0.673469	-0.836735	0.0162395
-0.673469	-0.795918	0.0193479
-0.673469	-0.755102	0.022381
-0.673469	-0.714286	0.0253269
-0.673469	-0.673469	0.0281743
-0.673469	-0.632653	0.0309118
-0.673469	-0.591837	0.0335288
-0.673469	-0.55102	0.036015
-0.673469	-0.510204	0.0383605
-0.673469	-0.469388	0.0405561
-0.673469	-0.428571	0.0425931
-0.673469	-0.387755	0.0444632
-0.673469	-0.346939	0.0461592
-0.673469	-0.306122	0.0476741
-0.673469	-0.265306	0.0490018
-0.673469	-0.22449	0.050137
-0.673469	-0.183673	0.0510751
-0.673469	-0.142857	0.051812
-0.673469	-0.102041	0.0523449
-0.673469	-0.0612245	0.0526713
-0.673469	-0.0204082	0.0527898
-0.673469	0.0204082	0.0526999
-0.673469	0.0612245	0.0524016
-0.673469	0.102041	0.0518959
-0.673469	0.142857	0.0511849
-0.673469	0.183673	0.050271
-0.673469	0.22449	0.0491578
-0.673469	0.265306	0.0478497
-0.673469	0.306122	0.0463516
-0.673469	0.346939	0.0446694
-0.673469	0.387755	0.0428098
-0.673469	0.428571	0.04078
-0.673469	0.469388	0.038588
-0.673469	0.510204	0.0362425
-0.673469	0.55102	0.0337527
-0.673469	0.591837	0.0311286
-0.673469	0.632653	0.0283805
-0.673469	0.673469	0.0255194
-0.673469	0.714286	0.0225566
-0.673469	0.755102	0.0195039
-0.673469	0.795918	0.0163735
-0.673469	0.836735	0.0131778
-0.673469	0.877551	0.00992961
-0.673469	0.918367	0.00664181
-0.673469	0.959184	0.00332754
-0.673469	1	0
-0.632653	-1	0.00361952
-0.632653	-0.959184	0.00722498
-0.632653	-0.918367	0.0108024
-0.632653	-0.877551	0.0143378
-0.632653	-0.836735	0.0178174
-0.632653	-0.795918	0.0212278
-0.632653	-0.755102	0.0245556
-0.632653	-0.714286	0.0277878
-0.632653	-0.673469	0.0309118
-0.632653	-0.632653	0.0339154
-0.632653	-0.591837	0.0367867
-0.632653	-0.55102	0.0395144
-0.632653	-0.510204	0.0420878
-0.632653	-0.469388	0.0444967
-0.632653	-0.428571	0.0467316
-0.632653	-0.387755	0.0487835
-0.632653	-0.346939	0.0506442
-0.632653	-0.306122	0.0523063
-0.632653	-0.265306	0.0537631
-0.632653	-0.22449	0.0550086
-0.632653	-0.183673	0.0560378
-0.632653	-0.142857	0.0568463
-0.632653	-0.102041	0.057431
-0.632653	-0.0612245	0.0577891
-0.632653	-0.0204082	0.0579192
-0.632653	0.0204082	0.0578204
-0.632653	0.0612245	0.0574931
-0.632653	0.102041	0.0569384
-0.632653	0.142857	0.0561582
-0.632653	0.183673	0.0551556
-0.632653	0.22449	0.0539343
-0.632653	0.265306	0.052499
-0.632653	0.306122	0.0508554
-0.632653	0.346939	0.0490097
-0.632653	0.387755	0.0469694
-0.632653	0.428571	0.0447424
-0.632653	0.469388	0.0423374
-0.632653	0.510204	0.039764
-0.632653	0.55102	0.0370323
-0.632653	0.591837	0.0341532
-0.632653	0.632653	0.0311381
-0.632653	0.673469	0.027999
-0.632653	0.714286	0.0247483
-0.632653	0.755102	0.021399
-0.632653	0.795918	0.0179644
-0.632653	0.836735	0.0144582
-0.632653	0.877551	0.0108944
-0.632653	0.918367	0.00728716
-0.632653	0.959184	0.00365086
-0.632653	1	0
-0.591837	-1	0.00392595
-0.591837	-0.959184	0.00783665
-0.591837	-0.918367	0.0117169
-0.591837	-0.877551	0.0155516
-0.591837	-0.836735	0.0193259
-0.591837	-0.795918	0.023025
-0.591837	-0.755102	0.0266345
-0.591837	-0.714286	0.0301404
-0.591837	-0.673469	0.0335288
-0.591837	-0.632653	0.0367867
-0.591837	-0.591837	0.039901
-0.591837	-0.55102	0.0428597
-0.591837	-0.510204	0.045651
-0.591837	-0.469388	0.0482638
-0.591837	-0.428571	0.0506879
-0.591837	-0.387755	0.0529135
-0.591837	-0.346939	0.0549318
-0.591837	-0.306122	0.0567346
-0.591837	-0.265306	0.0583147
-0.591837	-0.22449	0.0596656
-0.591837	-0.183673	0.0607819
-0.591837	-0.142857	0.061659
-0.591837	-0.102041	0.0622931
-0.591837	-0.0612245	0.0626815
-0.591837	-0.0204082	0.0628226
-0.591837	0.0204082	0.0627155
-0.591837	0.0612245	0.0623605
-0.591837	0.102041	0.0617588
-0.591837	0.142857	0.0609126
-0.591837	0.183673	0.0598251
-0.591837	0.22449	0.0585004
-0.591837	0.265306	0.0569436
-0.591837	0.306122	0.0551608
-0.591837	0.346939	0.0531589
-0.591837	0.387755	0.0509459
-0.591837	0.428571	0.0485303
-0.591837	0.469388	0.0459217
-0.591837	0.510204	0.0431304
-0.591837	0.55102	0.0401674
-0.591837	0.591837	0.0370446
-0.591837	0.632653	0.0337742
-0.591837	0.673469	0.0303694
-0.591837	0.714286	0.0268435
-0.591837	0.755102	0.0232106
-0.591837	0.795918	0.0194853
-0.591837	0.836735	0.0156823
-0.591837	0.877551	0.0118167
-0.591837	0.918367	0.0079041
-0.591837	0.959184	0.00395994
-0.591837	1	0
-0.55102	-1	0.00421706
-0.55102	-0.959184	0.00841774
-0.55102	-0.918367	0.0125857
-0.55102	-0.877551	0.0167048
-0.55102	-0.836735	0.0207589
-0.55102	-0.795918	0.0247323
-0.55102	-0.755102	0.0286095
-0.55102	-0.714286	0.0323753
-0.55102	-0.673469	0.036015
-0.55102	-0.632653	0.0395144
-0.55102	-0.591837	0.0428597
-0.55102	-0.55102	0.0460378
-0.55102	-0.510204	0.049036
-0.55102	-0.469388	0.0518426
-0.55102	-0.428571	0.0544464
-0.55102	-0.387755	0.0568371
-0.55102	-0.346939	0.059005
-0.55102	-0.306122	0.0609415
-0.55102	-0.265306	0.0626387
-0.55102	-0.22449	0.0640899
-0.55102	-0.183673	0.0652889
-0.55102	-0.142857	0.066231
-0.55102	-0.102041	0.0669121
-0.55102	-0.0612245	0.0673294
-0.55102	-0.0204082	0.0674809
-0.55102	0.0204082	0.0673659
-0.55102	0.0612245	0.0669846
-0.55102	0.102041	0.0663382
-0.55102	0.142857	0.0654293
-0.55102	0.183673	0.0642611
-0.55102	0.22449	0.0628382
-0.55102	0.265306	0.0611659
-0.55102	0.306122	0.059251
-0.55102	0.346939	0.0571007
-0.55102	0.387755	0.0547235
-0.55102	0.428571	0.0521288
-0.55102	0.469388	0.0493268
-0.55102	0.510204	0.0463285
-0.55102	0.55102	0.0431459
-0.55102	0.591837	0.0397915
-0.55102	0.632653	0.0362786
-0.55102	0.673469	0.0326212
-0.55102	0.714286	0.0288339
-0.55102	0.755102	0.0249317
-0.55102	0.795918	0.0209301
-0.55102	0.836735	0.0168451
-0.55102	0.877551	0.0126929
-0.55102	0.918367	0.00849019
-0.55102	0.959184	0.00425357
-0.55102	1	0
-0.510204	-1	0.0044917
-0.510204	-0.959184	0.00896595
-0.510204	-0.918367	0.0134054
-0.510204	-0.877551	0.0177927
-0.510204	-0.836735	0.0221108
-0.510204	-0.795918	0.026343
-0.510204	-0.755102	0.0304727
-0.510204	-0.714286	0.0344838
-0.510204	-0.673469	0.0383605
-0.510204	-0.632653	0.0420878
-0.510204	-0.591837	0.045651
-0.510204	-0.55102	0.049036
-0.510204	-0.510204	0.0522295
-0.510204	-0.469388	0.0552189
-0.510204	-0.428571	0.0579923
-0.510204	-0.387755	0.0605386
-0.510204	-0.346939	0.0628477
-0.510204	-0.306122	0.0649104
-0.510204	-0.265306	0.0667181
-0.510204	-0.22449	0.0682638
-0.510204	-0.183673	0.0695409
-0.510204	-0.142857	0.0705444
-0.510204	-0.102041	0.0712698
-0.510204	-0.0612245	0.0717143
-0.510204	-0.0204082	0.0718757
-0.510204	0.0204082	0.0717532
-0.510204	0.0612245	0.071347
-0.510204	0.102041	0.0706586
-0.510204	0.142857	0.0696904
-0.510204	0.183673	0.0684462
-0.510204	0.22449	0.0669306
-0.510204	0.265306	0.0651494
-0.510204	0.306122	0.0631097
-0.510204	0.346939	0.0608194
-0.510204	0.387755	0.0582874
-0.510204	0.428571	0.0555237
-0.510204	0.469388	0.0525392
-0.510204	0.510204	0.0493457
-0.510204	0.55102	0.0459558
-0.510204	0.591837	0.0423829
-0.510204	0.632653	0.0386413
-0.510204	0.673469	0.0347457
-0.510204	0.714286	0.0307118
-0.510204	0.755102	0.0265554
-0.510204	0.795918	0.0222932
-0.510204	0.836735	0.0179422
-0.510204	0.877551	0.0135196
-0.510204	0.918367	0.00904312
-0.510204	0.959184	0.00453059
-0.510204	1	0
-0.469388	-1	0.00474879
-0.469388	-0.959184	0.00947912
-0.469388	-0.918367	0.0141726
-0.469388	-0.877551	0.0188111
-0.469388	-0.836735	0.0233764
-0.469388	-0.795918	0.0278508
-0.469388	-0.755102	0.0322168
-0.469388	-0.714286	0.0364574
-0.469388	-0.673469	0.0405561
-0.469388	-0.632653	0.0444967
-0.469388	-0.591837	0.0482638
-0.469388	-0.55102	0.0518426
-0.469388	-0.510204	0.0552189
-0.469388	-0.469388	0.0583794
-0.469388	-0.428571	0.0613115
-0.469388	-0.387755	0.0640036
-0.469388	-0.346939	0.0664449
-0.469388	-0.306122	0.0686255
-0.469388	-0.265306	0.0705368
-0.469388	-0.22449	0.0721709
-0.469388	-0.183673	0.0735212
-0.469388	-0.142857	0.074582
-0.469388	-0.102041	0.075349
-0.469388	-0.0612245	0.0758189
-0.469388	-0.0204082	0.0759895
-0.469388	0.0204082	0.07586
-0.469388	0.0612245	0.0754306
-0.469388	0.102041	0.0747028
-0.469388	0.142857	0.0736792
-0.469388	0.183673	0.0723637
-0.469388	0.22449	0.0707614
-0.469388	0.265306	0.0688783
-0.469388	0.306122	0.0667219
-0.469388	0.346939	0.0643004
-0.469388	0.387755	0.0616235
-0.469388	0.428571	0.0587017
-0.469388	0.469388	0.0555463
-0.469388	0.510204	0.05217
-0.469388	0.55102	0.0485861
-0.469388	0.591837	0.0448087
-0.469388	0.632653	0.0408529
-0.469388	0.673469	0.0367344
-0.469388	0.714286	0.0324696
-0.469388	0.755102	0.0280753
-0.469388	0.795918	0.0235692
-0.469388	0.836735	0.0189691
-0.469388	0.877551	0.0142934
-0.469388	0.918367	0.00956071
-0.469388	0.959184	0.0047899
-0.469388	1	0
-0.428571	-1	0.00498729
-0.428571	-0.959184	0.00995521
-0.428571	-0.918367	0.0148845
-0.428571	-0.877551	0.0197558
-0.428571	-0.836735	0.0245504
-0.428571	-0.795918	0.0292496
-0.428571	-0.755102	0.0338349
-0.428571	-0.714286	0.0382885
-0.428571	-0.673469	0.0425931
-0.428571	-0.632653	0.0467316
-0.428571	-0.591837	0.0506879
-0.428571	-0.55102	0.0544464
-0.428571	-0.510204	0.0579923
-0.428571	-0.469388	0.0613115
-0.428571	-0.428571	0.0643909
-0.428571	-0.387755	0.0672182
-0.428571	-0.346939	0.0697821
-0.428571	-0.306122	0.0720723
-0.428571	-0.265306	0.0740795
-0.428571	-0.22449	0.0757957
-0.428571	-0.183673	0.0772138
-0.428571	-0.142857	0.0783279
-0.428571	-0.102041	0.0791334
-0.428571	-0.0612245	0.0796269
-0.428571	-0.0204082	0.0798061
-0.428571	0.0204082	0.0796701
-0.428571	0.0612245	0.0792191
-0.428571	0.102041	0.0784547
-0.428571	0.142857	0.0773798
-0.428571	0.183673	0.0759982
-0.428571	0.22449	0.0743154
-0.428571	0.265306	0.0723377
-0.428571	0.306122	0.070073
-0.428571	0.346939	0.0675299
-0.428571	0.387755	0.0647186
-0.428571	0.428571	0.06165
-0.428571	0.469388	0.0583362
-0.428571	0.510204	0.0547903
-0.428571	0.55102	0.0510263
-0.428571	0.591837	0.0470593
-0.428571	0.632653	0.0429048
-0.428571	0.673469	0.0385794
-0.428571	0.714286	0.0341004
-0.428571	0.755102	0.0294854
-0.428571	0.795918	0.0247529
-0.428571	0.836735	0.0199218
-0.428571	0.877551	0.0150113
-0.428571	0.918367	0.0100409
-0.428571	0.959184	0.00503048
-0.428571	1	0
-0.387755	-1	0.00520628
-0.387755	-0.959184	0.0103923
-0.387755	-0.918367	0.015538
-0.387755	-0.877551	0.0206233
-0.387755	-0.836735	0.0256284
-0.387755	-0.795918	0.0305339
-0.387755	-0.755102	0.0353205
-0.387755	-0.714286	0.0399697
-0.387755	-0.673469	0.0444632
-0.387755	-0.632653	0.0487835
-0.387755	-0.591837	0.0529135
-0.387755	-0.55102	0.0568371
-0.387755	-0.510204	0.0605386
-0.387755	-0.469388	0.0640036
-0.387755	-0.428571	0.0672182
-0.387755	-0.387755	0.0701696
-0.387755	-0.346939	0.0728461
-0.387755	-0.306122	0.0752368
-0.387755	-0.265306	0.0773322
-0.387755	-0.22449	0.0791237
-0.387755	-0.183673	0.0806041
-0.387755	-0.142857	0.0817671
-0.387755	-0.102041	0.082608
-0.387755	-0.0612245	0.0831232
-0.387755	-0.0204082	0.0833103
-0.387755	0.0204082	0.0831683
-0.387755	0.0612245	0.0826975
-0.387755	0.102041	0.0818995
-0.387755	0.142857	0.0807774
-0.387755	0.183673	0.0793352
-0.387755	0.22449	0.0775784
-0.387755	0.265306	0.075514
-0.387755	0.306122	0.0731498
-0.387755	0.346939	0.0704951
-0.387755	0.387755	0.0675603
-0.387755	0.428571	0.0643569
-0.387755	0.469388	0.0608976
-0.387755	0.510204	0.057196
-0.387755	0.55102	0.0532668
-0.387755	0.591837	0.0491256
-0.387755	0.632653	0.0447887
-0.387755	0.673469	0.0402734
-0.387755	0.714286	0.0355976
-0.387755	0.755102	0.0307801
-0.387755	0.795918	0.0258398
-0.387755	0.836735	0.0207966
-0.387755	0.877551	0.0156704
-0.387755	0.918367	0.0104818
-0.387755	0.959184	0.00525135
-0.387755	1	0
-0.346939	-1	0.00540486
-0.346939	-0.959184	0.0107887
-0.346939	-0.918367	0.0161307
-0.346939	-0.877551	0.0214099
-0.346939	-0.836735	0.0266059
-0.346939	-0.795918	0.0316985
-0.346939	-0.755102	0.0366677
-0.346939	-0.714286	0.0414943
-0.346939	-0.673469	0.0461592
-0.346939	-0.632653	0.0506442
-0.346939	-0.591837	0.0549318
-0.346939	-0.55102	0.059005
-0.346939	-0.510204	0.0628477
-0.346939	-0.469388	0.0664449
-0.346939	-0.428571	0.0697821
-0.346939	-0.387755	0.0728461
-0.346939	-0.346939	0.0756246
-0.346939	-0.306122	0.0781066
-0.346939	-0.265306	0.0802819
-0.346939	-0.22449	0.0821417
-0.346939	-0.183673	0.0836785
-0.346939	-0.142857	0.084886
-0.346939	-0.102041	0.0857589
-0.346939	-0.0612245	0.0862937
-0.346939	-0.0204082	0.0864879
-0.346939	0.0204082	0.0863405
-0.346939	0.0612245	0.0858518
-0.346939	0.102041	0.0850234
-0.346939	0.142857	0.0838584
-0.346939	0.183673	0.0823612
-0.346939	0.22449	0.0805375
-0.346939	0.265306	0.0783943
-0.346939	0.306122	0.0759399
-0.346939	0.346939	0.0731839
-0.346939	0.387755	0.0701372
-0.346939	0.428571	0.0668116
-0.346939	0.469388	0.0632204
-0.346939	0.510204	0.0593776
-0.346939	0.55102	0.0552986
-0.346939	0.591837	0.0509993
-0.346939	0.632653	0.046497
-0.346939	0.673469	0.0418095
-0.346939	0.714286	0.0369554
-0.346939	0.755102	0.0319541
-0.346939	0.795918	0.0268254
-0.346939	0.836735	0.0215898
-0.346939	0.877551	0.0162681
-0.346939	0.918367	0.0108816
-0.346939	0.959184	0.00545166
-0.346939	1	0
-0.306122	-1	0.00558224
-0.306122	-0.959184	0.0111428
-0.306122	-0.918367	0.0166601
-0.306122	-0.877551	0.0221126
-0.306122	-0.836735	0.0274791
-0.306122	-0.795918	0.0327388
-0.306122	-0.755102	0.0378711
-0.306122	-0.714286	0.0428561
-0.306122	-0.673469	0.0476741
-0.306122	-0.632653	0.0523063
-0.306122	-0.591837	0.0567346
-0.306122	-0.55102	0.0609415
-0.306122	-0.510204	0.0649104
-0.306122	-0.469388	0.0686255
-0.306122	-0.428571	0.0720723
-0.306122	-0.387755	0.0752368
-0.306122	-0.346939	0.0781066
-0.306122	-0.306122	0.08067
-0.306122	-0.265306	0.0829167
-0.306122	-0.22449	0.0848376
-0.306122	-0.183673	0.0864248
-0.306122	-0.142857	0.0876718
-0.306122	-0.102041	0.0885735
-0.306122	-0.0612245	0.0891258
-0.306122	-0.0204082	0.0893264
-0.306122	0.0204082	0.0891741
-0.306122	0.0612245	0.0886694
-0.306122	0.102041	0.0878138
-0.306122	0.142857	0.0866106
-0.306122	0.183673	0.0850642
-0.306122	0.22449	0.0831806
-0.306122	0.265306	0.0809671
-0.306122	0.306122	0.0784322
-0.306122	0.346939	0.0755858
-0.306122	0.387755	0.072439
-0.306122	0.428571	0.0690043
-0.306122	0.469388	0.0652952
-0.306122	0.510204	0.0613264
-0.306122	0.55102	0.0571134
-0.306122	0.591837	0.0526731
-0.306122	0.632653	0.048023
-0.306122	0.673469	0.0431817
-0.306122	0.714286	0.0381683
-0.306122	0.755102	0.0330028
-0.306122	0.795918	0.0277058
-0.306122	0.836735	0.0222983
-0.306122	0.877551	0.016802
-0.306122	0.918367	0.0112387
-0.306122	0.959184	0.00563057
-0.306122	1	0
-0.265306	-1	0.00573771
-0.265306	-0.959184	0.0114531
-0.265306	-0.918367	0.017124
-0.265306	-0.877551	0.0227284
-0.265306	-0.836735	0.0282444
-0.265306	-0.795918	0.0336506
-0.265306	-0.755102	0.0389259
-0.265306	-0.714286	0.0440496
-0.265306	-0.673469	0.0490018
-0.265306	-0.632653	0.0537631
-0.265306	-0.591837	0.0583147
-0.265306	-0.55102	0.0626387
-0.265306	-0.510204	0.0667181
-0.265306	-0.469388	0.0705368
-0.265306	-0.428571	0.0740795
-0.265306	-0.387755	0.0773322
-0.265306	-0.346939	0.0802819
-0.265306	-0.306122	0.0829167
-0.265306	-0.265306	0.0852259
-0.265306	-0.22449	0.0872003
-0.265306	-0.183673	0.0888318
-0.265306	-0.142857	0.0901136
-0.265306	-0.102041	0.0910403
-0.265306	-0.0612245	0.091608
-0.265306	-0.0204082	0.0918142
-0.265306	0.0204082	0.0916577
-0.265306	0.0612245	0.0911389
-0.265306	0.102041	0.0902595
-0.265306	0.142857	0.0890227
-0.265306	0.183673	0.0874333
-0.265306	0.22449	0.0854973
-0.265306	0.265306	0.0832221
-0.265306	0.306122	0.0806165
-0.265306	0.346939	0.0776909
-0.265306	0.387755	0.0744565
-0.265306	0.428571	0.0709262
-0.265306	0.469388	0.0671137
-0.265306	0.510204	0.0630343
-0.265306	0.55102	0.058704
-0.265306	0.591837	0.0541401
-0.265306	0.632653	0.0493605
-0.265306	0.673469	0.0443843
-0.265306	0.714286	0.0392313
-0.265306	0.755102	0.0339219
-0.265306	0.795918	0.0284774
-0.265306	0.836735	0.0229194
-0.265306	0.877551	0.01727
-0.265306	0.918367	0.0115517
-0.265306	0.959184	0.00578739
-0.265306	1	0
-0.22449	-1	0.00587063
-0.22449	-0.959184	0.0117185
-0.22449	-0.918367	0.0175208
-0.22449	-0.877551	0.023255
-0.22449	-0.836735	0.0288988
-0.22449	-0.795918	0.0344302
-0.22449	-0.755102	0.0398277
-0.22449	-0.714286	0.0450701
-0.22449	-0.673469	0.050137
-0.22449	-0.632653	0.0550086
-0.22449	-0.591837	0.0596656
-0.22449	-0.55102	0.0640899
-0.22449	-0.510204	0.0682638
-0.22449	-0.469388	0.0721709
-0.22449	-0.428571	0.0757957
-0.22449	-0.387755	0.0791237
-0.22449	-0.346939	0.0821417
-0.22449	-0.306122	0.0848376
-0.22449	-0.265306	0.0872003
-0.22449	-0.22449	0.0892205
-0.22449	-0.183673	0.0908897
-0.22449	-0.142857	0.0922012
-0.22449	-0.102041	0.0931494
-0.22449	-0.0612245	0.0937303
-0.22449	-0.0204082	0.0939412
-0.22449	0.0204082	0.0937811
-0.22449	0.0612245	0.0932502
-0.22449	0.102041	0.0923505
-0.22449	0.142857	0.0910851
-0.22449	0.183673	0.0894589
-0.22449	0.22449	0.087478
-0.22449	0.265306	0.08515
-0.22449	0.306122	0.0824842
-0.22449	0.346939	0.0794907
-0.22449	0.387755	0.0761814
-0.22449	0.428571	0.0725693
-0.22449	0.469388	0.0686685
-0.22449	0.510204	0.0644946
-0.22449	0.55102	0.060064
-0.22449	0.591837	0.0553943
-0.22449	0.632653	0.050504
-0.22449	0.673469	0.0454125
-0.22449	0.714286	0.0401401
-0.22449	0.755102	0.0347078
-0.22449	0.795918	0.0291371
-0.22449	0.836735	0.0234503
-0.22449	0.877551	0.01767
-0.22449	0.918367	0.0118193
-0.22449	0.959184	0.00592146
-0.22449	1	0
-0.183673	-1	0.00598047
-0.183673	-0.959184	0.0119377
-0.183673	-0.918367	0.0178486
-0.183673	-0.877551	0.02369
-0.183673	-0.836735	0.0294394
-0.183673	-0.795918	0.0350743
-0.183673	-0.755102	0.0405728
-0.183673	-0.714286	0.0459133
-0.183673	-0.673469	0.0510751
-0.183673	-0.632653	0.0560378
-0.183673	-0.591837	0.0607819
-0.183673	-0.55102	0.0652889
-0.183673	-0.510204	0.0695409
-0.183673	-0.469388	0.0735212
-0.183673	-0.428571	0.0772138
-0.183673	-0.387755	0.0806041
-0.183673	-0.346939	0.0836785
-0.183673	-0.306122	0.0864248
-0.183673	-0.265306	0.0888318
-0.183673	-0.22449	0.0908897
-0.183673	-0.183673	0.0925902
-0.183673	-0.142857	0.0939262
-0.183673	-0.102041	0.0948921
-0.183673	-0.0612245	0.0954839
-0.183673	-0.0204082	0.0956988
-0.183673	0.0204082	0.0955357
-0.183673	0.0612245	0.0949949
-0.183673	0.102041	0.0940783
-0.183673	0.142857	0.0927892
-0.183673	0.183673	0.0911326
-0.183673	0.22449	0.0891146
-0.183673	0.265306	0.0867431
-0.183673	0.306122	0.0840274
-0.183673	0.346939	0.0809779
-0.183673	0.387755	0.0776067
-0.183673	0.428571	0.073927
-0.183673	0.469388	0.0699533
-0.183673	0.510204	0.0657013
-0.183673	0.55102	0.0611878
-0.183673	0.591837	0.0564307
-0.183673	0.632653	0.0514489
-0.183673	0.673469	0.0462622
-0.183673	0.714286	0.0408911
-0.183673	0.755102	0.0353572
-0.183673	0.795918	0.0296823
-0.183673	0.836735	0.0238891
-0.183673	0.877551	0.0180006
-0.183673	0.918367	0.0120404
-0.183673	0.959184	0.00603225
-0.183673	1	0
-0.142857	-1	0.00606676
-0.142857	-0.959184	0.01211
-0.142857	-0.918367	0.0181061
-0.142857	-0.877551	0.0240319
-0.142857	-0.836735	0.0298642
-0.142857	-0.795918	0.0355804
-0.142857	-0.755102	0.0411582
-0.142857	-0.714286	0.0465758
-0.142857	-0.673469	0.051812
-0.142857	-0.632653	0.0568463
-0.142857	-0.591837	0.061659
-0.142857	-0.55102	0.066231
-0.142857	-0.510204	0.0705444
-0.142857	-0.469388	0.074582
-0.142857	-0.428571	0.0783279
-0.142857	-0.387755	0.0817671
-0.142857	-0.346939	0.084886
-0.142857	-0.306122	0.0876718
-0.142857	-0.265306	0.0901136
-0.142857	-0.22449	0.0922012
-0.142857	-0.183673	0.0939262
-0.142857	-0.142857	0.0952815
-0.142857	-0.102041	0.0962613
-0.142857	-0.0612245	0.0968616
-0.142857	-0.0204082	0.0970796
-0.142857	0.0204082	0.0969142
-0.142857	0.0612245	0.0963656
-0.142857	0.102041	0.0954358
-0.142857	0.142857	0.0941281
-0.142857	0.183673	0.0924475
-0.142857	0.22449	0.0904005
-0.142857	0.265306	0.0879948
-0.142857	0.306122	0.0852398
-0.142857	0.346939	0.0821464
-0.142857	0.387755	0.0787265
-0.142857	0.428571	0.0749937
-0.142857	0.469388	0.0709626
-0.142857	0.510204	0.0666493
-0.142857	0.55102	0.0620707
-0.142857	0.591837	0.0572449
-0.142857	0.632653	0.0521913
-0.142857	0.673469	0.0469297
-0.142857	0.714286	0.0414812
-0.142857	0.755102	0.0358673
-0.142857	0.795918	0.0301106
-0.142857	0.836735	0.0242338
-0.142857	0.877551	0.0182604
-0.142857	0.918367	0.0122142
-0.142857	0.959184	0.00611929
-0.142857	1	0
-0.102041	-1	0.00612915
-0.102041	-0.959184	0.0122345
-0.102041	-0.918367	0.0182923
-0.102041	-0.877551	0.024279
-0.102041	-0.836735	0.0301713
-0.102041	-0.795918	0.0359463
-0.102041	-0.755102	0.0415815
-0.102041	-0.714286	0.0470548
-0.102041	-0.673469	0.0523449
-0.102041	-0.632653	0.057431
-0.102041	-0.591837	0.0622931
-0.102041	-0.55102	0.0669121
-0.102041	-0.510204	0.0712698
-0.102041	-0.469388	0.075349
-0.102041	-0.428571	0.0791334
-0.102041	-0.387755	0.082608
-0.102041	-0.346939	0.0857589
-0.102041	-0.306122	0.0885735
-0.102041	-0.265306	0.0910403
-0.102041	-0.22449	0.0931494
-0.102041	-0.183673	0.0948921
-0.102041	-0.142857	0.0962613
-0.102041	-0.102041	0.0972513
-0.102041	-0.0612245	0.0978578
-0.102041	-0.0204082	0.098078
-0.102041	0.0204082	0.0979108
-0.102041	0.0612245	0.0973566
-0.102041	0.102041	0.0964172
-0.102041	0.142857	0.0950961
-0.102041	0.183673	0.0933983
-0.102041	0.22449	0.0913301
-0.102041	0.265306	0.0888997
-0.102041	0.306122	0.0861164
-0.102041	0.346939	0.0829912
-0.102041	0.387755	0.0795361
-0.102041	0.428571	0.0757649
-0.102041	0.469388	0.0716924
-0.102041	0.510204	0.0673347
-0.102041	0.55102	0.062709
-0.102041	0.591837	0.0578336
-0.102041	0.632653	0.052728
-0.102041	0.673469	0.0474123
-0.102041	0.714286	0.0419078
-0.102041	0.755102	0.0362362
-0.102041	0.795918	0.0304202
-0.102041	0.836735	0.024483
-0.102041	0.877551	0.0184482
-0.102041	0.918367	0.0123398
-0.102041	0.959184	0.00618222
-0.102041	1	0
-0.0612245	-1	0.00616737
-0.0612245	-0.959184	0.0123108
-0.0612245	-0.918367	0.0184064
-0.0612245	-0.877551	0.0244304
-0.0612245	-0.836735	0.0303595
-0.0612245	-0.795918	0.0361705
-0.0612245	-0.755102	0.0418408
-0.0612245	-0.714286	0.0473483
-0.0612245	-0.673469	0.0526713
-0.0612245	-0.632653	0.0577891
-0.0612245	-0.591837	0.0626815
-0.0612245	-0.55102	0.0673294
-0.0612245	-0.510204	0.0717143
-0.0612245	-0.469388	0.0758189
-0.0612245	-0.428571	0.0796269
-0.0612245	-0.387755	0.0831232
-0.0612245	-0.346939	0.0862937
-0.0612245	-0.306122	0.0891258
-0.0612245	-0.265306	0.091608
-0.0612245	-0.22449	0.0937303
-0.0612245	-0.183673	0.0954839
-0.0612245	-0.142857	0.0968616
-0.0612245	-0.102041	0.0978578
-0.0612245	-0.0612245	0.098468
-0.0612245	-0.0204082	0.0986896
-0.0612245	0.0204082	0.0985214
-0.0612245	0.0612245	0.0979637
-0.0612245	0.102041	0.0970185
-0.0612245	0.142857	0.0956891
-0.0612245	0.183673	0.0939807
-0.0612245	0.22449	0.0918997
-0.0612245	0.265306	0.0894541
-0.0612245	0.306122	0.0866534
-0.0612245	0.346939	0.0835087
-0.0612245	0.387755	0.0800321
-0.0612245	0.428571	0.0762374
-0.0612245	0.469388	0.0721395
-0.0612245	0.510204	0.0677546
-0.0612245	0.55102	0.0631
-0.0612245	0.591837	0.0581943
-0.0612245	0.632653	0.0530568
-0.0612245	0.673469	0.047708
-0.0612245	0.714286	0.0421691
-0.0612245	0.755102	0.0364622
-0.0612245	0.795918	0.0306099
-0.0612245	0.836735	0.0246357
-0.0612245	0.877551	0.0185632
-0.0612245	0.918367	0.0124167
-0.0612245	0.959184	0.00622077
-0.0612245	1	0
-0.0204082	-1	0.00618125
-0.0204082	-0.959184	0.0123385
-0.0204082	-0.918367	0.0184478
-0.0204082	-0.877551	0.0244854
-0.0204082	-0.836735	0.0304278
-0.0204082	-0.795918	0.0362519
-0.0204082	-0.755102	0.041935
-0.0204082	-0.714286	0.0474548
-0.0204082	-0.673469	0.0527898
-0.0204082	-0.632653	0.0579192
-0.0204082	-0.591837	0.0628226
-0.0204082	-0.55102	0.0674809
-0.0204082	-0.510204	0.0718757
-0.0204082	-0.469388	0.0759895
-0.0204082	-0.428571	0.0798061
-0.0204082	-0.387755	0.0833103
-0.0204082	-0.346939	0.0864879
-0.0204082	-0.306122	0.0893264
-0.0204082	-0.265306	0.0918142
-0.0204082	-0.22449	0.0939412
-0.0204082	-0.183673	0.0956988
-0.0204082	-0.142857	0.0970796
-0.0204082	-0.102041	0.098078
-0.0204082	-0.0612245	0.0986896
-0.0204082	-0.0204082	0.0989117
-0.0204082	0.0204082	0.0987431
-0.0204082	0.0612245	0.0981842
-0.0204082	0.102041	0.0972368
-0.0204082	0.142857	0.0959045
-0.0204082	0.183673	0.0941922
-0.0204082	0.22449	0.0921065
-0.0204082	0.265306	0.0896554
-0.0204082	0.306122	0.0868485
-0.0204082	0.346939	0.0836966
-0.0204082	0.387755	0.0802122
-0.0204082	0.428571	0.076409
-0.0204082	0.469388	0.0723018
-0.0204082	0.510204	0.0679071
-0.0204082	0.55102	0.0632421
-0.0204082	0.591837	0.0583253
-0.0204082	0.632653	0.0531762
-0.0204082	0.673469	0.0478154
-0.0204082	0.714286	0.042264
-0.0204082	0.755102	0.0365442
-0.0204082	0.795918	0.0306788
-0.0204082	0.836735	0.0246911
-0.0204082	0.877551	0.018605
-0.0204082	0.918367	0.0124447
-0.0204082	0.959184	0.00623477
-0.0204082	1	0
0.0204082	-1	0.00617072
0.0204082	-0.959184	0.0123175
0.0204082	-0.918367	0.0184163
0.0204082	-0.877551	0.0244437
0.0204082	-0.836735	0.030376
0.0204082	-0.795918	0.0361901
0.0204082	-0.755102	0.0418635
0.0204082	-0.714286	0.0473739
0.0204082	-0.673469	0.0526999
0.0204082	-0.632653	0.0578204
0.0204082	-0.591837	0.0627155
0.0204082	-0.55102	0.0673659
0.0204082	-0.510204	0.0717532
0.0204082	-0.469388	0.07586
0.0204082	-0.428571	0.0796701
0.0204082	-0.387755	0.0831683
0.0204082	-0.346939	0.0863405
0.0204082	-0.306122	0.0891741
0.0204082	-0.265306	0.0916577
0.0204082	-0.22449	0.0937811
0.0204082	-0.183673	0.0955357
0.0204082	-0.142857	0.0969142
0.0204082	-0.102041	0.0979108
0.0204082	-0.0612245	0.0985214
0.0204082	-0.0204082	0.0987431
0.0204082	0.0204082	0.0985748
0.0204082	0.0612245	0.0980168
0.0204082	0.102041	0.0970711
0.0204082	0.142857	0.095741
0.0204082	0.183673	0.0940316
0.0204082	0.22449	0.0919495
0.0204082	0.265306	0.0895026
0.0204082	0.306122	0.0867004
0.0204082	0.346939	0.083554
0.0204082	0.387755	0.0800755
0.0204082	0.428571	0.0762787
0.0204082	0.469388	0.0721786
0.0204082	0.510204	0.0677913
0.0204082	0.55102	0.0631343
0.0204082	0.591837	0.0582259
0.0204082	0.632653	0.0530856
0.0204082	0.673469	0.0477339
0.0204082	0.714286	0.042192
0.0204082	0.755102	0.0364819
0.0204082	0.795918	0.0306265
0.0204082	0.836735	0.024649
0.0204082	0.877551	0.0185733
0.0204082	0.918367	0.0124235
0.0204082	0.959184	0.00622415
0.0204082	1	0
0.0612245	-1	0.00613579
0.0612245	-0.959184	0.0122477
0.0612245	-0.918367	0.0183121
0.0612245	-0.877551	0.0243053
0.0612245	-0.836735	0.030204
0.0612245	-0.795918	0.0359853
0.0612245	-0.755102	0.0416265
0.0612245	-0.714286	0.0471058
0.0612245	-0.673469	0.0524016
0.0612245	-0.632653	0.0574931
0.0612245	-0.591837	0.0623605
0.0612245	-0.55102	0.0669846
0.0612245	-0.510204	0.071347
0.0612245	-0.469388	0.0754306
0.0612245	-0.428571	0.0792191
0.0612245	-0.387755	0.0826975
0.0612245	-0.346939	0.0858518
0.0612245	-0.306122	0.0886694
0.0612245	-0.265306	0.0911389
0.0612245	-0.22449	0.0932502
0.0612245	-0.183673	0.0949949
0.0612245	-0.142857	0.0963656
0.0612245	-0.102041	0.0973566
0.0612245	-0.0612245	0.0979637
0.0612245	-0.0204082	0.0981842
0.0612245	0.0204082	0.0980168
0.0612245	0.0612245	0.097462
0.0612245	0.102041	0.0965216
0.0612245	0.142857	0.0951991
0.0612245	0.183673	0.0934994
0.0612245	0.22449	0.091429
0.0612245	0.265306	0.088996
0.0612245	0.306122	0.0862097
0.0612245	0.346939	0.083081
0.0612245	0.387755	0.0796222
0.0612245	0.428571	0.075847
0.0612245	0.469388	0.07177
0.0612245	0.510204	0.0674076
0.0612245	0.55102	0.0627769
0.0612245	0.591837	0.0578963
0.0612245	0.632653	0.0527851
0.0612245	0.673469	0.0474637
0.0612245	0.714286	0.0419531
0.0612245	0.755102	0.0362754
0.0612245	0.795918	0.0304532
0.0612245	0.836735	0.0245095
0.0612245	0.877551	0.0184681
0.0612245	0.918367	0.0123532
0.0612245	0.959184	0.00618891
0.0612245	1	0
0.102041	-1	0.00607659
0.102041	-0.959184	0.0121296
0.102041	-0.918367	0.0181354
0.102041	-0.877551	0.0240708
0.102041	-0.836735	0.0299126
0.102041	-0.795918	0.0356381
0.102041	-0.755102	0.0412249
0.102041	-0.714286	0.0466513
0.102041	-0.673469	0.0518959
0.102041	-0.632653	0.0569384
0.102041	-0.591837	0.0617588
0.102041	-0.55102	0.0663382
0.102041	-0.510204	0.0706586
0.102041	-0.469388	0.0747028
0.102041	-0.428571	0.0784547
0.102041	-0.387755	0.0818995
0.102041	-0.346939	0.0850234
0.102041	-0.306122	0.0878138
0.102041	-0.265306	0.0902595
0.102041	-0.22449	0.0923505
0.102041	-0.183673	0.0940783
0.102041	-0.142857	0.0954358
0.102041	-0.102041	0.0964172
0.102041	-0.0612245	0.0970185
0.102041	-0.0204082	0.0972368
0.102041	0.0204082	0.0970711
0.102041	0.0612245	0.0965216
0.102041	0.102041	0.0955903
0.102041	0.142857	0.0942805
0.102041	0.183673	0.0925972
0.102041	0.22449	0.0905468
0.102041	0.265306	0.0881373
0.102041	0.306122	0.0853778
0.102041	0.346939	0.0822794
0.102041	0.387755	0.078854
0.102041	0.428571	0.0751151
0.102041	0.469388	0.0710775
0.102041	0.510204	0.0667572
0.102041	0.55102	0.0621712
0.102041	0.591837	0.0573376
0.102041	0.632653	0.0522758
0.102041	0.673469	0.0470057
0.102041	0.714286	0.0415483
0.102041	0.755102	0.0359254
0.102041	0.795918	0.0301593
0.102041	0.836735	0.024273
0.102041	0.877551	0.0182899
0.102041	0.918367	0.012234
0.102041	0.959184	0.0061292
0.102041	1	0
0.142857	-1	0.00599332
0.142857	-0.959184	0.0119634
0.142857	-0.918367	0.0178869
0.142857	-0.877551	0.023741
0.142857	-0.836735	0.0295027
0.142857	-0.795918	0.0351497
0.142857	-0.755102	0.04066
0.142857	-0.714286	0.046012
0.142857	-0.673469	0.0511849
0.142857	-0.632653	0.0561582
0.142857	-0.591837	0.0609126
0.142857	-0.55102	0.0654293
0.142857	-0.510204	0.0696904
0.142857	-0.469388	0.0736792
0.142857	-0.428571	0.0773798
0.142857	-0.387755	0.0807774
0.142857	-0.346939	0.0838584
0.142857	-0.306122	0.0866106
0.142857	-0.265306	0.0890227
0.142857	-0.22449	0.0910851
0.142857	-0.183673	0.0927892
0.142857	-0.142857	0.0941281
0.142857	-0.102041	0.0950961
0.142857	-0.0612245	0.0956891
0.142857	-0.0204082	0.0959045
0.142857	0.0204082	0.095741
0.142857	0.0612245	0.0951991
0.142857	0.102041	0.0942805
0.142857	0.142857	0.0929887
0.142857	0.183673	0.0913285
0.142857	0.22449	0.0893062
0.142857	0.265306	0.0869296
0.142857	0.306122	0.084208
0.142857	0.346939	0.081152
0.142857	0.387755	0.0777735
0.142857	0.428571	0.0740859
0.142857	0.469388	0.0701036
0.142857	0.510204	0.0658425
0.142857	0.55102	0.0613193
0.142857	0.591837	0.056552
0.142857	0.632653	0.0515595
0.142857	0.673469	0.0463616
0.142857	0.714286	0.040979
0.142857	0.755102	0.0354332
0.142857	0.795918	0.0297461
0.142857	0.836735	0.0239404
0.142857	0.877551	0.0180393
0.142857	0.918367	0.0120663
0.142857	0.959184	0.00604522
0.142857	1	0
0.183673	-1	0.00588632
0.183673	-0.959184	0.0117498
0.183673	-0.918367	0.0175676
0.183673	-0.877551	0.0233171
0.183673	-0.836735	0.028976
0.183673	-0.795918	0.0345222
0.183673	-0.755102	0.0399341
0.183673	-0.714286	0.0451905
0.183673	-0.673469	0.050271
0.183673	-0.632653	0.0551556
0.183673	-0.591837	0.0598251
0.183673	-0.55102	0.0642611
0.183673	-0.510204	0.0684462
0.183673	-0.469388	0.0723637
0.183673	-0.428571	0.0759982
0.183673	-0.387755	0.0793352
0.183673	-0.346939	0.0823612
0.183673	-0.306122	0.0850642
0.183673	-0.265306	0.0874333
0.183673	-0.22449	0.0894589
0.183673	-0.183673	0.0911326
0.183673	-0.142857	0.0924475
0.183673	-0.102041	0.0933983
0.183673	-0.0612245	0.0939807
0.183673	-0.0204082	0.0941922
0.183673	0.0204082	0.0940316
0.183673	0.0612245	0.0934994
0.183673	0.102041	0.0925972
0.183673	0.142857	0.0913285
0.183673	0.183673	0.0896979
0.183673	0.22449	0.0877117
0.183673	0.265306	0.0853776
0.183673	0.306122	0.0827045
0.183673	0.346939	0.0797031
0.183673	0.387755	0.0763849
0.183673	0.428571	0.0727632
0.183673	0.469388	0.068852
0.183673	0.510204	0.0646669
0.183673	0.55102	0.0602245
0.183673	0.591837	0.0555423
0.183673	0.632653	0.0506389
0.183673	0.673469	0.0455339
0.183673	0.714286	0.0402474
0.183673	0.755102	0.0348005
0.183673	0.795918	0.029215
0.183673	0.836735	0.023513
0.183673	0.877551	0.0177173
0.183673	0.918367	0.0118509
0.183673	0.959184	0.00593728
0.183673	1	0
0.22449	-1	0.00575598
0.22449	-0.959184	0.0114896
0.22449	-0.918367	0.0171786
0.22449	-0.877551	0.0228008
0.22449	-0.836735	0.0283344
0.22449	-0.795918	0.0337577
0.22449	-0.755102	0.0390498
0.22449	-0.714286	0.0441899
0.22449	-0.673469	0.0491578
0.22449	-0.632653	0.0539343
0.22449	-0.591837	0.0585004
0.22449	-0.55102	0.0628382
0.22449	-0.510204	0.0669306
0.22449	-0.469388	0.0707614
0.22449	-0.428571	0.0743154
0.22449	-0.387755	0.0775784
0.22449	-0.346939	0.0805375
0.22449	-0.306122	0.0831806
0.22449	-0.265306	0.0854973
0.22449	-0.22449	0.087478
0.22449	-0.183673	0.0891146
0.22449	-0.142857	0.0904005
0.22449	-0.102041	0.0913301
0.22449	-0.0612245	0.0918997
0.22449	-0.0204082	0.0921065
0.22449	0.0204082	0.0919495
0.22449	0.0612245	0.091429
0.22449	0.102041	0.0905468
0.22449	0.142857	0.0893062
0.22449	0.183673	0.0877117
0.22449	0.22449	0.0857695
0.22449	0.265306	0.083487
0.22449	0.306122	0.0808732
0.22449	0.346939	0.0779382
0.22449	0.387755	0.0746935
0.22449	0.428571	0.071152
0.22449	0.469388	0.0673274
0.22449	0.510204	0.063235
0.22449	0.55102	0.0588909
0.22449	0.591837	0.0543124
0.22449	0.632653	0.0495176
0.22449	0.673469	0.0445256
0.22449	0.714286	0.0393562
0.22449	0.755102	0.0340299
0.22449	0.795918	0.0285681
0.22449	0.836735	0.0229923
0.22449	0.877551	0.0173249
0.22449	0.918367	0.0115885
0.22449	0.959184	0.00580581
0.22449	1	0
0.265306	-1	0.0056028
0.265306	-0.959184	0.0111838
0.265306	-0.918367	0.0167214
0.265306	-0.877551	0.022194
0.265306	-0.836735	0.0275803
0.265306	-0.795918	0.0328594
0.265306	-0.755102	0.0380106
0.265306	-0.714286	0.0430139
0.265306	-0.673469	0.0478497
0.265306	-0.632653	0.052499
0.265306	-0.591837	0.0569436
0.265306	-0.55102	0.0611659
0.265306	-0.510204	0.0651494
0.265306	-0.469388	0.0688783
0.265306	-0.428571	0.0723377
0.265306	-0.387755	0.075514
0.265306	-0.346939	0.0783943
0.265306	-0.306122	0.0809671
0.265306	-0.265306	0.0832221
0.265306	-0.22449	0.08515
0.265306	-0.183673	0.0867431
0.265306	-0.142857	0.0879948
0.265306	-0.102041	0.0888997
0.265306	-0.0612245	0.0894541
0.265306	-0.0204082	0.0896554
0.265306	0.0204082	0.0895026
0.265306	0.0612245	0.088996
0.265306	0.102041	0.0881373
0.265306	0.142857	0.0869296
0.265306	0.183673	0.0853776
0.265306	0.22449	0.083487
0.265306	0.265306	0.0812653
0.265306	0.306122	0.0787211
0.265306	0.346939	0.0758642
0.265306	0.387755	0.0727058
0.265306	0.428571	0.0692585
0.265306	0.469388	0.0655357
0.265306	0.510204	0.0615522
0.265306	0.55102	0.0573238
0.265306	0.591837	0.0528671
0.265306	0.632653	0.0481999
0.265306	0.673469	0.0433407
0.265306	0.714286	0.0383089
0.265306	0.755102	0.0331244
0.265306	0.795918	0.0278078
0.265306	0.836735	0.0223805
0.265306	0.877551	0.0168639
0.265306	0.918367	0.0112801
0.265306	0.959184	0.00565131
0.265306	1	0
0.306122	-1	0.00542739
0.306122	-0.959184	0.0108337
0.306122	-0.918367	0.0161979
0.306122	-0.877551	0.0214992
0.306122	-0.836735	0.0267169
0.306122	-0.795918	0.0318306
0.306122	-0.755102	0.0368206
0.306122	-0.714286	0.0416672
0.306122	-0.673469	0.0463516
0.306122	-0.632653	0.0508554
0.306122	-0.591837	0.0551608
0.306122	-0.55102	0.059251
0.306122	-0.510204	0.0631097
0.306122	-0.469388	0.0667219
0.306122	-0.428571	0.070073
0.306122	-0.387755	0.0731498
0.306122	-0.346939	0.0759399
0.306122	-0.306122	0.0784322
0.306122	-0.265306	0.0806165
0.306122	-0.22449	0.0824842
0.306122	-0.183673	0.0840274
0.306122	-0.142857	0.0852398
0.306122	-0.102041	0.0861164
0.306122	-0.0612245	0.0866534
0.306122	-0.0204082	0.0868485
0.306122	0.0204082	0.0867004
0.306122	0.0612245	0.0862097
0.306122	0.102041	0.0853778
0.306122	0.142857	0.084208
0.306122	0.183673	0.0827045
0.306122	0.22449	0.0808732
0.306122	0.265306	0.0787211
0.306122	0.306122	0.0762565
0.306122	0.346939	0.073489
0.306122	0.387755	0.0704296
0.306122	0.428571	0.0670902
0.306122	0.469388	0.0634839
0.306122	0.510204	0.0596252
0.306122	0.55102	0.0555291
0.306122	0.591837	0.0512119
0.306122	0.632653	0.0466909
0.306122	0.673469	0.0419838
0.306122	0.714286	0.0371095
0.306122	0.755102	0.0320873
0.306122	0.795918	0.0269372
0.306122	0.836735	0.0216798
0.306122	0.877551	0.0163359
0.306122	0.918367	0.0109269
0.306122	0.959184	0.00547438
0.306122	1	0
0.346939	-1	0.00523042
0.346939	-0.959184	0.0104405
0.346939	-0.918367	0.0156101
0.346939	-0.877551	0.0207189
0.346939	-0.836735	0.0257473
0.346939	-0.795918	0.0306755
0.346939	-0.755102	0.0354843
0.346939	-0.714286	0.0401551
0.346939	-0.673469	0.0446694
0.346939	-0.632653	0.0490097
0.346939	-0.591837	0.0531589
0.346939	-0.55102	0.0571007
0.346939	-0.510204	0.0608194
0.346939	-0.469388	0.0643004
0.346939	-0.428571	0.0675299
0.346939	-0.387755	0.0704951
0.346939	-0.346939	0.0731839
0.346939	-0.306122	0.0755858
0.346939	-0.265306	0.0776909
0.346939	-0.22449	0.0794907
0.346939	-0.183673	0.0809779
0.346939	-0.142857	0.0821464
0.346939	-0.102041	0.0829912
0.346939	-0.0612245	0.0835087
0.346939	-0.0204082	0.0836966
0.346939	0.0204082	0.083554
0.346939	0.0612245	0.083081
0.346939	0.102041	0.0822794
0.346939	0.142857	0.081152
0.346939	0.183673	0.0797031
0.346939	0.22449	0.0779382
0.346939	0.265306	0.0758642
0.346939	0.306122	0.073489
0.346939	0.346939	0.070822
0.346939	0.387755	0.0678736
0.346939	0.428571	0.0646554
0.346939	0.469388	0.06118
0.346939	0.510204	0.0574613
0.346939	0.55102	0.0535139
0.346939	0.591837	0.0493534
0.346939	0.632653	0.0449964
0.346939	0.673469	0.0404602
0.346939	0.714286	0.0357627
0.346939	0.755102	0.0309228
0.346939	0.795918	0.0259596
0.346939	0.836735	0.020893
0.346939	0.877551	0.0157431
0.346939	0.918367	0.0105304
0.346939	0.959184	0.00527571
0.346939	1	0
0.387755	-1	0.00501267
0.387755	-0.959184	0.0100059
0.387755	-0.918367	0.0149602
0.387755	-0.877551	0.0198564
0.387755	-0.836735	0.0246754
0.387755	-0.795918	0.0293984
0.387755	-0.755102	0.0340071
0.387755	-0.714286	0.0384834
0.387755	-0.673469	0.0428098
0.387755	-0.632653	0.0469694
0.387755	-0.591837	0.0509459
0.387755	-0.55102	0.0547235
0.387755	-0.510204	0.0582874
0.387755	-0.469388	0.0616235
0.387755	-0.428571	0.0647186
0.387755	-0.387755	0.0675603
0.387755	-0.346939	0.0701372
0.387755	-0.306122	0.072439
0.387755	-0.265306	0.0744565
0.387755	-0.22449	0.0761814
0.387755	-0.183673	0.0776067
0.387755	-0.142857	0.0787265
0.387755	-0.102041	0.0795361
0.387755	-0.0612245	0.0800321
0.387755	-0.0204082	0.0802122
0.387755	0.0204082	0.0800755
0.387755	0.0612245	0.0796222
0.387755	0.102041	0.078854
0.387755	0.142857	0.0777735
0.387755	0.183673	0.0763849
0.387755	0.22449	0.0746935
0.387755	0.265306	0.0727058
0.387755	0.306122	0.0704296
0.387755	0.346939	0.0678736
0.387755	0.387755	0.0650479
0.387755	0.428571	0.0619637
0.387755	0.469388	0.058633
0.387755	0.510204	0.0550691
0.387755	0.55102	0.051286
0.387755	0.591837	0.0472987
0.387755	0.632653	0.0431231
0.387755	0.673469	0.0387757
0.387755	0.714286	0.0342739
0.387755	0.755102	0.0296355
0.387755	0.795918	0.0248789
0.387755	0.836735	0.0200232
0.387755	0.877551	0.0150877
0.387755	0.918367	0.010092
0.387755	0.959184	0.00505607
0.387755	1	0
0.428571	-1	0.004775
0.428571	-0.959184	0.00953145
0.428571	-0.918367	0.0142509
0.428571	-0.877551	0.0189149
0.428571	-0.836735	0.0235054
0.428571	-0.795918	0.0280045
0.428571	-0.755102	0.0323946
0.428571	-0.714286	0.0366587
0.428571	-0.673469	0.04078
0.428571	-0.632653	0.0447424
0.428571	-0.591837	0.0485303
0.428571	-0.55102	0.0521288
0.428571	-0.510204	0.0555237
0.428571	-0.469388	0.0587017
0.428571	-0.428571	0.06165
0.428571	-0.387755	0.0643569
0.428571	-0.346939	0.0668116
0.428571	-0.306122	0.0690043
0.428571	-0.265306	0.0709262
0.428571	-0.22449	0.0725693
0.428571	-0.183673	0.073927
0.428571	-0.142857	0.0749937
0.428571	-0.102041	0.0757649
0.428571	-0.0612245	0.0762374
0.428571	-0.0204082	0.076409
0.428571	0.0204082	0.0762787
0.428571	0.0612245	0.075847
0.428571	0.102041	0.0751151
0.428571	0.142857	0.0740859
0.428571	0.183673	0.0727632
0.428571	0.22449	0.071152
0.428571	0.265306	0.0692585
0.428571	0.306122	0.0670902
0.428571	0.346939	0.0646554
0.428571	0.387755	0.0619637
0.428571	0.428571	0.0590257
0.428571	0.469388	0.0558529
0.428571	0.510204	0.052458
0.428571	0.55102	0.0488543
0.428571	0.591837	0.0450561
0.428571	0.632653	0.0410784
0.428571	0.673469	0.0369372
0.428571	0.714286	0.0326488
0.428571	0.755102	0.0282303
0.428571	0.795918	0.0236993
0.428571	0.836735	0.0190738
0.428571	0.877551	0.0143723
0.428571	0.918367	0.00961348
0.428571	0.959184	0.00481634
0.428571	1	0
0.469388	-1	0.00451833
0.469388	-0.959184	0.00901911
0.469388	-0.918367	0.0134848
0.469388	-0.877551	0.0178982
0.469388	-0.836735	0.0222419
0.469388	-0.795918	0.0264992
0.469388	-0.755102	0.0306534
0.469388	-0.714286	0.0346882
0.469388	-0.673469	0.038588
0.469388	-0.632653	0.0423374
0.469388	-0.591837	0.0459217
0.469388	-0.55102	0.0493268
0.469388	-0.510204	0.0525392
0.469388	-0.469388	0.0555463
0.469388	-0.428571	0.0583362
0.469388	-0.387755	0.0608976
0.469388	-0.346939	0.0632204
0.469388	-0.306122	0.0652952
0.469388	-0.265306	0.0671137
0.469388	-0.22449	0.0686685
0.469388	-0.183673	0.0699533
0.469388	-0.142857	0.0709626
0.469388	-0.102041	0.0716924
0.469388	-0.0612245	0.0721395
0.469388	-0.0204082	0.0723018
0.469388	0.0204082	0.0721786
0.469388	0.0612245	0.07177
0.469388	0.102041	0.0710775
0.469388	0.142857	0.0701036
0.469388	0.183673	0.068852
0.469388	0.22449	0.0673274
0.469388	0.265306	0.0655357
0.469388	0.306122	0.0634839
0.469388	0.346939	0.06118
0.469388	0.387755	0.058633
0.469388	0.428571	0.0558529
0.469388	0.469388	0.0528507
0.469388	0.510204	0.0496383
0.469388	0.55102	0.0462283
0.469388	0.591837	0.0426342
0.469388	0.632653	0.0388704
0.469388	0.673469	0.0349518
0.469388	0.714286	0.0308939
0.469388	0.755102	0.0267129
0.469388	0.795918	0.0224254
0.469388	0.836735	0.0180485
0.469388	0.877551	0.0135998
0.469388	0.918367	0.00909674
0.469388	0.959184	0.00455745
0.469388	1	0
0.510204	-1	0.00424369
0.510204	-0.959184	0.0084709
0.510204	-0.918367	0.0126652
0.510204	-0.877551	0.0168103
0.510204	-0.836735	0.02089
0.510204	-0.795918	0.0248885
0.510204	-0.755102	0.0287901
0.510204	-0.714286	0.0325797
0.510204	-0.673469	0.0362425
0.510204	-0.632653	0.039764
0.510204	-0.591837	0.0431304
0.510204	-0.55102	0.0463285
0.510204	-0.510204	0.0493457
0.510204	-0.469388	0.05217
0.510204	-0.428571	0.0547903
0.510204	-0.387755	0.057196
0.510204	-0.346939	0.0593776
0.510204	-0.306122	0.0613264
0.510204	-0.265306	0.0630343
0.510204	-0.22449	0.0644946
0.510204	-0.183673	0.0657013
0.510204	-0.142857	0.0666493
0.510204	-0.102041	0.0673347
0.510204	-0.0612245	0.0677546
0.510204	-0.0204082	0.0679071
0.510204	0.0204082	0.0677913
0.510204	0.0612245	0.0674076
0.510204	0.102041	0.0667572
0.510204	0.142857	0.0658425
0.510204	0.183673	0.0646669
0.510204	0.22449	0.063235
0.510204	0.265306	0.0615522
0.510204	0.306122	0.0596252
0.510204	0.346939	0.0574613
0.510204	0.387755	0.0550691
0.510204	0.428571	0.052458
0.510204	0.469388	0.0496383
0.510204	0.510204	0.0466211
0.510204	0.55102	0.0434184
0.510204	0.591837	0.0400428
0.510204	0.632653	0.0365077
0.510204	0.673469	0.0328273
0.510204	0.714286	0.029016
0.510204	0.755102	0.0250892
0.510204	0.795918	0.0210623
0.510204	0.836735	0.0169515
0.510204	0.877551	0.0127731
0.510204	0.918367	0.0085438
0.510204	0.959184	0.00428044
0.510204	1	0
0.55102	-1	0.00395216
0.55102	-0.959184	0.00788897
0.55102	-0.918367	0.0117951
0.55102	-0.877551	0.0156554
0.55102	-0.836735	0.0194549
0.55102	-0.795918	0.0231787
0.55102	-0.755102	0.0268123
0.55102	-0.714286	0.0303416
0.55102	-0.673469	0.0337527
0.55102	-0.632653	0.0370323
0.55102	-0.591837	0.0401674
0.55102	-0.55102	0.0431459
0.55102	-0.510204	0.0459558
0.55102	-0.469388	0.0485861
0.55102	-0.428571	0.0510263
0.55102	-0.387755	0.0532668
0.55102	-0.346939	0.0552986
0.55102	-0.306122	0.0571134
0.55102	-0.265306	0.058704
0.55102	-0.22449	0.060064
0.55102	-0.183673	0.0611878
0.55102	-0.142857	0.0620707
0.55102	-0.102041	0.062709
0.55102	-0.0612245	0.0631
0.55102	-0.0204082	0.0632421
0.55102	0.0204082	0.0631343
0.55102	0.0612245	0.0627769
0.55102	0.102041	0.0621712
0.55102	0.142857	0.0613193
0.55102	0.183673	0.0602245
0.55102	0.22449	0.0588909
0.55102	0.265306	0.0573238
0.55102	0.306122	0.0555291
0.55102	0.346939	0.0535139
0.55102	0.387755	0.051286
0.55102	0.428571	0.0488543
0.55102	0.469388	0.0462283
0.55102	0.510204	0.0434184
0.55102	0.55102	0.0404356
0.55102	0.591837	0.0372919
0.55102	0.632653	0.0339997
0.55102	0.673469	0.0305721
0.55102	0.714286	0.0270227
0.55102	0.755102	0.0233656
0.55102	0.795918	0.0196154
0.55102	0.836735	0.015787
0.55102	0.877551	0.0118956
0.55102	0.918367	0.00795687
0.55102	0.959184	0.00398638
0.55102	1	0
0.591837	-1	0.0036449
0.591837	-0.959184	0.00727564
0.591837	-0.918367	0.0108781
0.591837	-0.877551	0.0144383
0.591837	-0.836735	0.0179424
0.591837	-0.795918	0.0213767
0.591837	-0.755102	0.0247278
0.591837	-0.714286	0.0279827
0.591837	-0.673469	0.0311286
0.591837	-0.632653	0.0341532
0.591837	-0.591837	0.0370446
0.591837	-0.55102	0.0397915
0.591837	-0.510204	0.0423829
0.591837	-0.469388	0.0448087
0.591837	-0.428571	0.0470593
0.591837	-0.387755	0.0491256
0.591837	-0.346939	0.0509993
0.591837	-0.306122	0.0526731
0.591837	-0.265306	0.0541401
0.591837	-0.22449	0.0553943
0.591837	-0.183673	0.0564307
0.591837	-0.142857	0.0572449
0.591837	-0.102041	0.0578336
0.591837	-0.0612245	0.0581943
0.591837	-0.0204082	0.0583253
0.591837	0.0204082	0.0582259
0.591837	0.0612245	0.0578963
0.591837	0.102041	0.0573376
0.591837	0.142857	0.056552
0.591837	0.183673	0.0555423
0.591837	0.22449	0.0543124
0.591837	0.265306	0.0528671
0.591837	0.306122	0.0512119
0.591837	0.346939	0.0493534
0.591837	0.387755	0.0472987
0.591837	0.428571	0.0450561
0.591837	0.469388	0.0426342
0.591837	0.510204	0.0400428
0.591837	0.55102	0.0372919
0.591837	0.591837	0.0343927
0.591837	0.632653	0.0313564
0.591837	0.673469	0.0281953
0.591837	0.714286	0.0249218
0.591837	0.755102	0.021549
0.591837	0.795918	0.0180904
0.591837	0.836735	0.0145596
0.591837	0.877551	0.0109708
0.591837	0.918367	0.00733826
0.591837	0.959184	0.00367646
0.591837	1	0
0.632653	-1	0.00332312
0.632653	-0.959184	0.00663333
0.632653	-0.918367	0.00991777
0.632653	-0.877551	0.0131637
0.632653	-0.836735	0.0163584
0.632653	-0.795918	0.0194895
0.632653	-0.755102	0.0225448
0.632653	-0.714286	0.0255123
0.632653	-0.673469	0.0283805
0.632653	-0.632653	0.0311381
0.632653	-0.591837	0.0337742
0.632653	-0.55102	0.0362786
0.632653	-0.510204	0.0386413
0.632653	-0.469388	0.0408529
0.632653	-0.428571	0.0429048
0.632653	-0.387755	0.0447887
0.632653	-0.346939	0.046497
0.632653	-0.306122	0.048023
0.632653	-0.265306	0.0493605
0.632653	-0.22449	0.050504
0.632653	-0.183673	0.0514489
0.632653	-0.142857	0.0521913
0.632653	-0.102041	0.052728
0.632653	-0.0612245	0.0530568
0.632653	-0.0204082	0.0531762
0.632653	0.0204082	0.0530856
0.632653	0.0612245	0.0527851
0.632653	0.102041	0.0522758
0.632653	0.142857	0.0515595
0.632653	0.183673	0.0506389
0.632653	0.22449	0.0495176
0.632653	0.265306	0.0481999
0.632653	0.306122	0.0466909
0.632653	0.346939	0.0449964
0.632653	0.387755	0.0431231
0.632653	0.428571	0.0410784
0.632653	0.469388	0.0388704
0.632653	0.510204	0.0365077
0.632653	0.55102	0.0339997
0.632653	0.591837	0.0313564
0.632653	0.632653	0.0285882
0.632653	0.673469	0.0257062
0.632653	0.714286	0.0227217
0.632653	0.755102	0.0196466
0.632653	0.795918	0.0164933
0.632653	0.836735	0.0132743
0.632653	0.877551	0.0100023
0.632653	0.918367	0.00669042
0.632653	0.959184	0.00335189
0.632653	1	0
0.673469	-1	0.00298811
0.673469	-0.959184	0.00596461
0.673469	-0.918367	0.00891793
0.673469	-0.877551	0.0118366
0.673469	-0.836735	0.0147092
0.673469	-0.795918	0.0175247
0.673469	-0.755102	0.020272
0.673469	-0.714286	0.0229403
0.673469	-0.673469	0.0255194
0.673469	-0.632653	0.027999
0.673469	-0.591837	0.0303694
0.673469	-0.55102	0.0326212
0.673469	-0.510204	0.0347457
0.673469	-0.469388	0.0367344
0.673469	-0.428571	0.0385794
0.673469	-0.387755	0.0402734
0.673469	-0.346939	0.0418095
0.673469	-0.306122	0.0431817
0.673469	-0.265306	0.0443843
0.673469	-0.22449	0.0454125
0.673469	-0.183673	0.0462622
0.673469	-0.142857	0.0469297
0.673469	-0.102041	0.0474123
0.673469	-0.0612245	0.047708
0.673469	-0.0204082	0.0478154
0.673469	0.0204082	0.0477339
0.673469	0.0612245	0.0474637
0.673469	0.102041	0.0470057
0.673469	0.142857	0.0463616
0.673469	0.183673	0.0455339
0.673469	0.22449	0.0445256
0.673469	0.265306	0.0433407
0.673469	0.306122	0.0419838
0.673469	0.346939	0.0404602
0.673469	0.387755	0.0387757
0.673469	0.428571	0.0369372
0.673469	0.469388	0.0349518
0.673469	0.510204	0.0328273
0.673469	0.55102	0.0305721
0.673469	0.591837	0.0281953
0.673469	0.632653	0.0257062
0.673469	0.673469	0.0231146
0.673469	0.714286	0.020431
0.673469	0.755102	0.017666
0.673469	0.795918	0.0148306
0.673469	0.836735	0.011936
0.673469	0.877551	0.00899392
0.673469	0.918367	0.00601594
0.673469	0.959184	0.00301398
0.673469	1	0
0.714286	-1	0.00264119
0.714286	-0.959184	0.00527212
0.714286	-0.918367	0.00788256
0.714286	-0.877551	0.0104624
0.714286	-0.836735	0.0130015
0.714286	-0.795918	0.0154901
0.714286	-0.755102	0.0179184
0.714286	-0.714286	0.020277
0.714286	-0.673469	0.0225566
0.714286	-0.632653	0.0247483
0.714286	-0.591837	0.0268435
0.714286	-0.55102	0.0288339
0.714286	-0.510204	0.0307118
0.714286	-0.469388	0.0324696
0.714286	-0.428571	0.0341004
0.714286	-0.387755	0.0355976
0.714286	-0.346939	0.0369554
0.714286	-0.306122	0.0381683
0.714286	-0.265306	0.0392313
0.714286	-0.22449	0.0401401
0.714286	-0.183673	0.0408911
0.714286	-0.142857	0.0414812
0.714286	-0.102041	0.0419078
0.714286	-0.0612245	0.0421691
0.714286	-0.0204082	0.042264
0.714286	0.0204082	0.042192
0.714286	0.0612245	0.0419531
0.714286	0.102041	0.0415483
0.714286	0.142857	0.040979
0.714286	0.183673	0.0402474
0.714286	0.22449	0.0393562
0.714286	0.265306	0.0383089
0.714286	0.306122	0.0371095
0.714286	0.346939	0.0357627
0.714286	0.387755	0.0342739
0.714286	0.428571	0.0326488
0.714286	0.469388	0.0308939
0.714286	0.510204	0.029016
0.714286	0.55102	0.0270227
0.714286	0.591837	0.0249218
0.714286	0.632653	0.0227217
0.714286	0.673469	0.020431
0.714286	0.714286	0.018059
0.714286	0.755102	0.015615
0.714286	0.795918	0.0131088
0.714286	0.836735	0.0105503
0.714286	0.877551	0.00794973
0.714286	0.918367	0.00531749
0.714286	0.959184	0.00266406
0.714286	1	0
0.755102	-1	0.00228374
0.755102	-0.959184	0.00455862
0.755102	-0.918367	0.00681578
0.755102	-0.877551	0.00904645
0.755102	-0.836735	0.011242
0.755102	-0.795918	0.0133937
0.755102	-0.755102	0.0154934
0.755102	-0.714286	0.0175328
0.755102	-0.673469	0.0195039
0.755102	-0.632653	0.021399
0.755102	-0.591837	0.0232106
0.755102	-0.55102	0.0249317
0.755102	-0.510204	0.0265554
0.755102	-0.469388	0.0280753
0.755102	-0.428571	0.0294854
0.755102	-0.387755	0.0307801
0.755102	-0.346939	0.0319541
0.755102	-0.306122	0.0330028
0.755102	-0.265306	0.0339219
0.755102	-0.22449	0.0347078
0.755102	-0.183673	0.0353572
0.755102	-0.142857	0.0358673
0.755102	-0.102041	0.0362362
0.755102	-0.0612245	0.0364622
0.755102	-0.0204082	0.0365442
0.755102	0.0204082	0.0364819
0.755102	0.0612245	0.0362754
0.755102	0.102041	0.0359254
0.755102	0.142857	0.0354332
0.755102	0.183673	0.0348005
0.755102	0.22449	0.0340299
0.755102	0.265306	0.0331244
0.755102	0.306122	0.0320873
0.755102	0.346939	0.0309228
0.755102	0.387755	0.0296355
0.755102	0.428571	0.0282303
0.755102	0.469388	0.0267129
0.755102	0.510204	0.0250892
0.755102	0.55102	0.0233656
0.755102	0.591837	0.021549
0.755102	0.632653	0.0196466
0.755102	0.673469	0.017666
0.755102	0.714286	0.015615
0.755102	0.755102	0.0135017
0.755102	0.795918	0.0113347
0.755102	0.836735	0.00912245
0.755102	0.877551	0.00687385
0.755102	0.918367	0.00459785
0.755102	0.959184	0.00230352
0.755102	1	0
0.795918	-1	0.0019172
0.795918	-0.959184	0.00382695
0.795918	-0.918367	0.00572183
0.795918	-0.877551	0.00759448
0.795918	-0.836735	0.0094376
0.795918	-0.795918	0.011244
0.795918	-0.755102	0.0130067
0.795918	-0.714286	0.0147188
0.795918	-0.673469	0.0163735
0.795918	-0.632653	0.0179644
0.795918	-0.591837	0.0194853
0.795918	-0.55102	0.0209301
0.795918	-0.510204	0.0222932
0.795918	-0.469388	0.0235692
0.795918	-0.428571	0.0247529
0.795918	-0.387755	0.0258398
0.795918	-0.346939	0.0268254
0.795918	-0.306122	0.0277058
0.795918	-0.265306	0.0284774
0.795918	-0.22449	0.0291371
0.795918	-0.183673	0.0296823
0.795918	-0.142857	0.0301106
0.795918	-0.102041	0.0304202
0.795918	-0.0612245	0.0306099
0.795918	-0.0204082	0.0306788
0.795918	0.0204082	0.0306265
0.795918	0.0612245	0.0304532
0.795918	0.102041	0.0301593
0.795918	0.142857	0.0297461
0.795918	0.183673	0.029215
0.795918	0.22449	0.0285681
0.795918	0.265306	0.0278078
0.795918	0.306122	0.0269372
0.795918	0.346939	0.0259596
0.795918	0.387755	0.0248789
0.795918	0.428571	0.0236993
0.795918	0.469388	0.0224254
0.795918	0.510204	0.0210623
0.795918	0.55102	0.0196154
0.795918	0.591837	0.0180904
0.795918	0.632653	0.0164933
0.795918	0.673469	0.0148306
0.795918	0.714286	0.0131088
0.795918	0.755102	0.0113347
0.795918	0.795918	0.00951545
0.795918	0.836735	0.00765828
0.795918	0.877551	0.00577059
0.795918	0.918367	0.00385989
0.795918	0.959184	0.0019338
0.795918	1	0
0.836735	-1	0.00154301
0.836735	-0.959184	0.00308003
0.836735	-0.918367	0.00460508
0.836735	-0.877551	0.00611224
0.836735	-0.836735	0.00759563
0.836735	-0.795918	0.00904948
0.836735	-0.755102	0.0104681
0.836735	-0.714286	0.011846
0.836735	-0.673469	0.0131778
0.836735	-0.632653	0.0144582
0.836735	-0.591837	0.0156823
0.836735	-0.55102	0.0168451
0.836735	-0.510204	0.0179422
0.836735	-0.469388	0.0189691
0.836735	-0.428571	0.0199218
0.836735	-0.387755	0.0207966
0.836735	-0.346939	0.0215898
0.836735	-0.306122	0.0222983
0.836735	-0.265306	0.0229194
0.836735	-0.22449	0.0234503
0.836735	-0.183673	0.0238891
0.836735	-0.142857	0.0242338
0.836735	-0.102041	0.024483
0.836735	-0.0612245	0.0246357
0.836735	-0.0204082	0.0246911
0.836735	0.0204082	0.024649
0.836735	0.0612245	0.0245095
0.836735	0.102041	0.024273
0.836735	0.142857	0.0239404
0.836735	0.183673	0.023513
0.836735	0.22449	0.0229923
0.836735	0.265306	0.0223805
0.836735	0.306122	0.0216798
0.836735	0.346939	0.020893
0.836735	0.387755	0.0200232
0.836735	0.428571	0.0190738
0.836735	0.469388	0.0180485
0.836735	0.510204	0.0169515
0.836735	0.55102	0.015787
0.836735	0.591837	0.0145596
0.836735	0.632653	0.0132743
0.836735	0.673469	0.011936
0.836735	0.714286	0.0105503
0.836735	0.755102	0.00912245
0.836735	0.795918	0.00765828
0.836735	0.836735	0.00616359
0.836735	0.877551	0.00464432
0.836735	0.918367	0.00310654
0.836735	0.959184	0.00155637
0.836735	1	0
0.877551	-1	0.00116267
0.877551	-0.959184	0.00232083
0.877551	-0.918367	0.00346997
0.877551	-0.877551	0.00460563
0.877551	-0.836735	0.00572338
0.877551	-0.795918	0.00681887
0.877551	-0.755102	0.00788784
0.877551	-0.714286	0.0089261
0.877551	-0.673469	0.00992961
0.877551	-0.632653	0.0108944
0.877551	-0.591837	0.0118167
0.877551	-0.55102	0.0126929
0.877551	-0.510204	0.0135196
0.877551	-0.469388	0.0142934
0.877551	-0.428571	0.0150113
0.877551	-0.387755	0.0156704
0.877551	-0.346939	0.0162681
0.877551	-0.306122	0.016802
0.877551	-0.265306	0.01727
0.877551	-0.22449	0.01767
0.877551	-0.183673	0.0180006
0.877551	-0.142857	0.0182604
0.877551	-0.102041	0.0184482
0.877551	-0.0612245	0.0185632
0.877551	-0.0204082	0.018605
0.877551	0.0204082	0.0185733
0.877551	0.0612245	0.0184681
0.877551	0.102041	0.0182899
0.877551	0.142857	0.0180393
0.877551	0.183673	0.0177173
0.877551	0.22449	0.0173249
0.877551	0.265306	0.0168639
0.877551	0.306122	0.0163359
0.877551	0.346939	0.0157431
0.877551	0.387755	0.0150877
0.877551	0.428571	0.0143723
0.877551	0.469388	0.0135998
0.877551	0.510204	0.0127731
0.877551	0.55102	0.0118956
0.877551	0.591837	0.0109708
0.877551	0.632653	0.0100023
0.877551	0.673469	0.00899392
0.877551	0.714286	0.00794973
0.877551	0.755102	0.00687385
0.877551	0.795918	0.00577059
0.877551	0.836735	0.00464432
0.877551	0.877551	0.00349954
0.877551	0.918367	0.00234081
0.877551	0.959184	0.00117274
0.877551	1	0
0.918367	-1	0.000777701
0.918367	-0.959184	0.00155238
0.918367	-0.918367	0.00232103
0.918367	-0.877551	0.00308066
0.918367	-0.836735	0.00382831
0.918367	-0.795918	0.00456107
0.918367	-0.755102	0.0052761
0.918367	-0.714286	0.00597058
0.918367	-0.673469	0.00664181
0.918367	-0.632653	0.00728716
0.918367	-0.591837	0.0079041
0.918367	-0.55102	0.00849019
0.918367	-0.510204	0.00904312
0.918367	-0.469388	0.00956071
0.918367	-0.428571	0.0100409
0.918367	-0.387755	0.0104818
0.918367	-0.346939	0.0108816
0.918367	-0.306122	0.0112387
0.918367	-0.265306	0.0115517
0.918367	-0.22449	0.0118193
0.918367	-0.183673	0.0120404
0.918367	-0.142857	0.0122142
0.918367	-0.102041	0.0123398
0.918367	-0.0612245	0.0124167
0.918367	-0.0204082	0.0124447
0.918367	0.0204082	0.0124235
0.918367	0.0612245	0.0123532
0.918367	0.102041	0.012234
0.918367	0.142857	0.0120663
0.918367	0.183673	0.0118509
0.918367	0.22449	0.0115885
0.918367	0.265306	0.0112801
0.918367	0.306122	0.0109269
0.918367	0.346939	0.0105304
0.918367	0.387755	0.010092
0.918367	0.428571	0.00961348
0.918367	0.469388	0.00909674
0.918367	0.510204	0.0085438
0.918367	0.55102	0.00795687
0.918367	0.591837	0.00733826
0.918367	0.632653	0.00669042
0.918367	0.673469	0.00601594
0.918367	0.714286	0.00531749
0.918367	0.755102	0.00459785
0.918367	0.795918	0.00385989
0.918367	0.836735	0.00310654
0.918367	0.877551	0.00234081
0.918367	0.918367	0.00156574
0.918367	0.959184	0.000784435
0.918367	1	0
0.959184	-1	0.000389627
0.959184	-0.959184	0.000777741
0.959184	-0.918367	0.00116283
0.959184	-0.877551	0.00154341
0.959184	-0.836735	0.00191798
0.959184	-0.795918	0.00228509
0.959184	-0.755102	0.00264332
0.959184	-0.714286	0.00299125
0.959184	-0.673469	0.00332754
0.959184	-0.632653	0.00365086
0.959184	-0.591837	0.00395994
0.959184	-0.55102	0.00425357
0.959184	-0.510204	0.00453059
0.959184	-0.469388	0.0047899
0.959184	-0.428571	0.00503048
0.959184	-0.387755	0.00525135
0.959184	-0.346939	0.00545166
0.959184	-0.306122	0.00563057
0.959184	-0.265306	0.00578739
0.959184	-0.22449	0.00592146
0.959184	-0.183673	0.00603225
0.959184	-0.142857	0.00611929
0.959184	-0.102041	0.00618222
0.959184	-0.0612245	0.00622077
0.959184	-0.0204082	0.00623477
0.959184	0.0204082	0.00622415
0.959184	0.0612245	0.00618891
0.959184	0.102041	0.0061292
0.959184	0.142857	0.00604522
0.959184	0.183673	0.00593728
0.959184	0.22449	0.00580581
0.959184	0.265306	0.00565131
0.959184	0.306122	0.00547438
0.959184	0.346939	0.00527571
0.959184	0.387755	0.00505607
0.959184	0.428571	0.00481634
0.959184	0.469388	0.00455745
0.959184	0.510204	0.00428044
0.959184	0.55102	0.00398638
0.959184	0.591837	0.00367646
0.959184	0.632653	0.00335189
0.959184	0.673469	0.00301398
0.959184	0.714286	0.00266406
0.959184	0.755102	0.00230352
0.959184	0.795918	0.0019338
0.959184	0.836735	0.00155637
0.959184	0.877551	0.00117274
0.959184	0.918367	0.000784435
0.959184	0.959184	0.000393001
0.959184	1	0
1	-1	0
1	-0.959184	0
1	-0.918367	0
1	-0.877551	0
1	-0.836735	0
1	-0.795918	0
1	-0.755102	0
1	-0.714286	0
1	-0.673469	0
1	-0.632653	0
1	-0.591837	0
1	-0.55102	0
1	-0.510204	0
1	-0.469388	0
1	-0.428571	0
1	-0.387755	0
1	-0.346939	0
1	-0.306122	0
1	-0.265306	0
1	-0.22449	0
1	-0.183673	0
1	-0.142857	0
1	-0.102041	0
1	-0.0612245	0
1	-0.0204082	0
1	0.0204082	0
1	0.0612245	0
1	0.102041	0
1	0.142857	0
1	0.183673	0
1	0.22449	0
1	0.265306	0
1	0.306122	0
1	0.346939	0
1	0.387755	0
1	0.428571	0
1	0.469388	0
1	0.510204	0
1	0.55102	0
1	0.591837	0
1	0.632653	0
1	0.673469	0
1	0.714286	0
1	0.755102	0
1	0.795918	0
1	0.836735	0
1	0.877551	0
1	0.918367	0
1	0.959184	0
1	1	0
