-1	-1	0.000465233
-1	-0.959184	0.000928671
-1	-0.918367	0.00138853
-1	-0.877551	0.00184303
-1	-0.836735	0.00229041
-1	-0.795918	0.00272895
-1	-0.755102	0.00315694
-1	-0.714286	0.00357272
-1	-0.673469	0.00397467
-1	-0.632653	0.00436121
-1	-0.591837	0.00473084
-1	-0.55102	0.00508209
-1	-0.510204	0.00541358
-1	-0.469388	0.00572399
-1	-0.428571	0.00601209
-1	-0.387755	0.00627672
-1	-0.346939	0.00651681
-1	-0.306122	0.00673139
-1	-0.265306	0.00691959
-1	-0.22449	0.00708063
-1	-0.183673	0.00721384
-1	-0.142857	0.00731867
-1	-0.102041	0.00739465
-1	-0.0612245	0.00744147
-1	-0.0204082	0.0074589
-1	0.0204082	0.00744683
-1	0.0612245	0.00740529
-1	0.102041	0.00733441
-1	0.142857	0.00723445
-1	0.183673	0.00710577
-1	0.22449	0.00694887
-1	0.265306	0.00676435
-1	0.306122	0.00655293
-1	0.346939	0.00631542
-1	0.387755	0.00605277
-1	0.428571	0.00576601
-1	0.469388	0.00545628
-1	0.510204	0.00512479
-1	0.55102	0.00477286
-1	0.591837	0.0044019
-1	0.632653	0.00401338
-1	0.673469	0.00360884
-1	0.714286	0.0031899
-1	0.755102	0.00275823
-1	0.795918	0.00231556
-1	0.836735	0.00186364
-1	0.877551	0.00140428
-1	0.918367	0.00093931
-1	0.959184	0.000470594
-1	1	0
-0.959184	-1	0.000928671
-0.959184	-0.959184	0.00185376
-0.959184	-0.918367	0.0027717
-0.959184	-0.877551	0.00367895
-0.959184	-0.836735	0.00457199
-0.959184	-0.795918	0.00544738
-0.959184	-0.755102	0.00630171
-0.959184	-0.714286	0.00713166
-0.959184	-0.673469	0.00793401
-0.959184	-0.632653	0.00870561
-0.959184	-0.591837	0.00944344
-0.959184	-0.55102	0.0101446
-0.959184	-0.510204	0.0108063
-0.959184	-0.469388	0.0114259
-0.959184	-0.428571	0.012001
-0.959184	-0.387755	0.0125292
-0.959184	-0.346939	0.0130085
-0.959184	-0.306122	0.0134368
-0.959184	-0.265306	0.0138125
-0.959184	-0.22449	0.014134
-0.959184	-0.183673	0.0143999
-0.959184	-0.142857	0.0146091
-0.959184	-0.102041	0.0147608
-0.959184	-0.0612245	0.0148542
-0.959184	-0.0204082	0.014889
-0.959184	0.0204082	0.0148649
-0.959184	0.0612245	0.014782
-0.959184	0.102041	0.0146405
-0.959184	0.142857	0.014441
-0.959184	0.183673	0.0141841
-0.959184	0.22449	0.013871
-0.959184	0.265306	0.0135026
-0.959184	0.306122	0.0130806
-0.959184	0.346939	0.0126065
-0.959184	0.387755	0.0120822
-0.959184	0.428571	0.0115098
-0.959184	0.469388	0.0108915
-0.959184	0.510204	0.0102298
-0.959184	0.55102	0.00952731
-0.959184	0.591837	0.00878682
-0.959184	0.632653	0.00801127
-0.959184	0.673469	0.00720376
-0.959184	0.714286	0.0063675
-0.959184	0.755102	0.00550583
-0.959184	0.795918	0.00462218
-0.959184	0.836735	0.00372008
-0.959184	0.877551	0.00280313
-0.959184	0.918367	0.001875
-0.959184	0.959184	0.000939373
-0.959184	1	0
-0.918367	-1	0.00138853
-0.918367	-0.959184	0.0027717
-0.918367	-0.918367	0.00414418
-0.918367	-0.877551	0.00550068
-0.918367	-0.836735	0.00683593
-0.918367	-0.795918	0.00814479
-0.918367	-0.755102	0.00942217
-0.918367	-0.714286	0.0106631
-0.918367	-0.673469	0.0118627
-0.918367	-0.632653	0.0130164
-0.918367	-0.591837	0.0141196
-0.918367	-0.55102	0.015168
-0.918367	-0.510204	0.0161573
-0.918367	-0.469388	0.0170838
-0.918367	-0.428571	0.0179436
-0.918367	-0.387755	0.0187334
-0.918367	-0.346939	0.01945
-0.918367	-0.306122	0.0200904
-0.918367	-0.265306	0.0206521
-0.918367	-0.22449	0.0211328
-0.918367	-0.183673	0.0215303
-0.918367	-0.142857	0.0218432
-0.918367	-0.102041	0.02207
-0.918367	-0.0612245	0.0222097
-0.918367	-0.0204082	0.0222617
-0.918367	0.0204082	0.0222257
-0.918367	0.0612245	0.0221017
-0.918367	0.102041	0.0218902
-0.918367	0.142857	0.0215919
-0.918367	0.183673	0.0212078
-0.918367	0.22449	0.0207395
-0.918367	0.265306	0.0201888
-0.918367	0.306122	0.0195578
-0.918367	0.346939	0.0188489
-0.918367	0.387755	0.018065
-0.918367	0.428571	0.0172092
-0.918367	0.469388	0.0162847
-0.918367	0.510204	0.0152954
-0.918367	0.55102	0.014245
-0.918367	0.591837	0.0131379
-0.918367	0.632653	0.0119783
-0.918367	0.673469	0.0107709
-0.918367	0.714286	0.00952054
-0.918367	0.755102	0.00823219
-0.918367	0.795918	0.00691098
-0.918367	0.836735	0.00556218
-0.918367	0.877551	0.00419118
-0.918367	0.918367	0.00280345
-0.918367	0.959184	0.00140453
-0.918367	1	0
-0.877551	-1	0.00184303
-0.877551	-0.959184	0.00367895
-0.877551	-0.918367	0.00550068
-0.877551	-0.877551	0.00730118
-0.877551	-0.836735	0.0090735
-0.877551	-0.795918	0.0108108
-0.877551	-0.755102	0.0125063
-0.877551	-0.714286	0.0141534
-0.877551	-0.673469	0.0157457
-0.877551	-0.632653	0.017277
-0.877551	-0.591837	0.0187413
-0.877551	-0.55102	0.0201328
-0.877551	-0.510204	0.021446
-0.877551	-0.469388	0.0226757
-0.877551	-0.428571	0.023817
-0.877551	-0.387755	0.0248653
-0.877551	-0.346939	0.0258164
-0.877551	-0.306122	0.0266665
-0.877551	-0.265306	0.0274121
-0.877551	-0.22449	0.02805
-0.877551	-0.183673	0.0285778
-0.877551	-0.142857	0.028993
-0.877551	-0.102041	0.029294
-0.877551	-0.0612245	0.0294795
-0.877551	-0.0204082	0.0295485
-0.877551	0.0204082	0.0295008
-0.877551	0.0612245	0.0293362
-0.877551	0.102041	0.0290554
-0.877551	0.142857	0.0286594
-0.877551	0.183673	0.0281496
-0.877551	0.22449	0.0275281
-0.877551	0.265306	0.0267971
-0.877551	0.306122	0.0259595
-0.877551	0.346939	0.0250187
-0.877551	0.387755	0.0239782
-0.877551	0.428571	0.0228422
-0.877551	0.469388	0.0216151
-0.877551	0.510204	0.0203019
-0.877551	0.55102	0.0189078
-0.877551	0.591837	0.0174382
-0.877551	0.632653	0.0158991
-0.877551	0.673469	0.0142965
-0.877551	0.714286	0.0126368
-0.877551	0.755102	0.0109268
-0.877551	0.795918	0.00917311
-0.877551	0.836735	0.00738282
-0.877551	0.877551	0.00556306
-0.877551	0.918367	0.00372109
-0.877551	0.959184	0.00186427
-0.877551	1	0
-0.836735	-1	0.00229041
-0.836735	-0.959184	0.00457199
-0.836735	-0.918367	0.00683593
-0.836735	-0.877551	0.0090735
-0.836735	-0.836735	0.011276
-0.836735	-0.795918	0.013435
-0.836735	-0.755102	0.0155421
-0.836735	-0.714286	0.0175891
-0.836735	-0.673469	0.0195679
-0.836735	-0.632653	0.0214709
-0.836735	-0.591837	0.0232907
-0.836735	-0.55102	0.0250199
-0.836735	-0.510204	0.0266519
-0.836735	-0.469388	0.0281801
-0.836735	-0.428571	0.0295984
-0.836735	-0.387755	0.0309012
-0.836735	-0.346939	0.0320832
-0.836735	-0.306122	0.0331397
-0.836735	-0.265306	0.0340662
-0.836735	-0.22449	0.034859
-0.836735	-0.183673	0.0355149
-0.836735	-0.142857	0.0360309
-0.836735	-0.102041	0.036405
-0.836735	-0.0612245	0.0366355
-0.836735	-0.0204082	0.0367213
-0.836735	0.0204082	0.0366619
-0.836735	0.0612245	0.0364574
-0.836735	0.102041	0.0361084
-0.836735	0.142857	0.0356163
-0.836735	0.183673	0.0349828
-0.836735	0.22449	0.0342104
-0.836735	0.265306	0.0333019
-0.836735	0.306122	0.0322611
-0.836735	0.346939	0.0310918
-0.836735	0.387755	0.0297987
-0.836735	0.428571	0.028387
-0.836735	0.469388	0.0268621
-0.836735	0.510204	0.0252301
-0.836735	0.55102	0.0234975
-0.836735	0.591837	0.0216712
-0.836735	0.632653	0.0197585
-0.836735	0.673469	0.0177669
-0.836735	0.714286	0.0157044
-0.836735	0.755102	0.0135792
-0.836735	0.795918	0.0113998
-0.836735	0.836735	0.00917496
-0.836735	0.877551	0.00691346
-0.836735	0.918367	0.00462436
-0.836735	0.959184	0.00231681
-0.836735	1	0
-0.795918	-1	0.00272895
-0.795918	-0.959184	0.00544738
-0.795918	-0.918367	0.00814479
-0.795918	-0.877551	0.0108108
-0.795918	-0.836735	0.013435
-0.795918	-0.795918	0.0160074
-0.795918	-0.755102	0.0185179
-0.795918	-0.714286	0.0209568
-0.795918	-0.673469	0.0233145
-0.795918	-0.632653	0.0255819
-0.795918	-0.591837	0.02775
-0.795918	-0.55102	0.0298104
-0.795918	-0.510204	0.0317549
-0.795918	-0.469388	0.0335757
-0.795918	-0.428571	0.0352656
-0.795918	-0.387755	0.0368178
-0.795918	-0.346939	0.0382261
-0.795918	-0.306122	0.0394848
-0.795918	-0.265306	0.0405888
-0.795918	-0.22449	0.0415334
-0.795918	-0.183673	0.0423148
-0.795918	-0.142857	0.0429297
-0.795918	-0.102041	0.0433754
-0.795918	-0.0612245	0.04365
-0.795918	-0.0204082	0.0437522
-0.795918	0.0204082	0.0436814
-0.795918	0.0612245	0.0434378
-0.795918	0.102041	0.043022
-0.795918	0.142857	0.0424357
-0.795918	0.183673	0.0416809
-0.795918	0.22449	0.0407605
-0.795918	0.265306	0.0396782
-0.795918	0.306122	0.038438
-0.795918	0.346939	0.0370449
-0.795918	0.387755	0.0355042
-0.795918	0.428571	0.0338221
-0.795918	0.469388	0.0320053
-0.795918	0.510204	0.0300608
-0.795918	0.55102	0.0279965
-0.795918	0.591837	0.0258205
-0.795918	0.632653	0.0235416
-0.795918	0.673469	0.0211686
-0.795918	0.714286	0.0187112
-0.795918	0.755102	0.0161792
-0.795918	0.795918	0.0135825
-0.795918	0.836735	0.0109317
-0.795918	0.877551	0.00823716
-0.795918	0.918367	0.00550978
-0.795918	0.959184	0.0027604
-0.795918	1	0
-0.755102	-1	0.00315694
-0.755102	-0.959184	0.00630171
-0.755102	-0.918367	0.00942217
-0.755102	-0.877551	0.0125063
-0.755102	-0.836735	0.0155421
-0.755102	-0.795918	0.0185179
-0.755102	-0.755102	0.0214221
-0.755102	-0.714286	0.0242435
-0.755102	-0.673469	0.026971
-0.755102	-0.632653	0.029594
-0.755102	-0.591837	0.0321022
-0.755102	-0.55102	0.0344857
-0.755102	-0.510204	0.0367351
-0.755102	-0.469388	0.0388415
-0.755102	-0.428571	0.0407964
-0.755102	-0.387755	0.0425921
-0.755102	-0.346939	0.0442213
-0.755102	-0.306122	0.0456774
-0.755102	-0.265306	0.0469544
-0.755102	-0.22449	0.0480472
-0.755102	-0.183673	0.0489512
-0.755102	-0.142857	0.0496625
-0.755102	-0.102041	0.0501781
-0.755102	-0.0612245	0.0504958
-0.755102	-0.0204082	0.050614
-0.755102	0.0204082	0.0505322
-0.755102	0.0612245	0.0502503
-0.755102	0.102041	0.0497693
-0.755102	0.142857	0.049091
-0.755102	0.183673	0.0482178
-0.755102	0.22449	0.0471532
-0.755102	0.265306	0.045901
-0.755102	0.306122	0.0444664
-0.755102	0.346939	0.0428547
-0.755102	0.387755	0.0410725
-0.755102	0.428571	0.0391266
-0.755102	0.469388	0.0370248
-0.755102	0.510204	0.0347754
-0.755102	0.55102	0.0323873
-0.755102	0.591837	0.0298701
-0.755102	0.632653	0.0272337
-0.755102	0.673469	0.0244886
-0.755102	0.714286	0.0216458
-0.755102	0.755102	0.0187166
-0.755102	0.795918	0.0157127
-0.755102	0.836735	0.0126461
-0.755102	0.877551	0.00952903
-0.755102	0.918367	0.0063739
-0.755102	0.959184	0.00319332
-0.755102	1	0
-0.714286	-1	0.00357272
-0.714286	-0.959184	0.00713166
-0.714286	-0.918367	0.0106631
-0.714286	-0.877551	0.0141534
-0.714286	-0.836735	0.0175891
-0.714286	-0.795918	0.0209568
-0.714286	-0.755102	0.0242435
-0.714286	-0.714286	0.0274365
-0.714286	-0.673469	0.0305232
-0.714286	-0.632653	0.0334916
-0.714286	-0.591837	0.0363302
-0.714286	-0.55102	0.0390276
-0.714286	-0.510204	0.0415732
-0.714286	-0.469388	0.043957
-0.714286	-0.428571	0.0461694
-0.714286	-0.387755	0.0482016
-0.714286	-0.346939	0.0500454
-0.714286	-0.306122	0.0516932
-0.714286	-0.265306	0.0531385
-0.714286	-0.22449	0.0543752
-0.714286	-0.183673	0.0553982
-0.714286	-0.142857	0.0562032
-0.714286	-0.102041	0.0567867
-0.714286	-0.0612245	0.0571463
-0.714286	-0.0204082	0.0572801
-0.714286	0.0204082	0.0571874
-0.714286	0.0612245	0.0568684
-0.714286	0.102041	0.0563241
-0.714286	0.142857	0.0555564
-0.714286	0.183673	0.0545683
-0.714286	0.22449	0.0533634
-0.714286	0.265306	0.0519464
-0.714286	0.306122	0.0503227
-0.714286	0.346939	0.0484989
-0.714286	0.387755	0.0464819
-0.714286	0.428571	0.0442797
-0.714286	0.469388	0.0419011
-0.714286	0.510204	0.0393554
-0.714286	0.55102	0.0366528
-0.714286	0.591837	0.0338041
-0.714286	0.632653	0.0308204
-0.714286	0.673469	0.0277138
-0.714286	0.714286	0.0244966
-0.714286	0.755102	0.0211817
-0.714286	0.795918	0.0177821
-0.714286	0.836735	0.0143117
-0.714286	0.877551	0.010784
-0.714286	0.918367	0.00721336
-0.714286	0.959184	0.00361389
-0.714286	1	0
-0.673469	-1	0.00397467
-0.673469	-0.959184	0.00793401
-0.673469	-0.918367	0.0118627
-0.673469	-0.877551	0.0157457
-0.673469	-0.836735	0.0195679
-0.673469	-0.795918	0.0233145
-0.673469	-0.755102	0.026971
-0.673469	-0.714286	0.0305232
-0.673469	-0.673469	0.0339572
-0.673469	-0.632653	0.0372596
-0.673469	-0.591837	0.0404175
-0.673469	-0.55102	0.0434184
-0.673469	-0.510204	0.0462504
-0.673469	-0.469388	0.0489024
-0.673469	-0.428571	0.0513637
-0.673469	-0.387755	0.0536245
-0.673469	-0.346939	0.0556757
-0.673469	-0.306122	0.057509
-0.673469	-0.265306	0.0591168
-0.673469	-0.22449	0.0604927
-0.673469	-0.183673	0.0616308
-0.673469	-0.142857	0.0625263
-0.673469	-0.102041	0.0631755
-0.673469	-0.0612245	0.0635755
-0.673469	-0.0204082	0.0637244
-0.673469	0.0204082	0.0636213
-0.673469	0.0612245	0.0632664
-0.673469	0.102041	0.0626608
-0.673469	0.142857	0.0618068
-0.673469	0.183673	0.0607075
-0.673469	0.22449	0.059367
-0.673469	0.265306	0.0577906
-0.673469	0.306122	0.0559843
-0.673469	0.346939	0.0539552
-0.673469	0.387755	0.0517113
-0.673469	0.428571	0.0492614
-0.673469	0.469388	0.0466151
-0.673469	0.510204	0.0437831
-0.673469	0.55102	0.0407765
-0.673469	0.591837	0.0376072
-0.673469	0.632653	0.0342879
-0.673469	0.673469	0.0308318
-0.673469	0.714286	0.0272526
-0.673469	0.755102	0.0235647
-0.673469	0.795918	0.0197827
-0.673469	0.836735	0.0159218
-0.673469	0.877551	0.0119973
-0.673469	0.918367	0.0080249
-0.673469	0.959184	0.00402047
-0.673469	1	0
-0.632653	-1	0.00436121
-0.632653	-0.959184	0.00870561
-0.632653	-0.918367	0.0130164
-0.632653	-0.877551	0.017277
-0.632653	-0.836735	0.0214709
-0.632653	-0.795918	0.0255819
-0.632653	-0.755102	0.029594
-0.632653	-0.714286	0.0334916
-0.632653	-0.673469	0.0372596
-0.632653	-0.632653	0.0408832
-0.632653	-0.591837	0.0443482
-0.632653	-0.55102	0.0476409
-0.632653	-0.510204	0.0507484
-0.632653	-0.469388	0.0536582
-0.632653	-0.428571	0.0563589
-0.632653	-0.387755	0.0588396
-0.632653	-0.346939	0.0610903
-0.632653	-0.306122	0.0631019
-0.632653	-0.265306	0.0648661
-0.632653	-0.22449	0.0663757
-0.632653	-0.183673	0.0676245
-0.632653	-0.142857	0.0686071
-0.632653	-0.102041	0.0693195
-0.632653	-0.0612245	0.0697583
-0.632653	-0.0204082	0.0699217
-0.632653	0.0204082	0.0698086
-0.632653	0.0612245	0.0694192
-0.632653	0.102041	0.0687547
-0.632653	0.142857	0.0678177
-0.632653	0.183673	0.0666114
-0.632653	0.22449	0.0651406
-0.632653	0.265306	0.0634108
-0.632653	0.306122	0.0614289
-0.632653	0.346939	0.0592025
-0.632653	0.387755	0.0567403
-0.632653	0.428571	0.0540521
-0.632653	0.469388	0.0511486
-0.632653	0.510204	0.0480411
-0.632653	0.55102	0.0447421
-0.632653	0.591837	0.0412646
-0.632653	0.632653	0.0376224
-0.632653	0.673469	0.0338302
-0.632653	0.714286	0.029903
-0.632653	0.755102	0.0258564
-0.632653	0.795918	0.0217066
-0.632653	0.836735	0.0174702
-0.632653	0.877551	0.013164
-0.632653	0.918367	0.00880534
-0.632653	0.959184	0.00441147
-0.632653	1	0
-0.591837	-1	0.00473084
-0.591837	-0.959184	0.00944344
-0.591837	-0.918367	0.0141196
-0.591837	-0.877551	0.0187413
-0.591837	-0.836735	0.0232907
-0.591837	-0.795918	0.02775
-0.591837	-0.755102	0.0321022
-0.591837	-0.714286	0.0363302
-0.591837	-0.673469	0.0404175
-0.591837	-0.632653	0.0443482
-0.591837	-0.591837	0.0481068
-0.591837	-0.55102	0.0516786
-0.591837	-0.510204	0.0550494
-0.591837	-0.469388	0.0582059
-0.591837	-0.428571	0.0611355
-0.591837	-0.387755	0.0638265
-0.591837	-0.346939	0.0662679
-0.591837	-0.306122	0.0684499
-0.591837	-0.265306	0.0703637
-0.591837	-0.22449	0.0720012
-0.591837	-0.183673	0.0733558
-0.591837	-0.142857	0.0744218
-0.591837	-0.102041	0.0751945
-0.591837	-0.0612245	0.0756706
-0.591837	-0.0204082	0.0758478
-0.591837	0.0204082	0.0757251
-0.591837	0.0612245	0.0753027
-0.591837	0.102041	0.0745819
-0.591837	0.142857	0.0735654
-0.591837	0.183673	0.0722569
-0.591837	0.22449	0.0706614
-0.591837	0.265306	0.0687851
-0.591837	0.306122	0.0666352
-0.591837	0.346939	0.06422
-0.591837	0.387755	0.0615492
-0.591837	0.428571	0.0586332
-0.591837	0.469388	0.0554836
-0.591837	0.510204	0.0521127
-0.591837	0.55102	0.0485341
-0.591837	0.591837	0.0447619
-0.591837	0.632653	0.0408111
-0.591837	0.673469	0.0366974
-0.591837	0.714286	0.0324374
-0.591837	0.755102	0.0280478
-0.591837	0.795918	0.0235463
-0.591837	0.836735	0.0189509
-0.591837	0.877551	0.0142797
-0.591837	0.918367	0.00955161
-0.591837	0.959184	0.00478536
-0.591837	1	0
-0.55102	-1	0.00508209
-0.55102	-0.959184	0.0101446
-0.55102	-0.918367	0.015168
-0.55102	-0.877551	0.0201328
-0.55102	-0.836735	0.0250199
-0.55102	-0.795918	0.0298104
-0.55102	-0.755102	0.0344857
-0.55102	-0.714286	0.0390276
-0.55102	-0.673469	0.0434184
-0.55102	-0.632653	0.0476409
-0.55102	-0.591837	0.0516786
-0.55102	-0.55102	0.0555156
-0.55102	-0.510204	0.0591367
-0.55102	-0.469388	0.0625276
-0.55102	-0.428571	0.0656747
-0.55102	-0.387755	0.0685654
-0.55102	-0.346939	0.0711881
-0.55102	-0.306122	0.0735321
-0.55102	-0.265306	0.075588
-0.55102	-0.22449	0.0773471
-0.55102	-0.183673	0.0788023
-0.55102	-0.142857	0.0799474
-0.55102	-0.102041	0.0807775
-0.55102	-0.0612245	0.0812889
-0.55102	-0.0204082	0.0814792
-0.55102	0.0204082	0.0813474
-0.55102	0.0612245	0.0808937
-0.55102	0.102041	0.0801194
-0.55102	0.142857	0.0790274
-0.55102	0.183673	0.0776218
-0.55102	0.22449	0.0759079
-0.55102	0.265306	0.0738922
-0.55102	0.306122	0.0715826
-0.55102	0.346939	0.0689882
-0.55102	0.387755	0.0661191
-0.55102	0.428571	0.0629866
-0.55102	0.469388	0.0596031
-0.55102	0.510204	0.0559819
-0.55102	0.55102	0.0521376
-0.55102	0.591837	0.0480853
-0.55102	0.632653	0.0438412
-0.55102	0.673469	0.0394221
-0.55102	0.714286	0.0348457
-0.55102	0.755102	0.0301303
-0.55102	0.795918	0.0252946
-0.55102	0.836735	0.0203579
-0.55102	0.877551	0.01534
-0.55102	0.918367	0.0102608
-0.55102	0.959184	0.00514066
-0.55102	1	0
-0.510204	-1	0.00541358
-0.510204	-0.959184	0.0108063
-0.510204	-0.918367	0.0161573
-0.510204	-0.877551	0.021446
-0.510204	-0.836735	0.0266519
-0.510204	-0.795918	0.0317549
-0.510204	-0.755102	0.0367351
-0.510204	-0.714286	0.0415732
-0.510204	-0.673469	0.0462504
-0.510204	-0.632653	0.0507484
-0.510204	-0.591837	0.0550494
-0.510204	-0.55102	0.0591367
-0.510204	-0.510204	0.062994
-0.510204	-0.469388	0.066606
-0.510204	-0.428571	0.0699584
-0.510204	-0.387755	0.0730377
-0.510204	-0.346939	0.0758315
-0.510204	-0.306122	0.0783284
-0.510204	-0.265306	0.0805184
-0.510204	-0.22449	0.0823923
-0.510204	-0.183673	0.0839424
-0.510204	-0.142857	0.0851621
-0.510204	-0.102041	0.0860463
-0.510204	-0.0612245	0.0865911
-0.510204	-0.0204082	0.0867939
-0.510204	0.0204082	0.0866535
-0.510204	0.0612245	0.0861701
-0.510204	0.102041	0.0853454
-0.510204	0.142857	0.0841822
-0.510204	0.183673	0.0826848
-0.510204	0.22449	0.0808591
-0.510204	0.265306	0.078712
-0.510204	0.306122	0.0762518
-0.510204	0.346939	0.0734881
-0.510204	0.387755	0.0704318
-0.510204	0.428571	0.067095
-0.510204	0.469388	0.0634908
-0.510204	0.510204	0.0596335
-0.510204	0.55102	0.0555384
-0.510204	0.591837	0.0512218
-0.510204	0.632653	0.0467008
-0.510204	0.673469	0.0419935
-0.510204	0.714286	0.0371186
-0.510204	0.755102	0.0320956
-0.510204	0.795918	0.0269445
-0.510204	0.836735	0.0216858
-0.510204	0.877551	0.0163406
-0.510204	0.918367	0.0109301
-0.510204	0.959184	0.00547597
-0.510204	1	0
-0.469388	-1	0.00572399
-0.469388	-0.959184	0.0114259
-0.469388	-0.918367	0.0170838
-0.469388	-0.877551	0.0226757
-0.469388	-0.836735	0.0281801
-0.469388	-0.795918	0.0335757
-0.469388	-0.755102	0.0388415
-0.469388	-0.714286	0.043957
-0.469388	-0.673469	0.0489024
-0.469388	-0.632653	0.0536582
-0.469388	-0.591837	0.0582059
-0.469388	-0.55102	0.0625276
-0.469388	-0.510204	0.066606
-0.469388	-0.469388	0.0704252
-0.469388	-0.428571	0.0739698
-0.469388	-0.387755	0.0772256
-0.469388	-0.346939	0.0801796
-0.469388	-0.306122	0.0828197
-0.469388	-0.265306	0.0851352
-0.469388	-0.22449	0.0871166
-0.469388	-0.183673	0.0887556
-0.469388	-0.142857	0.0900453
-0.469388	-0.102041	0.0909802
-0.469388	-0.0612245	0.0915562
-0.469388	-0.0204082	0.0917706
-0.469388	0.0204082	0.0916222
-0.469388	0.0612245	0.0911111
-0.469388	0.102041	0.090239
-0.469388	0.142857	0.0890091
-0.469388	0.183673	0.0874259
-0.469388	0.22449	0.0854955
-0.469388	0.265306	0.0832253
-0.469388	0.306122	0.080624
-0.469388	0.346939	0.0777019
-0.469388	0.387755	0.0744704
-0.469388	0.428571	0.0709422
-0.469388	0.469388	0.0671313
-0.469388	0.510204	0.0630528
-0.469388	0.55102	0.0587229
-0.469388	0.591837	0.0541588
-0.469388	0.632653	0.0493786
-0.469388	0.673469	0.0444014
-0.469388	0.714286	0.039247
-0.469388	0.755102	0.0339359
-0.469388	0.795918	0.0284895
-0.469388	0.836735	0.0229292
-0.469388	0.877551	0.0172775
-0.469388	0.918367	0.0115568
-0.469388	0.959184	0.00578996
-0.469388	1	0
-0.428571	-1	0.00601209
-0.428571	-0.959184	0.012001
-0.428571	-0.918367	0.0179436
-0.428571	-0.877551	0.023817
-0.428571	-0.836735	0.0295984
-0.428571	-0.795918	0.0352656
-0.428571	-0.755102	0.0407964
-0.428571	-0.714286	0.0461694
-0.428571	-0.673469	0.0513637
-0.428571	-0.632653	0.0563589
-0.428571	-0.591837	0.0611355
-0.428571	-0.55102	0.0656747
-0.428571	-0.510204	0.0699584
-0.428571	-0.469388	0.0739698
-0.428571	-0.428571	0.0776928
-0.428571	-0.387755	0.0811125
-0.428571	-0.346939	0.0842152
-0.428571	-0.306122	0.0869882
-0.428571	-0.265306	0.0894202
-0.428571	-0.22449	0.0915013
-0.428571	-0.183673	0.0932228
-0.428571	-0.142857	0.0945774
-0.428571	-0.102041	0.0955594
-0.428571	-0.0612245	0.0961644
-0.428571	-0.0204082	0.0963896
-0.428571	0.0204082	0.0962336
-0.428571	0.0612245	0.0956968
-0.428571	0.102041	0.0947809
-0.428571	0.142857	0.0934891
-0.428571	0.183673	0.0918262
-0.428571	0.22449	0.0897986
-0.428571	0.265306	0.0874141
-0.428571	0.306122	0.0846819
-0.428571	0.346939	0.0816127
-0.428571	0.387755	0.0782186
-0.428571	0.428571	0.0745128
-0.428571	0.469388	0.0705101
-0.428571	0.510204	0.0662264
-0.428571	0.55102	0.0616785
-0.428571	0.591837	0.0568847
-0.428571	0.632653	0.0518639
-0.428571	0.673469	0.0466362
-0.428571	0.714286	0.0412223
-0.428571	0.755102	0.035644
-0.428571	0.795918	0.0299234
-0.428571	0.836735	0.0240833
-0.428571	0.877551	0.0181471
-0.428571	0.918367	0.0121385
-0.428571	0.959184	0.00608137
-0.428571	1	0
-0.387755	-1	0.00627672
-0.387755	-0.959184	0.0125292
-0.387755	-0.918367	0.0187334
-0.387755	-0.877551	0.0248653
-0.387755	-0.836735	0.0309012
-0.387755	-0.795918	0.0368178
-0.387755	-0.755102	0.0425921
-0.387755	-0.714286	0.0482016
-0.387755	-0.673469	0.0536245
-0.387755	-0.632653	0.0588396
-0.387755	-0.591837	0.0638265
-0.387755	-0.55102	0.0685654
-0.387755	-0.510204	0.0730377
-0.387755	-0.469388	0.0772256
-0.387755	-0.428571	0.0811125
-0.387755	-0.387755	0.0846828
-0.387755	-0.346939	0.087922
-0.387755	-0.306122	0.090817
-0.387755	-0.265306	0.0933561
-0.387755	-0.22449	0.0955288
-0.387755	-0.183673	0.097326
-0.387755	-0.142857	0.0987403
-0.387755	-0.102041	0.0997655
-0.387755	-0.0612245	0.100397
-0.387755	-0.0204082	0.100632
-0.387755	0.0204082	0.100469
-0.387755	0.0612245	0.099909
-0.387755	0.102041	0.0989527
-0.387755	0.142857	0.0976041
-0.387755	0.183673	0.095868
-0.387755	0.22449	0.0937512
-0.387755	0.265306	0.0912617
-0.387755	0.306122	0.0884093
-0.387755	0.346939	0.085205
-0.387755	0.387755	0.0816614
-0.387755	0.428571	0.0777926
-0.387755	0.469388	0.0736137
-0.387755	0.510204	0.0691414
-0.387755	0.55102	0.0643934
-0.387755	0.591837	0.0593885
-0.387755	0.632653	0.0541467
-0.387755	0.673469	0.0486889
-0.387755	0.714286	0.0430368
-0.387755	0.755102	0.0372129
-0.387755	0.795918	0.0312405
-0.387755	0.836735	0.0251434
-0.387755	0.877551	0.0189459
-0.387755	0.918367	0.0126728
-0.387755	0.959184	0.00634905
-0.387755	1	0
-0.346939	-1	0.00651681
-0.346939	-0.959184	0.0130085
-0.346939	-0.918367	0.01945
-0.346939	-0.877551	0.0258164
-0.346939	-0.836735	0.0320832
-0.346939	-0.795918	0.0382261
-0.346939	-0.755102	0.0442213
-0.346939	-0.714286	0.0500454
-0.346939	-0.673469	0.0556757
-0.346939	-0.632653	0.0610903
-0.346939	-0.591837	0.0662679
-0.346939	-0.55102	0.0711881
-0.346939	-0.510204	0.0758315
-0.346939	-0.469388	0.0801796
-0.346939	-0.428571	0.0842152
-0.346939	-0.387755	0.087922
-0.346939	-0.346939	0.0912851
-0.346939	-0.306122	0.0942909
-0.346939	-0.265306	0.0969271
-0.346939	-0.22449	0.0991829
-0.346939	-0.183673	0.101049
-0.346939	-0.142857	0.102517
-0.346939	-0.102041	0.103582
-0.346939	-0.0612245	0.104237
-0.346939	-0.0204082	0.104482
-0.346939	0.0204082	0.104313
-0.346939	0.0612245	0.103731
-0.346939	0.102041	0.102738
-0.346939	0.142857	0.101338
-0.346939	0.183673	0.0995351
-0.346939	0.22449	0.0973373
-0.346939	0.265306	0.0947526
-0.346939	0.306122	0.091791
-0.346939	0.346939	0.0884642
-0.346939	0.387755	0.084785
-0.346939	0.428571	0.0807682
-0.346939	0.469388	0.0764295
-0.346939	0.510204	0.0717861
-0.346939	0.55102	0.0668565
-0.346939	0.591837	0.0616602
-0.346939	0.632653	0.0562179
-0.346939	0.673469	0.0505513
-0.346939	0.714286	0.044683
-0.346939	0.755102	0.0386363
-0.346939	0.795918	0.0324355
-0.346939	0.836735	0.0261051
-0.346939	0.877551	0.0196706
-0.346939	0.918367	0.0131575
-0.346939	0.959184	0.00659191
-0.346939	1	0
-0.306122	-1	0.00673139
-0.306122	-0.959184	0.0134368
-0.306122	-0.918367	0.0200904
-0.306122	-0.877551	0.0266665
-0.306122	-0.836735	0.0331397
-0.306122	-0.795918	0.0394848
-0.306122	-0.755102	0.0456774
-0.306122	-0.714286	0.0516932
-0.306122	-0.673469	0.057509
-0.306122	-0.632653	0.0631019
-0.306122	-0.591837	0.0684499
-0.306122	-0.55102	0.0735321
-0.306122	-0.510204	0.0783284
-0.306122	-0.469388	0.0828197
-0.306122	-0.428571	0.0869882
-0.306122	-0.387755	0.090817
-0.306122	-0.346939	0.0942909
-0.306122	-0.306122	0.0973957
-0.306122	-0.265306	0.100119
-0.306122	-0.22449	0.102449
-0.306122	-0.183673	0.104376
-0.306122	-0.142857	0.105893
-0.306122	-0.102041	0.106992
-0.306122	-0.0612245	0.10767
-0.306122	-0.0204082	0.107922
-0.306122	0.0204082	0.107747
-0.306122	0.0612245	0.107146
-0.306122	0.102041	0.106121
-0.306122	0.142857	0.104674
-0.306122	0.183673	0.102813
-0.306122	0.22449	0.100542
-0.306122	0.265306	0.0978726
-0.306122	0.306122	0.0948135
-0.306122	0.346939	0.0913771
-0.306122	0.387755	0.0875768
-0.306122	0.428571	0.0834277
-0.306122	0.469388	0.0789461
-0.306122	0.510204	0.0741499
-0.306122	0.55102	0.0690579
-0.306122	0.591837	0.0636905
-0.306122	0.632653	0.058069
-0.306122	0.673469	0.0522158
-0.306122	0.714286	0.0461543
-0.306122	0.755102	0.0399085
-0.306122	0.795918	0.0335035
-0.306122	0.836735	0.0269647
-0.306122	0.877551	0.0203183
-0.306122	0.918367	0.0135907
-0.306122	0.959184	0.00680897
-0.306122	1	0
-0.265306	-1	0.00691959
-0.265306	-0.959184	0.0138125
-0.265306	-0.918367	0.0206521
-0.265306	-0.877551	0.0274121
-0.265306	-0.836735	0.0340662
-0.265306	-0.795918	0.0405888
-0.265306	-0.755102	0.0469544
-0.265306	-0.714286	0.0531385
-0.265306	-0.673469	0.0591168
-0.265306	-0.632653	0.0648661
-0.265306	-0.591837	0.0703637
-0.265306	-0.55102	0.075588
-0.265306	-0.510204	0.0805184
-0.265306	-0.469388	0.0851352
-0.265306	-0.428571	0.0894202
-0.265306	-0.387755	0.0933561
-0.265306	-0.346939	0.0969271
-0.265306	-0.306122	0.100119
-0.265306	-0.265306	0.102918
-0.265306	-0.22449	0.105313
-0.265306	-0.183673	0.107294
-0.265306	-0.142857	0.108853
-0.265306	-0.102041	0.109984
-0.265306	-0.0612245	0.11068
-0.265306	-0.0204082	0.110939
-0.265306	0.0204082	0.11076
-0.265306	0.0612245	0.110142
-0.265306	0.102041	0.109088
-0.265306	0.142857	0.107601
-0.265306	0.183673	0.105687
-0.265306	0.22449	0.103353
-0.265306	0.265306	0.100609
-0.265306	0.306122	0.0974643
-0.265306	0.346939	0.0939318
-0.265306	0.387755	0.0900253
-0.265306	0.428571	0.0857602
-0.265306	0.469388	0.0811533
-0.265306	0.510204	0.076223
-0.265306	0.55102	0.0709886
-0.265306	0.591837	0.0654712
-0.265306	0.632653	0.0596925
-0.265306	0.673469	0.0536757
-0.265306	0.714286	0.0474447
-0.265306	0.755102	0.0410243
-0.265306	0.795918	0.0344402
-0.265306	0.836735	0.0277186
-0.265306	0.877551	0.0208863
-0.265306	0.918367	0.0139707
-0.265306	0.959184	0.00699933
-0.265306	1	0
-0.22449	-1	0.00708063
-0.22449	-0.959184	0.014134
-0.22449	-0.918367	0.0211328
-0.22449	-0.877551	0.02805
-0.22449	-0.836735	0.034859
-0.22449	-0.795918	0.0415334
-0.22449	-0.755102	0.0480472
-0.22449	-0.714286	0.0543752
-0.22449	-0.673469	0.0604927
-0.22449	-0.632653	0.0663757
-0.22449	-0.591837	0.0720012
-0.22449	-0.55102	0.0773471
-0.22449	-0.510204	0.0823923
-0.22449	-0.469388	0.0871166
-0.22449	-0.428571	0.0915013
-0.22449	-0.387755	0.0955288
-0.22449	-0.346939	0.0991829
-0.22449	-0.306122	0.102449
-0.22449	-0.265306	0.105313
-0.22449	-0.22449	0.107764
-0.22449	-0.183673	0.109791
-0.22449	-0.142857	0.111387
-0.22449	-0.102041	0.112543
-0.22449	-0.0612245	0.113256
-0.22449	-0.0204082	0.113521
-0.22449	0.0204082	0.113337
-0.22449	0.0612245	0.112705
-0.22449	0.102041	0.111626
-0.22449	0.142857	0.110105
-0.22449	0.183673	0.108147
-0.22449	0.22449	0.105759
-0.22449	0.265306	0.10295
-0.22449	0.306122	0.0997326
-0.22449	0.346939	0.0961179
-0.22449	0.387755	0.0921205
-0.22449	0.428571	0.0877561
-0.22449	0.469388	0.083042
-0.22449	0.510204	0.0779969
-0.22449	0.55102	0.0726408
-0.22449	0.591837	0.0669949
-0.22449	0.632653	0.0610818
-0.22449	0.673469	0.0549249
-0.22449	0.714286	0.0485489
-0.22449	0.755102	0.0419791
-0.22449	0.795918	0.0352417
-0.22449	0.836735	0.0283637
-0.22449	0.877551	0.0213724
-0.22449	0.918367	0.0142959
-0.22449	0.959184	0.00716223
-0.22449	1	0
-0.183673	-1	0.00721384
-0.183673	-0.959184	0.0143999
-0.183673	-0.918367	0.0215303
-0.183673	-0.877551	0.0285778
-0.183673	-0.836735	0.0355149
-0.183673	-0.795918	0.0423148
-0.183673	-0.755102	0.0489512
-0.183673	-0.714286	0.0553982
-0.183673	-0.673469	0.0616308
-0.183673	-0.632653	0.0676245
-0.183673	-0.591837	0.0733558
-0.183673	-0.55102	0.0788023
-0.183673	-0.510204	0.0839424
-0.183673	-0.469388	0.0887556
-0.183673	-0.428571	0.0932228
-0.183673	-0.387755	0.097326
-0.183673	-0.346939	0.101049
-0.183673	-0.306122	0.104376
-0.183673	-0.265306	0.107294
-0.183673	-0.22449	0.109791
-0.183673	-0.183673	0.111857
-0.183673	-0.142857	0.113482
-0.183673	-0.102041	0.114661
-0.183673	-0.0612245	0.115387
-0.183673	-0.0204082	0.115657
-0.183673	0.0204082	0.11547
-0.183673	0.0612245	0.114826
-0.183673	0.102041	0.113727
-0.183673	0.142857	0.112177
-0.183673	0.183673	0.110181
-0.183673	0.22449	0.107748
-0.183673	0.265306	0.104887
-0.183673	0.306122	0.101609
-0.183673	0.346939	0.0979262
-0.183673	0.387755	0.0938536
-0.183673	0.428571	0.0894071
-0.183673	0.469388	0.0846043
-0.183673	0.510204	0.0794643
-0.183673	0.55102	0.0740074
-0.183673	0.591837	0.0682553
-0.183673	0.632653	0.0622309
-0.183673	0.673469	0.0559582
-0.183673	0.714286	0.0494622
-0.183673	0.755102	0.0427688
-0.183673	0.795918	0.0359047
-0.183673	0.836735	0.0288973
-0.183673	0.877551	0.0217745
-0.183673	0.918367	0.0145648
-0.183673	0.959184	0.00729698
-0.183673	1	0
-0.142857	-1	0.00731867
-0.142857	-0.959184	0.0146091
-0.142857	-0.918367	0.0218432
-0.142857	-0.877551	0.028993
-0.142857	-0.836735	0.0360309
-0.142857	-0.795918	0.0429297
-0.142857	-0.755102	0.0496625
-0.142857	-0.714286	0.0562032
-0.142857	-0.673469	0.0625263
-0.142857	-0.632653	0.0686071
-0.142857	-0.591837	0.0744218
-0.142857	-0.55102	0.0799474
-0.142857	-0.510204	0.0851621
-0.142857	-0.469388	0.0900453
-0.142857	-0.428571	0.0945774
-0.142857	-0.387755	0.0987403
-0.142857	-0.346939	0.102517
-0.142857	-0.306122	0.105893
-0.142857	-0.265306	0.108853
-0.142857	-0.22449	0.111387
-0.142857	-0.183673	0.113482
-0.142857	-0.142857	0.115131
-0.142857	-0.102041	0.116327
-0.142857	-0.0612245	0.117063
-0.142857	-0.0204082	0.117337
-0.142857	0.0204082	0.117148
-0.142857	0.0612245	0.116494
-0.142857	0.102041	0.115379
-0.142857	0.142857	0.113807
-0.142857	0.183673	0.111782
-0.142857	0.22449	0.109314
-0.142857	0.265306	0.106411
-0.142857	0.306122	0.103085
-0.142857	0.346939	0.0993492
-0.142857	0.387755	0.0952174
-0.142857	0.428571	0.0907063
-0.142857	0.469388	0.0858337
-0.142857	0.510204	0.080619
-0.142857	0.55102	0.0750828
-0.142857	0.591837	0.0692471
-0.142857	0.632653	0.0631352
-0.142857	0.673469	0.0567714
-0.142857	0.714286	0.050181
-0.142857	0.755102	0.0433903
-0.142857	0.795918	0.0364265
-0.142857	0.836735	0.0293172
-0.142857	0.877551	0.0220909
-0.142857	0.918367	0.0147765
-0.142857	0.959184	0.00740301
-0.142857	1	0
-0.102041	-1	0.00739465
-0.102041	-0.959184	0.0147608
-0.102041	-0.918367	0.02207
-0.102041	-0.877551	0.029294
-0.102041	-0.836735	0.036405
-0.102041	-0.795918	0.0433754
-0.102041	-0.755102	0.0501781
-0.102041	-0.714286	0.0567867
-0.102041	-0.673469	0.0631755
-0.102041	-0.632653	0.0693195
-0.102041	-0.591837	0.0751945
-0.102041	-0.55102	0.0807775
-0.102041	-0.510204	0.0860463
-0.102041	-0.469388	0.0909802
-0.102041	-0.428571	0.0955594
-0.102041	-0.387755	0.0997655
-0.102041	-0.346939	0.103582
-0.102041	-0.306122	0.106992
-0.102041	-0.265306	0.109984
-0.102041	-0.22449	0.112543
-0.102041	-0.183673	0.114661
-0.102041	-0.142857	0.116327
-0.102041	-0.102041	0.117535
-0.102041	-0.0612245	0.118279
-0.102041	-0.0204082	0.118556
-0.102041	0.0204082	0.118364
-0.102041	0.0612245	0.117704
-0.102041	0.102041	0.116577
-0.102041	0.142857	0.114988
-0.102041	0.183673	0.112943
-0.102041	0.22449	0.110449
-0.102041	0.265306	0.107516
-0.102041	0.306122	0.104156
-0.102041	0.346939	0.100381
-0.102041	0.387755	0.096206
-0.102041	0.428571	0.0916481
-0.102041	0.469388	0.0867249
-0.102041	0.510204	0.081456
-0.102041	0.55102	0.0758624
-0.102041	0.591837	0.0699661
-0.102041	0.632653	0.0637907
-0.102041	0.673469	0.0573608
-0.102041	0.714286	0.050702
-0.102041	0.755102	0.0438408
-0.102041	0.795918	0.0368047
-0.102041	0.836735	0.0296216
-0.102041	0.877551	0.0223203
-0.102041	0.918367	0.0149299
-0.102041	0.959184	0.00747987
-0.102041	1	0
-0.0612245	-1	0.00744147
-0.0612245	-0.959184	0.0148542
-0.0612245	-0.918367	0.0222097
-0.0612245	-0.877551	0.0294795
-0.0612245	-0.836735	0.0366355
-0.0612245	-0.795918	0.04365
-0.0612245	-0.755102	0.0504958
-0.0612245	-0.714286	0.0571463
-0.0612245	-0.673469	0.0635755
-0.0612245	-0.632653	0.0697583
-0.0612245	-0.591837	0.0756706
-0.0612245	-0.55102	0.0812889
-0.0612245	-0.510204	0.0865911
-0.0612245	-0.469388	0.0915562
-0.0612245	-0.428571	0.0961644
-0.0612245	-0.387755	0.100397
-0.0612245	-0.346939	0.104237
-0.0612245	-0.306122	0.10767
-0.0612245	-0.265306	0.11068
-0.0612245	-0.22449	0.113256
-0.0612245	-0.183673	0.115387
-0.0612245	-0.142857	0.117063
-0.0612245	-0.102041	0.118279
-0.0612245	-0.0612245	0.119028
-0.0612245	-0.0204082	0.119306
-0.0612245	0.0204082	0.119113
-0.0612245	0.0612245	0.118449
-0.0612245	0.102041	0.117315
-0.0612245	0.142857	0.115716
-0.0612245	0.183673	0.113658
-0.0612245	0.22449	0.111148
-0.0612245	0.265306	0.108197
-0.0612245	0.306122	0.104815
-0.0612245	0.346939	0.101016
-0.0612245	0.387755	0.0968151
-0.0612245	0.428571	0.0922283
-0.0612245	0.469388	0.087274
-0.0612245	0.510204	0.0819718
-0.0612245	0.55102	0.0763427
-0.0612245	0.591837	0.0704091
-0.0612245	0.632653	0.0641946
-0.0612245	0.673469	0.057724
-0.0612245	0.714286	0.051023
-0.0612245	0.755102	0.0441184
-0.0612245	0.795918	0.0370377
-0.0612245	0.836735	0.0298091
-0.0612245	0.877551	0.0224616
-0.0612245	0.918367	0.0150244
-0.0612245	0.959184	0.00752723
-0.0612245	1	0
-0.0204082	-1	0.0074589
-0.0204082	-0.959184	0.014889
-0.0204082	-0.918367	0.0222617
-0.0204082	-0.877551	0.0295485
-0.0204082	-0.836735	0.0367213
-0.0204082	-0.795918	0.0437522
-0.0204082	-0.755102	0.050614
-0.0204082	-0.714286	0.0572801
-0.0204082	-0.673469	0.0637244
-0.0204082	-0.632653	0.0699217
-0.0204082	-0.591837	0.0758478
-0.0204082	-0.55102	0.0814792
-0.0204082	-0.510204	0.0867939
-0.0204082	-0.469388	0.0917706
-0.0204082	-0.428571	0.0963896
-0.0204082	-0.387755	0.100632
-0.0204082	-0.346939	0.104482
-0.0204082	-0.306122	0.107922
-0.0204082	-0.265306	0.110939
-0.0204082	-0.22449	0.113521
-0.0204082	-0.183673	0.115657
-0.0204082	-0.142857	0.117337
-0.0204082	-0.102041	0.118556
-0.0204082	-0.0612245	0.119306
-0.0204082	-0.0204082	0.119586
-0.0204082	0.0204082	0.119392
-0.0204082	0.0612245	0.118726
-0.0204082	0.102041	0.11759
-0.0204082	0.142857	0.115987
-0.0204082	0.183673	0.113924
-0.0204082	0.22449	0.111409
-0.0204082	0.265306	0.10845
-0.0204082	0.306122	0.105061
-0.0204082	0.346939	0.101253
-0.0204082	0.387755	0.0970418
-0.0204082	0.428571	0.0924443
-0.0204082	0.469388	0.0874784
-0.0204082	0.510204	0.0821637
-0.0204082	0.55102	0.0765214
-0.0204082	0.591837	0.0705739
-0.0204082	0.632653	0.0643449
-0.0204082	0.673469	0.0578591
-0.0204082	0.714286	0.0511425
-0.0204082	0.755102	0.0442217
-0.0204082	0.795918	0.0371244
-0.0204082	0.836735	0.0298789
-0.0204082	0.877551	0.0225142
-0.0204082	0.918367	0.0150596
-0.0204082	0.959184	0.00754485
-0.0204082	1	0
0.0204082	-1	0.00744683
0.0204082	-0.959184	0.0148649
0.0204082	-0.918367	0.0222257
0.0204082	-0.877551	0.0295008
0.0204082	-0.836735	0.0366619
0.0204082	-0.795918	0.0436814
0.0204082	-0.755102	0.0505322
0.0204082	-0.714286	0.0571874
0.0204082	-0.673469	0.0636213
0.0204082	-0.632653	0.0698086
0.0204082	-0.591837	0.0757251
0.0204082	-0.55102	0.0813474
0.0204082	-0.510204	0.0866535
0.0204082	-0.469388	0.0916222
0.0204082	-0.428571	0.0962336
0.0204082	-0.387755	0.100469
0.0204082	-0.346939	0.104313
0.0204082	-0.306122	0.107747
0.0204082	-0.265306	0.11076
0.0204082	-0.22449	0.113337
0.0204082	-0.183673	0.11547
0.0204082	-0.142857	0.117148
0.0204082	-0.102041	0.118364
0.0204082	-0.0612245	0.119113
0.0204082	-0.0204082	0.119392
0.0204082	0.0204082	0.119199
0.0204082	0.0612245	0.118534
0.0204082	0.102041	0.1174
0.0204082	0.142857	0.1158
0.0204082	0.183673	0.11374
0.0204082	0.22449	0.111228
0.0204082	0.265306	0.108275
0.0204082	0.306122	0.104891
0.0204082	0.346939	0.101089
0.0204082	0.387755	0.0968848
0.0204082	0.428571	0.0922948
0.0204082	0.469388	0.0873369
0.0204082	0.510204	0.0820308
0.0204082	0.55102	0.0763977
0.0204082	0.591837	0.0704598
0.0204082	0.632653	0.0642408
0.0204082	0.673469	0.0577655
0.0204082	0.714286	0.0510597
0.0204082	0.755102	0.0441502
0.0204082	0.795918	0.0370644
0.0204082	0.836735	0.0298306
0.0204082	0.877551	0.0224778
0.0204082	0.918367	0.0150352
0.0204082	0.959184	0.00753265
0.0204082	1	0
0.0612245	-1	0.00740529
0.0612245	-0.959184	0.014782
0.0612245	-0.918367	0.0221017
0.0612245	-0.877551	0.0293362
0.0612245	-0.836735	0.0364574
0.0612245	-0.795918	0.0434378
0.0612245	-0.755102	0.0502503
0.0612245	-0.714286	0.0568684
0.0612245	-0.673469	0.0632664
0.0612245	-0.632653	0.0694192
0.0612245	-0.591837	0.0753027
0.0612245	-0.55102	0.0808937
0.0612245	-0.510204	0.0861701
0.0612245	-0.469388	0.0911111
0.0612245	-0.428571	0.0956968
0.0612245	-0.387755	0.099909
0.0612245	-0.346939	0.103731
0.0612245	-0.306122	0.107146
0.0612245	-0.265306	0.110142
0.0612245	-0.22449	0.112705
0.0612245	-0.183673	0.114826
0.0612245	-0.142857	0.116494
0.0612245	-0.102041	0.117704
0.0612245	-0.0612245	0.118449
0.0612245	-0.0204082	0.118726
0.0612245	0.0204082	0.118534
0.0612245	0.0612245	0.117873
0.0612245	0.102041	0.116745
0.0612245	0.142857	0.115154
0.0612245	0.183673	0.113105
0.0612245	0.22449	0.110608
0.0612245	0.265306	0.107671
0.0612245	0.306122	0.104306
0.0612245	0.346939	0.100525
0.0612245	0.387755	0.0963444
0.0612245	0.428571	0.0917799
0.0612245	0.469388	0.0868497
0.0612245	0.510204	0.0815732
0.0612245	0.55102	0.0759715
0.0612245	0.591837	0.0700668
0.0612245	0.632653	0.0638825
0.0612245	0.673469	0.0574433
0.0612245	0.714286	0.0507749
0.0612245	0.755102	0.0439039
0.0612245	0.795918	0.0368576
0.0612245	0.836735	0.0296642
0.0612245	0.877551	0.0223524
0.0612245	0.918367	0.0149514
0.0612245	0.959184	0.00749063
0.0612245	1	0
0.102041	-1	0.00733441
0.102041	-0.959184	0.0146405
0.102041	-0.918367	0.0218902
0.102041	-0.877551	0.0290554
0.102041	-0.836735	0.0361084
0.102041	-0.795918	0.043022
0.102041	-0.755102	0.0497693
0.102041	-0.714286	0.0563241
0.102041	-0.673469	0.0626608
0.102041	-0.632653	0.0687547
0.102041	-0.591837	0.0745819
0.102041	-0.55102	0.0801194
0.102041	-0.510204	0.0853454
0.102041	-0.469388	0.090239
0.102041	-0.428571	0.0947809
0.102041	-0.387755	0.0989527
0.102041	-0.346939	0.102738
0.102041	-0.306122	0.106121
0.102041	-0.265306	0.109088
0.102041	-0.22449	0.111626
0.102041	-0.183673	0.113727
0.102041	-0.142857	0.115379
0.102041	-0.102041	0.116577
0.102041	-0.0612245	0.117315
0.102041	-0.0204082	0.11759
0.102041	0.0204082	0.1174
0.102041	0.0612245	0.116745
0.102041	0.102041	0.115627
0.102041	0.142857	0.114051
0.102041	0.183673	0.112023
0.102041	0.22449	0.109549
0.102041	0.265306	0.10664
0.102041	0.306122	0.103307
0.102041	0.346939	0.0995629
0.102041	0.387755	0.0954223
0.102041	0.428571	0.0909015
0.102041	0.469388	0.0860184
0.102041	0.510204	0.0807925
0.102041	0.55102	0.0752443
0.102041	0.591837	0.0693961
0.102041	0.632653	0.063271
0.102041	0.673469	0.0568935
0.102041	0.714286	0.0502889
0.102041	0.755102	0.0434837
0.102041	0.795918	0.0365048
0.102041	0.836735	0.0293803
0.102041	0.877551	0.0221385
0.102041	0.918367	0.0148083
0.102041	0.959184	0.00741894
0.102041	1	0
0.142857	-1	0.00723445
0.142857	-0.959184	0.014441
0.142857	-0.918367	0.0215919
0.142857	-0.877551	0.0286594
0.142857	-0.836735	0.0356163
0.142857	-0.795918	0.0424357
0.142857	-0.755102	0.049091
0.142857	-0.714286	0.0555564
0.142857	-0.673469	0.0618068
0.142857	-0.632653	0.0678177
0.142857	-0.591837	0.0735654
0.142857	-0.55102	0.0790274
0.142857	-0.510204	0.0841822
0.142857	-0.469388	0.0890091
0.142857	-0.428571	0.0934891
0.142857	-0.387755	0.0976041
0.142857	-0.346939	0.101338
0.142857	-0.306122	0.104674
0.142857	-0.265306	0.107601
0.142857	-0.22449	0.110105
0.142857	-0.183673	0.112177
0.142857	-0.142857	0.113807
0.142857	-0.102041	0.114988
0.142857	-0.0612245	0.115716
0.142857	-0.0204082	0.115987
0.142857	0.0204082	0.1158
0.142857	0.0612245	0.115154
0.142857	0.102041	0.114051
0.142857	0.142857	0.112497
0.142857	0.183673	0.110496
0.142857	0.22449	0.108056
0.142857	0.265306	0.105187
0.142857	0.306122	0.101899
0.142857	0.346939	0.098206
0.142857	0.387755	0.0941217
0.142857	0.428571	0.0896625
0.142857	0.469388	0.084846
0.142857	0.510204	0.0796913
0.142857	0.55102	0.0742188
0.142857	0.591837	0.0684503
0.142857	0.632653	0.0624087
0.142857	0.673469	0.0561181
0.142857	0.714286	0.0496035
0.142857	0.755102	0.042891
0.142857	0.795918	0.0360073
0.142857	0.836735	0.0289799
0.142857	0.877551	0.0218367
0.142857	0.918367	0.0146064
0.142857	0.959184	0.00731782
0.142857	1	0
0.183673	-1	0.00710577
0.183673	-0.959184	0.0141841
0.183673	-0.918367	0.0212078
0.183673	-0.877551	0.0281496
0.183673	-0.836735	0.0349828
0.183673	-0.795918	0.0416809
0.183673	-0.755102	0.0482178
0.183673	-0.714286	0.0545683
0.183673	-0.673469	0.0607075
0.183673	-0.632653	0.0666114
0.183673	-0.591837	0.0722569
0.183673	-0.55102	0.0776218
0.183673	-0.510204	0.0826848
0.183673	-0.469388	0.0874259
0.183673	-0.428571	0.0918262
0.183673	-0.387755	0.095868
0.183673	-0.346939	0.0995351
0.183673	-0.306122	0.102813
0.183673	-0.265306	0.105687
0.183673	-0.22449	0.108147
0.183673	-0.183673	0.110181
0.183673	-0.142857	0.111782
0.183673	-0.102041	0.112943
0.183673	-0.0612245	0.113658
0.183673	-0.0204082	0.113924
0.183673	0.0204082	0.11374
0.183673	0.0612245	0.113105
0.183673	0.102041	0.112023
0.183673	0.142857	0.110496
0.183673	0.183673	0.108531
0.183673	0.22449	0.106134
0.183673	0.265306	0.103316
0.183673	0.306122	0.100087
0.183673	0.346939	0.0964592
0.183673	0.387755	0.0924476
0.183673	0.428571	0.0880677
0.183673	0.469388	0.0833369
0.183673	0.510204	0.0782739
0.183673	0.55102	0.0728987
0.183673	0.591837	0.0672328
0.183673	0.632653	0.0612987
0.183673	0.673469	0.0551199
0.183673	0.714286	0.0487213
0.183673	0.755102	0.0421281
0.183673	0.795918	0.0353668
0.183673	0.836735	0.0284644
0.183673	0.877551	0.0214483
0.183673	0.918367	0.0143466
0.183673	0.959184	0.00718766
0.183673	1	0
0.22449	-1	0.00694887
0.22449	-0.959184	0.013871
0.22449	-0.918367	0.0207395
0.22449	-0.877551	0.0275281
0.22449	-0.836735	0.0342104
0.22449	-0.795918	0.0407605
0.22449	-0.755102	0.0471532
0.22449	-0.714286	0.0533634
0.22449	-0.673469	0.059367
0.22449	-0.632653	0.0651406
0.22449	-0.591837	0.0706614
0.22449	-0.55102	0.0759079
0.22449	-0.510204	0.0808591
0.22449	-0.469388	0.0854955
0.22449	-0.428571	0.0897986
0.22449	-0.387755	0.0937512
0.22449	-0.346939	0.0973373
0.22449	-0.306122	0.100542
0.22449	-0.265306	0.103353
0.22449	-0.22449	0.105759
0.22449	-0.183673	0.107748
0.22449	-0.142857	0.109314
0.22449	-0.102041	0.110449
0.22449	-0.0612245	0.111148
0.22449	-0.0204082	0.111409
0.22449	0.0204082	0.111228
0.22449	0.0612245	0.110608
0.22449	0.102041	0.109549
0.22449	0.142857	0.108056
0.22449	0.183673	0.106134
0.22449	0.22449	0.103791
0.22449	0.265306	0.101035
0.22449	0.306122	0.0978767
0.22449	0.346939	0.0943293
0.22449	0.387755	0.0904063
0.22449	0.428571	0.0861231
0.22449	0.469388	0.0814968
0.22449	0.510204	0.0765455
0.22449	0.55102	0.0712891
0.22449	0.591837	0.0657482
0.22449	0.632653	0.0599451
0.22449	0.673469	0.0539028
0.22449	0.714286	0.0476455
0.22449	0.755102	0.0411979
0.22449	0.795918	0.0345859
0.22449	0.836735	0.0278359
0.22449	0.877551	0.0209747
0.22449	0.918367	0.0140298
0.22449	0.959184	0.00702895
0.22449	1	0
0.265306	-1	0.00676435
0.265306	-0.959184	0.0135026
0.265306	-0.918367	0.0201888
0.265306	-0.877551	0.0267971
0.265306	-0.836735	0.0333019
0.265306	-0.795918	0.0396782
0.265306	-0.755102	0.045901
0.265306	-0.714286	0.0519464
0.265306	-0.673469	0.0577906
0.265306	-0.632653	0.0634108
0.265306	-0.591837	0.0687851
0.265306	-0.55102	0.0738922
0.265306	-0.510204	0.078712
0.265306	-0.469388	0.0832253
0.265306	-0.428571	0.0874141
0.265306	-0.387755	0.0912617
0.265306	-0.346939	0.0947526
0.265306	-0.306122	0.0978726
0.265306	-0.265306	0.100609
0.265306	-0.22449	0.10295
0.265306	-0.183673	0.104887
0.265306	-0.142857	0.106411
0.265306	-0.102041	0.107516
0.265306	-0.0612245	0.108197
0.265306	-0.0204082	0.10845
0.265306	0.0204082	0.108275
0.265306	0.0612245	0.107671
0.265306	0.102041	0.10664
0.265306	0.142857	0.105187
0.265306	0.183673	0.103316
0.265306	0.22449	0.101035
0.265306	0.265306	0.0983518
0.265306	0.306122	0.0952777
0.265306	0.346939	0.0918245
0.265306	0.387755	0.0880056
0.265306	0.428571	0.0838362
0.265306	0.469388	0.0793327
0.265306	0.510204	0.0745129
0.265306	0.55102	0.069396
0.265306	0.591837	0.0640024
0.265306	0.632653	0.0583533
0.265306	0.673469	0.0524715
0.265306	0.714286	0.0463803
0.265306	0.755102	0.0401039
0.265306	0.795918	0.0336675
0.265306	0.836735	0.0270967
0.265306	0.877551	0.0204178
0.265306	0.918367	0.0136573
0.265306	0.959184	0.00684231
0.265306	1	0
0.306122	-1	0.00655293
0.306122	-0.959184	0.0130806
0.306122	-0.918367	0.0195578
0.306122	-0.877551	0.0259595
0.306122	-0.836735	0.0322611
0.306122	-0.795918	0.038438
0.306122	-0.755102	0.0444664
0.306122	-0.714286	0.0503227
0.306122	-0.673469	0.0559843
0.306122	-0.632653	0.0614289
0.306122	-0.591837	0.0666352
0.306122	-0.55102	0.0715826
0.306122	-0.510204	0.0762518
0.306122	-0.469388	0.080624
0.306122	-0.428571	0.0846819
0.306122	-0.387755	0.0884093
0.306122	-0.346939	0.091791
0.306122	-0.306122	0.0948135
0.306122	-0.265306	0.0974643
0.306122	-0.22449	0.0997326
0.306122	-0.183673	0.101609
0.306122	-0.142857	0.103085
0.306122	-0.102041	0.104156
0.306122	-0.0612245	0.104815
0.306122	-0.0204082	0.105061
0.306122	0.0204082	0.104891
0.306122	0.0612245	0.104306
0.306122	0.102041	0.103307
0.306122	0.142857	0.101899
0.306122	0.183673	0.100087
0.306122	0.22449	0.0978767
0.306122	0.265306	0.0952777
0.306122	0.306122	0.0922997
0.306122	0.346939	0.0889544
0.306122	0.387755	0.0852549
0.306122	0.428571	0.0812158
0.306122	0.469388	0.0768531
0.306122	0.510204	0.072184
0.306122	0.55102	0.067227
0.306122	0.591837	0.0620019
0.306122	0.632653	0.0565295
0.306122	0.673469	0.0508315
0.306122	0.714286	0.0449306
0.306122	0.755102	0.0388505
0.306122	0.795918	0.0326152
0.306122	0.836735	0.0262498
0.306122	0.877551	0.0197796
0.306122	0.918367	0.0132304
0.306122	0.959184	0.00662844
0.306122	1	0
0.346939	-1	0.00631542
0.346939	-0.959184	0.0126065
0.346939	-0.918367	0.0188489
0.346939	-0.877551	0.0250187
0.346939	-0.836735	0.0310918
0.346939	-0.795918	0.0370449
0.346939	-0.755102	0.0428547
0.346939	-0.714286	0.0484989
0.346939	-0.673469	0.0539552
0.346939	-0.632653	0.0592025
0.346939	-0.591837	0.06422
0.346939	-0.55102	0.0689882
0.346939	-0.510204	0.0734881
0.346939	-0.469388	0.0777019
0.346939	-0.428571	0.0816127
0.346939	-0.387755	0.085205
0.346939	-0.346939	0.0884642
0.346939	-0.306122	0.0913771
0.346939	-0.265306	0.0939318
0.346939	-0.22449	0.0961179
0.346939	-0.183673	0.0979262
0.346939	-0.142857	0.0993492
0.346939	-0.102041	0.100381
0.346939	-0.0612245	0.101016
0.346939	-0.0204082	0.101253
0.346939	0.0204082	0.101089
0.346939	0.0612245	0.100525
0.346939	0.102041	0.0995629
0.346939	0.142857	0.098206
0.346939	0.183673	0.0964592
0.346939	0.22449	0.0943293
0.346939	0.265306	0.0918245
0.346939	0.306122	0.0889544
0.346939	0.346939	0.0857304
0.346939	0.387755	0.082165
0.346939	0.428571	0.0782723
0.346939	0.469388	0.0740676
0.346939	0.510204	0.0695677
0.346939	0.55102	0.0647904
0.346939	0.591837	0.0597547
0.346939	0.632653	0.0544806
0.346939	0.673469	0.0489891
0.346939	0.714286	0.0433022
0.346939	0.755102	0.0374424
0.346939	0.795918	0.0314331
0.346939	0.836735	0.0252984
0.346939	0.877551	0.0190627
0.346939	0.918367	0.0127509
0.346939	0.959184	0.0063882
0.346939	1	0
0.387755	-1	0.00605277
0.387755	-0.959184	0.0120822
0.387755	-0.918367	0.018065
0.387755	-0.877551	0.0239782
0.387755	-0.836735	0.0297987
0.387755	-0.795918	0.0355042
0.387755	-0.755102	0.0410725
0.387755	-0.714286	0.0464819
0.387755	-0.673469	0.0517113
0.387755	-0.632653	0.0567403
0.387755	-0.591837	0.0615492
0.387755	-0.55102	0.0661191
0.387755	-0.510204	0.0704318
0.387755	-0.469388	0.0744704
0.387755	-0.428571	0.0782186
0.387755	-0.387755	0.0816614
0.387755	-0.346939	0.084785
0.387755	-0.306122	0.0875768
0.387755	-0.265306	0.0900253
0.387755	-0.22449	0.0921205
0.387755	-0.183673	0.0938536
0.387755	-0.142857	0.0952174
0.387755	-0.102041	0.096206
0.387755	-0.0612245	0.0968151
0.387755	-0.0204082	0.0970418
0.387755	0.0204082	0.0968848
0.387755	0.0612245	0.0963444
0.387755	0.102041	0.0954223
0.387755	0.142857	0.0941217
0.387755	0.183673	0.0924476
0.387755	0.22449	0.0904063
0.387755	0.265306	0.0880056
0.387755	0.306122	0.0852549
0.387755	0.346939	0.082165
0.387755	0.387755	0.0787479
0.387755	0.428571	0.075017
0.387755	0.469388	0.0709873
0.387755	0.510204	0.0666745
0.387755	0.55102	0.0620959
0.387755	0.591837	0.0572696
0.387755	0.632653	0.0522148
0.387755	0.673469	0.0469517
0.387755	0.714286	0.0415013
0.387755	0.755102	0.0358852
0.387755	0.795918	0.0301259
0.387755	0.836735	0.0242463
0.387755	0.877551	0.0182699
0.387755	0.918367	0.0122206
0.387755	0.959184	0.00612253
0.387755	1	0
0.428571	-1	0.00576601
0.428571	-0.959184	0.0115098
0.428571	-0.918367	0.0172092
0.428571	-0.877551	0.0228422
0.428571	-0.836735	0.028387
0.428571	-0.795918	0.0338221
0.428571	-0.755102	0.0391266
0.428571	-0.714286	0.0442797
0.428571	-0.673469	0.0492614
0.428571	-0.632653	0.0540521
0.428571	-0.591837	0.0586332
0.428571	-0.55102	0.0629866
0.428571	-0.510204	0.067095
0.428571	-0.469388	0.0709422
0.428571	-0.428571	0.0745128
0.428571	-0.387755	0.0777926
0.428571	-0.346939	0.0807682
0.428571	-0.306122	0.0834277
0.428571	-0.265306	0.0857602
0.428571	-0.22449	0.0877561
0.428571	-0.183673	0.0894071
0.428571	-0.142857	0.0907063
0.428571	-0.102041	0.0916481
0.428571	-0.0612245	0.0922283
0.428571	-0.0204082	0.0924443
0.428571	0.0204082	0.0922948
0.428571	0.0612245	0.0917799
0.428571	0.102041	0.0909015
0.428571	0.142857	0.0896625
0.428571	0.183673	0.0880677
0.428571	0.22449	0.0861231
0.428571	0.265306	0.0838362
0.428571	0.306122	0.0812158
0.428571	0.346939	0.0782723
0.428571	0.387755	0.075017
0.428571	0.428571	0.071463
0.428571	0.469388	0.0676241
0.428571	0.510204	0.0635157
0.428571	0.55102	0.059154
0.428571	0.591837	0.0545564
0.428571	0.632653	0.0497411
0.428571	0.673469	0.0447273
0.428571	0.714286	0.0395351
0.428571	0.755102	0.0341851
0.428571	0.795918	0.0286986
0.428571	0.836735	0.0230976
0.428571	0.877551	0.0174043
0.428571	0.918367	0.0116416
0.428571	0.959184	0.00583246
0.428571	1	0
0.469388	-1	0.00545628
0.469388	-0.959184	0.0108915
0.469388	-0.918367	0.0162847
0.469388	-0.877551	0.0216151
0.469388	-0.836735	0.0268621
0.469388	-0.795918	0.0320053
0.469388	-0.755102	0.0370248
0.469388	-0.714286	0.0419011
0.469388	-0.673469	0.0466151
0.469388	-0.632653	0.0511486
0.469388	-0.591837	0.0554836
0.469388	-0.55102	0.0596031
0.469388	-0.510204	0.0634908
0.469388	-0.469388	0.0671313
0.469388	-0.428571	0.0705101
0.469388	-0.387755	0.0736137
0.469388	-0.346939	0.0764295
0.469388	-0.306122	0.0789461
0.469388	-0.265306	0.0811533
0.469388	-0.22449	0.083042
0.469388	-0.183673	0.0846043
0.469388	-0.142857	0.0858337
0.469388	-0.102041	0.0867249
0.469388	-0.0612245	0.087274
0.469388	-0.0204082	0.0874784
0.469388	0.0204082	0.0873369
0.469388	0.0612245	0.0868497
0.469388	0.102041	0.0860184
0.469388	0.142857	0.084846
0.469388	0.183673	0.0833369
0.469388	0.22449	0.0814968
0.469388	0.265306	0.0793327
0.469388	0.306122	0.0768531
0.469388	0.346939	0.0740676
0.469388	0.387755	0.0709873
0.469388	0.428571	0.0676241
0.469388	0.469388	0.0639915
0.469388	0.510204	0.0601038
0.469388	0.55102	0.0559764
0.469388	0.591837	0.0516257
0.469388	0.632653	0.0470691
0.469388	0.673469	0.0423247
0.469388	0.714286	0.0374113
0.469388	0.755102	0.0323487
0.469388	0.795918	0.027157
0.469388	0.836735	0.0218568
0.469388	0.877551	0.0164694
0.469388	0.918367	0.0110163
0.469388	0.959184	0.00551915
0.469388	1	0
0.510204	-1	0.00512479
0.510204	-0.959184	0.0102298
0.510204	-0.918367	0.0152954
0.510204	-0.877551	0.0203019
0.510204	-0.836735	0.0252301
0.510204	-0.795918	0.0300608
0.510204	-0.755102	0.0347754
0.510204	-0.714286	0.0393554
0.510204	-0.673469	0.0437831
0.510204	-0.632653	0.0480411
0.510204	-0.591837	0.0521127
0.510204	-0.55102	0.0559819
0.510204	-0.510204	0.0596335
0.510204	-0.469388	0.0630528
0.510204	-0.428571	0.0662264
0.510204	-0.387755	0.0691414
0.510204	-0.346939	0.0717861
0.510204	-0.306122	0.0741499
0.510204	-0.265306	0.076223
0.510204	-0.22449	0.0779969
0.510204	-0.183673	0.0794643
0.510204	-0.142857	0.080619
0.510204	-0.102041	0.081456
0.510204	-0.0612245	0.0819718
0.510204	-0.0204082	0.0821637
0.510204	0.0204082	0.0820308
0.510204	0.0612245	0.0815732
0.510204	0.102041	0.0807925
0.510204	0.142857	0.0796913
0.510204	0.183673	0.0782739
0.510204	0.22449	0.0765455
0.510204	0.265306	0.0745129
0.510204	0.306122	0.072184
0.510204	0.346939	0.0695677
0.510204	0.387755	0.0666745
0.510204	0.428571	0.0635157
0.510204	0.469388	0.0601038
0.510204	0.510204	0.0564522
0.510204	0.55102	0.0525756
0.510204	0.591837	0.0484892
0.510204	0.632653	0.0442095
0.510204	0.673469	0.0397533
0.510204	0.714286	0.0351385
0.510204	0.755102	0.0303834
0.510204	0.795918	0.0255071
0.510204	0.836735	0.0205289
0.510204	0.877551	0.0154688
0.510204	0.918367	0.010347
0.510204	0.959184	0.00518384
0.510204	1	0
0.55102	-1	0.00477286
0.55102	-0.959184	0.00952731
0.55102	-0.918367	0.014245
0.55102	-0.877551	0.0189078
0.55102	-0.836735	0.0234975
0.55102	-0.795918	0.0279965
0.55102	-0.755102	0.0323873
0.55102	-0.714286	0.0366528
0.55102	-0.673469	0.0407765
0.55102	-0.632653	0.0447421
0.55102	-0.591837	0.0485341
0.55102	-0.55102	0.0521376
0.55102	-0.510204	0.0555384
0.55102	-0.469388	0.0587229
0.55102	-0.428571	0.0616785
0.55102	-0.387755	0.0643934
0.55102	-0.346939	0.0668565
0.55102	-0.306122	0.0690579
0.55102	-0.265306	0.0709886
0.55102	-0.22449	0.0726408
0.55102	-0.183673	0.0740074
0.55102	-0.142857	0.0750828
0.55102	-0.102041	0.0758624
0.55102	-0.0612245	0.0763427
0.55102	-0.0204082	0.0765214
0.55102	0.0204082	0.0763977
0.55102	0.0612245	0.0759715
0.55102	0.102041	0.0752443
0.55102	0.142857	0.0742188
0.55102	0.183673	0.0728987
0.55102	0.22449	0.0712891
0.55102	0.265306	0.069396
0.55102	0.306122	0.067227
0.55102	0.346939	0.0647904
0.55102	0.387755	0.0620959
0.55102	0.428571	0.059154
0.55102	0.469388	0.0559764
0.55102	0.510204	0.0525756
0.55102	0.55102	0.0489652
0.55102	0.591837	0.0451594
0.55102	0.632653	0.0411735
0.55102	0.673469	0.0370234
0.55102	0.714286	0.0327255
0.55102	0.755102	0.0282969
0.55102	0.795918	0.0237555
0.55102	0.836735	0.0191192
0.55102	0.877551	0.0144066
0.55102	0.918367	0.00963645
0.55102	0.959184	0.00482786
0.55102	1	0
0.591837	-1	0.0044019
0.591837	-0.959184	0.00878682
0.591837	-0.918367	0.0131379
0.591837	-0.877551	0.0174382
0.591837	-0.836735	0.0216712
0.591837	-0.795918	0.0258205
0.591837	-0.755102	0.0298701
0.591837	-0.714286	0.0338041
0.591837	-0.673469	0.0376072
0.591837	-0.632653	0.0412646
0.591837	-0.591837	0.0447619
0.591837	-0.55102	0.0480853
0.591837	-0.510204	0.0512218
0.591837	-0.469388	0.0541588
0.591837	-0.428571	0.0568847
0.591837	-0.387755	0.0593885
0.591837	-0.346939	0.0616602
0.591837	-0.306122	0.0636905
0.591837	-0.265306	0.0654712
0.591837	-0.22449	0.0669949
0.591837	-0.183673	0.0682553
0.591837	-0.142857	0.0692471
0.591837	-0.102041	0.0699661
0.591837	-0.0612245	0.0704091
0.591837	-0.0204082	0.0705739
0.591837	0.0204082	0.0704598
0.591837	0.0612245	0.0700668
0.591837	0.102041	0.0693961
0.591837	0.142857	0.0684503
0.591837	0.183673	0.0672328
0.591837	0.22449	0.0657482
0.591837	0.265306	0.0640024
0.591837	0.306122	0.0620019
0.591837	0.346939	0.0597547
0.591837	0.387755	0.0572696
0.591837	0.428571	0.0545564
0.591837	0.469388	0.0516257
0.591837	0.510204	0.0484892
0.591837	0.55102	0.0451594
0.591837	0.591837	0.0416495
0.591837	0.632653	0.0379734
0.591837	0.673469	0.0341458
0.591837	0.714286	0.0301819
0.591837	0.755102	0.0260976
0.591837	0.795918	0.0219091
0.591837	0.836735	0.0176332
0.591837	0.877551	0.0132868
0.591837	0.918367	0.00888748
0.591837	0.959184	0.00445263
0.591837	1	0
0.632653	-1	0.00401338
0.632653	-0.959184	0.00801127
0.632653	-0.918367	0.0119783
0.632653	-0.877551	0.0158991
0.632653	-0.836735	0.0197585
0.632653	-0.795918	0.0235416
0.632653	-0.755102	0.0272337
0.632653	-0.714286	0.0308204
0.632653	-0.673469	0.0342879
0.632653	-0.632653	0.0376224
0.632653	-0.591837	0.0408111
0.632653	-0.55102	0.0438412
0.632653	-0.510204	0.0467008
0.632653	-0.469388	0.0493786
0.632653	-0.428571	0.0518639
0.632653	-0.387755	0.0541467
0.632653	-0.346939	0.0562179
0.632653	-0.306122	0.058069
0.632653	-0.265306	0.0596925
0.632653	-0.22449	0.0610818
0.632653	-0.183673	0.0622309
0.632653	-0.142857	0.0631352
0.632653	-0.102041	0.0637907
0.632653	-0.0612245	0.0641946
0.632653	-0.0204082	0.0643449
0.632653	0.0204082	0.0642408
0.632653	0.0612245	0.0638825
0.632653	0.102041	0.063271
0.632653	0.142857	0.0624087
0.632653	0.183673	0.0612987
0.632653	0.22449	0.0599451
0.632653	0.265306	0.0583533
0.632653	0.306122	0.0565295
0.632653	0.346939	0.0544806
0.632653	0.387755	0.0522148
0.632653	0.428571	0.0497411
0.632653	0.469388	0.0470691
0.632653	0.510204	0.0442095
0.632653	0.55102	0.0411735
0.632653	0.591837	0.0379734
0.632653	0.632653	0.0346218
0.632653	0.673469	0.031132
0.632653	0.714286	0.027518
0.632653	0.755102	0.0237942
0.632653	0.795918	0.0199754
0.632653	0.836735	0.0160768
0.632653	0.877551	0.0121141
0.632653	0.918367	0.00810304
0.632653	0.959184	0.00405963
0.632653	1	0
0.673469	-1	0.00360884
0.673469	-0.959184	0.00720376
0.673469	-0.918367	0.0107709
0.673469	-0.877551	0.0142965
0.673469	-0.836735	0.0177669
0.673469	-0.795918	0.0211686
0.673469	-0.755102	0.0244886
0.673469	-0.714286	0.0277138
0.673469	-0.673469	0.0308318
0.673469	-0.632653	0.0338302
0.673469	-0.591837	0.0366974
0.673469	-0.55102	0.0394221
0.673469	-0.510204	0.0419935
0.673469	-0.469388	0.0444014
0.673469	-0.428571	0.0466362
0.673469	-0.387755	0.0486889
0.673469	-0.346939	0.0505513
0.673469	-0.306122	0.0522158
0.673469	-0.265306	0.0536757
0.673469	-0.22449	0.0549249
0.673469	-0.183673	0.0559582
0.673469	-0.142857	0.0567714
0.673469	-0.102041	0.0573608
0.673469	-0.0612245	0.057724
0.673469	-0.0204082	0.0578591
0.673469	0.0204082	0.0577655
0.673469	0.0612245	0.0574433
0.673469	0.102041	0.0568935
0.673469	0.142857	0.0561181
0.673469	0.183673	0.0551199
0.673469	0.22449	0.0539028
0.673469	0.265306	0.0524715
0.673469	0.306122	0.0508315
0.673469	0.346939	0.0489891
0.673469	0.387755	0.0469517
0.673469	0.428571	0.0447273
0.673469	0.469388	0.0423247
0.673469	0.510204	0.0397533
0.673469	0.55102	0.0370234
0.673469	0.591837	0.0341458
0.673469	0.632653	0.031132
0.673469	0.673469	0.027994
0.673469	0.714286	0.0247443
0.673469	0.755102	0.0213958
0.673469	0.795918	0.0179619
0.673469	0.836735	0.0144563
0.673469	0.877551	0.010893
0.673469	0.918367	0.00728628
0.673469	0.959184	0.00365043
0.673469	1	0
0.714286	-1	0.0031899
0.714286	-0.959184	0.0063675
0.714286	-0.918367	0.00952054
0.714286	-0.877551	0.0126368
0.714286	-0.836735	0.0157044
0.714286	-0.795918	0.0187112
0.714286	-0.755102	0.0216458
0.714286	-0.714286	0.0244966
0.714286	-0.673469	0.0272526
0.714286	-0.632653	0.029903
0.714286	-0.591837	0.0324374
0.714286	-0.55102	0.0348457
0.714286	-0.510204	0.0371186
0.714286	-0.469388	0.039247
0.714286	-0.428571	0.0412223
0.714286	-0.387755	0.0430368
0.714286	-0.346939	0.044683
0.714286	-0.306122	0.0461543
0.714286	-0.265306	0.0474447
0.714286	-0.22449	0.0485489
0.714286	-0.183673	0.0494622
0.714286	-0.142857	0.050181
0.714286	-0.102041	0.050702
0.714286	-0.0612245	0.051023
0.714286	-0.0204082	0.0511425
0.714286	0.0204082	0.0510597
0.714286	0.0612245	0.0507749
0.714286	0.102041	0.0502889
0.714286	0.142857	0.0496035
0.714286	0.183673	0.0487213
0.714286	0.22449	0.0476455
0.714286	0.265306	0.0463803
0.714286	0.306122	0.0449306
0.714286	0.346939	0.0433022
0.714286	0.387755	0.0415013
0.714286	0.428571	0.0395351
0.714286	0.469388	0.0374113
0.714286	0.510204	0.0351385
0.714286	0.55102	0.0327255
0.714286	0.591837	0.0301819
0.714286	0.632653	0.027518
0.714286	0.673469	0.0247443
0.714286	0.714286	0.0218718
0.714286	0.755102	0.018912
0.714286	0.795918	0.0158768
0.714286	0.836735	0.0127781
0.714286	0.877551	0.00962851
0.714286	0.918367	0.00644044
0.714286	0.959184	0.00322666
0.714286	1	0
0.755102	-1	0.00275823
0.755102	-0.959184	0.00550583
0.755102	-0.918367	0.00823219
0.755102	-0.877551	0.0109268
0.755102	-0.836735	0.0135792
0.755102	-0.795918	0.0161792
0.755102	-0.755102	0.0187166
0.755102	-0.714286	0.0211817
0.755102	-0.673469	0.0235647
0.755102	-0.632653	0.0258564
0.755102	-0.591837	0.0280478
0.755102	-0.55102	0.0301303
0.755102	-0.510204	0.0320956
0.755102	-0.469388	0.0339359
0.755102	-0.428571	0.035644
0.755102	-0.387755	0.0372129
0.755102	-0.346939	0.0386363
0.755102	-0.306122	0.0399085
0.755102	-0.265306	0.0410243
0.755102	-0.22449	0.0419791
0.755102	-0.183673	0.0427688
0.755102	-0.142857	0.0433903
0.755102	-0.102041	0.0438408
0.755102	-0.0612245	0.0441184
0.755102	-0.0204082	0.0442217
0.755102	0.0204082	0.0441502
0.755102	0.0612245	0.0439039
0.755102	0.102041	0.0434837
0.755102	0.142857	0.042891
0.755102	0.183673	0.0421281
0.755102	0.22449	0.0411979
0.755102	0.265306	0.0401039
0.755102	0.306122	0.0388505
0.755102	0.346939	0.0374424
0.755102	0.387755	0.0358852
0.755102	0.428571	0.0341851
0.755102	0.469388	0.0323487
0.755102	0.510204	0.0303834
0.755102	0.55102	0.0282969
0.755102	0.591837	0.0260976
0.755102	0.632653	0.0237942
0.755102	0.673469	0.0213958
0.755102	0.714286	0.018912
0.755102	0.755102	0.0163528
0.755102	0.795918	0.0137283
0.755102	0.836735	0.011049
0.755102	0.877551	0.00832555
0.755102	0.918367	0.0055689
0.755102	0.959184	0.00279002
0.755102	1	0
0.795918	-1	0.00231556
0.795918	-0.959184	0.00462218
0.795918	-0.918367	0.00691098
0.795918	-0.877551	0.00917311
0.795918	-0.836735	0.0113998
0.795918	-0.795918	0.0135825
0.795918	-0.755102	0.0157127
0.795918	-0.714286	0.0177821
0.795918	-0.673469	0.0197827
0.795918	-0.632653	0.0217066
0.795918	-0.591837	0.0235463
0.795918	-0.55102	0.0252946
0.795918	-0.510204	0.0269445
0.795918	-0.469388	0.0284895
0.795918	-0.428571	0.0299234
0.795918	-0.387755	0.0312405
0.795918	-0.346939	0.0324355
0.795918	-0.306122	0.0335035
0.795918	-0.265306	0.0344402
0.795918	-0.22449	0.0352417
0.795918	-0.183673	0.0359047
0.795918	-0.142857	0.0364265
0.795918	-0.102041	0.0368047
0.795918	-0.0612245	0.0370377
0.795918	-0.0204082	0.0371244
0.795918	0.0204082	0.0370644
0.795918	0.0612245	0.0368576
0.795918	0.102041	0.0365048
0.795918	0.142857	0.0360073
0.795918	0.183673	0.0353668
0.795918	0.22449	0.0345859
0.795918	0.265306	0.0336675
0.795918	0.306122	0.0326152
0.795918	0.346939	0.0314331
0.795918	0.387755	0.0301259
0.795918	0.428571	0.0286986
0.795918	0.469388	0.027157
0.795918	0.510204	0.0255071
0.795918	0.55102	0.0237555
0.795918	0.591837	0.0219091
0.795918	0.632653	0.0199754
0.795918	0.673469	0.0179619
0.795918	0.714286	0.0158768
0.795918	0.755102	0.0137283
0.795918	0.795918	0.011525
0.795918	0.836735	0.00927568
0.795918	0.877551	0.00698936
0.795918	0.918367	0.00467513
0.795918	0.959184	0.00234224
0.795918	1	0
0.836735	-1	0.00186364
0.836735	-0.959184	0.00372008
0.836735	-0.918367	0.00556218
0.836735	-0.877551	0.00738282
0.836735	-0.836735	0.00917496
0.836735	-0.795918	0.0109317
0.836735	-0.755102	0.0126461
0.836735	-0.714286	0.0143117
0.836735	-0.673469	0.0159218
0.836735	-0.632653	0.0174702
0.836735	-0.591837	0.0189509
0.836735	-0.55102	0.0203579
0.836735	-0.510204	0.0216858
0.836735	-0.469388	0.0229292
0.836735	-0.428571	0.0240833
0.836735	-0.387755	0.0251434
0.836735	-0.346939	0.0261051
0.836735	-0.306122	0.0269647
0.836735	-0.265306	0.0277186
0.836735	-0.22449	0.0283637
0.836735	-0.183673	0.0288973
0.836735	-0.142857	0.0293172
0.836735	-0.102041	0.0296216
0.836735	-0.0612245	0.0298091
0.836735	-0.0204082	0.0298789
0.836735	0.0204082	0.0298306
0.836735	0.0612245	0.0296642
0.836735	0.102041	0.0293803
0.836735	0.142857	0.0289799
0.836735	0.183673	0.0284644
0.836735	0.22449	0.0278359
0.836735	0.265306	0.0270967
0.836735	0.306122	0.0262498
0.836735	0.346939	0.0252984
0.836735	0.387755	0.0242463
0.836735	0.428571	0.0230976
0.836735	0.469388	0.0218568
0.836735	0.510204	0.0205289
0.836735	0.55102	0.0191192
0.836735	0.591837	0.0176332
0.836735	0.632653	0.0160768
0.836735	0.673469	0.0144563
0.836735	0.714286	0.0127781
0.836735	0.755102	0.011049
0.836735	0.795918	0.00927568
0.836735	0.836735	0.00746537
0.836735	0.877551	0.00562526
0.836735	0.918367	0.0037627
0.836735	0.959184	0.00188511
0.836735	1	0
0.877551	-1	0.00140428
0.877551	-0.959184	0.00280313
0.877551	-0.918367	0.00419118
0.877551	-0.877551	0.00556306
0.877551	-0.836735	0.00691346
0.877551	-0.795918	0.00823716
0.877551	-0.755102	0.00952903
0.877551	-0.714286	0.010784
0.877551	-0.673469	0.0119973
0.877551	-0.632653	0.013164
0.877551	-0.591837	0.0142797
0.877551	-0.55102	0.01534
0.877551	-0.510204	0.0163406
0.877551	-0.469388	0.0172775
0.877551	-0.428571	0.0181471
0.877551	-0.387755	0.0189459
0.877551	-0.346939	0.0196706
0.877551	-0.306122	0.0203183
0.877551	-0.265306	0.0208863
0.877551	-0.22449	0.0213724
0.877551	-0.183673	0.0217745
0.877551	-0.142857	0.0220909
0.877551	-0.102041	0.0223203
0.877551	-0.0612245	0.0224616
0.877551	-0.0204082	0.0225142
0.877551	0.0204082	0.0224778
0.877551	0.0612245	0.0223524
0.877551	0.102041	0.0221385
0.877551	0.142857	0.0218367
0.877551	0.183673	0.0214483
0.877551	0.22449	0.0209747
0.877551	0.265306	0.0204178
0.877551	0.306122	0.0197796
0.877551	0.346939	0.0190627
0.877551	0.387755	0.0182699
0.877551	0.428571	0.0174043
0.877551	0.469388	0.0164694
0.877551	0.510204	0.0154688
0.877551	0.55102	0.0144066
0.877551	0.591837	0.0132868
0.877551	0.632653	0.0121141
0.877551	0.673469	0.010893
0.877551	0.714286	0.00962851
0.877551	0.755102	0.00832555
0.877551	0.795918	0.00698936
0.877551	0.836735	0.00562526
0.877551	0.877551	0.00423871
0.877551	0.918367	0.00283525
0.877551	0.959184	0.00142046
0.877551	1	0
0.918367	-1	0.00093931
0.918367	-0.959184	0.001875
0.918367	-0.918367	0.00280345
0.918367	-0.877551	0.00372109
0.918367	-0.836735	0.00462436
0.918367	-0.795918	0.00550978
0.918367	-0.755102	0.0063739
0.918367	-0.714286	0.00721336
0.918367	-0.673469	0.0080249
0.918367	-0.632653	0.00880534
0.918367	-0.591837	0.00955161
0.918367	-0.55102	0.0102608
0.918367	-0.510204	0.0109301
0.918367	-0.469388	0.0115568
0.918367	-0.428571	0.0121385
0.918367	-0.387755	0.0126728
0.918367	-0.346939	0.0131575
0.918367	-0.306122	0.0135907
0.918367	-0.265306	0.0139707
0.918367	-0.22449	0.0142959
0.918367	-0.183673	0.0145648
0.918367	-0.142857	0.0147765
0.918367	-0.102041	0.0149299
0.918367	-0.0612245	0.0150244
0.918367	-0.0204082	0.0150596
0.918367	0.0204082	0.0150352
0.918367	0.0612245	0.0149514
0.918367	0.102041	0.0148083
0.918367	0.142857	0.0146064
0.918367	0.183673	0.0143466
0.918367	0.22449	0.0140298
0.918367	0.265306	0.0136573
0.918367	0.306122	0.0132304
0.918367	0.346939	0.0127509
0.918367	0.387755	0.0122206
0.918367	0.428571	0.0116416
0.918367	0.469388	0.0110163
0.918367	0.510204	0.010347
0.918367	0.55102	0.00963645
0.918367	0.591837	0.00888748
0.918367	0.632653	0.00810304
0.918367	0.673469	0.00728628
0.918367	0.714286	0.00644044
0.918367	0.755102	0.0055689
0.918367	0.795918	0.00467513
0.918367	0.836735	0.0037627
0.918367	0.877551	0.00283525
0.918367	0.918367	0.00189648
0.918367	0.959184	0.000950134
0.918367	1	0
0.959184	-1	0.000470594
0.959184	-0.959184	0.000939373
0.959184	-0.918367	0.00140453
0.959184	-0.877551	0.00186427
0.959184	-0.836735	0.00231681
0.959184	-0.795918	0.0027604
0.959184	-0.755102	0.00319332
0.959184	-0.714286	0.00361389
0.959184	-0.673469	0.00402047
0.959184	-0.632653	0.00441147
0.959184	-0.591837	0.00478536
0.959184	-0.55102	0.00514066
0.959184	-0.510204	0.00547597
0.959184	-0.469388	0.00578996
0.959184	-0.428571	0.00608137
0.959184	-0.387755	0.00634905
0.959184	-0.346939	0.00659191
0.959184	-0.306122	0.00680897
0.959184	-0.265306	0.00699933
0.959184	-0.22449	0.00716223
0.959184	-0.183673	0.00729698
0.959184	-0.142857	0.00740301
0.959184	-0.102041	0.00747987
0.959184	-0.0612245	0.00752723
0.959184	-0.0204082	0.00754485
0.959184	0.0204082	0.00753265
0.959184	0.0612245	0.00749063
0.959184	0.102041	0.00741894
0.959184	0.142857	0.00731782
0.959184	0.183673	0.00718766
0.959184	0.22449	0.00702895
0.959184	0.265306	0.00684231
0.959184	0.306122	0.00662844
0.959184	0.346939	0.0063882
0.959184	0.387755	0.00612253
0.959184	0.428571	0.00583246
0.959184	0.469388	0.00551915
0.959184	0.510204	0.00518384
0.959184	0.55102	0.00482786
0.959184	0.591837	0.00445263
0.959184	0.632653	0.00405963
0.959184	0.673469	0.00365043
0.959184	0.714286	0.00322666
0.959184	0.755102	0.00279002
0.959184	0.795918	0.00234224
0.959184	0.836735	0.00188511
0.959184	0.877551	0.00142046
0.959184	0.918367	0.000950134
0.959184	0.959184	0.000476017
0.959184	1	0
1	-1	0
1	-0.959184	0
1	-0.918367	0
1	-0.877551	0
1	-0.836735	0
1	-0.795918	0
1	-0.755102	0
1	-0.714286	0
1	-0.673469	0
1	-0.632653	0
1	-0.591837	0
1	-0.55102	0
1	-0.510204	0
1	-0.469388	0
1	-0.428571	0
1	-0.387755	0
1	-0.346939	0
1	-0.306122	0
1	-0.265306	0
1	-0.22449	0
1	-0.183673	0
1	-0.142857	0
1	-0.102041	0
1	-0.0612245	0
1	-0.0204082	0
1	0.0204082	0
1	0.0612245	0
1	0.102041	0
1	0.142857	0
1	0.183673	0
1	0.22449	0
1	0.265306	0
1	0.306122	0
1	0.346939	0
1	0.387755	0
1	0.428571	0
1	0.469388	0
1	0.510204	0
1	0.55102	0
1	0.591837	0
1	0.632653	0
1	0.673469	0
1	0.714286	0
1	0.755102	0
1	0.795918	0
1	0.836735	0
1	0.877551	0
1	0.918367	0
1	0.959184	0
1	1	0
