-1	-1	0.000404716
-1	-0.959184	0.000807862
-1	-0.918367	0.00120787
-1	-0.877551	0.0016032
-1	-0.836735	0.0019923
-1	-0.795918	0.00237366
-1	-0.755102	0.00274581
-1	-0.714286	0.00310728
-1	-0.673469	0.00345666
-1	-0.632653	0.00379259
-1	-0.591837	0.00411374
-1	-0.55102	0.00441886
-1	-0.510204	0.00470674
-1	-0.469388	0.00497624
-1	-0.428571	0.00522628
-1	-0.387755	0.00545588
-1	-0.346939	0.00566411
-1	-0.306122	0.00585013
-1	-0.265306	0.00601319
-1	-0.22449	0.00615264
-1	-0.183673	0.00626789
-1	-0.142857	0.00635847
-1	-0.102041	0.006424
-1	-0.0612245	0.00646419
-1	-0.0204082	0.00647887
-1	0.0204082	0.00646796
-1	0.0612245	0.00643146
-1	0.102041	0.00636952
-1	0.142857	0.00628235
-1	0.183673	0.00617029
-1	0.22449	0.00603375
-1	0.265306	0.00587327
-1	0.306122	0.00568946
-1	0.346939	0.00548305
-1	0.387755	0.00525484
-1	0.428571	0.00500573
-1	0.469388	0.00473671
-1	0.510204	0.00444883
-1	0.55102	0.00414324
-1	0.591837	0.00382115
-1	0.632653	0.00348383
-1	0.673469	0.00313263
-1	0.714286	0.00276895
-1	0.755102	0.00239422
-1	0.795918	0.00200995
-1	0.836735	0.00161766
-1	0.877551	0.00121893
-1	0.918367	0.00081533
-1	0.959184	0.000408479
-1	1	0
-0.959184	-1	0.000807862
-0.959184	-0.959184	0.00161259
-0.959184	-0.918367	0.00241106
-0.959184	-0.877551	0.00320018
-0.959184	-0.836735	0.00397687
-0.959184	-0.795918	0.00473812
-0.959184	-0.755102	0.00548096
-0.959184	-0.714286	0.0062025
-0.959184	-0.673469	0.00689991
-0.959184	-0.632653	0.00757047
-0.959184	-0.591837	0.00821153
-0.959184	-0.55102	0.00882058
-0.959184	-0.510204	0.00939522
-0.959184	-0.469388	0.00993317
-0.959184	-0.428571	0.0104323
-0.959184	-0.387755	0.0108906
-0.959184	-0.346939	0.0113062
-0.959184	-0.306122	0.0116776
-0.959184	-0.265306	0.0120031
-0.959184	-0.22449	0.0122814
-0.959184	-0.183673	0.0125115
-0.959184	-0.142857	0.0126923
-0.959184	-0.102041	0.0128231
-0.959184	-0.0612245	0.0129033
-0.959184	-0.0204082	0.0129326
-0.959184	0.0204082	0.0129108
-0.959184	0.0612245	0.012838
-0.959184	0.102041	0.0127143
-0.959184	0.142857	0.0125403
-0.959184	0.183673	0.0123166
-0.959184	0.22449	0.0120441
-0.959184	0.265306	0.0117237
-0.959184	0.306122	0.0113568
-0.959184	0.346939	0.0109448
-0.959184	0.387755	0.0104893
-0.959184	0.428571	0.00999205
-0.959184	0.469388	0.00945505
-0.959184	0.510204	0.00888041
-0.959184	0.55102	0.00827041
-0.959184	0.591837	0.00762747
-0.959184	0.632653	0.00695415
-0.959184	0.673469	0.00625311
-0.959184	0.714286	0.00552715
-0.959184	0.755102	0.00477915
-0.959184	0.795918	0.0040121
-0.959184	0.836735	0.00322905
-0.959184	0.877551	0.00243313
-0.959184	0.918367	0.0016275
-0.959184	0.959184	0.000815374
-0.959184	1	0
-0.918367	-1	0.00120787
-0.918367	-0.959184	0.00241106
-0.918367	-0.918367	0.0036049
-0.918367	-0.877551	0.00478474
-0.918367	-0.836735	0.00594601
-0.918367	-0.795918	0.0070842
-0.918367	-0.755102	0.00819486
-0.918367	-0.714286	0.00927366
-0.918367	-0.673469	0.0103164
-0.918367	-0.632653	0.011319
-0.918367	-0.591837	0.0122775
-0.918367	-0.55102	0.0131881
-0.918367	-0.510204	0.0140473
-0.918367	-0.469388	0.0148516
-0.918367	-0.428571	0.0155978
-0.918367	-0.387755	0.0162831
-0.918367	-0.346939	0.0169045
-0.918367	-0.306122	0.0174597
-0.918367	-0.265306	0.0179464
-0.918367	-0.22449	0.0183625
-0.918367	-0.183673	0.0187065
-0.918367	-0.142857	0.0189768
-0.918367	-0.102041	0.0191724
-0.918367	-0.0612245	0.0192924
-0.918367	-0.0204082	0.0193362
-0.918367	0.0204082	0.0193036
-0.918367	0.0612245	0.0191947
-0.918367	0.102041	0.0190098
-0.918367	0.142857	0.0187497
-0.918367	0.183673	0.0184152
-0.918367	0.22449	0.0180077
-0.918367	0.265306	0.0175287
-0.918367	0.306122	0.0169802
-0.918367	0.346939	0.0163641
-0.918367	0.387755	0.0156831
-0.918367	0.428571	0.0149396
-0.918367	0.469388	0.0141367
-0.918367	0.510204	0.0132775
-0.918367	0.55102	0.0123655
-0.918367	0.591837	0.0114042
-0.918367	0.632653	0.0103975
-0.918367	0.673469	0.00934933
-0.918367	0.714286	0.00826391
-0.918367	0.755102	0.00714555
-0.918367	0.795918	0.00599869
-0.918367	0.836735	0.00482792
-0.918367	0.877551	0.00363789
-0.918367	0.918367	0.00243335
-0.918367	0.959184	0.00121911
-0.918367	1	0
-0.877551	-1	0.0016032
-0.877551	-0.959184	0.00320018
-0.877551	-0.918367	0.00478474
-0.877551	-0.877551	0.00635074
-0.877551	-0.836735	0.00789208
-0.877551	-0.795918	0.00940278
-0.877551	-0.755102	0.0108769
-0.877551	-0.714286	0.0123088
-0.877551	-0.673469	0.0136928
-0.877551	-0.632653	0.0150236
-0.877551	-0.591837	0.0162957
-0.877551	-0.55102	0.0175044
-0.877551	-0.510204	0.0186448
-0.877551	-0.469388	0.0197123
-0.877551	-0.428571	0.0207028
-0.877551	-0.387755	0.0216123
-0.877551	-0.346939	0.0224372
-0.877551	-0.306122	0.0231741
-0.877551	-0.265306	0.02382
-0.877551	-0.22449	0.0243724
-0.877551	-0.183673	0.0248289
-0.877551	-0.142857	0.0251878
-0.877551	-0.102041	0.0254473
-0.877551	-0.0612245	0.0256066
-0.877551	-0.0204082	0.0256647
-0.877551	0.0204082	0.0256215
-0.877551	0.0612245	0.0254769
-0.877551	0.102041	0.0252315
-0.877551	0.142857	0.0248862
-0.877551	0.183673	0.0244423
-0.877551	0.22449	0.0239014
-0.877551	0.265306	0.0232657
-0.877551	0.306122	0.0225376
-0.877551	0.346939	0.02172
-0.877551	0.387755	0.020816
-0.877551	0.428571	0.0198292
-0.877551	0.469388	0.0187635
-0.877551	0.510204	0.0176231
-0.877551	0.55102	0.0164126
-0.877551	0.591837	0.0151367
-0.877551	0.632653	0.0138005
-0.877551	0.673469	0.0124093
-0.877551	0.714286	0.0109686
-0.877551	0.755102	0.00948421
-0.877551	0.795918	0.007962
-0.877551	0.836735	0.00640804
-0.877551	0.877551	0.00482853
-0.877551	0.918367	0.00322976
-0.877551	0.959184	0.00161811
-0.877551	1	0
-0.836735	-1	0.0019923
-0.836735	-0.959184	0.00397687
-0.836735	-0.918367	0.00594601
-0.836735	-0.877551	0.00789208
-0.836735	-0.836735	0.00980752
-0.836735	-0.795918	0.0116849
-0.836735	-0.755102	0.0135168
-0.836735	-0.714286	0.0152962
-0.836735	-0.673469	0.0170161
-0.836735	-0.632653	0.0186698
-0.836735	-0.591837	0.0202508
-0.836735	-0.55102	0.0217528
-0.836735	-0.510204	0.0231699
-0.836735	-0.469388	0.0244966
-0.836735	-0.428571	0.0257275
-0.836735	-0.387755	0.0268577
-0.836735	-0.346939	0.0278828
-0.836735	-0.306122	0.0287985
-0.836735	-0.265306	0.0296012
-0.836735	-0.22449	0.0302877
-0.836735	-0.183673	0.030855
-0.836735	-0.142857	0.0313009
-0.836735	-0.102041	0.0316235
-0.836735	-0.0612245	0.0318214
-0.836735	-0.0204082	0.0318936
-0.836735	0.0204082	0.0318399
-0.836735	0.0612245	0.0316602
-0.836735	0.102041	0.0313553
-0.836735	0.142857	0.0309262
-0.836735	0.183673	0.0303745
-0.836735	0.22449	0.0297024
-0.836735	0.265306	0.0289124
-0.836735	0.306122	0.0280076
-0.836735	0.346939	0.0269915
-0.836735	0.387755	0.0258681
-0.836735	0.428571	0.0246418
-0.836735	0.469388	0.0233175
-0.836735	0.510204	0.0219003
-0.836735	0.55102	0.020396
-0.836735	0.591837	0.0188104
-0.836735	0.632653	0.0171499
-0.836735	0.673469	0.015421
-0.836735	0.714286	0.0136307
-0.836735	0.755102	0.0117861
-0.836735	0.795918	0.0098944
-0.836735	0.836735	0.0079633
-0.836735	0.877551	0.00600043
-0.836735	0.918367	0.00401363
-0.836735	0.959184	0.00201083
-0.836735	1	0
-0.795918	-1	0.00237366
-0.795918	-0.959184	0.00473812
-0.795918	-0.918367	0.0070842
-0.795918	-0.877551	0.00940278
-0.795918	-0.836735	0.0116849
-0.795918	-0.795918	0.0139216
-0.795918	-0.755102	0.0161042
-0.795918	-0.714286	0.0182242
-0.795918	-0.673469	0.0202734
-0.795918	-0.632653	0.0222436
-0.795918	-0.591837	0.0241272
-0.795918	-0.55102	0.0259167
-0.795918	-0.510204	0.0276051
-0.795918	-0.469388	0.0291857
-0.795918	-0.428571	0.0306522
-0.795918	-0.387755	0.0319988
-0.795918	-0.346939	0.0332201
-0.795918	-0.306122	0.0343111
-0.795918	-0.265306	0.0352675
-0.795918	-0.22449	0.0360853
-0.795918	-0.183673	0.0367613
-0.795918	-0.142857	0.0372925
-0.795918	-0.102041	0.0376768
-0.795918	-0.0612245	0.0379126
-0.795918	-0.0204082	0.0379987
-0.795918	0.0204082	0.0379347
-0.795918	0.0612245	0.0377206
-0.795918	0.102041	0.0373573
-0.795918	0.142857	0.0368461
-0.795918	0.183673	0.0361888
-0.795918	0.22449	0.035388
-0.795918	0.265306	0.0344468
-0.795918	0.306122	0.0333688
-0.795918	0.346939	0.0321582
-0.795918	0.387755	0.0308197
-0.795918	0.428571	0.0293587
-0.795918	0.469388	0.0277809
-0.795918	0.510204	0.0260925
-0.795918	0.55102	0.0243002
-0.795918	0.591837	0.0224111
-0.795918	0.632653	0.0204327
-0.795918	0.673469	0.0183729
-0.795918	0.714286	0.0162399
-0.795918	0.755102	0.0140421
-0.795918	0.795918	0.0117884
-0.795918	0.836735	0.00948763
-0.795918	0.877551	0.00714903
-0.795918	0.918367	0.00478192
-0.795918	0.959184	0.00239574
-0.795918	1	0
-0.755102	-1	0.00274581
-0.755102	-0.959184	0.00548096
-0.755102	-0.918367	0.00819486
-0.755102	-0.877551	0.0108769
-0.755102	-0.836735	0.0135168
-0.755102	-0.795918	0.0161042
-0.755102	-0.755102	0.018629
-0.755102	-0.714286	0.0210814
-0.755102	-0.673469	0.0234518
-0.755102	-0.632653	0.0257309
-0.755102	-0.591837	0.0279098
-0.755102	-0.55102	0.0299799
-0.755102	-0.510204	0.031933
-0.755102	-0.469388	0.0337614
-0.755102	-0.428571	0.0354579
-0.755102	-0.387755	0.0370156
-0.755102	-0.346939	0.0384283
-0.755102	-0.306122	0.0396904
-0.755102	-0.265306	0.0407967
-0.755102	-0.22449	0.0417428
-0.755102	-0.183673	0.0425247
-0.755102	-0.142857	0.0431392
-0.755102	-0.102041	0.0435838
-0.755102	-0.0612245	0.0438565
-0.755102	-0.0204082	0.0439561
-0.755102	0.0204082	0.043882
-0.755102	0.0612245	0.0436345
-0.755102	0.102041	0.0432142
-0.755102	0.142857	0.0426228
-0.755102	0.183673	0.0418625
-0.755102	0.22449	0.0409362
-0.755102	0.265306	0.0398474
-0.755102	0.306122	0.0386003
-0.755102	0.346939	0.0371999
-0.755102	0.387755	0.0356516
-0.755102	0.428571	0.0339616
-0.755102	0.469388	0.0321364
-0.755102	0.510204	0.0301832
-0.755102	0.55102	0.02811
-0.755102	0.591837	0.0259247
-0.755102	0.632653	0.0236362
-0.755102	0.673469	0.0212534
-0.755102	0.714286	0.018786
-0.755102	0.755102	0.0162437
-0.755102	0.795918	0.0136366
-0.755102	0.836735	0.0109751
-0.755102	0.877551	0.00826985
-0.755102	0.918367	0.00553163
-0.755102	0.959184	0.00277134
-0.755102	1	0
-0.714286	-1	0.00310728
-0.714286	-0.959184	0.0062025
-0.714286	-0.918367	0.00927366
-0.714286	-0.877551	0.0123088
-0.714286	-0.836735	0.0152962
-0.714286	-0.795918	0.0182242
-0.714286	-0.755102	0.0210814
-0.714286	-0.714286	0.0238567
-0.714286	-0.673469	0.0265391
-0.714286	-0.632653	0.0291183
-0.714286	-0.591837	0.031584
-0.714286	-0.55102	0.0339266
-0.714286	-0.510204	0.0361368
-0.714286	-0.469388	0.0382059
-0.714286	-0.428571	0.0401257
-0.714286	-0.387755	0.0418885
-0.714286	-0.346939	0.0434872
-0.714286	-0.306122	0.0449154
-0.714286	-0.265306	0.0461673
-0.714286	-0.22449	0.0472379
-0.714286	-0.183673	0.0481228
-0.714286	-0.142857	0.0488183
-0.714286	-0.102041	0.0493214
-0.714286	-0.0612245	0.04963
-0.714286	-0.0204082	0.0497427
-0.714286	0.0204082	0.0496589
-0.714286	0.0612245	0.0493787
-0.714286	0.102041	0.0489031
-0.714286	0.142857	0.0482339
-0.714286	0.183673	0.0473735
-0.714286	0.22449	0.0463252
-0.714286	0.265306	0.045093
-0.714286	0.306122	0.0436818
-0.714286	0.346939	0.0420971
-0.714286	0.387755	0.040345
-0.714286	0.428571	0.0384324
-0.714286	0.469388	0.0363669
-0.714286	0.510204	0.0341567
-0.714286	0.55102	0.0318105
-0.714286	0.591837	0.0293375
-0.714286	0.632653	0.0267477
-0.714286	0.673469	0.0240513
-0.714286	0.714286	0.0212591
-0.714286	0.755102	0.018382
-0.714286	0.795918	0.0154317
-0.714286	0.836735	0.0124199
-0.714286	0.877551	0.00935853
-0.714286	0.918367	0.00625984
-0.714286	0.959184	0.00313617
-0.714286	1	0
-0.673469	-1	0.00345666
-0.673469	-0.959184	0.00689991
-0.673469	-0.918367	0.0103164
-0.673469	-0.877551	0.0136928
-0.673469	-0.836735	0.0170161
-0.673469	-0.795918	0.0202734
-0.673469	-0.755102	0.0234518
-0.673469	-0.714286	0.0265391
-0.673469	-0.673469	0.0295232
-0.673469	-0.632653	0.0323923
-0.673469	-0.591837	0.0351353
-0.673469	-0.55102	0.0377413
-0.673469	-0.510204	0.0402001
-0.673469	-0.469388	0.0425018
-0.673469	-0.428571	0.0446374
-0.673469	-0.387755	0.0465984
-0.673469	-0.346939	0.0483769
-0.673469	-0.306122	0.0499657
-0.673469	-0.265306	0.0513584
-0.673469	-0.22449	0.0525494
-0.673469	-0.183673	0.0535337
-0.673469	-0.142857	0.0543074
-0.673469	-0.102041	0.0548671
-0.673469	-0.0612245	0.0552104
-0.673469	-0.0204082	0.0553358
-0.673469	0.0204082	0.0552425
-0.673469	0.0612245	0.0549309
-0.673469	0.102041	0.0544018
-0.673469	0.142857	0.0536573
-0.673469	0.183673	0.0527002
-0.673469	0.22449	0.051534
-0.673469	0.265306	0.0501633
-0.673469	0.306122	0.0485934
-0.673469	0.346939	0.0468305
-0.673469	0.387755	0.0448814
-0.673469	0.428571	0.0427537
-0.673469	0.469388	0.040456
-0.673469	0.510204	0.0379973
-0.673469	0.55102	0.0353872
-0.673469	0.591837	0.0326363
-0.673469	0.632653	0.0297552
-0.673469	0.673469	0.0267557
-0.673469	0.714286	0.0236494
-0.673469	0.755102	0.0204489
-0.673469	0.795918	0.0171669
-0.673469	0.836735	0.0138164
-0.673469	0.877551	0.0104108
-0.673469	0.918367	0.00696369
-0.673469	0.959184	0.0034888
-0.673469	1	0
-0.632653	-1	0.00379259
-0.632653	-0.959184	0.00757047
-0.632653	-0.918367	0.011319
-0.632653	-0.877551	0.0150236
-0.632653	-0.836735	0.0186698
-0.632653	-0.795918	0.0222436
-0.632653	-0.755102	0.0257309
-0.632653	-0.714286	0.0291183
-0.632653	-0.673469	0.0323923
-0.632653	-0.632653	0.0355403
-0.632653	-0.591837	0.0385499
-0.632653	-0.55102	0.0414091
-0.632653	-0.510204	0.0441068
-0.632653	-0.469388	0.0466323
-0.632653	-0.428571	0.0489754
-0.632653	-0.387755	0.051127
-0.632653	-0.346939	0.0530783
-0.632653	-0.306122	0.0548215
-0.632653	-0.265306	0.0563496
-0.632653	-0.22449	0.0576563
-0.632653	-0.183673	0.0587363
-0.632653	-0.142857	0.0595851
-0.632653	-0.102041	0.0601992
-0.632653	-0.0612245	0.0605759
-0.632653	-0.0204082	0.0607135
-0.632653	0.0204082	0.0606112
-0.632653	0.0612245	0.0602692
-0.632653	0.102041	0.0596887
-0.632653	0.142857	0.0588719
-0.632653	0.183673	0.0578217
-0.632653	0.22449	0.0565422
-0.632653	0.265306	0.0550383
-0.632653	0.306122	0.0533159
-0.632653	0.346939	0.0513816
-0.632653	0.387755	0.0492431
-0.632653	0.428571	0.0469087
-0.632653	0.469388	0.0443877
-0.632653	0.510204	0.04169
-0.632653	0.55102	0.0388263
-0.632653	0.591837	0.0358079
-0.632653	0.632653	0.032647
-0.632653	0.673469	0.0293559
-0.632653	0.714286	0.0259478
-0.632653	0.755102	0.0224362
-0.632653	0.795918	0.0188352
-0.632653	0.836735	0.0151591
-0.632653	0.877551	0.0114226
-0.632653	0.918367	0.00764045
-0.632653	0.959184	0.00382786
-0.632653	1	0
-0.591837	-1	0.00411374
-0.591837	-0.959184	0.00821153
-0.591837	-0.918367	0.0122775
-0.591837	-0.877551	0.0162957
-0.591837	-0.836735	0.0202508
-0.591837	-0.795918	0.0241272
-0.591837	-0.755102	0.0279098
-0.591837	-0.714286	0.031584
-0.591837	-0.673469	0.0351353
-0.591837	-0.632653	0.0385499
-0.591837	-0.591837	0.0418143
-0.591837	-0.55102	0.0449156
-0.591837	-0.510204	0.0478418
-0.591837	-0.469388	0.0505811
-0.591837	-0.428571	0.0531227
-0.591837	-0.387755	0.0554564
-0.591837	-0.346939	0.0575729
-0.591837	-0.306122	0.0594638
-0.591837	-0.265306	0.0611213
-0.591837	-0.22449	0.0625386
-0.591837	-0.183673	0.0637101
-0.591837	-0.142857	0.0646308
-0.591837	-0.102041	0.0652969
-0.591837	-0.0612245	0.0657054
-0.591837	-0.0204082	0.0658547
-0.591837	0.0204082	0.0657437
-0.591837	0.0612245	0.0653728
-0.591837	0.102041	0.0647432
-0.591837	0.142857	0.0638571
-0.591837	0.183673	0.062718
-0.591837	0.22449	0.0613302
-0.591837	0.265306	0.059699
-0.591837	0.306122	0.0578307
-0.591837	0.346939	0.0557326
-0.591837	0.387755	0.053413
-0.591837	0.428571	0.0508809
-0.591837	0.469388	0.0481464
-0.591837	0.510204	0.0452203
-0.591837	0.55102	0.0421141
-0.591837	0.591837	0.0388402
-0.591837	0.632653	0.0354115
-0.591837	0.673469	0.0318417
-0.591837	0.714286	0.028145
-0.591837	0.755102	0.0243361
-0.591837	0.795918	0.0204302
-0.591837	0.836735	0.0164428
-0.591837	0.877551	0.0123898
-0.591837	0.918367	0.00828744
-0.591837	0.959184	0.004152
-0.591837	1	0
-0.55102	-1	0.00441886
-0.55102	-0.959184	0.00882058
-0.55102	-0.918367	0.0131881
-0.55102	-0.877551	0.0175044
-0.55102	-0.836735	0.0217528
-0.55102	-0.795918	0.0259167
-0.55102	-0.755102	0.0299799
-0.55102	-0.714286	0.0339266
-0.55102	-0.673469	0.0377413
-0.55102	-0.632653	0.0414091
-0.55102	-0.591837	0.0449156
-0.55102	-0.55102	0.0482471
-0.55102	-0.510204	0.0513902
-0.55102	-0.469388	0.0543327
-0.55102	-0.428571	0.0570628
-0.55102	-0.387755	0.0595696
-0.55102	-0.346939	0.0618432
-0.55102	-0.306122	0.0638742
-0.55102	-0.265306	0.0656546
-0.55102	-0.22449	0.0671772
-0.55102	-0.183673	0.0684355
-0.55102	-0.142857	0.0694245
-0.55102	-0.102041	0.07014
-0.55102	-0.0612245	0.0705788
-0.55102	-0.0204082	0.0707391
-0.55102	0.0204082	0.0706199
-0.55102	0.0612245	0.0702215
-0.55102	0.102041	0.0695452
-0.55102	0.142857	0.0685935
-0.55102	0.183673	0.0673699
-0.55102	0.22449	0.0658791
-0.55102	0.265306	0.0641269
-0.55102	0.306122	0.06212
-0.55102	0.346939	0.0598663
-0.55102	0.387755	0.0573746
-0.55102	0.428571	0.0546548
-0.55102	0.469388	0.0517174
-0.55102	0.510204	0.0485743
-0.55102	0.55102	0.0452377
-0.55102	0.591837	0.0417209
-0.55102	0.632653	0.038038
-0.55102	0.673469	0.0342034
-0.55102	0.714286	0.0302325
-0.55102	0.755102	0.0261411
-0.55102	0.795918	0.0219455
-0.55102	0.836735	0.0176624
-0.55102	0.877551	0.0133088
-0.55102	0.918367	0.00890212
-0.55102	0.959184	0.00445996
-0.55102	1	0
-0.510204	-1	0.00470674
-0.510204	-0.959184	0.00939522
-0.510204	-0.918367	0.0140473
-0.510204	-0.877551	0.0186448
-0.510204	-0.836735	0.0231699
-0.510204	-0.795918	0.0276051
-0.510204	-0.755102	0.031933
-0.510204	-0.714286	0.0361368
-0.510204	-0.673469	0.0402001
-0.510204	-0.632653	0.0441068
-0.510204	-0.591837	0.0478418
-0.510204	-0.55102	0.0513902
-0.510204	-0.510204	0.0547382
-0.510204	-0.469388	0.0578723
-0.510204	-0.428571	0.0607803
-0.510204	-0.387755	0.0634504
-0.510204	-0.346939	0.0658721
-0.510204	-0.306122	0.0680355
-0.510204	-0.265306	0.0699319
-0.510204	-0.22449	0.0715536
-0.510204	-0.183673	0.0728939
-0.510204	-0.142857	0.0739473
-0.510204	-0.102041	0.0747094
-0.510204	-0.0612245	0.0751769
-0.510204	-0.0204082	0.0753476
-0.510204	0.0204082	0.0752206
-0.510204	0.0612245	0.0747963
-0.510204	0.102041	0.0740759
-0.510204	0.142857	0.0730621
-0.510204	0.183673	0.0717588
-0.510204	0.22449	0.0701709
-0.510204	0.265306	0.0683045
-0.510204	0.306122	0.0661669
-0.510204	0.346939	0.0637664
-0.510204	0.387755	0.0611124
-0.510204	0.428571	0.0582154
-0.510204	0.469388	0.0550867
-0.510204	0.510204	0.0517388
-0.510204	0.55102	0.0481848
-0.510204	0.591837	0.044439
-0.510204	0.632653	0.040516
-0.510204	0.673469	0.0364317
-0.510204	0.714286	0.0322021
-0.510204	0.755102	0.0278442
-0.510204	0.795918	0.0233752
-0.510204	0.836735	0.018813
-0.510204	0.877551	0.0141758
-0.510204	0.918367	0.00948207
-0.510204	0.959184	0.00475051
-0.510204	1	0
-0.469388	-1	0.00497624
-0.469388	-0.959184	0.00993317
-0.469388	-0.918367	0.0148516
-0.469388	-0.877551	0.0197123
-0.469388	-0.836735	0.0244966
-0.469388	-0.795918	0.0291857
-0.469388	-0.755102	0.0337614
-0.469388	-0.714286	0.0382059
-0.469388	-0.673469	0.0425018
-0.469388	-0.632653	0.0466323
-0.469388	-0.591837	0.0505811
-0.469388	-0.55102	0.0543327
-0.469388	-0.510204	0.0578723
-0.469388	-0.469388	0.061186
-0.469388	-0.428571	0.0642604
-0.469388	-0.387755	0.0670834
-0.469388	-0.346939	0.0696437
-0.469388	-0.306122	0.071931
-0.469388	-0.265306	0.073936
-0.469388	-0.22449	0.0756505
-0.469388	-0.183673	0.0770676
-0.469388	-0.142857	0.0781814
-0.469388	-0.102041	0.0789871
-0.469388	-0.0612245	0.0794813
-0.469388	-0.0204082	0.0796618
-0.469388	0.0204082	0.0795276
-0.469388	0.0612245	0.0790789
-0.469388	0.102041	0.0783173
-0.469388	0.142857	0.0772455
-0.469388	0.183673	0.0758676
-0.469388	0.22449	0.0741887
-0.469388	0.265306	0.0722155
-0.469388	0.306122	0.0699555
-0.469388	0.346939	0.0674175
-0.469388	0.387755	0.0646116
-0.469388	0.428571	0.0615486
-0.469388	0.469388	0.0582408
-0.469388	0.510204	0.0547012
-0.469388	0.55102	0.0509438
-0.469388	0.591837	0.0469834
-0.469388	0.632653	0.0428359
-0.469388	0.673469	0.0385177
-0.469388	0.714286	0.0340459
-0.469388	0.755102	0.0294384
-0.469388	0.795918	0.0247136
-0.469388	0.836735	0.0198902
-0.469388	0.877551	0.0149875
-0.469388	0.918367	0.010025
-0.469388	0.959184	0.00502251
-0.469388	1	0
-0.428571	-1	0.00522628
-0.428571	-0.959184	0.0104323
-0.428571	-0.918367	0.0155978
-0.428571	-0.877551	0.0207028
-0.428571	-0.836735	0.0257275
-0.428571	-0.795918	0.0306522
-0.428571	-0.755102	0.0354579
-0.428571	-0.714286	0.0401257
-0.428571	-0.673469	0.0446374
-0.428571	-0.632653	0.0489754
-0.428571	-0.591837	0.0531227
-0.428571	-0.55102	0.0570628
-0.428571	-0.510204	0.0607803
-0.428571	-0.469388	0.0642604
-0.428571	-0.428571	0.0674894
-0.428571	-0.387755	0.0704542
-0.428571	-0.346939	0.0731432
-0.428571	-0.306122	0.0755454
-0.428571	-0.265306	0.0776511
-0.428571	-0.22449	0.0794518
-0.428571	-0.183673	0.0809401
-0.428571	-0.142857	0.0821098
-0.428571	-0.102041	0.082956
-0.428571	-0.0612245	0.0834751
-0.428571	-0.0204082	0.0836646
-0.428571	0.0204082	0.0835237
-0.428571	0.0612245	0.0830524
-0.428571	0.102041	0.0822525
-0.428571	0.142857	0.0811269
-0.428571	0.183673	0.0796797
-0.428571	0.22449	0.0779166
-0.428571	0.265306	0.0758442
-0.428571	0.306122	0.0734706
-0.428571	0.346939	0.0708051
-0.428571	0.387755	0.0678582
-0.428571	0.428571	0.0646413
-0.428571	0.469388	0.0611673
-0.428571	0.510204	0.0574498
-0.428571	0.55102	0.0535036
-0.428571	0.591837	0.0493442
-0.428571	0.632653	0.0449883
-0.428571	0.673469	0.0404531
-0.428571	0.714286	0.0357567
-0.428571	0.755102	0.0309177
-0.428571	0.795918	0.0259554
-0.428571	0.836735	0.0208896
-0.428571	0.877551	0.0157406
-0.428571	0.918367	0.0105287
-0.428571	0.959184	0.00527488
-0.428571	1	0
-0.387755	-1	0.00545588
-0.387755	-0.959184	0.0108906
-0.387755	-0.918367	0.0162831
-0.387755	-0.877551	0.0216123
-0.387755	-0.836735	0.0268577
-0.387755	-0.795918	0.0319988
-0.387755	-0.755102	0.0370156
-0.387755	-0.714286	0.0418885
-0.387755	-0.673469	0.0465984
-0.387755	-0.632653	0.051127
-0.387755	-0.591837	0.0554564
-0.387755	-0.55102	0.0595696
-0.387755	-0.510204	0.0634504
-0.387755	-0.469388	0.0670834
-0.387755	-0.428571	0.0704542
-0.387755	-0.387755	0.0735494
-0.387755	-0.346939	0.0763564
-0.387755	-0.306122	0.0788642
-0.387755	-0.265306	0.0810624
-0.387755	-0.22449	0.0829422
-0.387755	-0.183673	0.0844959
-0.387755	-0.142857	0.085717
-0.387755	-0.102041	0.0866003
-0.387755	-0.0612245	0.0871422
-0.387755	-0.0204082	0.0873401
-0.387755	0.0204082	0.0871929
-0.387755	0.0612245	0.086701
-0.387755	0.102041	0.085866
-0.387755	0.142857	0.0846909
-0.387755	0.183673	0.0831802
-0.387755	0.22449	0.0813395
-0.387755	0.265306	0.0791761
-0.387755	0.306122	0.0766982
-0.387755	0.346939	0.0739156
-0.387755	0.387755	0.0708392
-0.387755	0.428571	0.0674811
-0.387755	0.469388	0.0638544
-0.387755	0.510204	0.0599736
-0.387755	0.55102	0.055854
-0.387755	0.591837	0.051512
-0.387755	0.632653	0.0469647
-0.387755	0.673469	0.0422302
-0.387755	0.714286	0.0373275
-0.387755	0.755102	0.0322759
-0.387755	0.795918	0.0270957
-0.387755	0.836735	0.0218073
-0.387755	0.877551	0.0164321
-0.387755	0.918367	0.0109913
-0.387755	0.959184	0.00550661
-0.387755	1	0
-0.346939	-1	0.00566411
-0.346939	-0.959184	0.0113062
-0.346939	-0.918367	0.0169045
-0.346939	-0.877551	0.0224372
-0.346939	-0.836735	0.0278828
-0.346939	-0.795918	0.0332201
-0.346939	-0.755102	0.0384283
-0.346939	-0.714286	0.0434872
-0.346939	-0.673469	0.0483769
-0.346939	-0.632653	0.0530783
-0.346939	-0.591837	0.0575729
-0.346939	-0.55102	0.0618432
-0.346939	-0.510204	0.0658721
-0.346939	-0.469388	0.0696437
-0.346939	-0.428571	0.0731432
-0.346939	-0.387755	0.0763564
-0.346939	-0.346939	0.0792706
-0.346939	-0.306122	0.0818741
-0.346939	-0.265306	0.0841562
-0.346939	-0.22449	0.0861078
-0.346939	-0.183673	0.0877207
-0.346939	-0.142857	0.0889884
-0.346939	-0.102041	0.0899055
-0.346939	-0.0612245	0.0904681
-0.346939	-0.0204082	0.0906735
-0.346939	0.0204082	0.0905207
-0.346939	0.0612245	0.09001
-0.346939	0.102041	0.0891431
-0.346939	0.142857	0.0879232
-0.346939	0.183673	0.0863548
-0.346939	0.22449	0.0844439
-0.346939	0.265306	0.0821979
-0.346939	0.306122	0.0796255
-0.346939	0.346939	0.0767367
-0.346939	0.387755	0.0735429
-0.346939	0.428571	0.0700566
-0.346939	0.469388	0.0662915
-0.346939	0.510204	0.0622626
-0.346939	0.55102	0.0579858
-0.346939	0.591837	0.053478
-0.346939	0.632653	0.0487571
-0.346939	0.673469	0.043842
-0.346939	0.714286	0.0387521
-0.346939	0.755102	0.0335077
-0.346939	0.795918	0.0281298
-0.346939	0.836735	0.0226396
-0.346939	0.877551	0.0170592
-0.346939	0.918367	0.0114108
-0.346939	0.959184	0.00571678
-0.346939	1	0
-0.306122	-1	0.00585013
-0.306122	-0.959184	0.0116776
-0.306122	-0.918367	0.0174597
-0.306122	-0.877551	0.0231741
-0.306122	-0.836735	0.0287985
-0.306122	-0.795918	0.0343111
-0.306122	-0.755102	0.0396904
-0.306122	-0.714286	0.0449154
-0.306122	-0.673469	0.0499657
-0.306122	-0.632653	0.0548215
-0.306122	-0.591837	0.0594638
-0.306122	-0.55102	0.0638742
-0.306122	-0.510204	0.0680355
-0.306122	-0.469388	0.071931
-0.306122	-0.428571	0.0755454
-0.306122	-0.387755	0.0788642
-0.306122	-0.346939	0.0818741
-0.306122	-0.306122	0.084563
-0.306122	-0.265306	0.0869201
-0.306122	-0.22449	0.0889358
-0.306122	-0.183673	0.0906017
-0.306122	-0.142857	0.091911
-0.306122	-0.102041	0.0928582
-0.306122	-0.0612245	0.0934393
-0.306122	-0.0204082	0.0936514
-0.306122	0.0204082	0.0934937
-0.306122	0.0612245	0.0929662
-0.306122	0.102041	0.0920708
-0.306122	0.142857	0.0908108
-0.306122	0.183673	0.0891909
-0.306122	0.22449	0.0872172
-0.306122	0.265306	0.0848975
-0.306122	0.306122	0.0822406
-0.306122	0.346939	0.0792569
-0.306122	0.387755	0.0759582
-0.306122	0.428571	0.0723574
-0.306122	0.469388	0.0684687
-0.306122	0.510204	0.0643074
-0.306122	0.55102	0.0598901
-0.306122	0.591837	0.0552343
-0.306122	0.632653	0.0503584
-0.306122	0.673469	0.0452819
-0.306122	0.714286	0.0400248
-0.306122	0.755102	0.0346082
-0.306122	0.795918	0.0290536
-0.306122	0.836735	0.0233832
-0.306122	0.877551	0.0176195
-0.306122	0.918367	0.0117855
-0.306122	0.959184	0.00590453
-0.306122	1	0
-0.265306	-1	0.00601319
-0.265306	-0.959184	0.0120031
-0.265306	-0.918367	0.0179464
-0.265306	-0.877551	0.02382
-0.265306	-0.836735	0.0296012
-0.265306	-0.795918	0.0352675
-0.265306	-0.755102	0.0407967
-0.265306	-0.714286	0.0461673
-0.265306	-0.673469	0.0513584
-0.265306	-0.632653	0.0563496
-0.265306	-0.591837	0.0611213
-0.265306	-0.55102	0.0656546
-0.265306	-0.510204	0.0699319
-0.265306	-0.469388	0.073936
-0.265306	-0.428571	0.0776511
-0.265306	-0.387755	0.0810624
-0.265306	-0.346939	0.0841562
-0.265306	-0.306122	0.0869201
-0.265306	-0.265306	0.0893429
-0.265306	-0.22449	0.0914147
-0.265306	-0.183673	0.0931271
-0.265306	-0.142857	0.0944729
-0.265306	-0.102041	0.0954465
-0.265306	-0.0612245	0.0960438
-0.265306	-0.0204082	0.0962619
-0.265306	0.0204082	0.0960997
-0.265306	0.0612245	0.0955575
-0.265306	0.102041	0.0946372
-0.265306	0.142857	0.093342
-0.265306	0.183673	0.091677
-0.265306	0.22449	0.0896483
-0.265306	0.265306	0.0872639
-0.265306	0.306122	0.0845329
-0.265306	0.346939	0.0814661
-0.265306	0.387755	0.0780754
-0.265306	0.428571	0.0743742
-0.265306	0.469388	0.0703771
-0.265306	0.510204	0.0660999
-0.265306	0.55102	0.0615595
-0.265306	0.591837	0.0567739
-0.265306	0.632653	0.0517621
-0.265306	0.673469	0.046544
-0.265306	0.714286	0.0411405
-0.265306	0.755102	0.0355729
-0.265306	0.795918	0.0298635
-0.265306	0.836735	0.024035
-0.265306	0.877551	0.0181106
-0.265306	0.918367	0.012114
-0.265306	0.959184	0.00606911
-0.265306	1	0
-0.22449	-1	0.00615264
-0.22449	-0.959184	0.0122814
-0.22449	-0.918367	0.0183625
-0.22449	-0.877551	0.0243724
-0.22449	-0.836735	0.0302877
-0.22449	-0.795918	0.0360853
-0.22449	-0.755102	0.0417428
-0.22449	-0.714286	0.0472379
-0.22449	-0.673469	0.0525494
-0.22449	-0.632653	0.0576563
-0.22449	-0.591837	0.0625386
-0.22449	-0.55102	0.0671772
-0.22449	-0.510204	0.0715536
-0.22449	-0.469388	0.0756505
-0.22449	-0.428571	0.0794518
-0.22449	-0.387755	0.0829422
-0.22449	-0.346939	0.0861078
-0.22449	-0.306122	0.0889358
-0.22449	-0.265306	0.0914147
-0.22449	-0.22449	0.0935346
-0.22449	-0.183673	0.0952867
-0.22449	-0.142857	0.0966637
-0.22449	-0.102041	0.0976599
-0.22449	-0.0612245	0.098271
-0.22449	-0.0204082	0.0984941
-0.22449	0.0204082	0.0983282
-0.22449	0.0612245	0.0977734
-0.22449	0.102041	0.0968318
-0.22449	0.142857	0.0955066
-0.22449	0.183673	0.0938029
-0.22449	0.22449	0.0917272
-0.22449	0.265306	0.0892875
-0.22449	0.306122	0.0864932
-0.22449	0.346939	0.0833553
-0.22449	0.387755	0.079886
-0.22449	0.428571	0.076099
-0.22449	0.469388	0.0720092
-0.22449	0.510204	0.0676328
-0.22449	0.55102	0.062987
-0.22449	0.591837	0.0580905
-0.22449	0.632653	0.0529625
-0.22449	0.673469	0.0476234
-0.22449	0.714286	0.0420945
-0.22449	0.755102	0.0363978
-0.22449	0.795918	0.030556
-0.22449	0.836735	0.0245923
-0.22449	0.877551	0.0185306
-0.22449	0.918367	0.0123949
-0.22449	0.959184	0.00620985
-0.22449	1	0
-0.183673	-1	0.00626789
-0.183673	-0.959184	0.0125115
-0.183673	-0.918367	0.0187065
-0.183673	-0.877551	0.0248289
-0.183673	-0.836735	0.030855
-0.183673	-0.795918	0.0367613
-0.183673	-0.755102	0.0425247
-0.183673	-0.714286	0.0481228
-0.183673	-0.673469	0.0535337
-0.183673	-0.632653	0.0587363
-0.183673	-0.591837	0.0637101
-0.183673	-0.55102	0.0684355
-0.183673	-0.510204	0.0728939
-0.183673	-0.469388	0.0770676
-0.183673	-0.428571	0.0809401
-0.183673	-0.387755	0.0844959
-0.183673	-0.346939	0.0877207
-0.183673	-0.306122	0.0906017
-0.183673	-0.265306	0.0931271
-0.183673	-0.22449	0.0952867
-0.183673	-0.183673	0.0970716
-0.183673	-0.142857	0.0984744
-0.183673	-0.102041	0.0994893
-0.183673	-0.0612245	0.100112
-0.183673	-0.0204082	0.100339
-0.183673	0.0204082	0.10017
-0.183673	0.0612245	0.0996049
-0.183673	0.102041	0.0986456
-0.183673	0.142857	0.0972956
-0.183673	0.183673	0.09556
-0.183673	0.22449	0.0934455
-0.183673	0.265306	0.09096
-0.183673	0.306122	0.0881134
-0.183673	0.346939	0.0849167
-0.183673	0.387755	0.0813824
-0.183673	0.428571	0.0775244
-0.183673	0.469388	0.073358
-0.183673	0.510204	0.0688996
-0.183673	0.55102	0.0641669
-0.183673	0.591837	0.0591786
-0.183673	0.632653	0.0539545
-0.183673	0.673469	0.0485155
-0.183673	0.714286	0.042883
-0.183673	0.755102	0.0370796
-0.183673	0.795918	0.0311284
-0.183673	0.836735	0.025053
-0.183673	0.877551	0.0188777
-0.183673	0.918367	0.0126271
-0.183673	0.959184	0.00632617
-0.183673	1	0
-0.142857	-1	0.00635847
-0.142857	-0.959184	0.0126923
-0.142857	-0.918367	0.0189768
-0.142857	-0.877551	0.0251878
-0.142857	-0.836735	0.0313009
-0.142857	-0.795918	0.0372925
-0.142857	-0.755102	0.0431392
-0.142857	-0.714286	0.0488183
-0.142857	-0.673469	0.0543074
-0.142857	-0.632653	0.0595851
-0.142857	-0.591837	0.0646308
-0.142857	-0.55102	0.0694245
-0.142857	-0.510204	0.0739473
-0.142857	-0.469388	0.0781814
-0.142857	-0.428571	0.0821098
-0.142857	-0.387755	0.085717
-0.142857	-0.346939	0.0889884
-0.142857	-0.306122	0.091911
-0.142857	-0.265306	0.0944729
-0.142857	-0.22449	0.0966637
-0.142857	-0.183673	0.0984744
-0.142857	-0.142857	0.0998975
-0.142857	-0.102041	0.100927
-0.142857	-0.0612245	0.101559
-0.142857	-0.0204082	0.101789
-0.142857	0.0204082	0.101618
-0.142857	0.0612245	0.101044
-0.142857	0.102041	0.100071
-0.142857	0.142857	0.0987017
-0.142857	0.183673	0.096941
-0.142857	0.22449	0.0947959
-0.142857	0.265306	0.0922745
-0.142857	0.306122	0.0893868
-0.142857	0.346939	0.0861438
-0.142857	0.387755	0.0825585
-0.142857	0.428571	0.0786448
-0.142857	0.469388	0.0744182
-0.142857	0.510204	0.0698953
-0.142857	0.55102	0.0650942
-0.142857	0.591837	0.0600338
-0.142857	0.632653	0.0547343
-0.142857	0.673469	0.0492166
-0.142857	0.714286	0.0435027
-0.142857	0.755102	0.0376155
-0.142857	0.795918	0.0315782
-0.142857	0.836735	0.025415
-0.142857	0.877551	0.0191505
-0.142857	0.918367	0.0128096
-0.142857	0.959184	0.0064176
-0.142857	1	0
-0.102041	-1	0.006424
-0.102041	-0.959184	0.0128231
-0.102041	-0.918367	0.0191724
-0.102041	-0.877551	0.0254473
-0.102041	-0.836735	0.0316235
-0.102041	-0.795918	0.0376768
-0.102041	-0.755102	0.0435838
-0.102041	-0.714286	0.0493214
-0.102041	-0.673469	0.0548671
-0.102041	-0.632653	0.0601992
-0.102041	-0.591837	0.0652969
-0.102041	-0.55102	0.07014
-0.102041	-0.510204	0.0747094
-0.102041	-0.469388	0.0789871
-0.102041	-0.428571	0.082956
-0.102041	-0.387755	0.0866003
-0.102041	-0.346939	0.0899055
-0.102041	-0.306122	0.0928582
-0.102041	-0.265306	0.0954465
-0.102041	-0.22449	0.0976599
-0.102041	-0.183673	0.0994893
-0.102041	-0.142857	0.100927
-0.102041	-0.102041	0.101967
-0.102041	-0.0612245	0.102605
-0.102041	-0.0204082	0.102838
-0.102041	0.0204082	0.102665
-0.102041	0.0612245	0.102086
-0.102041	0.102041	0.101102
-0.102041	0.142857	0.0997189
-0.102041	0.183673	0.0979401
-0.102041	0.22449	0.0957728
-0.102041	0.265306	0.0932255
-0.102041	0.306122	0.090308
-0.102041	0.346939	0.0870316
-0.102041	0.387755	0.0834093
-0.102041	0.428571	0.0794553
-0.102041	0.469388	0.0751851
-0.102041	0.510204	0.0706157
-0.102041	0.55102	0.0657651
-0.102041	0.591837	0.0606525
-0.102041	0.632653	0.0552983
-0.102041	0.673469	0.0497238
-0.102041	0.714286	0.0439511
-0.102041	0.755102	0.0380031
-0.102041	0.795918	0.0319036
-0.102041	0.836735	0.025677
-0.102041	0.877551	0.0193479
-0.102041	0.918367	0.0129416
-0.102041	0.959184	0.00648373
-0.102041	1	0
-0.0612245	-1	0.00646419
-0.0612245	-0.959184	0.0129033
-0.0612245	-0.918367	0.0192924
-0.0612245	-0.877551	0.0256066
-0.0612245	-0.836735	0.0318214
-0.0612245	-0.795918	0.0379126
-0.0612245	-0.755102	0.0438565
-0.0612245	-0.714286	0.04963
-0.0612245	-0.673469	0.0552104
-0.0612245	-0.632653	0.0605759
-0.0612245	-0.591837	0.0657054
-0.0612245	-0.55102	0.0705788
-0.0612245	-0.510204	0.0751769
-0.0612245	-0.469388	0.0794813
-0.0612245	-0.428571	0.0834751
-0.0612245	-0.387755	0.0871422
-0.0612245	-0.346939	0.0904681
-0.0612245	-0.306122	0.0934393
-0.0612245	-0.265306	0.0960438
-0.0612245	-0.22449	0.098271
-0.0612245	-0.183673	0.100112
-0.0612245	-0.142857	0.101559
-0.0612245	-0.102041	0.102605
-0.0612245	-0.0612245	0.103247
-0.0612245	-0.0204082	0.103482
-0.0612245	0.0204082	0.103307
-0.0612245	0.0612245	0.102724
-0.0612245	0.102041	0.101735
-0.0612245	0.142857	0.100343
-0.0612245	0.183673	0.0985529
-0.0612245	0.22449	0.0963721
-0.0612245	0.265306	0.0938088
-0.0612245	0.306122	0.090873
-0.0612245	0.346939	0.0875762
-0.0612245	0.387755	0.0839312
-0.0612245	0.428571	0.0799524
-0.0612245	0.469388	0.0756555
-0.0612245	0.510204	0.0710575
-0.0612245	0.55102	0.0661766
-0.0612245	0.591837	0.061032
-0.0612245	0.632653	0.0556443
-0.0612245	0.673469	0.0500349
-0.0612245	0.714286	0.0442261
-0.0612245	0.755102	0.0382409
-0.0612245	0.795918	0.0321033
-0.0612245	0.836735	0.0258376
-0.0612245	0.877551	0.0194689
-0.0612245	0.918367	0.0130226
-0.0612245	0.959184	0.0065243
-0.0612245	1	0
-0.0204082	-1	0.00647887
-0.0204082	-0.959184	0.0129326
-0.0204082	-0.918367	0.0193362
-0.0204082	-0.877551	0.0256647
-0.0204082	-0.836735	0.0318936
-0.0204082	-0.795918	0.0379987
-0.0204082	-0.755102	0.0439561
-0.0204082	-0.714286	0.0497427
-0.0204082	-0.673469	0.0553358
-0.0204082	-0.632653	0.0607135
-0.0204082	-0.591837	0.0658547
-0.0204082	-0.55102	0.0707391
-0.0204082	-0.510204	0.0753476
-0.0204082	-0.469388	0.0796618
-0.0204082	-0.428571	0.0836646
-0.0204082	-0.387755	0.0873401
-0.0204082	-0.346939	0.0906735
-0.0204082	-0.306122	0.0936514
-0.0204082	-0.265306	0.0962619
-0.0204082	-0.22449	0.0984941
-0.0204082	-0.183673	0.100339
-0.0204082	-0.142857	0.101789
-0.0204082	-0.102041	0.102838
-0.0204082	-0.0612245	0.103482
-0.0204082	-0.0204082	0.103717
-0.0204082	0.0204082	0.103542
-0.0204082	0.0612245	0.102958
-0.0204082	0.102041	0.101966
-0.0204082	0.142857	0.100571
-0.0204082	0.183673	0.0987767
-0.0204082	0.22449	0.0965909
-0.0204082	0.265306	0.0940218
-0.0204082	0.306122	0.0910794
-0.0204082	0.346939	0.0877751
-0.0204082	0.387755	0.0841218
-0.0204082	0.428571	0.080134
-0.0204082	0.469388	0.0758273
-0.0204082	0.510204	0.0712189
-0.0204082	0.55102	0.0663268
-0.0204082	0.591837	0.0611706
-0.0204082	0.632653	0.0557707
-0.0204082	0.673469	0.0501485
-0.0204082	0.714286	0.0443265
-0.0204082	0.755102	0.0383277
-0.0204082	0.795918	0.0321762
-0.0204082	0.836735	0.0258963
-0.0204082	0.877551	0.0195131
-0.0204082	0.918367	0.0130522
-0.0204082	0.959184	0.00653912
-0.0204082	1	0
0.0204082	-1	0.00646796
0.0204082	-0.959184	0.0129108
0.0204082	-0.918367	0.0193036
0.0204082	-0.877551	0.0256215
0.0204082	-0.836735	0.0318399
0.0204082	-0.795918	0.0379347
0.0204082	-0.755102	0.043882
0.0204082	-0.714286	0.0496589
0.0204082	-0.673469	0.0552425
0.0204082	-0.632653	0.0606112
0.0204082	-0.591837	0.0657437
0.0204082	-0.55102	0.0706199
0.0204082	-0.510204	0.0752206
0.0204082	-0.469388	0.0795276
0.0204082	-0.428571	0.0835237
0.0204082	-0.387755	0.0871929
0.0204082	-0.346939	0.0905207
0.0204082	-0.306122	0.0934937
0.0204082	-0.265306	0.0960997
0.0204082	-0.22449	0.0983282
0.0204082	-0.183673	0.10017
0.0204082	-0.142857	0.101618
0.0204082	-0.102041	0.102665
0.0204082	-0.0612245	0.103307
0.0204082	-0.0204082	0.103542
0.0204082	0.0204082	0.103367
0.0204082	0.0612245	0.102784
0.0204082	0.102041	0.101794
0.0204082	0.142857	0.100401
0.0204082	0.183673	0.0986103
0.0204082	0.22449	0.0964282
0.0204082	0.265306	0.0938634
0.0204082	0.306122	0.0909259
0.0204082	0.346939	0.0876272
0.0204082	0.387755	0.0839801
0.0204082	0.428571	0.079999
0.0204082	0.469388	0.0756996
0.0204082	0.510204	0.0710989
0.0204082	0.55102	0.0662151
0.0204082	0.591837	0.0610676
0.0204082	0.632653	0.0556767
0.0204082	0.673469	0.0500641
0.0204082	0.714286	0.0442518
0.0204082	0.755102	0.0382632
0.0204082	0.795918	0.032122
0.0204082	0.836735	0.0258527
0.0204082	0.877551	0.0194803
0.0204082	0.918367	0.0130302
0.0204082	0.959184	0.0065281
0.0204082	1	0
0.0612245	-1	0.00643146
0.0612245	-0.959184	0.012838
0.0612245	-0.918367	0.0191947
0.0612245	-0.877551	0.0254769
0.0612245	-0.836735	0.0316602
0.0612245	-0.795918	0.0377206
0.0612245	-0.755102	0.0436345
0.0612245	-0.714286	0.0493787
0.0612245	-0.673469	0.0549309
0.0612245	-0.632653	0.0602692
0.0612245	-0.591837	0.0653728
0.0612245	-0.55102	0.0702215
0.0612245	-0.510204	0.0747963
0.0612245	-0.469388	0.0790789
0.0612245	-0.428571	0.0830524
0.0612245	-0.387755	0.086701
0.0612245	-0.346939	0.09001
0.0612245	-0.306122	0.0929662
0.0612245	-0.265306	0.0955575
0.0612245	-0.22449	0.0977734
0.0612245	-0.183673	0.0996049
0.0612245	-0.142857	0.101044
0.0612245	-0.102041	0.102086
0.0612245	-0.0612245	0.102724
0.0612245	-0.0204082	0.102958
0.0612245	0.0204082	0.102784
0.0612245	0.0612245	0.102204
0.0612245	0.102041	0.10122
0.0612245	0.142857	0.0998348
0.0612245	0.183673	0.0980539
0.0612245	0.22449	0.0958842
0.0612245	0.265306	0.0933339
0.0612245	0.306122	0.0904129
0.0612245	0.346939	0.0871328
0.0612245	0.387755	0.0835063
0.0612245	0.428571	0.0795476
0.0612245	0.469388	0.0752725
0.0612245	0.510204	0.0706978
0.0612245	0.55102	0.0658415
0.0612245	0.591837	0.060723
0.0612245	0.632653	0.0553626
0.0612245	0.673469	0.0497816
0.0612245	0.714286	0.0440022
0.0612245	0.755102	0.0380473
0.0612245	0.795918	0.0319407
0.0612245	0.836735	0.0257068
0.0612245	0.877551	0.0193704
0.0612245	0.918367	0.0129567
0.0612245	0.959184	0.00649127
0.0612245	1	0
0.102041	-1	0.00636952
0.102041	-0.959184	0.0127143
0.102041	-0.918367	0.0190098
0.102041	-0.877551	0.0252315
0.102041	-0.836735	0.0313553
0.102041	-0.795918	0.0373573
0.102041	-0.755102	0.0432142
0.102041	-0.714286	0.0489031
0.102041	-0.673469	0.0544018
0.102041	-0.632653	0.0596887
0.102041	-0.591837	0.0647432
0.102041	-0.55102	0.0695452
0.102041	-0.510204	0.0740759
0.102041	-0.469388	0.0783173
0.102041	-0.428571	0.0822525
0.102041	-0.387755	0.085866
0.102041	-0.346939	0.0891431
0.102041	-0.306122	0.0920708
0.102041	-0.265306	0.0946372
0.102041	-0.22449	0.0968318
0.102041	-0.183673	0.0986456
0.102041	-0.142857	0.100071
0.102041	-0.102041	0.101102
0.102041	-0.0612245	0.101735
0.102041	-0.0204082	0.101966
0.102041	0.0204082	0.101794
0.102041	0.0612245	0.10122
0.102041	0.102041	0.100245
0.102041	0.142857	0.0988733
0.102041	0.183673	0.0971096
0.102041	0.22449	0.0949607
0.102041	0.265306	0.0924349
0.102041	0.306122	0.0895422
0.102041	0.346939	0.0862936
0.102041	0.387755	0.082702
0.102041	0.428571	0.0787815
0.102041	0.469388	0.0745475
0.102041	0.510204	0.0700169
0.102041	0.55102	0.0652074
0.102041	0.591837	0.0601382
0.102041	0.632653	0.0548294
0.102041	0.673469	0.0493021
0.102041	0.714286	0.0435784
0.102041	0.755102	0.0376809
0.102041	0.795918	0.0316331
0.102041	0.836735	0.0254592
0.102041	0.877551	0.0191838
0.102041	0.918367	0.0128319
0.102041	0.959184	0.00642875
0.102041	1	0
0.142857	-1	0.00628235
0.142857	-0.959184	0.0125403
0.142857	-0.918367	0.0187497
0.142857	-0.877551	0.0248862
0.142857	-0.836735	0.0309262
0.142857	-0.795918	0.0368461
0.142857	-0.755102	0.0426228
0.142857	-0.714286	0.0482339
0.142857	-0.673469	0.0536573
0.142857	-0.632653	0.0588719
0.142857	-0.591837	0.0638571
0.142857	-0.55102	0.0685935
0.142857	-0.510204	0.0730621
0.142857	-0.469388	0.0772455
0.142857	-0.428571	0.0811269
0.142857	-0.387755	0.0846909
0.142857	-0.346939	0.0879232
0.142857	-0.306122	0.0908108
0.142857	-0.265306	0.093342
0.142857	-0.22449	0.0955066
0.142857	-0.183673	0.0972956
0.142857	-0.142857	0.0987017
0.142857	-0.102041	0.0997189
0.142857	-0.0612245	0.100343
0.142857	-0.0204082	0.100571
0.142857	0.0204082	0.100401
0.142857	0.0612245	0.0998348
0.142857	0.102041	0.0988733
0.142857	0.142857	0.0975202
0.142857	0.183673	0.0957806
0.142857	0.22449	0.0936611
0.142857	0.265306	0.09117
0.142857	0.306122	0.0883168
0.142857	0.346939	0.0851127
0.142857	0.387755	0.0815702
0.142857	0.428571	0.0777034
0.142857	0.469388	0.0735273
0.142857	0.510204	0.0690587
0.142857	0.55102	0.064315
0.142857	0.591837	0.0593152
0.142857	0.632653	0.0540791
0.142857	0.673469	0.0486274
0.142857	0.714286	0.042982
0.142857	0.755102	0.0371652
0.142857	0.795918	0.0312002
0.142857	0.836735	0.0251108
0.142857	0.877551	0.0189213
0.142857	0.918367	0.0126563
0.142857	0.959184	0.00634077
0.142857	1	0
0.183673	-1	0.00617029
0.183673	-0.959184	0.0123166
0.183673	-0.918367	0.0184152
0.183673	-0.877551	0.0244423
0.183673	-0.836735	0.0303745
0.183673	-0.795918	0.0361888
0.183673	-0.755102	0.0418625
0.183673	-0.714286	0.0473735
0.183673	-0.673469	0.0527002
0.183673	-0.632653	0.0578217
0.183673	-0.591837	0.062718
0.183673	-0.55102	0.0673699
0.183673	-0.510204	0.0717588
0.183673	-0.469388	0.0758676
0.183673	-0.428571	0.0796797
0.183673	-0.387755	0.0831802
0.183673	-0.346939	0.0863548
0.183673	-0.306122	0.0891909
0.183673	-0.265306	0.091677
0.183673	-0.22449	0.0938029
0.183673	-0.183673	0.09556
0.183673	-0.142857	0.096941
0.183673	-0.102041	0.0979401
0.183673	-0.0612245	0.0985529
0.183673	-0.0204082	0.0987767
0.183673	0.0204082	0.0986103
0.183673	0.0612245	0.0980539
0.183673	0.102041	0.0971096
0.183673	0.142857	0.0957806
0.183673	0.183673	0.094072
0.183673	0.22449	0.0919904
0.183673	0.265306	0.0895436
0.183673	0.306122	0.0867413
0.183673	0.346939	0.0835944
0.183673	0.387755	0.0801151
0.183673	0.428571	0.0763173
0.183673	0.469388	0.0722157
0.183673	0.510204	0.0678268
0.183673	0.55102	0.0631677
0.183673	0.591837	0.0582571
0.183673	0.632653	0.0531144
0.183673	0.673469	0.04776
0.183673	0.714286	0.0422153
0.183673	0.755102	0.0365022
0.183673	0.795918	0.0306436
0.183673	0.836735	0.0246629
0.183673	0.877551	0.0185837
0.183673	0.918367	0.0124305
0.183673	0.959184	0.00622767
0.183673	1	0
0.22449	-1	0.00603375
0.22449	-0.959184	0.0120441
0.22449	-0.918367	0.0180077
0.22449	-0.877551	0.0239014
0.22449	-0.836735	0.0297024
0.22449	-0.795918	0.035388
0.22449	-0.755102	0.0409362
0.22449	-0.714286	0.0463252
0.22449	-0.673469	0.051534
0.22449	-0.632653	0.0565422
0.22449	-0.591837	0.0613302
0.22449	-0.55102	0.0658791
0.22449	-0.510204	0.0701709
0.22449	-0.469388	0.0741887
0.22449	-0.428571	0.0779166
0.22449	-0.387755	0.0813395
0.22449	-0.346939	0.0844439
0.22449	-0.306122	0.0872172
0.22449	-0.265306	0.0896483
0.22449	-0.22449	0.0917272
0.22449	-0.183673	0.0934455
0.22449	-0.142857	0.0947959
0.22449	-0.102041	0.0957728
0.22449	-0.0612245	0.0963721
0.22449	-0.0204082	0.0965909
0.22449	0.0204082	0.0964282
0.22449	0.0612245	0.0958842
0.22449	0.102041	0.0949607
0.22449	0.142857	0.0936611
0.22449	0.183673	0.0919904
0.22449	0.22449	0.0899548
0.22449	0.265306	0.0875622
0.22449	0.306122	0.0848219
0.22449	0.346939	0.0817446
0.22449	0.387755	0.0783423
0.22449	0.428571	0.0746285
0.22449	0.469388	0.0706177
0.22449	0.510204	0.0663259
0.22449	0.55102	0.0617699
0.22449	0.591837	0.056968
0.22449	0.632653	0.0519391
0.22449	0.673469	0.0467032
0.22449	0.714286	0.0412811
0.22449	0.755102	0.0356945
0.22449	0.795918	0.0299655
0.22449	0.836735	0.0241171
0.22449	0.877551	0.0181725
0.22449	0.918367	0.0121554
0.22449	0.959184	0.00608986
0.22449	1	0
0.265306	-1	0.00587327
0.265306	-0.959184	0.0117237
0.265306	-0.918367	0.0175287
0.265306	-0.877551	0.0232657
0.265306	-0.836735	0.0289124
0.265306	-0.795918	0.0344468
0.265306	-0.755102	0.0398474
0.265306	-0.714286	0.045093
0.265306	-0.673469	0.0501633
0.265306	-0.632653	0.0550383
0.265306	-0.591837	0.059699
0.265306	-0.55102	0.0641269
0.265306	-0.510204	0.0683045
0.265306	-0.469388	0.0722155
0.265306	-0.428571	0.0758442
0.265306	-0.387755	0.0791761
0.265306	-0.346939	0.0821979
0.265306	-0.306122	0.0848975
0.265306	-0.265306	0.0872639
0.265306	-0.22449	0.0892875
0.265306	-0.183673	0.09096
0.265306	-0.142857	0.0922745
0.265306	-0.102041	0.0932255
0.265306	-0.0612245	0.0938088
0.265306	-0.0204082	0.0940218
0.265306	0.0204082	0.0938634
0.265306	0.0612245	0.0933339
0.265306	0.102041	0.0924349
0.265306	0.142857	0.09117
0.265306	0.183673	0.0895436
0.265306	0.22449	0.0875622
0.265306	0.265306	0.0852332
0.265306	0.306122	0.0825658
0.265306	0.346939	0.0795704
0.265306	0.387755	0.0762586
0.265306	0.428571	0.0726435
0.265306	0.469388	0.0687395
0.265306	0.510204	0.0645618
0.265306	0.55102	0.060127
0.265306	0.591837	0.0554528
0.265306	0.632653	0.0505576
0.265306	0.673469	0.045461
0.265306	0.714286	0.0401831
0.265306	0.755102	0.0347451
0.265306	0.795918	0.0291685
0.265306	0.836735	0.0234757
0.265306	0.877551	0.0176892
0.265306	0.918367	0.0118321
0.265306	0.959184	0.00592788
0.265306	1	0
0.306122	-1	0.00568946
0.306122	-0.959184	0.0113568
0.306122	-0.918367	0.0169802
0.306122	-0.877551	0.0225376
0.306122	-0.836735	0.0280076
0.306122	-0.795918	0.0333688
0.306122	-0.755102	0.0386003
0.306122	-0.714286	0.0436818
0.306122	-0.673469	0.0485934
0.306122	-0.632653	0.0533159
0.306122	-0.591837	0.0578307
0.306122	-0.55102	0.06212
0.306122	-0.510204	0.0661669
0.306122	-0.469388	0.0699555
0.306122	-0.428571	0.0734706
0.306122	-0.387755	0.0766982
0.306122	-0.346939	0.0796255
0.306122	-0.306122	0.0822406
0.306122	-0.265306	0.0845329
0.306122	-0.22449	0.0864932
0.306122	-0.183673	0.0881134
0.306122	-0.142857	0.0893868
0.306122	-0.102041	0.090308
0.306122	-0.0612245	0.090873
0.306122	-0.0204082	0.0910794
0.306122	0.0204082	0.0909259
0.306122	0.0612245	0.0904129
0.306122	0.102041	0.0895422
0.306122	0.142857	0.0883168
0.306122	0.183673	0.0867413
0.306122	0.22449	0.0848219
0.306122	0.265306	0.0825658
0.306122	0.306122	0.0799819
0.306122	0.346939	0.0770802
0.306122	0.387755	0.0738721
0.306122	0.428571	0.0703701
0.306122	0.469388	0.0665882
0.306122	0.510204	0.0625413
0.306122	0.55102	0.0582453
0.306122	0.591837	0.0537173
0.306122	0.632653	0.0489754
0.306122	0.673469	0.0440382
0.306122	0.714286	0.0389256
0.306122	0.755102	0.0336577
0.306122	0.795918	0.0282557
0.306122	0.836735	0.022741
0.306122	0.877551	0.0171356
0.306122	0.918367	0.0114618
0.306122	0.959184	0.00574237
0.306122	1	0
0.346939	-1	0.00548305
0.346939	-0.959184	0.0109448
0.346939	-0.918367	0.0163641
0.346939	-0.877551	0.02172
0.346939	-0.836735	0.0269915
0.346939	-0.795918	0.0321582
0.346939	-0.755102	0.0371999
0.346939	-0.714286	0.0420971
0.346939	-0.673469	0.0468305
0.346939	-0.632653	0.0513816
0.346939	-0.591837	0.0557326
0.346939	-0.55102	0.0598663
0.346939	-0.510204	0.0637664
0.346939	-0.469388	0.0674175
0.346939	-0.428571	0.0708051
0.346939	-0.387755	0.0739156
0.346939	-0.346939	0.0767367
0.346939	-0.306122	0.0792569
0.346939	-0.265306	0.0814661
0.346939	-0.22449	0.0833553
0.346939	-0.183673	0.0849167
0.346939	-0.142857	0.0861438
0.346939	-0.102041	0.0870316
0.346939	-0.0612245	0.0875762
0.346939	-0.0204082	0.0877751
0.346939	0.0204082	0.0876272
0.346939	0.0612245	0.0871328
0.346939	0.102041	0.0862936
0.346939	0.142857	0.0851127
0.346939	0.183673	0.0835944
0.346939	0.22449	0.0817446
0.346939	0.265306	0.0795704
0.346939	0.306122	0.0770802
0.346939	0.346939	0.0742837
0.346939	0.387755	0.071192
0.346939	0.428571	0.0678171
0.346939	0.469388	0.0641724
0.346939	0.510204	0.0602723
0.346939	0.55102	0.0561322
0.346939	0.591837	0.0517685
0.346939	0.632653	0.0471986
0.346939	0.673469	0.0424405
0.346939	0.714286	0.0375134
0.346939	0.755102	0.0324366
0.346939	0.795918	0.0272306
0.346939	0.836735	0.0219159
0.346939	0.877551	0.0165139
0.346939	0.918367	0.011046
0.346939	0.959184	0.00553404
0.346939	1	0
0.387755	-1	0.00525484
0.387755	-0.959184	0.0104893
0.387755	-0.918367	0.0156831
0.387755	-0.877551	0.020816
0.387755	-0.836735	0.0258681
0.387755	-0.795918	0.0308197
0.387755	-0.755102	0.0356516
0.387755	-0.714286	0.040345
0.387755	-0.673469	0.0448814
0.387755	-0.632653	0.0492431
0.387755	-0.591837	0.053413
0.387755	-0.55102	0.0573746
0.387755	-0.510204	0.0611124
0.387755	-0.469388	0.0646116
0.387755	-0.428571	0.0678582
0.387755	-0.387755	0.0708392
0.387755	-0.346939	0.0735429
0.387755	-0.306122	0.0759582
0.387755	-0.265306	0.0780754
0.387755	-0.22449	0.079886
0.387755	-0.183673	0.0813824
0.387755	-0.142857	0.0825585
0.387755	-0.102041	0.0834093
0.387755	-0.0612245	0.0839312
0.387755	-0.0204082	0.0841218
0.387755	0.0204082	0.0839801
0.387755	0.0612245	0.0835063
0.387755	0.102041	0.082702
0.387755	0.142857	0.0815702
0.387755	0.183673	0.0801151
0.387755	0.22449	0.0783423
0.387755	0.265306	0.0762586
0.387755	0.306122	0.0738721
0.387755	0.346939	0.071192
0.387755	0.387755	0.068229
0.387755	0.428571	0.0649945
0.387755	0.469388	0.0615015
0.387755	0.510204	0.0577637
0.387755	0.55102	0.0537959
0.387755	0.591837	0.0496139
0.387755	0.632653	0.0452341
0.387755	0.673469	0.0406741
0.387755	0.714286	0.035952
0.387755	0.755102	0.0310866
0.387755	0.795918	0.0260972
0.387755	0.836735	0.0210038
0.387755	0.877551	0.0158266
0.387755	0.918367	0.0105863
0.387755	0.959184	0.00530371
0.387755	1	0
0.428571	-1	0.00500573
0.428571	-0.959184	0.00999205
0.428571	-0.918367	0.0149396
0.428571	-0.877551	0.0198292
0.428571	-0.836735	0.0246418
0.428571	-0.795918	0.0293587
0.428571	-0.755102	0.0339616
0.428571	-0.714286	0.0384324
0.428571	-0.673469	0.0427537
0.428571	-0.632653	0.0469087
0.428571	-0.591837	0.0508809
0.428571	-0.55102	0.0546548
0.428571	-0.510204	0.0582154
0.428571	-0.469388	0.0615486
0.428571	-0.428571	0.0646413
0.428571	-0.387755	0.0674811
0.428571	-0.346939	0.0700566
0.428571	-0.306122	0.0723574
0.428571	-0.265306	0.0743742
0.428571	-0.22449	0.076099
0.428571	-0.183673	0.0775244
0.428571	-0.142857	0.0786448
0.428571	-0.102041	0.0794553
0.428571	-0.0612245	0.0799524
0.428571	-0.0204082	0.080134
0.428571	0.0204082	0.079999
0.428571	0.0612245	0.0795476
0.428571	0.102041	0.0787815
0.428571	0.142857	0.0777034
0.428571	0.183673	0.0763173
0.428571	0.22449	0.0746285
0.428571	0.265306	0.0726435
0.428571	0.306122	0.0703701
0.428571	0.346939	0.0678171
0.428571	0.387755	0.0649945
0.428571	0.428571	0.0619135
0.428571	0.469388	0.058586
0.428571	0.510204	0.0550254
0.428571	0.55102	0.0512457
0.428571	0.591837	0.0472619
0.428571	0.632653	0.0430898
0.428571	0.673469	0.038746
0.428571	0.714286	0.0342477
0.428571	0.755102	0.0296129
0.428571	0.795918	0.0248601
0.428571	0.836735	0.0200081
0.428571	0.877551	0.0150763
0.428571	0.918367	0.0100844
0.428571	0.959184	0.00505228
0.428571	1	0
0.469388	-1	0.00473671
0.469388	-0.959184	0.00945505
0.469388	-0.918367	0.0141367
0.469388	-0.877551	0.0187635
0.469388	-0.836735	0.0233175
0.469388	-0.795918	0.0277809
0.469388	-0.755102	0.0321364
0.469388	-0.714286	0.0363669
0.469388	-0.673469	0.040456
0.469388	-0.632653	0.0443877
0.469388	-0.591837	0.0481464
0.469388	-0.55102	0.0517174
0.469388	-0.510204	0.0550867
0.469388	-0.469388	0.0582408
0.469388	-0.428571	0.0611673
0.469388	-0.387755	0.0638544
0.469388	-0.346939	0.0662915
0.469388	-0.306122	0.0684687
0.469388	-0.265306	0.0703771
0.469388	-0.22449	0.0720092
0.469388	-0.183673	0.073358
0.469388	-0.142857	0.0744182
0.469388	-0.102041	0.0751851
0.469388	-0.0612245	0.0756555
0.469388	-0.0204082	0.0758273
0.469388	0.0204082	0.0756996
0.469388	0.0612245	0.0752725
0.469388	0.102041	0.0745475
0.469388	0.142857	0.0735273
0.469388	0.183673	0.0722157
0.469388	0.22449	0.0706177
0.469388	0.265306	0.0687395
0.469388	0.306122	0.0665882
0.469388	0.346939	0.0641724
0.469388	0.387755	0.0615015
0.469388	0.428571	0.058586
0.469388	0.469388	0.0554374
0.469388	0.510204	0.0520682
0.469388	0.55102	0.0484916
0.469388	0.591837	0.0447219
0.469388	0.632653	0.040774
0.469388	0.673469	0.0366637
0.469388	0.714286	0.0324071
0.469388	0.755102	0.0280215
0.469388	0.795918	0.023524
0.469388	0.836735	0.0189328
0.469388	0.877551	0.0142661
0.469388	0.918367	0.00954245
0.469388	0.959184	0.00478076
0.469388	1	0
0.510204	-1	0.00444883
0.510204	-0.959184	0.00888041
0.510204	-0.918367	0.0132775
0.510204	-0.877551	0.0176231
0.510204	-0.836735	0.0219003
0.510204	-0.795918	0.0260925
0.510204	-0.755102	0.0301832
0.510204	-0.714286	0.0341567
0.510204	-0.673469	0.0379973
0.510204	-0.632653	0.04169
0.510204	-0.591837	0.0452203
0.510204	-0.55102	0.0485743
0.510204	-0.510204	0.0517388
0.510204	-0.469388	0.0547012
0.510204	-0.428571	0.0574498
0.510204	-0.387755	0.0599736
0.510204	-0.346939	0.0622626
0.510204	-0.306122	0.0643074
0.510204	-0.265306	0.0660999
0.510204	-0.22449	0.0676328
0.510204	-0.183673	0.0688996
0.510204	-0.142857	0.0698953
0.510204	-0.102041	0.0706157
0.510204	-0.0612245	0.0710575
0.510204	-0.0204082	0.0712189
0.510204	0.0204082	0.0710989
0.510204	0.0612245	0.0706978
0.510204	0.102041	0.0700169
0.510204	0.142857	0.0690587
0.510204	0.183673	0.0678268
0.510204	0.22449	0.0663259
0.510204	0.265306	0.0645618
0.510204	0.306122	0.0625413
0.510204	0.346939	0.0602723
0.510204	0.387755	0.0577637
0.510204	0.428571	0.0550254
0.510204	0.469388	0.0520682
0.510204	0.510204	0.0489037
0.510204	0.55102	0.0455445
0.510204	0.591837	0.0420039
0.510204	0.632653	0.0382959
0.510204	0.673469	0.0344354
0.510204	0.714286	0.0304376
0.510204	0.755102	0.0263184
0.510204	0.795918	0.0220943
0.510204	0.836735	0.0177821
0.510204	0.877551	0.013399
0.510204	0.918367	0.0089625
0.510204	0.959184	0.0044902
0.510204	1	0
0.55102	-1	0.00414324
0.55102	-0.959184	0.00827041
0.55102	-0.918367	0.0123655
0.55102	-0.877551	0.0164126
0.55102	-0.836735	0.020396
0.55102	-0.795918	0.0243002
0.55102	-0.755102	0.02811
0.55102	-0.714286	0.0318105
0.55102	-0.673469	0.0353872
0.55102	-0.632653	0.0388263
0.55102	-0.591837	0.0421141
0.55102	-0.55102	0.0452377
0.55102	-0.510204	0.0481848
0.55102	-0.469388	0.0509438
0.55102	-0.428571	0.0535036
0.55102	-0.387755	0.055854
0.55102	-0.346939	0.0579858
0.55102	-0.306122	0.0598901
0.55102	-0.265306	0.0615595
0.55102	-0.22449	0.062987
0.55102	-0.183673	0.0641669
0.55102	-0.142857	0.0650942
0.55102	-0.102041	0.0657651
0.55102	-0.0612245	0.0661766
0.55102	-0.0204082	0.0663268
0.55102	0.0204082	0.0662151
0.55102	0.0612245	0.0658415
0.55102	0.102041	0.0652074
0.55102	0.142857	0.064315
0.55102	0.183673	0.0631677
0.55102	0.22449	0.0617699
0.55102	0.265306	0.060127
0.55102	0.306122	0.0582453
0.55102	0.346939	0.0561322
0.55102	0.387755	0.0537959
0.55102	0.428571	0.0512457
0.55102	0.469388	0.0484916
0.55102	0.510204	0.0455445
0.55102	0.55102	0.042416
0.55102	0.591837	0.0391186
0.55102	0.632653	0.0356654
0.55102	0.673469	0.03207
0.55102	0.714286	0.0283468
0.55102	0.755102	0.0245106
0.55102	0.795918	0.0205767
0.55102	0.836735	0.0165607
0.55102	0.877551	0.0124787
0.55102	0.918367	0.00834686
0.55102	0.959184	0.00418177
0.55102	1	0
0.591837	-1	0.00382115
0.591837	-0.959184	0.00762747
0.591837	-0.918367	0.0114042
0.591837	-0.877551	0.0151367
0.591837	-0.836735	0.0188104
0.591837	-0.795918	0.0224111
0.591837	-0.755102	0.0259247
0.591837	-0.714286	0.0293375
0.591837	-0.673469	0.0326363
0.591837	-0.632653	0.0358079
0.591837	-0.591837	0.0388402
0.591837	-0.55102	0.0417209
0.591837	-0.510204	0.044439
0.591837	-0.469388	0.0469834
0.591837	-0.428571	0.0493442
0.591837	-0.387755	0.051512
0.591837	-0.346939	0.053478
0.591837	-0.306122	0.0552343
0.591837	-0.265306	0.0567739
0.591837	-0.22449	0.0580905
0.591837	-0.183673	0.0591786
0.591837	-0.142857	0.0600338
0.591837	-0.102041	0.0606525
0.591837	-0.0612245	0.061032
0.591837	-0.0204082	0.0611706
0.591837	0.0204082	0.0610676
0.591837	0.0612245	0.060723
0.591837	0.102041	0.0601382
0.591837	0.142857	0.0593152
0.591837	0.183673	0.0582571
0.591837	0.22449	0.056968
0.591837	0.265306	0.0554528
0.591837	0.306122	0.0537173
0.591837	0.346939	0.0517685
0.591837	0.387755	0.0496139
0.591837	0.428571	0.0472619
0.591837	0.469388	0.0447219
0.591837	0.510204	0.0420039
0.591837	0.55102	0.0391186
0.591837	0.591837	0.0360776
0.591837	0.632653	0.0328928
0.591837	0.673469	0.0295769
0.591837	0.714286	0.0261431
0.591837	0.755102	0.0226052
0.591837	0.795918	0.0189771
0.591837	0.836735	0.0152733
0.591837	0.877551	0.0115086
0.591837	0.918367	0.00769798
0.591837	0.959184	0.00385668
0.591837	1	0
0.632653	-1	0.00348383
0.632653	-0.959184	0.00695415
0.632653	-0.918367	0.0103975
0.632653	-0.877551	0.0138005
0.632653	-0.836735	0.0171499
0.632653	-0.795918	0.0204327
0.632653	-0.755102	0.0236362
0.632653	-0.714286	0.0267477
0.632653	-0.673469	0.0297552
0.632653	-0.632653	0.032647
0.632653	-0.591837	0.0354115
0.632653	-0.55102	0.038038
0.632653	-0.510204	0.040516
0.632653	-0.469388	0.0428359
0.632653	-0.428571	0.0449883
0.632653	-0.387755	0.0469647
0.632653	-0.346939	0.0487571
0.632653	-0.306122	0.0503584
0.632653	-0.265306	0.0517621
0.632653	-0.22449	0.0529625
0.632653	-0.183673	0.0539545
0.632653	-0.142857	0.0547343
0.632653	-0.102041	0.0552983
0.632653	-0.0612245	0.0556443
0.632653	-0.0204082	0.0557707
0.632653	0.0204082	0.0556767
0.632653	0.0612245	0.0553626
0.632653	0.102041	0.0548294
0.632653	0.142857	0.0540791
0.632653	0.183673	0.0531144
0.632653	0.22449	0.0519391
0.632653	0.265306	0.0505576
0.632653	0.306122	0.0489754
0.632653	0.346939	0.0471986
0.632653	0.387755	0.0452341
0.632653	0.428571	0.0430898
0.632653	0.469388	0.040774
0.632653	0.510204	0.0382959
0.632653	0.55102	0.0356654
0.632653	0.591837	0.0328928
0.632653	0.632653	0.0299891
0.632653	0.673469	0.026966
0.632653	0.714286	0.0238353
0.632653	0.755102	0.0206097
0.632653	0.795918	0.0173018
0.632653	0.836735	0.013925
0.632653	0.877551	0.0104926
0.632653	0.918367	0.00701843
0.632653	0.959184	0.00351623
0.632653	1	0
0.673469	-1	0.00313263
0.673469	-0.959184	0.00625311
0.673469	-0.918367	0.00934933
0.673469	-0.877551	0.0124093
0.673469	-0.836735	0.015421
0.673469	-0.795918	0.0183729
0.673469	-0.755102	0.0212534
0.673469	-0.714286	0.0240513
0.673469	-0.673469	0.0267557
0.673469	-0.632653	0.0293559
0.673469	-0.591837	0.0318417
0.673469	-0.55102	0.0342034
0.673469	-0.510204	0.0364317
0.673469	-0.469388	0.0385177
0.673469	-0.428571	0.0404531
0.673469	-0.387755	0.0422302
0.673469	-0.346939	0.043842
0.673469	-0.306122	0.0452819
0.673469	-0.265306	0.046544
0.673469	-0.22449	0.0476234
0.673469	-0.183673	0.0485155
0.673469	-0.142857	0.0492166
0.673469	-0.102041	0.0497238
0.673469	-0.0612245	0.0500349
0.673469	-0.0204082	0.0501485
0.673469	0.0204082	0.0500641
0.673469	0.0612245	0.0497816
0.673469	0.102041	0.0493021
0.673469	0.142857	0.0486274
0.673469	0.183673	0.04776
0.673469	0.22449	0.0467032
0.673469	0.265306	0.045461
0.673469	0.306122	0.0440382
0.673469	0.346939	0.0424405
0.673469	0.387755	0.0406741
0.673469	0.428571	0.038746
0.673469	0.469388	0.0366637
0.673469	0.510204	0.0344354
0.673469	0.55102	0.03207
0.673469	0.591837	0.0295769
0.673469	0.632653	0.026966
0.673469	0.673469	0.0242476
0.673469	0.714286	0.0214325
0.673469	0.755102	0.018532
0.673469	0.795918	0.0155577
0.673469	0.836735	0.0125212
0.673469	0.877551	0.00943489
0.673469	0.918367	0.00631091
0.673469	0.959184	0.00316176
0.673469	1	0
0.714286	-1	0.00276895
0.714286	-0.959184	0.00552715
0.714286	-0.918367	0.00826391
0.714286	-0.877551	0.0109686
0.714286	-0.836735	0.0136307
0.714286	-0.795918	0.0162399
0.714286	-0.755102	0.018786
0.714286	-0.714286	0.0212591
0.714286	-0.673469	0.0236494
0.714286	-0.632653	0.0259478
0.714286	-0.591837	0.028145
0.714286	-0.55102	0.0302325
0.714286	-0.510204	0.0322021
0.714286	-0.469388	0.0340459
0.714286	-0.428571	0.0357567
0.714286	-0.387755	0.0373275
0.714286	-0.346939	0.0387521
0.714286	-0.306122	0.0400248
0.714286	-0.265306	0.0411405
0.714286	-0.22449	0.0420945
0.714286	-0.183673	0.042883
0.714286	-0.142857	0.0435027
0.714286	-0.102041	0.0439511
0.714286	-0.0612245	0.0442261
0.714286	-0.0204082	0.0443265
0.714286	0.0204082	0.0442518
0.714286	0.0612245	0.0440022
0.714286	0.102041	0.0435784
0.714286	0.142857	0.042982
0.714286	0.183673	0.0422153
0.714286	0.22449	0.0412811
0.714286	0.265306	0.0401831
0.714286	0.306122	0.0389256
0.714286	0.346939	0.0375134
0.714286	0.387755	0.035952
0.714286	0.428571	0.0342477
0.714286	0.469388	0.0324071
0.714286	0.510204	0.0304376
0.714286	0.55102	0.0283468
0.714286	0.591837	0.0261431
0.714286	0.632653	0.0238353
0.714286	0.673469	0.0214325
0.714286	0.714286	0.0189443
0.714286	0.755102	0.0163805
0.714286	0.795918	0.0137515
0.714286	0.836735	0.0110676
0.714286	0.877551	0.00833954
0.714286	0.918367	0.00557824
0.714286	0.959184	0.00279469
0.714286	1	0
0.755102	-1	0.00239422
0.755102	-0.959184	0.00477915
0.755102	-0.918367	0.00714555
0.755102	-0.877551	0.00948421
0.755102	-0.836735	0.0117861
0.755102	-0.795918	0.0140421
0.755102	-0.755102	0.0162437
0.755102	-0.714286	0.018382
0.755102	-0.673469	0.0204489
0.755102	-0.632653	0.0224362
0.755102	-0.591837	0.0243361
0.755102	-0.55102	0.0261411
0.755102	-0.510204	0.0278442
0.755102	-0.469388	0.0294384
0.755102	-0.428571	0.0309177
0.755102	-0.387755	0.0322759
0.755102	-0.346939	0.0335077
0.755102	-0.306122	0.0346082
0.755102	-0.265306	0.0355729
0.755102	-0.22449	0.0363978
0.755102	-0.183673	0.0370796
0.755102	-0.142857	0.0376155
0.755102	-0.102041	0.0380031
0.755102	-0.0612245	0.0382409
0.755102	-0.0204082	0.0383277
0.755102	0.0204082	0.0382632
0.755102	0.0612245	0.0380473
0.755102	0.102041	0.0376809
0.755102	0.142857	0.0371652
0.755102	0.183673	0.0365022
0.755102	0.22449	0.0356945
0.755102	0.265306	0.0347451
0.755102	0.306122	0.0336577
0.755102	0.346939	0.0324366
0.755102	0.387755	0.0310866
0.755102	0.428571	0.0296129
0.755102	0.469388	0.0280215
0.755102	0.510204	0.0263184
0.755102	0.55102	0.0245106
0.755102	0.591837	0.0226052
0.755102	0.632653	0.0206097
0.755102	0.673469	0.018532
0.755102	0.714286	0.0163805
0.755102	0.755102	0.0141637
0.755102	0.795918	0.0118905
0.755102	0.836735	0.00956979
0.755102	0.877551	0.00721094
0.755102	0.918367	0.00482333
0.755102	0.959184	0.00241648
0.755102	1	0
0.795918	-1	0.00200995
0.795918	-0.959184	0.0040121
0.795918	-0.918367	0.00599869
0.795918	-0.877551	0.007962
0.795918	-0.836735	0.0098944
0.795918	-0.795918	0.0117884
0.795918	-0.755102	0.0136366
0.795918	-0.714286	0.0154317
0.795918	-0.673469	0.0171669
0.795918	-0.632653	0.0188352
0.795918	-0.591837	0.0204302
0.795918	-0.55102	0.0219455
0.795918	-0.510204	0.0233752
0.795918	-0.469388	0.0247136
0.795918	-0.428571	0.0259554
0.795918	-0.387755	0.0270957
0.795918	-0.346939	0.0281298
0.795918	-0.306122	0.0290536
0.795918	-0.265306	0.0298635
0.795918	-0.22449	0.030556
0.795918	-0.183673	0.0311284
0.795918	-0.142857	0.0315782
0.795918	-0.102041	0.0319036
0.795918	-0.0612245	0.0321033
0.795918	-0.0204082	0.0321762
0.795918	0.0204082	0.032122
0.795918	0.0612245	0.0319407
0.795918	0.102041	0.0316331
0.795918	0.142857	0.0312002
0.795918	0.183673	0.0306436
0.795918	0.22449	0.0299655
0.795918	0.265306	0.0291685
0.795918	0.306122	0.0282557
0.795918	0.346939	0.0272306
0.795918	0.387755	0.0260972
0.795918	0.428571	0.0248601
0.795918	0.469388	0.023524
0.795918	0.510204	0.0220943
0.795918	0.55102	0.0205767
0.795918	0.591837	0.0189771
0.795918	0.632653	0.0173018
0.795918	0.673469	0.0155577
0.795918	0.714286	0.0137515
0.795918	0.755102	0.0118905
0.795918	0.795918	0.00998206
0.795918	0.836735	0.00803384
0.795918	0.877551	0.00605359
0.795918	0.918367	0.00404919
0.795918	0.959184	0.00202864
0.795918	1	0
0.836735	-1	0.00161766
0.836735	-0.959184	0.00322905
0.836735	-0.918367	0.00482792
0.836735	-0.877551	0.00640804
0.836735	-0.836735	0.0079633
0.836735	-0.795918	0.00948763
0.836735	-0.755102	0.0109751
0.836735	-0.714286	0.0124199
0.836735	-0.673469	0.0138164
0.836735	-0.632653	0.0151591
0.836735	-0.591837	0.0164428
0.836735	-0.55102	0.0176624
0.836735	-0.510204	0.018813
0.836735	-0.469388	0.0198902
0.836735	-0.428571	0.0208896
0.836735	-0.387755	0.0218073
0.836735	-0.346939	0.0226396
0.836735	-0.306122	0.0233832
0.836735	-0.265306	0.024035
0.836735	-0.22449	0.0245923
0.836735	-0.183673	0.025053
0.836735	-0.142857	0.025415
0.836735	-0.102041	0.025677
0.836735	-0.0612245	0.0258376
0.836735	-0.0204082	0.0258963
0.836735	0.0204082	0.0258527
0.836735	0.0612245	0.0257068
0.836735	0.102041	0.0254592
0.836735	0.142857	0.0251108
0.836735	0.183673	0.0246629
0.836735	0.22449	0.0241171
0.836735	0.265306	0.0234757
0.836735	0.306122	0.022741
0.836735	0.346939	0.0219159
0.836735	0.387755	0.0210038
0.836735	0.428571	0.0200081
0.836735	0.469388	0.0189328
0.836735	0.510204	0.0177821
0.836735	0.55102	0.0165607
0.836735	0.591837	0.0152733
0.836735	0.632653	0.013925
0.836735	0.673469	0.0125212
0.836735	0.714286	0.0110676
0.836735	0.755102	0.00956979
0.836735	0.795918	0.00803384
0.836735	0.836735	0.00646586
0.836735	0.877551	0.0048721
0.836735	0.918367	0.0032589
0.836735	0.959184	0.00163271
0.836735	1	0
0.877551	-1	0.00121893
0.877551	-0.959184	0.00243313
0.877551	-0.918367	0.00363789
0.877551	-0.877551	0.00482853
0.877551	-0.836735	0.00600043
0.877551	-0.795918	0.00714903
0.877551	-0.755102	0.00826985
0.877551	-0.714286	0.00935853
0.877551	-0.673469	0.0104108
0.877551	-0.632653	0.0114226
0.877551	-0.591837	0.0123898
0.877551	-0.55102	0.0133088
0.877551	-0.510204	0.0141758
0.877551	-0.469388	0.0149875
0.877551	-0.428571	0.0157406
0.877551	-0.387755	0.0164321
0.877551	-0.346939	0.0170592
0.877551	-0.306122	0.0176195
0.877551	-0.265306	0.0181106
0.877551	-0.22449	0.0185306
0.877551	-0.183673	0.0188777
0.877551	-0.142857	0.0191505
0.877551	-0.102041	0.0193479
0.877551	-0.0612245	0.0194689
0.877551	-0.0204082	0.0195131
0.877551	0.0204082	0.0194803
0.877551	0.0612245	0.0193704
0.877551	0.102041	0.0191838
0.877551	0.142857	0.0189213
0.877551	0.183673	0.0185837
0.877551	0.22449	0.0181725
0.877551	0.265306	0.0176892
0.877551	0.306122	0.0171356
0.877551	0.346939	0.0165139
0.877551	0.387755	0.0158266
0.877551	0.428571	0.0150763
0.877551	0.469388	0.0142661
0.877551	0.510204	0.013399
0.877551	0.55102	0.0124787
0.877551	0.591837	0.0115086
0.877551	0.632653	0.0104926
0.877551	0.673469	0.00943489
0.877551	0.714286	0.00833954
0.877551	0.755102	0.00721094
0.877551	0.795918	0.00605359
0.877551	0.836735	0.0048721
0.877551	0.877551	0.00367118
0.877551	0.918367	0.00245562
0.877551	0.959184	0.00123026
0.877551	1	0
0.918367	-1	0.00081533
0.918367	-0.959184	0.0016275
0.918367	-0.918367	0.00243335
0.918367	-0.877551	0.00322976
0.918367	-0.836735	0.00401363
0.918367	-0.795918	0.00478192
0.918367	-0.755102	0.00553163
0.918367	-0.714286	0.00625984
0.918367	-0.673469	0.00696369
0.918367	-0.632653	0.00764045
0.918367	-0.591837	0.00828744
0.918367	-0.55102	0.00890212
0.918367	-0.510204	0.00948207
0.918367	-0.469388	0.010025
0.918367	-0.428571	0.0105287
0.918367	-0.387755	0.0109913
0.918367	-0.346939	0.0114108
0.918367	-0.306122	0.0117855
0.918367	-0.265306	0.012114
0.918367	-0.22449	0.0123949
0.918367	-0.183673	0.0126271
0.918367	-0.142857	0.0128096
0.918367	-0.102041	0.0129416
0.918367	-0.0612245	0.0130226
0.918367	-0.0204082	0.0130522
0.918367	0.0204082	0.0130302
0.918367	0.0612245	0.0129567
0.918367	0.102041	0.0128319
0.918367	0.142857	0.0126563
0.918367	0.183673	0.0124305
0.918367	0.22449	0.0121554
0.918367	0.265306	0.0118321
0.918367	0.306122	0.0114618
0.918367	0.346939	0.011046
0.918367	0.387755	0.0105863
0.918367	0.428571	0.0100844
0.918367	0.469388	0.00954245
0.918367	0.510204	0.0089625
0.918367	0.55102	0.00834686
0.918367	0.591837	0.00769798
0.918367	0.632653	0.00701843
0.918367	0.673469	0.00631091
0.918367	0.714286	0.00557824
0.918367	0.755102	0.00482333
0.918367	0.795918	0.00404919
0.918367	0.836735	0.0032589
0.918367	0.877551	0.00245562
0.918367	0.918367	0.00164254
0.918367	0.959184	0.000822911
0.918367	1	0
0.959184	-1	0.000408479
0.959184	-0.959184	0.000815374
0.959184	-0.918367	0.00121911
0.959184	-0.877551	0.00161811
0.959184	-0.836735	0.00201083
0.959184	-0.795918	0.00239574
0.959184	-0.755102	0.00277134
0.959184	-0.714286	0.00313617
0.959184	-0.673469	0.0034888
0.959184	-0.632653	0.00382786
0.959184	-0.591837	0.004152
0.959184	-0.55102	0.00445996
0.959184	-0.510204	0.00475051
0.959184	-0.469388	0.00502251
0.959184	-0.428571	0.00527488
0.959184	-0.387755	0.00550661
0.959184	-0.346939	0.00571678
0.959184	-0.306122	0.00590453
0.959184	-0.265306	0.00606911
0.959184	-0.22449	0.00620985
0.959184	-0.183673	0.00632617
0.959184	-0.142857	0.0064176
0.959184	-0.102041	0.00648373
0.959184	-0.0612245	0.0065243
0.959184	-0.0204082	0.00653912
0.959184	0.0204082	0.0065281
0.959184	0.0612245	0.00649127
0.959184	0.102041	0.00642875
0.959184	0.142857	0.00634077
0.959184	0.183673	0.00622767
0.959184	0.22449	0.00608986
0.959184	0.265306	0.00592788
0.959184	0.306122	0.00574237
0.959184	0.346939	0.00553404
0.959184	0.387755	0.00530371
0.959184	0.428571	0.00505228
0.959184	0.469388	0.00478076
0.959184	0.510204	0.0044902
0.959184	0.55102	0.00418177
0.959184	0.591837	0.00385668
0.959184	0.632653	0.00351623
0.959184	0.673469	0.00316176
0.959184	0.714286	0.00279469
0.959184	0.755102	0.00241648
0.959184	0.795918	0.00202864
0.959184	0.836735	0.00163271
0.959184	0.877551	0.00123026
0.959184	0.918367	0.000822911
0.959184	0.959184	0.000412278
0.959184	1	0
1	-1	0
1	-0.959184	0
1	-0.918367	0
1	-0.877551	0
1	-0.836735	0
1	-0.795918	0
1	-0.755102	0
1	-0.714286	0
1	-0.673469	0
1	-0.632653	0
1	-0.591837	0
1	-0.55102	0
1	-0.510204	0
1	-0.469388	0
1	-0.428571	0
1	-0.387755	0
1	-0.346939	0
1	-0.306122	0
1	-0.265306	0
1	-0.22449	0
1	-0.183673	0
1	-0.142857	0
1	-0.102041	0
1	-0.0612245	0
1	-0.0204082	0
1	0.0204082	0
1	0.0612245	0
1	0.102041	0
1	0.142857	0
1	0.183673	0
1	0.22449	0
1	0.265306	0
1	0.306122	0
1	0.346939	0
1	0.387755	0
1	0.428571	0
1	0.469388	0
1	0.510204	0
1	0.55102	0
1	0.591837	0
1	0.632653	0
1	0.673469	0
1	0.714286	0
1	0.755102	0
1	0.795918	0
1	0.836735	0
1	0.877551	0
1	0.918367	0
1	0.959184	0
1	1	0
