-1	-1	4.62001e-05
-1	-0.959184	9.2218e-05
-1	-0.918367	0.000137872
-1	-0.877551	0.000182983
-1	-0.836735	0.000227371
-1	-0.795918	0.000270863
-1	-0.755102	0.000313286
-1	-0.714286	0.000354473
-1	-0.673469	0.000394262
-1	-0.632653	0.000432496
-1	-0.591837	0.000469024
-1	-0.55102	0.000503701
-1	-0.510204	0.000536392
-1	-0.469388	0.000566966
-1	-0.428571	0.000595303
-1	-0.387755	0.000621292
-1	-0.346939	0.00064483
-1	-0.306122	0.000665823
-1	-0.265306	0.000684189
-1	-0.22449	0.000699856
-1	-0.183673	0.000712761
-1	-0.142857	0.000722853
-1	-0.102041	0.000730093
-1	-0.0612245	0.000734452
-1	-0.0204082	0.000735912
-1	0.0204082	0.000734468
-1	0.0612245	0.000730125
-1	0.102041	0.000722901
-1	0.142857	0.000712823
-1	0.183673	0.000699932
-1	0.22449	0.000684278
-1	0.265306	0.000665923
-1	0.306122	0.000644939
-1	0.346939	0.00062141
-1	0.387755	0.000595427
-1	0.428571	0.000567094
-1	0.469388	0.000536521
-1	0.510204	0.000503831
-1	0.55102	0.000469152
-1	0.591837	0.00043262
-1	0.632653	0.00039438
-1	0.673469	0.000354583
-1	0.714286	0.000313386
-1	0.755102	0.000270952
-1	0.795918	0.000227447
-1	0.836735	0.000183045
-1	0.877551	0.00013792
-1	0.918367	9.22504e-05
-1	0.959184	4.62164e-05
-1	1	0
-0.959184	-1	9.2218e-05
-0.959184	-0.959184	0.000184072
-0.959184	-0.918367	0.000275201
-0.959184	-0.877551	0.000365243
-0.959184	-0.836735	0.000453845
-0.959184	-0.795918	0.000540657
-0.959184	-0.755102	0.000625336
-0.959184	-0.714286	0.000707548
-0.959184	-0.673469	0.00078697
-0.959184	-0.632653	0.000863287
-0.959184	-0.591837	0.000936198
-0.959184	-0.55102	0.00100542
-0.959184	-0.510204	0.00107067
-0.959184	-0.469388	0.0011317
-0.959184	-0.428571	0.00118826
-0.959184	-0.387755	0.00124013
-0.959184	-0.346939	0.00128712
-0.959184	-0.306122	0.00132902
-0.959184	-0.265306	0.00136568
-0.959184	-0.22449	0.00139695
-0.959184	-0.183673	0.00142271
-0.959184	-0.142857	0.00144285
-0.959184	-0.102041	0.00145731
-0.959184	-0.0612245	0.00146601
-0.959184	-0.0204082	0.00146892
-0.959184	0.0204082	0.00146604
-0.959184	0.0612245	0.00145737
-0.959184	0.102041	0.00144295
-0.959184	0.142857	0.00142283
-0.959184	0.183673	0.0013971
-0.959184	0.22449	0.00136586
-0.959184	0.265306	0.00132922
-0.959184	0.306122	0.00128733
-0.959184	0.346939	0.00124037
-0.959184	0.387755	0.00118851
-0.959184	0.428571	0.00113195
-0.959184	0.469388	0.00107093
-0.959184	0.510204	0.00100567
-0.959184	0.55102	0.000936453
-0.959184	0.591837	0.000863533
-0.959184	0.632653	0.000787205
-0.959184	0.673469	0.000707768
-0.959184	0.714286	0.000625536
-0.959184	0.755102	0.000540835
-0.959184	0.795918	0.000453998
-0.959184	0.836735	0.000365368
-0.959184	0.877551	0.000275296
-0.959184	0.918367	0.000184137
-0.959184	0.959184	9.22506e-05
-0.959184	1	0
-0.918367	-1	0.000137872
-0.918367	-0.959184	0.000275201
-0.918367	-0.918367	0.000411443
-0.918367	-0.877551	0.000546063
-0.918367	-0.836735	0.000678529
-0.918367	-0.795918	0.000808319
-0.918367	-0.755102	0.00093492
-0.918367	-0.714286	0.00105783
-0.918367	-0.673469	0.00117657
-0.918367	-0.632653	0.00129067
-0.918367	-0.591837	0.00139968
-0.918367	-0.55102	0.00150316
-0.918367	-0.510204	0.00160072
-0.918367	-0.469388	0.00169196
-0.918367	-0.428571	0.00177653
-0.918367	-0.387755	0.00185408
-0.918367	-0.346939	0.00192432
-0.918367	-0.306122	0.00198697
-0.918367	-0.265306	0.00204178
-0.918367	-0.22449	0.00208854
-0.918367	-0.183673	0.00212705
-0.918367	-0.142857	0.00215716
-0.918367	-0.102041	0.00217877
-0.918367	-0.0612245	0.00219178
-0.918367	-0.0204082	0.00219614
-0.918367	0.0204082	0.00219183
-0.918367	0.0612245	0.00217887
-0.918367	0.102041	0.00215731
-0.918367	0.142857	0.00212723
-0.918367	0.183673	0.00208876
-0.918367	0.22449	0.00204205
-0.918367	0.265306	0.00198727
-0.918367	0.306122	0.00192465
-0.918367	0.346939	0.00185443
-0.918367	0.387755	0.0017769
-0.918367	0.428571	0.00169234
-0.918367	0.469388	0.00160111
-0.918367	0.510204	0.00150355
-0.918367	0.55102	0.00140006
-0.918367	0.591837	0.00129104
-0.918367	0.632653	0.00117692
-0.918367	0.673469	0.00105816
-0.918367	0.714286	0.000935219
-0.918367	0.755102	0.000808584
-0.918367	0.795918	0.000678757
-0.918367	0.836735	0.00054625
-0.918367	0.877551	0.000411586
-0.918367	0.918367	0.000275297
-0.918367	0.959184	0.000137921
-0.918367	1	0
-0.877551	-1	0.000182983
-0.877551	-0.959184	0.000365243
-0.877551	-0.918367	0.000546063
-0.877551	-0.877551	0.000724729
-0.877551	-0.836735	0.000900537
-0.877551	-0.795918	0.00107279
-0.877551	-0.755102	0.00124082
-0.877551	-0.714286	0.00140394
-0.877551	-0.673469	0.00156154
-0.877551	-0.632653	0.00171297
-0.877551	-0.591837	0.00185764
-0.877551	-0.55102	0.00199498
-0.877551	-0.510204	0.00212446
-0.877551	-0.469388	0.00224555
-0.877551	-0.428571	0.00235779
-0.877551	-0.387755	0.00246072
-0.877551	-0.346939	0.00255394
-0.877551	-0.306122	0.00263709
-0.877551	-0.265306	0.00270983
-0.877551	-0.22449	0.00277188
-0.877551	-0.183673	0.00282299
-0.877551	-0.142857	0.00286297
-0.877551	-0.102041	0.00289164
-0.877551	-0.0612245	0.0029089
-0.877551	-0.0204082	0.00291469
-0.877551	0.0204082	0.00290897
-0.877551	0.0612245	0.00289177
-0.877551	0.102041	0.00286316
-0.877551	0.142857	0.00282324
-0.877551	0.183673	0.00277218
-0.877551	0.22449	0.00271018
-0.877551	0.265306	0.00263749
-0.877551	0.306122	0.00255438
-0.877551	0.346939	0.00246119
-0.877551	0.387755	0.00235828
-0.877551	0.428571	0.00224606
-0.877551	0.469388	0.00212497
-0.877551	0.510204	0.0019955
-0.877551	0.55102	0.00185814
-0.877551	0.591837	0.00171346
-0.877551	0.632653	0.001562
-0.877551	0.673469	0.00140438
-0.877551	0.714286	0.00124121
-0.877551	0.755102	0.00107314
-0.877551	0.795918	0.000900839
-0.877551	0.836735	0.000724977
-0.877551	0.877551	0.000546253
-0.877551	0.918367	0.000365371
-0.877551	0.959184	0.000183047
-0.877551	1	0
-0.836735	-1	0.000227371
-0.836735	-0.959184	0.000453845
-0.836735	-0.918367	0.000678529
-0.836735	-0.877551	0.000900537
-0.836735	-0.836735	0.00111899
-0.836735	-0.795918	0.00133303
-0.836735	-0.755102	0.00154182
-0.836735	-0.714286	0.00174452
-0.836735	-0.673469	0.00194034
-0.836735	-0.632653	0.0021285
-0.836735	-0.591837	0.00230827
-0.836735	-0.55102	0.00247893
-0.836735	-0.510204	0.00263982
-0.836735	-0.469388	0.00279029
-0.836735	-0.428571	0.00292975
-0.836735	-0.387755	0.00305765
-0.836735	-0.346939	0.00317349
-0.836735	-0.306122	0.0032768
-0.836735	-0.265306	0.00336719
-0.836735	-0.22449	0.00344429
-0.836735	-0.183673	0.00350781
-0.836735	-0.142857	0.00355747
-0.836735	-0.102041	0.00359311
-0.836735	-0.0612245	0.00361456
-0.836735	-0.0204082	0.00362174
-0.836735	0.0204082	0.00361464
-0.836735	0.0612245	0.00359326
-0.836735	0.102041	0.00355771
-0.836735	0.142857	0.00350811
-0.836735	0.183673	0.00344467
-0.836735	0.22449	0.00336763
-0.836735	0.265306	0.0032773
-0.836735	0.306122	0.00317403
-0.836735	0.346939	0.00305823
-0.836735	0.387755	0.00293036
-0.836735	0.428571	0.00279092
-0.836735	0.469388	0.00264046
-0.836735	0.510204	0.00247957
-0.836735	0.55102	0.0023089
-0.836735	0.591837	0.00212911
-0.836735	0.632653	0.00194092
-0.836735	0.673469	0.00174506
-0.836735	0.714286	0.00154231
-0.836735	0.755102	0.00133347
-0.836735	0.795918	0.00111937
-0.836735	0.836735	0.000900845
-0.836735	0.877551	0.000678765
-0.836735	0.918367	0.000454004
-0.836735	0.959184	0.000227451
-0.836735	1	0
-0.795918	-1	0.000270863
-0.795918	-0.959184	0.000540657
-0.795918	-0.918367	0.000808319
-0.795918	-0.877551	0.00107279
-0.795918	-0.836735	0.00133303
-0.795918	-0.795918	0.00158802
-0.795918	-0.755102	0.00183674
-0.795918	-0.714286	0.00207821
-0.795918	-0.673469	0.00231149
-0.795918	-0.632653	0.00253564
-0.795918	-0.591837	0.0027498
-0.795918	-0.55102	0.00295311
-0.795918	-0.510204	0.00314476
-0.795918	-0.469388	0.00332401
-0.795918	-0.428571	0.00349015
-0.795918	-0.387755	0.00364252
-0.795918	-0.346939	0.00378051
-0.795918	-0.306122	0.00390359
-0.795918	-0.265306	0.00401127
-0.795918	-0.22449	0.00410312
-0.795918	-0.183673	0.00417878
-0.795918	-0.142857	0.00423795
-0.795918	-0.102041	0.0042804
-0.795918	-0.0612245	0.00430595
-0.795918	-0.0204082	0.00431451
-0.795918	0.0204082	0.00430605
-0.795918	0.0612245	0.00428059
-0.795918	0.102041	0.00423823
-0.795918	0.142857	0.00417915
-0.795918	0.183673	0.00410357
-0.795918	0.22449	0.00401179
-0.795918	0.265306	0.00390418
-0.795918	0.306122	0.00378116
-0.795918	0.346939	0.00364321
-0.795918	0.387755	0.00349088
-0.795918	0.428571	0.00332476
-0.795918	0.469388	0.00314552
-0.795918	0.510204	0.00295387
-0.795918	0.55102	0.00275055
-0.795918	0.591837	0.00253637
-0.795918	0.632653	0.00231218
-0.795918	0.673469	0.00207885
-0.795918	0.714286	0.00183732
-0.795918	0.755102	0.00158854
-0.795918	0.795918	0.00133348
-0.795918	0.836735	0.00107316
-0.795918	0.877551	0.000808599
-0.795918	0.918367	0.000540847
-0.795918	0.959184	0.000270958
-0.795918	1	0
-0.755102	-1	0.000313286
-0.755102	-0.959184	0.000625336
-0.755102	-0.918367	0.00093492
-0.755102	-0.877551	0.00124082
-0.755102	-0.836735	0.00154182
-0.755102	-0.795918	0.00183674
-0.755102	-0.755102	0.00212441
-0.755102	-0.714286	0.00240371
-0.755102	-0.673469	0.00267352
-0.755102	-0.632653	0.00293278
-0.755102	-0.591837	0.00318048
-0.755102	-0.55102	0.00341563
-0.755102	-0.510204	0.0036373
-0.755102	-0.469388	0.00384463
-0.755102	-0.428571	0.00403679
-0.755102	-0.387755	0.00421302
-0.755102	-0.346939	0.00437263
-0.755102	-0.306122	0.00451499
-0.755102	-0.265306	0.00463953
-0.755102	-0.22449	0.00474576
-0.755102	-0.183673	0.00483327
-0.755102	-0.142857	0.00490171
-0.755102	-0.102041	0.0049508
-0.755102	-0.0612245	0.00498036
-0.755102	-0.0204082	0.00499026
-0.755102	0.0204082	0.00498047
-0.755102	0.0612245	0.00495102
-0.755102	0.102041	0.00490203
-0.755102	0.142857	0.0048337
-0.755102	0.183673	0.00474628
-0.755102	0.22449	0.00464013
-0.755102	0.265306	0.00451566
-0.755102	0.306122	0.00437337
-0.755102	0.346939	0.00421382
-0.755102	0.387755	0.00403763
-0.755102	0.428571	0.0038455
-0.755102	0.469388	0.00363818
-0.755102	0.510204	0.00341651
-0.755102	0.55102	0.00318135
-0.755102	0.591837	0.00293362
-0.755102	0.632653	0.00267432
-0.755102	0.673469	0.00240445
-0.755102	0.714286	0.00212509
-0.755102	0.755102	0.00183734
-0.755102	0.795918	0.00154233
-0.755102	0.836735	0.00124124
-0.755102	0.877551	0.000935244
-0.755102	0.918367	0.000625555
-0.755102	0.959184	0.000313396
-0.755102	1	0
-0.714286	-1	0.000354473
-0.714286	-0.959184	0.000707548
-0.714286	-0.918367	0.00105783
-0.714286	-0.877551	0.00140394
-0.714286	-0.836735	0.00174452
-0.714286	-0.795918	0.00207821
-0.714286	-0.755102	0.00240371
-0.714286	-0.714286	0.00271972
-0.714286	-0.673469	0.003025
-0.714286	-0.632653	0.00331835
-0.714286	-0.591837	0.00359861
-0.714286	-0.55102	0.00386468
-0.714286	-0.510204	0.0041155
-0.714286	-0.469388	0.00435008
-0.714286	-0.428571	0.0045675
-0.714286	-0.387755	0.0047669
-0.714286	-0.346939	0.00494749
-0.714286	-0.306122	0.00510857
-0.714286	-0.265306	0.00524948
-0.714286	-0.22449	0.00536968
-0.714286	-0.183673	0.0054687
-0.714286	-0.142857	0.00554613
-0.714286	-0.102041	0.00560168
-0.714286	-0.0612245	0.00563512
-0.714286	-0.0204082	0.00564633
-0.714286	0.0204082	0.00563525
-0.714286	0.0612245	0.00560193
-0.714286	0.102041	0.0055465
-0.714286	0.142857	0.00546918
-0.714286	0.183673	0.00537027
-0.714286	0.22449	0.00525016
-0.714286	0.265306	0.00510933
-0.714286	0.306122	0.00494834
-0.714286	0.346939	0.0047678
-0.714286	0.387755	0.00456845
-0.714286	0.428571	0.00435106
-0.714286	0.469388	0.00411649
-0.714286	0.510204	0.00386567
-0.714286	0.55102	0.00359959
-0.714286	0.591837	0.0033193
-0.714286	0.632653	0.0030259
-0.714286	0.673469	0.00272056
-0.714286	0.714286	0.00240447
-0.714286	0.755102	0.00207889
-0.714286	0.795918	0.0017451
-0.714286	0.836735	0.00140442
-0.714286	0.877551	0.0010582
-0.714286	0.918367	0.000707796
-0.714286	0.959184	0.000354598
-0.714286	1	0
-0.673469	-1	0.000394262
-0.673469	-0.959184	0.00078697
-0.673469	-0.918367	0.00117657
-0.673469	-0.877551	0.00156154
-0.673469	-0.836735	0.00194034
-0.673469	-0.795918	0.00231149
-0.673469	-0.755102	0.00267352
-0.673469	-0.714286	0.003025
-0.673469	-0.673469	0.00336455
-0.673469	-0.632653	0.00369083
-0.673469	-0.591837	0.00400255
-0.673469	-0.55102	0.00429848
-0.673469	-0.510204	0.00457746
-0.673469	-0.469388	0.00483837
-0.673469	-0.428571	0.0050802
-0.673469	-0.387755	0.00530198
-0.673469	-0.346939	0.00550284
-0.673469	-0.306122	0.005682
-0.673469	-0.265306	0.00583873
-0.673469	-0.22449	0.00597242
-0.673469	-0.183673	0.00608255
-0.673469	-0.142857	0.00616868
-0.673469	-0.102041	0.00623046
-0.673469	-0.0612245	0.00626766
-0.673469	-0.0204082	0.00628012
-0.673469	0.0204082	0.0062678
-0.673469	0.0612245	0.00623074
-0.673469	0.102041	0.00616909
-0.673469	0.142857	0.00608309
-0.673469	0.183673	0.00597307
-0.673469	0.22449	0.00583949
-0.673469	0.265306	0.00568285
-0.673469	0.306122	0.00550378
-0.673469	0.346939	0.00530298
-0.673469	0.387755	0.00508125
-0.673469	0.428571	0.00483946
-0.673469	0.469388	0.00457856
-0.673469	0.510204	0.00429959
-0.673469	0.55102	0.00400364
-0.673469	0.591837	0.00369189
-0.673469	0.632653	0.00336556
-0.673469	0.673469	0.00302594
-0.673469	0.714286	0.00267437
-0.673469	0.755102	0.00231225
-0.673469	0.795918	0.00194099
-0.673469	0.836735	0.00156207
-0.673469	0.877551	0.00117698
-0.673469	0.918367	0.000787246
-0.673469	0.959184	0.000394401
-0.673469	1	0
-0.632653	-1	0.000432496
-0.632653	-0.959184	0.000863287
-0.632653	-0.918367	0.00129067
-0.632653	-0.877551	0.00171297
-0.632653	-0.836735	0.0021285
-0.632653	-0.795918	0.00253564
-0.632653	-0.755102	0.00293278
-0.632653	-0.714286	0.00331835
-0.632653	-0.673469	0.00369083
-0.632653	-0.632653	0.00404876
-0.632653	-0.591837	0.0043907
-0.632653	-0.55102	0.00471533
-0.632653	-0.510204	0.00502136
-0.632653	-0.469388	0.00530757
-0.632653	-0.428571	0.00557285
-0.632653	-0.387755	0.00581614
-0.632653	-0.346939	0.00603648
-0.632653	-0.306122	0.00623301
-0.632653	-0.265306	0.00640494
-0.632653	-0.22449	0.0065516
-0.632653	-0.183673	0.00667241
-0.632653	-0.142857	0.00676689
-0.632653	-0.102041	0.00683466
-0.632653	-0.0612245	0.00687547
-0.632653	-0.0204082	0.00688914
-0.632653	0.0204082	0.00687562
-0.632653	0.0612245	0.00683497
-0.632653	0.102041	0.00676734
-0.632653	0.142857	0.006673
-0.632653	0.183673	0.00655232
-0.632653	0.22449	0.00640578
-0.632653	0.265306	0.00623395
-0.632653	0.306122	0.00603751
-0.632653	0.346939	0.00581724
-0.632653	0.387755	0.00557401
-0.632653	0.428571	0.00530877
-0.632653	0.469388	0.00502257
-0.632653	0.510204	0.00471655
-0.632653	0.55102	0.0043919
-0.632653	0.591837	0.00404991
-0.632653	0.632653	0.00369194
-0.632653	0.673469	0.00331938
-0.632653	0.714286	0.00293372
-0.632653	0.755102	0.00253648
-0.632653	0.795918	0.00212922
-0.632653	0.836735	0.00171355
-0.632653	0.877551	0.00129112
-0.632653	0.918367	0.000863589
-0.632653	0.959184	0.000432649
-0.632653	1	0
-0.591837	-1	0.000469024
-0.591837	-0.959184	0.000936198
-0.591837	-0.918367	0.00139968
-0.591837	-0.877551	0.00185764
-0.591837	-0.836735	0.00230827
-0.591837	-0.795918	0.0027498
-0.591837	-0.755102	0.00318048
-0.591837	-0.714286	0.00359861
-0.591837	-0.673469	0.00400255
-0.591837	-0.632653	0.0043907
-0.591837	-0.591837	0.00476153
-0.591837	-0.55102	0.00511358
-0.591837	-0.510204	0.00544545
-0.591837	-0.469388	0.00575584
-0.591837	-0.428571	0.00604352
-0.591837	-0.387755	0.00630736
-0.591837	-0.346939	0.00654631
-0.591837	-0.306122	0.00675944
-0.591837	-0.265306	0.00694589
-0.591837	-0.22449	0.00710494
-0.591837	-0.183673	0.00723595
-0.591837	-0.142857	0.00733841
-0.591837	-0.102041	0.00741191
-0.591837	-0.0612245	0.00745616
-0.591837	-0.0204082	0.00747098
-0.591837	0.0204082	0.00745632
-0.591837	0.0612245	0.00741223
-0.591837	0.102041	0.00733889
-0.591837	0.142857	0.00723658
-0.591837	0.183673	0.00710571
-0.591837	0.22449	0.00694679
-0.591837	0.265306	0.00676045
-0.591837	0.306122	0.00654743
-0.591837	0.346939	0.00630855
-0.591837	0.387755	0.00604478
-0.591837	0.428571	0.00575714
-0.591837	0.469388	0.00544677
-0.591837	0.510204	0.0051149
-0.591837	0.55102	0.00476283
-0.591837	0.591837	0.00439196
-0.591837	0.632653	0.00400375
-0.591837	0.673469	0.00359973
-0.591837	0.714286	0.0031815
-0.591837	0.755102	0.0027507
-0.591837	0.795918	0.00230905
-0.591837	0.836735	0.00185827
-0.591837	0.877551	0.00140016
-0.591837	0.918367	0.000936526
-0.591837	0.959184	0.000469189
-0.591837	1	0
-0.55102	-1	0.000503701
-0.55102	-0.959184	0.00100542
-0.55102	-0.918367	0.00150316
-0.55102	-0.877551	0.00199498
-0.55102	-0.836735	0.00247893
-0.55102	-0.795918	0.00295311
-0.55102	-0.755102	0.00341563
-0.55102	-0.714286	0.00386468
-0.55102	-0.673469	0.00429848
-0.55102	-0.632653	0.00471533
-0.55102	-0.591837	0.00511358
-0.55102	-0.55102	0.00549165
-0.55102	-0.510204	0.00584806
-0.55102	-0.469388	0.0061814
-0.55102	-0.428571	0.00649035
-0.55102	-0.387755	0.0067737
-0.55102	-0.346939	0.00703032
-0.55102	-0.306122	0.0072592
-0.55102	-0.265306	0.00745944
-0.55102	-0.22449	0.00763024
-0.55102	-0.183673	0.00777094
-0.55102	-0.142857	0.00788097
-0.55102	-0.102041	0.00795991
-0.55102	-0.0612245	0.00800743
-0.55102	-0.0204082	0.00802335
-0.55102	0.0204082	0.00800761
-0.55102	0.0612245	0.00796026
-0.55102	0.102041	0.00788149
-0.55102	0.142857	0.00777162
-0.55102	0.183673	0.00763108
-0.55102	0.22449	0.00746041
-0.55102	0.265306	0.00726029
-0.55102	0.306122	0.00703151
-0.55102	0.346939	0.00677498
-0.55102	0.387755	0.0064917
-0.55102	0.428571	0.00618279
-0.55102	0.469388	0.00584948
-0.55102	0.510204	0.00549307
-0.55102	0.55102	0.00511497
-0.55102	0.591837	0.00471668
-0.55102	0.632653	0.00429977
-0.55102	0.673469	0.00386588
-0.55102	0.714286	0.00341672
-0.55102	0.755102	0.00295408
-0.55102	0.795918	0.00247977
-0.55102	0.836735	0.00199567
-0.55102	0.877551	0.00150369
-0.55102	0.918367	0.00100577
-0.55102	0.959184	0.000503879
-0.55102	1	0
-0.510204	-1	0.000536392
-0.510204	-0.959184	0.00107067
-0.510204	-0.918367	0.00160072
-0.510204	-0.877551	0.00212446
-0.510204	-0.836735	0.00263982
-0.510204	-0.795918	0.00314476
-0.510204	-0.755102	0.0036373
-0.510204	-0.714286	0.0041155
-0.510204	-0.673469	0.00457746
-0.510204	-0.632653	0.00502136
-0.510204	-0.591837	0.00544545
-0.510204	-0.55102	0.00584806
-0.510204	-0.510204	0.0062276
-0.510204	-0.469388	0.00658258
-0.510204	-0.428571	0.00691158
-0.510204	-0.387755	0.00721331
-0.510204	-0.346939	0.00748659
-0.510204	-0.306122	0.00773032
-0.510204	-0.265306	0.00794356
-0.510204	-0.22449	0.00812545
-0.510204	-0.183673	0.00827528
-0.510204	-0.142857	0.00839245
-0.510204	-0.102041	0.00847651
-0.510204	-0.0612245	0.00852711
-0.510204	-0.0204082	0.00854407
-0.510204	0.0204082	0.0085273
-0.510204	0.0612245	0.00847688
-0.510204	0.102041	0.00839301
-0.510204	0.142857	0.008276
-0.510204	0.183673	0.00812633
-0.510204	0.22449	0.00794459
-0.510204	0.265306	0.00773148
-0.510204	0.306122	0.00748786
-0.510204	0.346939	0.00721468
-0.510204	0.387755	0.00691301
-0.510204	0.428571	0.00658406
-0.510204	0.469388	0.00622911
-0.510204	0.510204	0.00584957
-0.510204	0.55102	0.00544693
-0.510204	0.591837	0.00502279
-0.510204	0.632653	0.00457882
-0.510204	0.673469	0.00411677
-0.510204	0.714286	0.00363847
-0.510204	0.755102	0.0031458
-0.510204	0.795918	0.00264071
-0.510204	0.836735	0.00212519
-0.510204	0.877551	0.00160128
-0.510204	0.918367	0.00107104
-0.510204	0.959184	0.000536581
-0.510204	1	0
-0.469388	-1	0.000566966
-0.469388	-0.959184	0.0011317
-0.469388	-0.918367	0.00169196
-0.469388	-0.877551	0.00224555
-0.469388	-0.836735	0.00279029
-0.469388	-0.795918	0.00332401
-0.469388	-0.755102	0.00384463
-0.469388	-0.714286	0.00435008
-0.469388	-0.673469	0.00483837
-0.469388	-0.632653	0.00530757
-0.469388	-0.591837	0.00575584
-0.469388	-0.55102	0.0061814
-0.469388	-0.510204	0.00658258
-0.469388	-0.469388	0.00695778
-0.469388	-0.428571	0.00730554
-0.469388	-0.387755	0.00762447
-0.469388	-0.346939	0.00791332
-0.469388	-0.306122	0.00817095
-0.469388	-0.265306	0.00839634
-0.469388	-0.22449	0.0085886
-0.469388	-0.183673	0.00874696
-0.469388	-0.142857	0.00887082
-0.469388	-0.102041	0.00895967
-0.469388	-0.0612245	0.00901316
-0.469388	-0.0204082	0.00903108
-0.469388	0.0204082	0.00901336
-0.469388	0.0612245	0.00896006
-0.469388	0.102041	0.0088714
-0.469388	0.142857	0.00874773
-0.469388	0.183673	0.00858953
-0.469388	0.22449	0.00839743
-0.469388	0.265306	0.00817218
-0.469388	0.306122	0.00791467
-0.469388	0.346939	0.00762591
-0.469388	0.387755	0.00730705
-0.469388	0.428571	0.00695935
-0.469388	0.469388	0.00658417
-0.469388	0.510204	0.00618299
-0.469388	0.55102	0.00575741
-0.469388	0.591837	0.00530909
-0.469388	0.632653	0.00483981
-0.469388	0.673469	0.00435143
-0.469388	0.714286	0.00384586
-0.469388	0.755102	0.00332511
-0.469388	0.795918	0.00279122
-0.469388	0.836735	0.00224632
-0.469388	0.877551	0.00169255
-0.469388	0.918367	0.00113209
-0.469388	0.959184	0.000567166
-0.469388	1	0
-0.428571	-1	0.000595303
-0.428571	-0.959184	0.00118826
-0.428571	-0.918367	0.00177653
-0.428571	-0.877551	0.00235779
-0.428571	-0.836735	0.00292975
-0.428571	-0.795918	0.00349015
-0.428571	-0.755102	0.00403679
-0.428571	-0.714286	0.0045675
-0.428571	-0.673469	0.0050802
-0.428571	-0.632653	0.00557285
-0.428571	-0.591837	0.00604352
-0.428571	-0.55102	0.00649035
-0.428571	-0.510204	0.00691158
-0.428571	-0.469388	0.00730554
-0.428571	-0.428571	0.00767067
-0.428571	-0.387755	0.00800554
-0.428571	-0.346939	0.00830883
-0.428571	-0.306122	0.00857934
-0.428571	-0.265306	0.00881599
-0.428571	-0.22449	0.00901786
-0.428571	-0.183673	0.00918414
-0.428571	-0.142857	0.00931419
-0.428571	-0.102041	0.00940748
-0.428571	-0.0612245	0.00946364
-0.428571	-0.0204082	0.00948246
-0.428571	0.0204082	0.00946385
-0.428571	0.0612245	0.00940789
-0.428571	0.102041	0.0093148
-0.428571	0.142857	0.00918495
-0.428571	0.183673	0.00901884
-0.428571	0.22449	0.00881714
-0.428571	0.265306	0.00858063
-0.428571	0.306122	0.00831025
-0.428571	0.346939	0.00800706
-0.428571	0.387755	0.00767226
-0.428571	0.428571	0.00730718
-0.428571	0.469388	0.00691325
-0.428571	0.510204	0.00649202
-0.428571	0.55102	0.00604517
-0.428571	0.591837	0.00557444
-0.428571	0.632653	0.00508171
-0.428571	0.673469	0.00456891
-0.428571	0.714286	0.00403808
-0.428571	0.755102	0.0034913
-0.428571	0.795918	0.00293073
-0.428571	0.836735	0.00235859
-0.428571	0.877551	0.00177714
-0.428571	0.918367	0.00118868
-0.428571	0.959184	0.000595513
-0.428571	1	0
-0.387755	-1	0.000621292
-0.387755	-0.959184	0.00124013
-0.387755	-0.918367	0.00185408
-0.387755	-0.877551	0.00246072
-0.387755	-0.836735	0.00305765
-0.387755	-0.795918	0.00364252
-0.387755	-0.755102	0.00421302
-0.387755	-0.714286	0.0047669
-0.387755	-0.673469	0.00530198
-0.387755	-0.632653	0.00581614
-0.387755	-0.591837	0.00630736
-0.387755	-0.55102	0.0067737
-0.387755	-0.510204	0.00721331
-0.387755	-0.469388	0.00762447
-0.387755	-0.428571	0.00800554
-0.387755	-0.387755	0.00835504
-0.387755	-0.346939	0.00867157
-0.387755	-0.306122	0.00895388
-0.387755	-0.265306	0.00920087
-0.387755	-0.22449	0.00941155
-0.387755	-0.183673	0.00958509
-0.387755	-0.142857	0.00972081
-0.387755	-0.102041	0.00981817
-0.387755	-0.0612245	0.00987679
-0.387755	-0.0204082	0.00989643
-0.387755	0.0204082	0.00987701
-0.387755	0.0612245	0.00981861
-0.387755	0.102041	0.00972145
-0.387755	0.142857	0.00958593
-0.387755	0.183673	0.00941257
-0.387755	0.22449	0.00920206
-0.387755	0.265306	0.00895523
-0.387755	0.306122	0.00867304
-0.387755	0.346939	0.00835662
-0.387755	0.387755	0.00800721
-0.387755	0.428571	0.00762618
-0.387755	0.469388	0.00721506
-0.387755	0.510204	0.00677544
-0.387755	0.55102	0.00630908
-0.387755	0.591837	0.0058178
-0.387755	0.632653	0.00530356
-0.387755	0.673469	0.00476838
-0.387755	0.714286	0.00421437
-0.387755	0.755102	0.00364372
-0.387755	0.795918	0.00305868
-0.387755	0.836735	0.00246156
-0.387755	0.877551	0.00185473
-0.387755	0.918367	0.00124057
-0.387755	0.959184	0.000621511
-0.387755	1	0
-0.346939	-1	0.00064483
-0.346939	-0.959184	0.00128712
-0.346939	-0.918367	0.00192432
-0.346939	-0.877551	0.00255394
-0.346939	-0.836735	0.00317349
-0.346939	-0.795918	0.00378051
-0.346939	-0.755102	0.00437263
-0.346939	-0.714286	0.00494749
-0.346939	-0.673469	0.00550284
-0.346939	-0.632653	0.00603648
-0.346939	-0.591837	0.00654631
-0.346939	-0.55102	0.00703032
-0.346939	-0.510204	0.00748659
-0.346939	-0.469388	0.00791332
-0.346939	-0.428571	0.00830883
-0.346939	-0.387755	0.00867157
-0.346939	-0.346939	0.00900009
-0.346939	-0.306122	0.0092931
-0.346939	-0.265306	0.00954944
-0.346939	-0.22449	0.0097681
-0.346939	-0.183673	0.00994822
-0.346939	-0.142857	0.0100891
-0.346939	-0.102041	0.0101901
-0.346939	-0.0612245	0.010251
-0.346939	-0.0204082	0.0102713
-0.346939	0.0204082	0.0102512
-0.346939	0.0612245	0.0101906
-0.346939	0.102041	0.0100897
-0.346939	0.142857	0.00994909
-0.346939	0.183673	0.00976917
-0.346939	0.22449	0.00955068
-0.346939	0.265306	0.00929449
-0.346939	0.306122	0.00900162
-0.346939	0.346939	0.00867321
-0.346939	0.387755	0.00831056
-0.346939	0.428571	0.0079151
-0.346939	0.469388	0.0074884
-0.346939	0.510204	0.00703213
-0.346939	0.55102	0.00654809
-0.346939	0.591837	0.00603821
-0.346939	0.632653	0.00550448
-0.346939	0.673469	0.00494903
-0.346939	0.714286	0.00437403
-0.346939	0.755102	0.00378176
-0.346939	0.795918	0.00317455
-0.346939	0.836735	0.00255482
-0.346939	0.877551	0.00192499
-0.346939	0.918367	0.00128757
-0.346939	0.959184	0.000645057
-0.346939	1	0
-0.306122	-1	0.000665823
-0.306122	-0.959184	0.00132902
-0.306122	-0.918367	0.00198697
-0.306122	-0.877551	0.00263709
-0.306122	-0.836735	0.0032768
-0.306122	-0.795918	0.00390359
-0.306122	-0.755102	0.00451499
-0.306122	-0.714286	0.00510857
-0.306122	-0.673469	0.005682
-0.306122	-0.632653	0.00623301
-0.306122	-0.591837	0.00675944
-0.306122	-0.55102	0.0072592
-0.306122	-0.510204	0.00773032
-0.306122	-0.469388	0.00817095
-0.306122	-0.428571	0.00857934
-0.306122	-0.387755	0.00895388
-0.306122	-0.346939	0.0092931
-0.306122	-0.306122	0.00959564
-0.306122	-0.265306	0.00986033
-0.306122	-0.22449	0.0100861
-0.306122	-0.183673	0.0102721
-0.306122	-0.142857	0.0104175
-0.306122	-0.102041	0.0105219
-0.306122	-0.0612245	0.0105847
-0.306122	-0.0204082	0.0106057
-0.306122	0.0204082	0.0105849
-0.306122	0.0612245	0.0105223
-0.306122	0.102041	0.0104182
-0.306122	0.142857	0.010273
-0.306122	0.183673	0.0100872
-0.306122	0.22449	0.00986161
-0.306122	0.265306	0.00959709
-0.306122	0.306122	0.00929468
-0.306122	0.346939	0.00895557
-0.306122	0.387755	0.00858112
-0.306122	0.428571	0.00817279
-0.306122	0.469388	0.00773219
-0.306122	0.510204	0.00726107
-0.306122	0.55102	0.00676128
-0.306122	0.591837	0.00623479
-0.306122	0.632653	0.00568369
-0.306122	0.673469	0.00511015
-0.306122	0.714286	0.00451643
-0.306122	0.755102	0.00390488
-0.306122	0.795918	0.00327791
-0.306122	0.836735	0.00263799
-0.306122	0.877551	0.00198766
-0.306122	0.918367	0.00132949
-0.306122	0.959184	0.000666058
-0.306122	1	0
-0.265306	-1	0.000684189
-0.265306	-0.959184	0.00136568
-0.265306	-0.918367	0.00204178
-0.265306	-0.877551	0.00270983
-0.265306	-0.836735	0.00336719
-0.265306	-0.795918	0.00401127
-0.265306	-0.755102	0.00463953
-0.265306	-0.714286	0.00524948
-0.265306	-0.673469	0.00583873
-0.265306	-0.632653	0.00640494
-0.265306	-0.591837	0.00694589
-0.265306	-0.55102	0.00745944
-0.265306	-0.510204	0.00794356
-0.265306	-0.469388	0.00839634
-0.265306	-0.428571	0.00881599
-0.265306	-0.387755	0.00920087
-0.265306	-0.346939	0.00954944
-0.265306	-0.306122	0.00986033
-0.265306	-0.265306	0.0101323
-0.265306	-0.22449	0.0103643
-0.265306	-0.183673	0.0105554
-0.265306	-0.142857	0.0107049
-0.265306	-0.102041	0.0108121
-0.265306	-0.0612245	0.0108767
-0.265306	-0.0204082	0.0108983
-0.265306	0.0204082	0.0108769
-0.265306	0.0612245	0.0108126
-0.265306	0.102041	0.0107056
-0.265306	0.142857	0.0105564
-0.265306	0.183673	0.0103655
-0.265306	0.22449	0.0101336
-0.265306	0.265306	0.00986182
-0.265306	0.306122	0.00955106
-0.265306	0.346939	0.00920261
-0.265306	0.387755	0.00881782
-0.265306	0.428571	0.00839823
-0.265306	0.469388	0.00794548
-0.265306	0.510204	0.00746136
-0.265306	0.55102	0.00694778
-0.265306	0.591837	0.00640677
-0.265306	0.632653	0.00584047
-0.265306	0.673469	0.00525111
-0.265306	0.714286	0.00464101
-0.265306	0.755102	0.00401259
-0.265306	0.795918	0.00336832
-0.265306	0.836735	0.00271076
-0.265306	0.877551	0.00204249
-0.265306	0.918367	0.00136616
-0.265306	0.959184	0.00068443
-0.265306	1	0
-0.22449	-1	0.000699856
-0.22449	-0.959184	0.00139695
-0.22449	-0.918367	0.00208854
-0.22449	-0.877551	0.00277188
-0.22449	-0.836735	0.00344429
-0.22449	-0.795918	0.00410312
-0.22449	-0.755102	0.00474576
-0.22449	-0.714286	0.00536968
-0.22449	-0.673469	0.00597242
-0.22449	-0.632653	0.0065516
-0.22449	-0.591837	0.00710494
-0.22449	-0.55102	0.00763024
-0.22449	-0.510204	0.00812545
-0.22449	-0.469388	0.0085886
-0.22449	-0.428571	0.00901786
-0.22449	-0.387755	0.00941155
-0.22449	-0.346939	0.0097681
-0.22449	-0.306122	0.0100861
-0.22449	-0.265306	0.0103643
-0.22449	-0.22449	0.0106017
-0.22449	-0.183673	0.0107971
-0.22449	-0.142857	0.01095
-0.22449	-0.102041	0.0110597
-0.22449	-0.0612245	0.0111257
-0.22449	-0.0204082	0.0111478
-0.22449	0.0204082	0.011126
-0.22449	0.0612245	0.0110602
-0.22449	0.102041	0.0109507
-0.22449	0.142857	0.0107981
-0.22449	0.183673	0.0106028
-0.22449	0.22449	0.0103657
-0.22449	0.265306	0.0100876
-0.22449	0.306122	0.00976976
-0.22449	0.346939	0.00941333
-0.22449	0.387755	0.00901973
-0.22449	0.428571	0.00859053
-0.22449	0.469388	0.00812741
-0.22449	0.510204	0.00763221
-0.22449	0.55102	0.00710687
-0.22449	0.591837	0.00655347
-0.22449	0.632653	0.0059742
-0.22449	0.673469	0.00537135
-0.22449	0.714286	0.00474728
-0.22449	0.755102	0.00410447
-0.22449	0.795918	0.00344545
-0.22449	0.836735	0.00277283
-0.22449	0.877551	0.00208926
-0.22449	0.918367	0.00139744
-0.22449	0.959184	0.000700102
-0.22449	1	0
-0.183673	-1	0.000712761
-0.183673	-0.959184	0.00142271
-0.183673	-0.918367	0.00212705
-0.183673	-0.877551	0.00282299
-0.183673	-0.836735	0.00350781
-0.183673	-0.795918	0.00417878
-0.183673	-0.755102	0.00483327
-0.183673	-0.714286	0.0054687
-0.183673	-0.673469	0.00608255
-0.183673	-0.632653	0.00667241
-0.183673	-0.591837	0.00723595
-0.183673	-0.55102	0.00777094
-0.183673	-0.510204	0.00827528
-0.183673	-0.469388	0.00874696
-0.183673	-0.428571	0.00918414
-0.183673	-0.387755	0.00958509
-0.183673	-0.346939	0.00994822
-0.183673	-0.306122	0.0102721
-0.183673	-0.265306	0.0105554
-0.183673	-0.22449	0.0107971
-0.183673	-0.183673	0.0109962
-0.183673	-0.142857	0.0111519
-0.183673	-0.102041	0.0112636
-0.183673	-0.0612245	0.0113309
-0.183673	-0.0204082	0.0113534
-0.183673	0.0204082	0.0113311
-0.183673	0.0612245	0.0112641
-0.183673	0.102041	0.0111527
-0.183673	0.142857	0.0109972
-0.183673	0.183673	0.0107983
-0.183673	0.22449	0.0105568
-0.183673	0.265306	0.0102736
-0.183673	0.306122	0.00994991
-0.183673	0.346939	0.0095869
-0.183673	0.387755	0.00918605
-0.183673	0.428571	0.00874893
-0.183673	0.469388	0.00827728
-0.183673	0.510204	0.00777294
-0.183673	0.55102	0.00723792
-0.183673	0.591837	0.00667432
-0.183673	0.632653	0.00608437
-0.183673	0.673469	0.00547039
-0.183673	0.714286	0.00483482
-0.183673	0.755102	0.00418015
-0.183673	0.795918	0.00350898
-0.183673	0.836735	0.00282396
-0.183673	0.877551	0.00212778
-0.183673	0.918367	0.00142321
-0.183673	0.959184	0.000713012
-0.183673	1	0
-0.142857	-1	0.000722853
-0.142857	-0.959184	0.00144285
-0.142857	-0.918367	0.00215716
-0.142857	-0.877551	0.00286297
-0.142857	-0.836735	0.00355747
-0.142857	-0.795918	0.00423795
-0.142857	-0.755102	0.00490171
-0.142857	-0.714286	0.00554613
-0.142857	-0.673469	0.00616868
-0.142857	-0.632653	0.00676689
-0.142857	-0.591837	0.00733841
-0.142857	-0.55102	0.00788097
-0.142857	-0.510204	0.00839245
-0.142857	-0.469388	0.00887082
-0.142857	-0.428571	0.00931419
-0.142857	-0.387755	0.00972081
-0.142857	-0.346939	0.0100891
-0.142857	-0.306122	0.0104175
-0.142857	-0.265306	0.0107049
-0.142857	-0.22449	0.01095
-0.142857	-0.183673	0.0111519
-0.142857	-0.142857	0.0113098
-0.142857	-0.102041	0.0114231
-0.142857	-0.0612245	0.0114913
-0.142857	-0.0204082	0.0115142
-0.142857	0.0204082	0.0114916
-0.142857	0.0612245	0.0114236
-0.142857	0.102041	0.0113106
-0.142857	0.142857	0.0111529
-0.142857	0.183673	0.0109512
-0.142857	0.22449	0.0107063
-0.142857	0.265306	0.0104191
-0.142857	0.306122	0.0100908
-0.142857	0.346939	0.00972265
-0.142857	0.387755	0.00931612
-0.142857	0.428571	0.00887281
-0.142857	0.469388	0.00839448
-0.142857	0.510204	0.007883
-0.142857	0.55102	0.0073404
-0.142857	0.591837	0.00676882
-0.142857	0.632653	0.00617052
-0.142857	0.673469	0.00554785
-0.142857	0.714286	0.00490328
-0.142857	0.755102	0.00423934
-0.142857	0.795918	0.00355867
-0.142857	0.836735	0.00286395
-0.142857	0.877551	0.00215791
-0.142857	0.918367	0.00144336
-0.142857	0.959184	0.000723108
-0.142857	1	0
-0.102041	-1	0.000730093
-0.102041	-0.959184	0.00145731
-0.102041	-0.918367	0.00217877
-0.102041	-0.877551	0.00289164
-0.102041	-0.836735	0.00359311
-0.102041	-0.795918	0.0042804
-0.102041	-0.755102	0.0049508
-0.102041	-0.714286	0.00560168
-0.102041	-0.673469	0.00623046
-0.102041	-0.632653	0.00683466
-0.102041	-0.591837	0.00741191
-0.102041	-0.55102	0.00795991
-0.102041	-0.510204	0.00847651
-0.102041	-0.469388	0.00895967
-0.102041	-0.428571	0.00940748
-0.102041	-0.387755	0.00981817
-0.102041	-0.346939	0.0101901
-0.102041	-0.306122	0.0105219
-0.102041	-0.265306	0.0108121
-0.102041	-0.22449	0.0110597
-0.102041	-0.183673	0.0112636
-0.102041	-0.142857	0.0114231
-0.102041	-0.102041	0.0115375
-0.102041	-0.0612245	0.0116064
-0.102041	-0.0204082	0.0116295
-0.102041	0.0204082	0.0116067
-0.102041	0.0612245	0.011538
-0.102041	0.102041	0.0114239
-0.102041	0.142857	0.0112646
-0.102041	0.183673	0.0110609
-0.102041	0.22449	0.0108135
-0.102041	0.265306	0.0105235
-0.102041	0.306122	0.0101919
-0.102041	0.346939	0.00982003
-0.102041	0.387755	0.00940943
-0.102041	0.428571	0.00896168
-0.102041	0.469388	0.00847856
-0.102041	0.510204	0.00796196
-0.102041	0.55102	0.00741392
-0.102041	0.591837	0.00683662
-0.102041	0.632653	0.00623232
-0.102041	0.673469	0.00560342
-0.102041	0.714286	0.00495239
-0.102041	0.755102	0.0042818
-0.102041	0.795918	0.00359431
-0.102041	0.836735	0.00289263
-0.102041	0.877551	0.00217953
-0.102041	0.918367	0.00145782
-0.102041	0.959184	0.00073035
-0.102041	1	0
-0.0612245	-1	0.000734452
-0.0612245	-0.959184	0.00146601
-0.0612245	-0.918367	0.00219178
-0.0612245	-0.877551	0.0029089
-0.0612245	-0.836735	0.00361456
-0.0612245	-0.795918	0.00430595
-0.0612245	-0.755102	0.00498036
-0.0612245	-0.714286	0.00563512
-0.0612245	-0.673469	0.00626766
-0.0612245	-0.632653	0.00687547
-0.0612245	-0.591837	0.00745616
-0.0612245	-0.55102	0.00800743
-0.0612245	-0.510204	0.00852711
-0.0612245	-0.469388	0.00901316
-0.0612245	-0.428571	0.00946364
-0.0612245	-0.387755	0.00987679
-0.0612245	-0.346939	0.010251
-0.0612245	-0.306122	0.0105847
-0.0612245	-0.265306	0.0108767
-0.0612245	-0.22449	0.0111257
-0.0612245	-0.183673	0.0113309
-0.0612245	-0.142857	0.0114913
-0.0612245	-0.102041	0.0116064
-0.0612245	-0.0612245	0.0116757
-0.0612245	-0.0204082	0.0116989
-0.0612245	0.0204082	0.011676
-0.0612245	0.0612245	0.0116069
-0.0612245	0.102041	0.0114921
-0.0612245	0.142857	0.0113319
-0.0612245	0.183673	0.0111269
-0.0612245	0.22449	0.0108781
-0.0612245	0.265306	0.0105863
-0.0612245	0.306122	0.0102527
-0.0612245	0.346939	0.00987866
-0.0612245	0.387755	0.00946561
-0.0612245	0.428571	0.00901519
-0.0612245	0.469388	0.00852917
-0.0612245	0.510204	0.00800949
-0.0612245	0.55102	0.00745818
-0.0612245	0.591837	0.00687743
-0.0612245	0.632653	0.00626953
-0.0612245	0.673469	0.00563687
-0.0612245	0.714286	0.00498195
-0.0612245	0.755102	0.00430737
-0.0612245	0.795918	0.00361577
-0.0612245	0.836735	0.0029099
-0.0612245	0.877551	0.00219254
-0.0612245	0.918367	0.00146652
-0.0612245	0.959184	0.000734711
-0.0612245	1	0
-0.0204082	-1	0.000735912
-0.0204082	-0.959184	0.00146892
-0.0204082	-0.918367	0.00219614
-0.0204082	-0.877551	0.00291469
-0.0204082	-0.836735	0.00362174
-0.0204082	-0.795918	0.00431451
-0.0204082	-0.755102	0.00499026
-0.0204082	-0.714286	0.00564633
-0.0204082	-0.673469	0.00628012
-0.0204082	-0.632653	0.00688914
-0.0204082	-0.591837	0.00747098
-0.0204082	-0.55102	0.00802335
-0.0204082	-0.510204	0.00854407
-0.0204082	-0.469388	0.00903108
-0.0204082	-0.428571	0.00948246
-0.0204082	-0.387755	0.00989643
-0.0204082	-0.346939	0.0102713
-0.0204082	-0.306122	0.0106057
-0.0204082	-0.265306	0.0108983
-0.0204082	-0.22449	0.0111478
-0.0204082	-0.183673	0.0113534
-0.0204082	-0.142857	0.0115142
-0.0204082	-0.102041	0.0116295
-0.0204082	-0.0612245	0.0116989
-0.0204082	-0.0204082	0.0117222
-0.0204082	0.0204082	0.0116992
-0.0204082	0.0612245	0.01163
-0.0204082	0.102041	0.0115149
-0.0204082	0.142857	0.0113544
-0.0204082	0.183673	0.0111491
-0.0204082	0.22449	0.0108997
-0.0204082	0.265306	0.0106073
-0.0204082	0.306122	0.0102731
-0.0204082	0.346939	0.0098983
-0.0204082	0.387755	0.00948443
-0.0204082	0.428571	0.00903311
-0.0204082	0.469388	0.00854613
-0.0204082	0.510204	0.00802542
-0.0204082	0.55102	0.00747301
-0.0204082	0.591837	0.00689111
-0.0204082	0.632653	0.00628199
-0.0204082	0.673469	0.00564808
-0.0204082	0.714286	0.00499186
-0.0204082	0.755102	0.00431593
-0.0204082	0.795918	0.00362296
-0.0204082	0.836735	0.00291569
-0.0204082	0.877551	0.0021969
-0.0204082	0.918367	0.00146944
-0.0204082	0.959184	0.000736171
-0.0204082	1	0
0.0204082	-1	0.000734468
0.0204082	-0.959184	0.00146604
0.0204082	-0.918367	0.00219183
0.0204082	-0.877551	0.00290897
0.0204082	-0.836735	0.00361464
0.0204082	-0.795918	0.00430605
0.0204082	-0.755102	0.00498047
0.0204082	-0.714286	0.00563525
0.0204082	-0.673469	0.0062678
0.0204082	-0.632653	0.00687562
0.0204082	-0.591837	0.00745632
0.0204082	-0.55102	0.00800761
0.0204082	-0.510204	0.0085273
0.0204082	-0.469388	0.00901336
0.0204082	-0.428571	0.00946385
0.0204082	-0.387755	0.00987701
0.0204082	-0.346939	0.0102512
0.0204082	-0.306122	0.0105849
0.0204082	-0.265306	0.0108769
0.0204082	-0.22449	0.011126
0.0204082	-0.183673	0.0113311
0.0204082	-0.142857	0.0114916
0.0204082	-0.102041	0.0116067
0.0204082	-0.0612245	0.011676
0.0204082	-0.0204082	0.0116992
0.0204082	0.0204082	0.0116762
0.0204082	0.0612245	0.0116072
0.0204082	0.102041	0.0114923
0.0204082	0.142857	0.0113321
0.0204082	0.183673	0.0111272
0.0204082	0.22449	0.0108783
0.0204082	0.265306	0.0105865
0.0204082	0.306122	0.0102529
0.0204082	0.346939	0.00987888
0.0204082	0.387755	0.00946581
0.0204082	0.428571	0.00901539
0.0204082	0.469388	0.00852936
0.0204082	0.510204	0.00800967
0.0204082	0.55102	0.00745835
0.0204082	0.591837	0.00687759
0.0204082	0.632653	0.00626967
0.0204082	0.673469	0.00563699
0.0204082	0.714286	0.00498206
0.0204082	0.755102	0.00430746
0.0204082	0.795918	0.00361585
0.0204082	0.836735	0.00290996
0.0204082	0.877551	0.00219259
0.0204082	0.918367	0.00146655
0.0204082	0.959184	0.000734727
0.0204082	1	0
0.0612245	-1	0.000730125
0.0612245	-0.959184	0.00145737
0.0612245	-0.918367	0.00217887
0.0612245	-0.877551	0.00289177
0.0612245	-0.836735	0.00359326
0.0612245	-0.795918	0.00428059
0.0612245	-0.755102	0.00495102
0.0612245	-0.714286	0.00560193
0.0612245	-0.673469	0.00623074
0.0612245	-0.632653	0.00683497
0.0612245	-0.591837	0.00741223
0.0612245	-0.55102	0.00796026
0.0612245	-0.510204	0.00847688
0.0612245	-0.469388	0.00896006
0.0612245	-0.428571	0.00940789
0.0612245	-0.387755	0.00981861
0.0612245	-0.346939	0.0101906
0.0612245	-0.306122	0.0105223
0.0612245	-0.265306	0.0108126
0.0612245	-0.22449	0.0110602
0.0612245	-0.183673	0.0112641
0.0612245	-0.142857	0.0114236
0.0612245	-0.102041	0.011538
0.0612245	-0.0612245	0.0116069
0.0612245	-0.0204082	0.01163
0.0612245	0.0204082	0.0116072
0.0612245	0.0612245	0.0115386
0.0612245	0.102041	0.0114244
0.0612245	0.142857	0.0112651
0.0612245	0.183673	0.0110614
0.0612245	0.22449	0.010814
0.0612245	0.265306	0.0105239
0.0612245	0.306122	0.0101923
0.0612245	0.346939	0.00982046
0.0612245	0.387755	0.00940985
0.0612245	0.428571	0.00896208
0.0612245	0.469388	0.00847893
0.0612245	0.510204	0.00796231
0.0612245	0.55102	0.00741425
0.0612245	0.591837	0.00683692
0.0612245	0.632653	0.0062326
0.0612245	0.673469	0.00560366
0.0612245	0.714286	0.00495261
0.0612245	0.755102	0.00428199
0.0612245	0.795918	0.00359447
0.0612245	0.836735	0.00289276
0.0612245	0.877551	0.00217962
0.0612245	0.918367	0.00145788
0.0612245	0.959184	0.000730383
0.0612245	1	0
0.102041	-1	0.000722901
0.102041	-0.959184	0.00144295
0.102041	-0.918367	0.00215731
0.102041	-0.877551	0.00286316
0.102041	-0.836735	0.00355771
0.102041	-0.795918	0.00423823
0.102041	-0.755102	0.00490203
0.102041	-0.714286	0.0055465
0.102041	-0.673469	0.00616909
0.102041	-0.632653	0.00676734
0.102041	-0.591837	0.00733889
0.102041	-0.55102	0.00788149
0.102041	-0.510204	0.00839301
0.102041	-0.469388	0.0088714
0.102041	-0.428571	0.0093148
0.102041	-0.387755	0.00972145
0.102041	-0.346939	0.0100897
0.102041	-0.306122	0.0104182
0.102041	-0.265306	0.0107056
0.102041	-0.22449	0.0109507
0.102041	-0.183673	0.0111527
0.102041	-0.142857	0.0113106
0.102041	-0.102041	0.0114239
0.102041	-0.0612245	0.0114921
0.102041	-0.0204082	0.0115149
0.102041	0.0204082	0.0114923
0.102041	0.0612245	0.0114244
0.102041	0.102041	0.0113113
0.102041	0.142857	0.0111537
0.102041	0.183673	0.0109519
0.102041	0.22449	0.010707
0.102041	0.265306	0.0104198
0.102041	0.306122	0.0100915
0.102041	0.346939	0.00972329
0.102041	0.387755	0.00931674
0.102041	0.428571	0.0088734
0.102041	0.469388	0.00839504
0.102041	0.510204	0.00788352
0.102041	0.55102	0.00734089
0.102041	0.591837	0.00676927
0.102041	0.632653	0.00617093
0.102041	0.673469	0.00554822
0.102041	0.714286	0.0049036
0.102041	0.755102	0.00423962
0.102041	0.795918	0.00355891
0.102041	0.836735	0.00286414
0.102041	0.877551	0.00215806
0.102041	0.918367	0.00144346
0.102041	0.959184	0.000723156
0.102041	1	0
0.142857	-1	0.000712823
0.142857	-0.959184	0.00142283
0.142857	-0.918367	0.00212723
0.142857	-0.877551	0.00282324
0.142857	-0.836735	0.00350811
0.142857	-0.795918	0.00417915
0.142857	-0.755102	0.0048337
0.142857	-0.714286	0.00546918
0.142857	-0.673469	0.00608309
0.142857	-0.632653	0.006673
0.142857	-0.591837	0.00723658
0.142857	-0.55102	0.00777162
0.142857	-0.510204	0.008276
0.142857	-0.469388	0.00874773
0.142857	-0.428571	0.00918495
0.142857	-0.387755	0.00958593
0.142857	-0.346939	0.00994909
0.142857	-0.306122	0.010273
0.142857	-0.265306	0.0105564
0.142857	-0.22449	0.0107981
0.142857	-0.183673	0.0109972
0.142857	-0.142857	0.0111529
0.142857	-0.102041	0.0112646
0.142857	-0.0612245	0.0113319
0.142857	-0.0204082	0.0113544
0.142857	0.0204082	0.0113321
0.142857	0.0612245	0.0112651
0.142857	0.102041	0.0111537
0.142857	0.142857	0.0109982
0.142857	0.183673	0.0107993
0.142857	0.22449	0.0105577
0.142857	0.265306	0.0102745
0.142857	0.306122	0.00995079
0.142857	0.346939	0.00958775
0.142857	0.387755	0.00918686
0.142857	0.428571	0.0087497
0.142857	0.469388	0.008278
0.142857	0.510204	0.00777362
0.142857	0.55102	0.00723855
0.142857	0.591837	0.0066749
0.142857	0.632653	0.0060849
0.142857	0.673469	0.00547087
0.142857	0.714286	0.00483524
0.142857	0.755102	0.00418052
0.142857	0.795918	0.00350929
0.142857	0.836735	0.00282421
0.142857	0.877551	0.00212797
0.142857	0.918367	0.00142333
0.142857	0.959184	0.000713074
0.142857	1	0
0.183673	-1	0.000699932
0.183673	-0.959184	0.0013971
0.183673	-0.918367	0.00208876
0.183673	-0.877551	0.00277218
0.183673	-0.836735	0.00344467
0.183673	-0.795918	0.00410357
0.183673	-0.755102	0.00474628
0.183673	-0.714286	0.00537027
0.183673	-0.673469	0.00597307
0.183673	-0.632653	0.00655232
0.183673	-0.591837	0.00710571
0.183673	-0.55102	0.00763108
0.183673	-0.510204	0.00812633
0.183673	-0.469388	0.00858953
0.183673	-0.428571	0.00901884
0.183673	-0.387755	0.00941257
0.183673	-0.346939	0.00976917
0.183673	-0.306122	0.0100872
0.183673	-0.265306	0.0103655
0.183673	-0.22449	0.0106028
0.183673	-0.183673	0.0107983
0.183673	-0.142857	0.0109512
0.183673	-0.102041	0.0110609
0.183673	-0.0612245	0.0111269
0.183673	-0.0204082	0.0111491
0.183673	0.0204082	0.0111272
0.183673	0.0612245	0.0110614
0.183673	0.102041	0.0109519
0.183673	0.142857	0.0107993
0.183673	0.183673	0.010604
0.183673	0.22449	0.0103668
0.183673	0.265306	0.0100887
0.183673	0.306122	0.00977083
0.183673	0.346939	0.00941436
0.183673	0.387755	0.00902072
0.183673	0.428571	0.00859147
0.183673	0.469388	0.0081283
0.183673	0.510204	0.00763304
0.183673	0.55102	0.00710765
0.183673	0.591837	0.00655419
0.183673	0.632653	0.00597486
0.183673	0.673469	0.00537193
0.183673	0.714286	0.0047478
0.183673	0.755102	0.00410492
0.183673	0.795918	0.00344583
0.183673	0.836735	0.00277313
0.183673	0.877551	0.00208949
0.183673	0.918367	0.00139759
0.183673	0.959184	0.000700179
0.183673	1	0
0.22449	-1	0.000684278
0.22449	-0.959184	0.00136586
0.22449	-0.918367	0.00204205
0.22449	-0.877551	0.00271018
0.22449	-0.836735	0.00336763
0.22449	-0.795918	0.00401179
0.22449	-0.755102	0.00464013
0.22449	-0.714286	0.00525016
0.22449	-0.673469	0.00583949
0.22449	-0.632653	0.00640578
0.22449	-0.591837	0.00694679
0.22449	-0.55102	0.00746041
0.22449	-0.510204	0.00794459
0.22449	-0.469388	0.00839743
0.22449	-0.428571	0.00881714
0.22449	-0.387755	0.00920206
0.22449	-0.346939	0.00955068
0.22449	-0.306122	0.00986161
0.22449	-0.265306	0.0101336
0.22449	-0.22449	0.0103657
0.22449	-0.183673	0.0105568
0.22449	-0.142857	0.0107063
0.22449	-0.102041	0.0108135
0.22449	-0.0612245	0.0108781
0.22449	-0.0204082	0.0108997
0.22449	0.0204082	0.0108783
0.22449	0.0612245	0.010814
0.22449	0.102041	0.010707
0.22449	0.142857	0.0105577
0.22449	0.183673	0.0103668
0.22449	0.22449	0.010135
0.22449	0.265306	0.0098631
0.22449	0.306122	0.0095523
0.22449	0.346939	0.0092038
0.22449	0.387755	0.00881897
0.22449	0.428571	0.00839932
0.22449	0.469388	0.00794651
0.22449	0.510204	0.00746233
0.22449	0.55102	0.00694868
0.22449	0.591837	0.00640761
0.22449	0.632653	0.00584123
0.22449	0.673469	0.00525179
0.22449	0.714286	0.00464161
0.22449	0.755102	0.00401311
0.22449	0.795918	0.00336876
0.22449	0.836735	0.00271111
0.22449	0.877551	0.00204276
0.22449	0.918367	0.00136634
0.22449	0.959184	0.000684519
0.22449	1	0
0.265306	-1	0.000665923
0.265306	-0.959184	0.00132922
0.265306	-0.918367	0.00198727
0.265306	-0.877551	0.00263749
0.265306	-0.836735	0.0032773
0.265306	-0.795918	0.00390418
0.265306	-0.755102	0.00451566
0.265306	-0.714286	0.00510933
0.265306	-0.673469	0.00568285
0.265306	-0.632653	0.00623395
0.265306	-0.591837	0.00676045
0.265306	-0.55102	0.00726029
0.265306	-0.510204	0.00773148
0.265306	-0.469388	0.00817218
0.265306	-0.428571	0.00858063
0.265306	-0.387755	0.00895523
0.265306	-0.346939	0.00929449
0.265306	-0.306122	0.00959709
0.265306	-0.265306	0.00986182
0.265306	-0.22449	0.0100876
0.265306	-0.183673	0.0102736
0.265306	-0.142857	0.0104191
0.265306	-0.102041	0.0105235
0.265306	-0.0612245	0.0105863
0.265306	-0.0204082	0.0106073
0.265306	0.0204082	0.0105865
0.265306	0.0612245	0.0105239
0.265306	0.102041	0.0104198
0.265306	0.142857	0.0102745
0.265306	0.183673	0.0100887
0.265306	0.22449	0.0098631
0.265306	0.265306	0.00959853
0.265306	0.306122	0.00929607
0.265306	0.346939	0.00895692
0.265306	0.387755	0.00858241
0.265306	0.428571	0.00817402
0.265306	0.469388	0.00773335
0.265306	0.510204	0.00726216
0.265306	0.55102	0.00676229
0.265306	0.591837	0.00623573
0.265306	0.632653	0.00568454
0.265306	0.673469	0.00511092
0.265306	0.714286	0.00451711
0.265306	0.755102	0.00390546
0.265306	0.795918	0.0032784
0.265306	0.836735	0.00263839
0.265306	0.877551	0.00198796
0.265306	0.918367	0.00132969
0.265306	0.959184	0.000666158
0.265306	1	0
0.306122	-1	0.000644939
0.306122	-0.959184	0.00128733
0.306122	-0.918367	0.00192465
0.306122	-0.877551	0.00255438
0.306122	-0.836735	0.00317403
0.306122	-0.795918	0.00378116
0.306122	-0.755102	0.00437337
0.306122	-0.714286	0.00494834
0.306122	-0.673469	0.00550378
0.306122	-0.632653	0.00603751
0.306122	-0.591837	0.00654743
0.306122	-0.55102	0.00703151
0.306122	-0.510204	0.00748786
0.306122	-0.469388	0.00791467
0.306122	-0.428571	0.00831025
0.306122	-0.387755	0.00867304
0.306122	-0.346939	0.00900162
0.306122	-0.306122	0.00929468
0.306122	-0.265306	0.00955106
0.306122	-0.22449	0.00976976
0.306122	-0.183673	0.00994991
0.306122	-0.142857	0.0100908
0.306122	-0.102041	0.0101919
0.306122	-0.0612245	0.0102527
0.306122	-0.0204082	0.0102731
0.306122	0.0204082	0.0102529
0.306122	0.0612245	0.0101923
0.306122	0.102041	0.0100915
0.306122	0.142857	0.00995079
0.306122	0.183673	0.00977083
0.306122	0.22449	0.0095523
0.306122	0.265306	0.00929607
0.306122	0.306122	0.00900315
0.306122	0.346939	0.00867468
0.306122	0.387755	0.00831197
0.306122	0.428571	0.00791645
0.306122	0.469388	0.00748967
0.306122	0.510204	0.00703332
0.306122	0.55102	0.00654921
0.306122	0.591837	0.00603924
0.306122	0.632653	0.00550542
0.306122	0.673469	0.00494987
0.306122	0.714286	0.00437477
0.306122	0.755102	0.0037824
0.306122	0.795918	0.00317509
0.306122	0.836735	0.00255525
0.306122	0.877551	0.00192532
0.306122	0.918367	0.00128779
0.306122	0.959184	0.000645167
0.306122	1	0
0.346939	-1	0.00062141
0.346939	-0.959184	0.00124037
0.346939	-0.918367	0.00185443
0.346939	-0.877551	0.00246119
0.346939	-0.836735	0.00305823
0.346939	-0.795918	0.00364321
0.346939	-0.755102	0.00421382
0.346939	-0.714286	0.0047678
0.346939	-0.673469	0.00530298
0.346939	-0.632653	0.00581724
0.346939	-0.591837	0.00630855
0.346939	-0.55102	0.00677498
0.346939	-0.510204	0.00721468
0.346939	-0.469388	0.00762591
0.346939	-0.428571	0.00800706
0.346939	-0.387755	0.00835662
0.346939	-0.346939	0.00867321
0.346939	-0.306122	0.00895557
0.346939	-0.265306	0.00920261
0.346939	-0.22449	0.00941333
0.346939	-0.183673	0.0095869
0.346939	-0.142857	0.00972265
0.346939	-0.102041	0.00982003
0.346939	-0.0612245	0.00987866
0.346939	-0.0204082	0.0098983
0.346939	0.0204082	0.00987888
0.346939	0.0612245	0.00982046
0.346939	0.102041	0.00972329
0.346939	0.142857	0.00958775
0.346939	0.183673	0.00941436
0.346939	0.22449	0.0092038
0.346939	0.265306	0.00895692
0.346939	0.306122	0.00867468
0.346939	0.346939	0.0083582
0.346939	0.387755	0.00800872
0.346939	0.428571	0.00762763
0.346939	0.469388	0.00721642
0.346939	0.510204	0.00677672
0.346939	0.55102	0.00631027
0.346939	0.591837	0.0058189
0.346939	0.632653	0.00530456
0.346939	0.673469	0.00476928
0.346939	0.714286	0.00421516
0.346939	0.755102	0.0036444
0.346939	0.795918	0.00305926
0.346939	0.836735	0.00246203
0.346939	0.877551	0.00185508
0.346939	0.918367	0.0012408
0.346939	0.959184	0.000621629
0.346939	1	0
0.387755	-1	0.000595427
0.387755	-0.959184	0.00118851
0.387755	-0.918367	0.0017769
0.387755	-0.877551	0.00235828
0.387755	-0.836735	0.00293036
0.387755	-0.795918	0.00349088
0.387755	-0.755102	0.00403763
0.387755	-0.714286	0.00456845
0.387755	-0.673469	0.00508125
0.387755	-0.632653	0.00557401
0.387755	-0.591837	0.00604478
0.387755	-0.55102	0.0064917
0.387755	-0.510204	0.00691301
0.387755	-0.469388	0.00730705
0.387755	-0.428571	0.00767226
0.387755	-0.387755	0.00800721
0.387755	-0.346939	0.00831056
0.387755	-0.306122	0.00858112
0.387755	-0.265306	0.00881782
0.387755	-0.22449	0.00901973
0.387755	-0.183673	0.00918605
0.387755	-0.142857	0.00931612
0.387755	-0.102041	0.00940943
0.387755	-0.0612245	0.00946561
0.387755	-0.0204082	0.00948443
0.387755	0.0204082	0.00946581
0.387755	0.0612245	0.00940985
0.387755	0.102041	0.00931674
0.387755	0.142857	0.00918686
0.387755	0.183673	0.00902072
0.387755	0.22449	0.00881897
0.387755	0.265306	0.00858241
0.387755	0.306122	0.00831197
0.387755	0.346939	0.00800872
0.387755	0.387755	0.00767386
0.387755	0.428571	0.0073087
0.387755	0.469388	0.00691468
0.387755	0.510204	0.00649337
0.387755	0.55102	0.00604642
0.387755	0.591837	0.0055756
0.387755	0.632653	0.00508277
0.387755	0.673469	0.00456986
0.387755	0.714286	0.00403892
0.387755	0.755102	0.00349202
0.387755	0.795918	0.00293134
0.387755	0.836735	0.00235908
0.387755	0.877551	0.00177751
0.387755	0.918367	0.00118892
0.387755	0.959184	0.000595637
0.387755	1	0
0.428571	-1	0.000567094
0.428571	-0.959184	0.00113195
0.428571	-0.918367	0.00169234
0.428571	-0.877551	0.00224606
0.428571	-0.836735	0.00279092
0.428571	-0.795918	0.00332476
0.428571	-0.755102	0.0038455
0.428571	-0.714286	0.00435106
0.428571	-0.673469	0.00483946
0.428571	-0.632653	0.00530877
0.428571	-0.591837	0.00575714
0.428571	-0.55102	0.00618279
0.428571	-0.510204	0.00658406
0.428571	-0.469388	0.00695935
0.428571	-0.428571	0.00730718
0.428571	-0.387755	0.00762618
0.428571	-0.346939	0.0079151
0.428571	-0.306122	0.00817279
0.428571	-0.265306	0.00839823
0.428571	-0.22449	0.00859053
0.428571	-0.183673	0.00874893
0.428571	-0.142857	0.00887281
0.428571	-0.102041	0.00896168
0.428571	-0.0612245	0.00901519
0.428571	-0.0204082	0.00903311
0.428571	0.0204082	0.00901539
0.428571	0.0612245	0.00896208
0.428571	0.102041	0.0088734
0.428571	0.142857	0.0087497
0.428571	0.183673	0.00859147
0.428571	0.22449	0.00839932
0.428571	0.265306	0.00817402
0.428571	0.306122	0.00791645
0.428571	0.346939	0.00762763
0.428571	0.387755	0.0073087
0.428571	0.428571	0.00696091
0.428571	0.469388	0.00658565
0.428571	0.510204	0.00618439
0.428571	0.55102	0.0057587
0.428571	0.591837	0.00531029
0.428571	0.632653	0.0048409
0.428571	0.673469	0.00435241
0.428571	0.714286	0.00384673
0.428571	0.755102	0.00332586
0.428571	0.795918	0.00279185
0.428571	0.836735	0.00224683
0.428571	0.877551	0.00169293
0.428571	0.918367	0.00113235
0.428571	0.959184	0.000567294
0.428571	1	0
0.469388	-1	0.000536521
0.469388	-0.959184	0.00107093
0.469388	-0.918367	0.00160111
0.469388	-0.877551	0.00212497
0.469388	-0.836735	0.00264046
0.469388	-0.795918	0.00314552
0.469388	-0.755102	0.00363818
0.469388	-0.714286	0.00411649
0.469388	-0.673469	0.00457856
0.469388	-0.632653	0.00502257
0.469388	-0.591837	0.00544677
0.469388	-0.55102	0.00584948
0.469388	-0.510204	0.00622911
0.469388	-0.469388	0.00658417
0.469388	-0.428571	0.00691325
0.469388	-0.387755	0.00721506
0.469388	-0.346939	0.0074884
0.469388	-0.306122	0.00773219
0.469388	-0.265306	0.00794548
0.469388	-0.22449	0.00812741
0.469388	-0.183673	0.00827728
0.469388	-0.142857	0.00839448
0.469388	-0.102041	0.00847856
0.469388	-0.0612245	0.00852917
0.469388	-0.0204082	0.00854613
0.469388	0.0204082	0.00852936
0.469388	0.0612245	0.00847893
0.469388	0.102041	0.00839504
0.469388	0.142857	0.008278
0.469388	0.183673	0.0081283
0.469388	0.22449	0.00794651
0.469388	0.265306	0.00773335
0.469388	0.306122	0.00748967
0.469388	0.346939	0.00721642
0.469388	0.387755	0.00691468
0.469388	0.428571	0.00658565
0.469388	0.469388	0.00623062
0.469388	0.510204	0.00585098
0.469388	0.55102	0.00544825
0.469388	0.591837	0.00502401
0.469388	0.632653	0.00457993
0.469388	0.673469	0.00411777
0.469388	0.714286	0.00363935
0.469388	0.755102	0.00314656
0.469388	0.795918	0.00264134
0.469388	0.836735	0.0021257
0.469388	0.877551	0.00160166
0.469388	0.918367	0.0010713
0.469388	0.959184	0.000536711
0.469388	1	0
0.510204	-1	0.000503831
0.510204	-0.959184	0.00100567
0.510204	-0.918367	0.00150355
0.510204	-0.877551	0.0019955
0.510204	-0.836735	0.00247957
0.510204	-0.795918	0.00295387
0.510204	-0.755102	0.00341651
0.510204	-0.714286	0.00386567
0.510204	-0.673469	0.00429959
0.510204	-0.632653	0.00471655
0.510204	-0.591837	0.0051149
0.510204	-0.55102	0.00549307
0.510204	-0.510204	0.00584957
0.510204	-0.469388	0.00618299
0.510204	-0.428571	0.00649202
0.510204	-0.387755	0.00677544
0.510204	-0.346939	0.00703213
0.510204	-0.306122	0.00726107
0.510204	-0.265306	0.00746136
0.510204	-0.22449	0.00763221
0.510204	-0.183673	0.00777294
0.510204	-0.142857	0.007883
0.510204	-0.102041	0.00796196
0.510204	-0.0612245	0.00800949
0.510204	-0.0204082	0.00802542
0.510204	0.0204082	0.00800967
0.510204	0.0612245	0.00796231
0.510204	0.102041	0.00788352
0.510204	0.142857	0.00777362
0.510204	0.183673	0.00763304
0.510204	0.22449	0.00746233
0.510204	0.265306	0.00726216
0.510204	0.306122	0.00703332
0.510204	0.346939	0.00677672
0.510204	0.387755	0.00649337
0.510204	0.428571	0.00618439
0.510204	0.469388	0.00585098
0.510204	0.510204	0.00549448
0.510204	0.55102	0.00511629
0.510204	0.591837	0.00471789
0.510204	0.632653	0.00430087
0.510204	0.673469	0.00386687
0.510204	0.714286	0.0034176
0.510204	0.755102	0.00295484
0.510204	0.795918	0.00248041
0.510204	0.836735	0.00199618
0.510204	0.877551	0.00150407
0.510204	0.918367	0.00100603
0.510204	0.959184	0.000504009
0.510204	1	0
0.55102	-1	0.000469152
0.55102	-0.959184	0.000936453
0.55102	-0.918367	0.00140006
0.55102	-0.877551	0.00185814
0.55102	-0.836735	0.0023089
0.55102	-0.795918	0.00275055
0.55102	-0.755102	0.00318135
0.55102	-0.714286	0.00359959
0.55102	-0.673469	0.00400364
0.55102	-0.632653	0.0043919
0.55102	-0.591837	0.00476283
0.55102	-0.55102	0.00511497
0.55102	-0.510204	0.00544693
0.55102	-0.469388	0.00575741
0.55102	-0.428571	0.00604517
0.55102	-0.387755	0.00630908
0.55102	-0.346939	0.00654809
0.55102	-0.306122	0.00676128
0.55102	-0.265306	0.00694778
0.55102	-0.22449	0.00710687
0.55102	-0.183673	0.00723792
0.55102	-0.142857	0.0073404
0.55102	-0.102041	0.00741392
0.55102	-0.0612245	0.00745818
0.55102	-0.0204082	0.00747301
0.55102	0.0204082	0.00745835
0.55102	0.0612245	0.00741425
0.55102	0.102041	0.00734089
0.55102	0.142857	0.00723855
0.55102	0.183673	0.00710765
0.55102	0.22449	0.00694868
0.55102	0.265306	0.00676229
0.55102	0.306122	0.00654921
0.55102	0.346939	0.00631027
0.55102	0.387755	0.00604642
0.55102	0.428571	0.0057587
0.55102	0.469388	0.00544825
0.55102	0.510204	0.00511629
0.55102	0.55102	0.00476413
0.55102	0.591837	0.00439315
0.55102	0.632653	0.00400484
0.55102	0.673469	0.00360071
0.55102	0.714286	0.00318236
0.55102	0.755102	0.00275145
0.55102	0.795918	0.00230968
0.55102	0.836735	0.00185878
0.55102	0.877551	0.00140055
0.55102	0.918367	0.000936781
0.55102	0.959184	0.000469317
0.55102	1	0
0.591837	-1	0.00043262
0.591837	-0.959184	0.000863533
0.591837	-0.918367	0.00129104
0.591837	-0.877551	0.00171346
0.591837	-0.836735	0.00212911
0.591837	-0.795918	0.00253637
0.591837	-0.755102	0.00293362
0.591837	-0.714286	0.0033193
0.591837	-0.673469	0.00369189
0.591837	-0.632653	0.00404991
0.591837	-0.591837	0.00439196
0.591837	-0.55102	0.00471668
0.591837	-0.510204	0.00502279
0.591837	-0.469388	0.00530909
0.591837	-0.428571	0.00557444
0.591837	-0.387755	0.0058178
0.591837	-0.346939	0.00603821
0.591837	-0.306122	0.00623479
0.591837	-0.265306	0.00640677
0.591837	-0.22449	0.00655347
0.591837	-0.183673	0.00667432
0.591837	-0.142857	0.00676882
0.591837	-0.102041	0.00683662
0.591837	-0.0612245	0.00687743
0.591837	-0.0204082	0.00689111
0.591837	0.0204082	0.00687759
0.591837	0.0612245	0.00683692
0.591837	0.102041	0.00676927
0.591837	0.142857	0.0066749
0.591837	0.183673	0.00655419
0.591837	0.22449	0.00640761
0.591837	0.265306	0.00623573
0.591837	0.306122	0.00603924
0.591837	0.346939	0.0058189
0.591837	0.387755	0.0055756
0.591837	0.428571	0.00531029
0.591837	0.469388	0.00502401
0.591837	0.510204	0.00471789
0.591837	0.55102	0.00439315
0.591837	0.591837	0.00405107
0.591837	0.632653	0.00369299
0.591837	0.673469	0.00332033
0.591837	0.714286	0.00293456
0.591837	0.755102	0.0025372
0.591837	0.795918	0.00212983
0.591837	0.836735	0.00171404
0.591837	0.877551	0.00129149
0.591837	0.918367	0.000863836
0.591837	0.959184	0.000432772
0.591837	1	0
0.632653	-1	0.00039438
0.632653	-0.959184	0.000787205
0.632653	-0.918367	0.00117692
0.632653	-0.877551	0.001562
0.632653	-0.836735	0.00194092
0.632653	-0.795918	0.00231218
0.632653	-0.755102	0.00267432
0.632653	-0.714286	0.0030259
0.632653	-0.673469	0.00336556
0.632653	-0.632653	0.00369194
0.632653	-0.591837	0.00400375
0.632653	-0.55102	0.00429977
0.632653	-0.510204	0.00457882
0.632653	-0.469388	0.00483981
0.632653	-0.428571	0.00508171
0.632653	-0.387755	0.00530356
0.632653	-0.346939	0.00550448
0.632653	-0.306122	0.00568369
0.632653	-0.265306	0.00584047
0.632653	-0.22449	0.0059742
0.632653	-0.183673	0.00608437
0.632653	-0.142857	0.00617052
0.632653	-0.102041	0.00623232
0.632653	-0.0612245	0.00626953
0.632653	-0.0204082	0.00628199
0.632653	0.0204082	0.00626967
0.632653	0.0612245	0.0062326
0.632653	0.102041	0.00617093
0.632653	0.142857	0.0060849
0.632653	0.183673	0.00597486
0.632653	0.22449	0.00584123
0.632653	0.265306	0.00568454
0.632653	0.306122	0.00550542
0.632653	0.346939	0.00530456
0.632653	0.387755	0.00508277
0.632653	0.428571	0.0048409
0.632653	0.469388	0.00457993
0.632653	0.510204	0.00430087
0.632653	0.55102	0.00400484
0.632653	0.591837	0.00369299
0.632653	0.632653	0.00336656
0.632653	0.673469	0.00302684
0.632653	0.714286	0.00267517
0.632653	0.755102	0.00231294
0.632653	0.795918	0.00194157
0.632653	0.836735	0.00156254
0.632653	0.877551	0.00117733
0.632653	0.918367	0.00078748
0.632653	0.959184	0.000394519
0.632653	1	0
0.673469	-1	0.000354583
0.673469	-0.959184	0.000707768
0.673469	-0.918367	0.00105816
0.673469	-0.877551	0.00140438
0.673469	-0.836735	0.00174506
0.673469	-0.795918	0.00207885
0.673469	-0.755102	0.00240445
0.673469	-0.714286	0.00272056
0.673469	-0.673469	0.00302594
0.673469	-0.632653	0.00331938
0.673469	-0.591837	0.00359973
0.673469	-0.55102	0.00386588
0.673469	-0.510204	0.00411677
0.673469	-0.469388	0.00435143
0.673469	-0.428571	0.00456891
0.673469	-0.387755	0.00476838
0.673469	-0.346939	0.00494903
0.673469	-0.306122	0.00511015
0.673469	-0.265306	0.00525111
0.673469	-0.22449	0.00537135
0.673469	-0.183673	0.00547039
0.673469	-0.142857	0.00554785
0.673469	-0.102041	0.00560342
0.673469	-0.0612245	0.00563687
0.673469	-0.0204082	0.00564808
0.673469	0.0204082	0.00563699
0.673469	0.0612245	0.00560366
0.673469	0.102041	0.00554822
0.673469	0.142857	0.00547087
0.673469	0.183673	0.00537193
0.673469	0.22449	0.00525179
0.673469	0.265306	0.00511092
0.673469	0.306122	0.00494987
0.673469	0.346939	0.00476928
0.673469	0.387755	0.00456986
0.673469	0.428571	0.00435241
0.673469	0.469388	0.00411777
0.673469	0.510204	0.00386687
0.673469	0.55102	0.00360071
0.673469	0.591837	0.00332033
0.673469	0.632653	0.00302684
0.673469	0.673469	0.0027214
0.673469	0.714286	0.00240522
0.673469	0.755102	0.00207954
0.673469	0.795918	0.00174564
0.673469	0.836735	0.00140486
0.673469	0.877551	0.00105853
0.673469	0.918367	0.000708016
0.673469	0.959184	0.000354708
0.673469	1	0
0.714286	-1	0.000313386
0.714286	-0.959184	0.000625536
0.714286	-0.918367	0.000935219
0.714286	-0.877551	0.00124121
0.714286	-0.836735	0.00154231
0.714286	-0.795918	0.00183732
0.714286	-0.755102	0.00212509
0.714286	-0.714286	0.00240447
0.714286	-0.673469	0.00267437
0.714286	-0.632653	0.00293372
0.714286	-0.591837	0.0031815
0.714286	-0.55102	0.00341672
0.714286	-0.510204	0.00363847
0.714286	-0.469388	0.00384586
0.714286	-0.428571	0.00403808
0.714286	-0.387755	0.00421437
0.714286	-0.346939	0.00437403
0.714286	-0.306122	0.00451643
0.714286	-0.265306	0.00464101
0.714286	-0.22449	0.00474728
0.714286	-0.183673	0.00483482
0.714286	-0.142857	0.00490328
0.714286	-0.102041	0.00495239
0.714286	-0.0612245	0.00498195
0.714286	-0.0204082	0.00499186
0.714286	0.0204082	0.00498206
0.714286	0.0612245	0.00495261
0.714286	0.102041	0.0049036
0.714286	0.142857	0.00483524
0.714286	0.183673	0.0047478
0.714286	0.22449	0.00464161
0.714286	0.265306	0.00451711
0.714286	0.306122	0.00437477
0.714286	0.346939	0.00421516
0.714286	0.387755	0.00403892
0.714286	0.428571	0.00384673
0.714286	0.469388	0.00363935
0.714286	0.510204	0.0034176
0.714286	0.55102	0.00318236
0.714286	0.591837	0.00293456
0.714286	0.632653	0.00267517
0.714286	0.673469	0.00240522
0.714286	0.714286	0.00212577
0.714286	0.755102	0.00183793
0.714286	0.795918	0.00154283
0.714286	0.836735	0.00124164
0.714286	0.877551	0.000935543
0.714286	0.918367	0.000625755
0.714286	0.959184	0.000313497
0.714286	1	0
0.755102	-1	0.000270952
0.755102	-0.959184	0.000540835
0.755102	-0.918367	0.000808584
0.755102	-0.877551	0.00107314
0.755102	-0.836735	0.00133347
0.755102	-0.795918	0.00158854
0.755102	-0.755102	0.00183734
0.755102	-0.714286	0.00207889
0.755102	-0.673469	0.00231225
0.755102	-0.632653	0.00253648
0.755102	-0.591837	0.0027507
0.755102	-0.55102	0.00295408
0.755102	-0.510204	0.0031458
0.755102	-0.469388	0.00332511
0.755102	-0.428571	0.0034913
0.755102	-0.387755	0.00364372
0.755102	-0.346939	0.00378176
0.755102	-0.306122	0.00390488
0.755102	-0.265306	0.00401259
0.755102	-0.22449	0.00410447
0.755102	-0.183673	0.00418015
0.755102	-0.142857	0.00423934
0.755102	-0.102041	0.0042818
0.755102	-0.0612245	0.00430737
0.755102	-0.0204082	0.00431593
0.755102	0.0204082	0.00430746
0.755102	0.0612245	0.00428199
0.755102	0.102041	0.00423962
0.755102	0.142857	0.00418052
0.755102	0.183673	0.00410492
0.755102	0.22449	0.00401311
0.755102	0.265306	0.00390546
0.755102	0.306122	0.0037824
0.755102	0.346939	0.0036444
0.755102	0.387755	0.00349202
0.755102	0.428571	0.00332586
0.755102	0.469388	0.00314656
0.755102	0.510204	0.00295484
0.755102	0.55102	0.00275145
0.755102	0.591837	0.0025372
0.755102	0.632653	0.00231294
0.755102	0.673469	0.00207954
0.755102	0.714286	0.00183793
0.755102	0.755102	0.00158906
0.755102	0.795918	0.00133392
0.755102	0.836735	0.00107351
0.755102	0.877551	0.000808865
0.755102	0.918367	0.000541024
0.755102	0.959184	0.000271047
0.755102	1	0
0.795918	-1	0.000227447
0.795918	-0.959184	0.000453998
0.795918	-0.918367	0.000678757
0.795918	-0.877551	0.000900839
0.795918	-0.836735	0.00111937
0.795918	-0.795918	0.00133348
0.795918	-0.755102	0.00154233
0.795918	-0.714286	0.0017451
0.795918	-0.673469	0.00194099
0.795918	-0.632653	0.00212922
0.795918	-0.591837	0.00230905
0.795918	-0.55102	0.00247977
0.795918	-0.510204	0.00264071
0.795918	-0.469388	0.00279122
0.795918	-0.428571	0.00293073
0.795918	-0.387755	0.00305868
0.795918	-0.346939	0.00317455
0.795918	-0.306122	0.00327791
0.795918	-0.265306	0.00336832
0.795918	-0.22449	0.00344545
0.795918	-0.183673	0.00350898
0.795918	-0.142857	0.00355867
0.795918	-0.102041	0.00359431
0.795918	-0.0612245	0.00361577
0.795918	-0.0204082	0.00362296
0.795918	0.0204082	0.00361585
0.795918	0.0612245	0.00359447
0.795918	0.102041	0.00355891
0.795918	0.142857	0.00350929
0.795918	0.183673	0.00344583
0.795918	0.22449	0.00336876
0.795918	0.265306	0.0032784
0.795918	0.306122	0.00317509
0.795918	0.346939	0.00305926
0.795918	0.387755	0.00293134
0.795918	0.428571	0.00279185
0.795918	0.469388	0.00264134
0.795918	0.510204	0.00248041
0.795918	0.55102	0.00230968
0.795918	0.591837	0.00212983
0.795918	0.632653	0.00194157
0.795918	0.673469	0.00174564
0.795918	0.714286	0.00154283
0.795918	0.755102	0.00133392
0.795918	0.795918	0.00111974
0.795918	0.836735	0.000901148
0.795918	0.877551	0.000678993
0.795918	0.918367	0.000454157
0.795918	0.959184	0.000227528
0.795918	1	0
0.836735	-1	0.000183045
0.836735	-0.959184	0.000365368
0.836735	-0.918367	0.00054625
0.836735	-0.877551	0.000724977
0.836735	-0.836735	0.000900845
0.836735	-0.795918	0.00107316
0.836735	-0.755102	0.00124124
0.836735	-0.714286	0.00140442
0.836735	-0.673469	0.00156207
0.836735	-0.632653	0.00171355
0.836735	-0.591837	0.00185827
0.836735	-0.55102	0.00199567
0.836735	-0.510204	0.00212519
0.836735	-0.469388	0.00224632
0.836735	-0.428571	0.00235859
0.836735	-0.387755	0.00246156
0.836735	-0.346939	0.00255482
0.836735	-0.306122	0.00263799
0.836735	-0.265306	0.00271076
0.836735	-0.22449	0.00277283
0.836735	-0.183673	0.00282396
0.836735	-0.142857	0.00286395
0.836735	-0.102041	0.00289263
0.836735	-0.0612245	0.0029099
0.836735	-0.0204082	0.00291569
0.836735	0.0204082	0.00290996
0.836735	0.0612245	0.00289276
0.836735	0.102041	0.00286414
0.836735	0.142857	0.00282421
0.836735	0.183673	0.00277313
0.836735	0.22449	0.00271111
0.836735	0.265306	0.00263839
0.836735	0.306122	0.00255525
0.836735	0.346939	0.00246203
0.836735	0.387755	0.00235908
0.836735	0.428571	0.00224683
0.836735	0.469388	0.0021257
0.836735	0.510204	0.00199618
0.836735	0.55102	0.00185878
0.836735	0.591837	0.00171404
0.836735	0.632653	0.00156254
0.836735	0.673469	0.00140486
0.836735	0.714286	0.00124164
0.836735	0.755102	0.00107351
0.836735	0.795918	0.000901148
0.836735	0.836735	0.000725225
0.836735	0.877551	0.00054644
0.836735	0.918367	0.000365496
0.836735	0.959184	0.00018311
0.836735	1	0
0.877551	-1	0.00013792
0.877551	-0.959184	0.000275296
0.877551	-0.918367	0.000411586
0.877551	-0.877551	0.000546253
0.877551	-0.836735	0.000678765
0.877551	-0.795918	0.000808599
0.877551	-0.755102	0.000935244
0.877551	-0.714286	0.0010582
0.877551	-0.673469	0.00117698
0.877551	-0.632653	0.00129112
0.877551	-0.591837	0.00140016
0.877551	-0.55102	0.00150369
0.877551	-0.510204	0.00160128
0.877551	-0.469388	0.00169255
0.877551	-0.428571	0.00177714
0.877551	-0.387755	0.00185473
0.877551	-0.346939	0.00192499
0.877551	-0.306122	0.00198766
0.877551	-0.265306	0.00204249
0.877551	-0.22449	0.00208926
0.877551	-0.183673	0.00212778
0.877551	-0.142857	0.00215791
0.877551	-0.102041	0.00217953
0.877551	-0.0612245	0.00219254
0.877551	-0.0204082	0.0021969
0.877551	0.0204082	0.00219259
0.877551	0.0612245	0.00217962
0.877551	0.102041	0.00215806
0.877551	0.142857	0.00212797
0.877551	0.183673	0.00208949
0.877551	0.22449	0.00204276
0.877551	0.265306	0.00198796
0.877551	0.306122	0.00192532
0.877551	0.346939	0.00185508
0.877551	0.387755	0.00177751
0.877551	0.428571	0.00169293
0.877551	0.469388	0.00160166
0.877551	0.510204	0.00150407
0.877551	0.55102	0.00140055
0.877551	0.591837	0.00129149
0.877551	0.632653	0.00117733
0.877551	0.673469	0.00105853
0.877551	0.714286	0.000935543
0.877551	0.755102	0.000808865
0.877551	0.795918	0.000678993
0.877551	0.836735	0.00054644
0.877551	0.877551	0.000411729
0.877551	0.918367	0.000275393
0.877551	0.959184	0.000137969
0.877551	1	0
0.918367	-1	9.22504e-05
0.918367	-0.959184	0.000184137
0.918367	-0.918367	0.000275297
0.918367	-0.877551	0.000365371
0.918367	-0.836735	0.000454004
0.918367	-0.795918	0.000540847
0.918367	-0.755102	0.000625555
0.918367	-0.714286	0.000707796
0.918367	-0.673469	0.000787246
0.918367	-0.632653	0.000863589
0.918367	-0.591837	0.000936526
0.918367	-0.55102	0.00100577
0.918367	-0.510204	0.00107104
0.918367	-0.469388	0.00113209
0.918367	-0.428571	0.00118868
0.918367	-0.387755	0.00124057
0.918367	-0.346939	0.00128757
0.918367	-0.306122	0.00132949
0.918367	-0.265306	0.00136616
0.918367	-0.22449	0.00139744
0.918367	-0.183673	0.00142321
0.918367	-0.142857	0.00144336
0.918367	-0.102041	0.00145782
0.918367	-0.0612245	0.00146652
0.918367	-0.0204082	0.00146944
0.918367	0.0204082	0.00146655
0.918367	0.0612245	0.00145788
0.918367	0.102041	0.00144346
0.918367	0.142857	0.00142333
0.918367	0.183673	0.00139759
0.918367	0.22449	0.00136634
0.918367	0.265306	0.00132969
0.918367	0.306122	0.00128779
0.918367	0.346939	0.0012408
0.918367	0.387755	0.00118892
0.918367	0.428571	0.00113235
0.918367	0.469388	0.0010713
0.918367	0.510204	0.00100603
0.918367	0.55102	0.000936781
0.918367	0.591837	0.000863836
0.918367	0.632653	0.00078748
0.918367	0.673469	0.000708016
0.918367	0.714286	0.000625755
0.918367	0.755102	0.000541024
0.918367	0.795918	0.000454157
0.918367	0.836735	0.000365496
0.918367	0.877551	0.000275393
0.918367	0.918367	0.000184201
0.918367	0.959184	9.22829e-05
0.918367	1	0
0.959184	-1	4.62164e-05
0.959184	-0.959184	9.22506e-05
0.959184	-0.918367	0.000137921
0.959184	-0.877551	0.000183047
0.959184	-0.836735	0.000227451
0.959184	-0.795918	0.000270958
0.959184	-0.755102	0.000313396
0.959184	-0.714286	0.000354598
0.959184	-0.673469	0.000394401
0.959184	-0.632653	0.000432649
0.959184	-0.591837	0.000469189
0.959184	-0.55102	0.000503879
0.959184	-0.510204	0.000536581
0.959184	-0.469388	0.000567166
0.959184	-0.428571	0.000595513
0.959184	-0.387755	0.000621511
0.959184	-0.346939	0.000645057
0.959184	-0.306122	0.000666058
0.959184	-0.265306	0.00068443
0.959184	-0.22449	0.000700102
0.959184	-0.183673	0.000713012
0.959184	-0.142857	0.000723108
0.959184	-0.102041	0.00073035
0.959184	-0.0612245	0.000734711
0.959184	-0.0204082	0.000736171
0.959184	0.0204082	0.000734727
0.959184	0.0612245	0.000730383
0.959184	0.102041	0.000723156
0.959184	0.142857	0.000713074
0.959184	0.183673	0.000700179
0.959184	0.22449	0.000684519
0.959184	0.265306	0.000666158
0.959184	0.306122	0.000645167
0.959184	0.346939	0.000621629
0.959184	0.387755	0.000595637
0.959184	0.428571	0.000567294
0.959184	0.469388	0.000536711
0.959184	0.510204	0.000504009
0.959184	0.55102	0.000469317
0.959184	0.591837	0.000432772
0.959184	0.632653	0.000394519
0.959184	0.673469	0.000354708
0.959184	0.714286	0.000313497
0.959184	0.755102	0.000271047
0.959184	0.795918	0.000227528
0.959184	0.836735	0.00018311
0.959184	0.877551	0.000137969
0.959184	0.918367	9.22829e-05
0.959184	0.959184	4.62327e-05
0.959184	1	0
1	-1	0
1	-0.959184	0
1	-0.918367	0
1	-0.877551	0
1	-0.836735	0
1	-0.795918	0
1	-0.755102	0
1	-0.714286	0
1	-0.673469	0
1	-0.632653	0
1	-0.591837	0
1	-0.55102	0
1	-0.510204	0
1	-0.469388	0
1	-0.428571	0
1	-0.387755	0
1	-0.346939	0
1	-0.306122	0
1	-0.265306	0
1	-0.22449	0
1	-0.183673	0
1	-0.142857	0
1	-0.102041	0
1	-0.0612245	0
1	-0.0204082	0
1	0.0204082	0
1	0.0612245	0
1	0.102041	0
1	0.142857	0
1	0.183673	0
1	0.22449	0
1	0.265306	0
1	0.306122	0
1	0.346939	0
1	0.387755	0
1	0.428571	0
1	0.469388	0
1	0.510204	0
1	0.55102	0
1	0.591837	0
1	0.632653	0
1	0.673469	0
1	0.714286	0
1	0.755102	0
1	0.795918	0
1	0.836735	0
1	0.877551	0
1	0.918367	0
1	0.959184	0
1	1	0
