-1	-1	0.000124828
-1	-0.959184	0.000249165
-1	-0.918367	0.000372521
-1	-0.877551	0.00049441
-1	-0.836735	0.000614353
-1	-0.795918	0.000731876
-1	-0.755102	0.000846518
-1	-0.714286	0.000957825
-1	-0.673469	0.00106536
-1	-0.632653	0.0011687
-1	-0.591837	0.00126744
-1	-0.55102	0.00136118
-1	-0.510204	0.00144956
-1	-0.469388	0.00153223
-1	-0.428571	0.00160886
-1	-0.387755	0.00167915
-1	-0.346939	0.00174282
-1	-0.306122	0.00179962
-1	-0.265306	0.00184933
-1	-0.22449	0.00189174
-1	-0.183673	0.0019267
-1	-0.142857	0.00195405
-1	-0.102041	0.0019737
-1	-0.0612245	0.00198556
-1	-0.0204082	0.00198958
-1	0.0204082	0.00198575
-1	0.0612245	0.00197409
-1	0.102041	0.00195463
-1	0.142857	0.00192745
-1	0.183673	0.00189266
-1	0.22449	0.0018504
-1	0.265306	0.00180083
-1	0.306122	0.00174414
-1	0.346939	0.00168056
-1	0.387755	0.00161035
-1	0.428571	0.00153376
-1	0.469388	0.00145112
-1	0.510204	0.00136274
-1	0.55102	0.00126897
-1	0.591837	0.00117019
-1	0.632653	0.00106677
-1	0.673469	0.000959144
-1	0.714286	0.000847721
-1	0.755102	0.000732945
-1	0.795918	0.000615271
-1	0.836735	0.000495163
-1	0.877551	0.000373096
-1	0.918367	0.000249554
-1	0.959184	0.000125024
-1	1	0
-0.959184	-1	0.000249165
-0.959184	-0.959184	0.00049735
-0.959184	-0.918367	0.000743576
-0.959184	-0.877551	0.000986874
-0.959184	-0.836735	0.00122629
-0.959184	-0.795918	0.00146087
-0.959184	-0.755102	0.0016897
-0.959184	-0.714286	0.00191188
-0.959184	-0.673469	0.00212653
-0.959184	-0.632653	0.0023328
-0.959184	-0.591837	0.00252988
-0.959184	-0.55102	0.002717
-0.959184	-0.510204	0.00289341
-0.959184	-0.469388	0.00305843
-0.959184	-0.428571	0.00321139
-0.959184	-0.387755	0.00335169
-0.959184	-0.346939	0.00347878
-0.959184	-0.306122	0.00359216
-0.959184	-0.265306	0.00369138
-0.959184	-0.22449	0.00377604
-0.959184	-0.183673	0.00384581
-0.959184	-0.142857	0.00390041
-0.959184	-0.102041	0.00393963
-0.959184	-0.0612245	0.0039633
-0.959184	-0.0204082	0.00397133
-0.959184	0.0204082	0.00396369
-0.959184	0.0612245	0.0039404
-0.959184	0.102041	0.00390156
-0.959184	0.142857	0.00384731
-0.959184	0.183673	0.00377787
-0.959184	0.22449	0.00369351
-0.959184	0.265306	0.00359456
-0.959184	0.306122	0.00348142
-0.959184	0.346939	0.00335451
-0.959184	0.387755	0.00321435
-0.959184	0.428571	0.00306149
-0.959184	0.469388	0.00289652
-0.959184	0.510204	0.00272011
-0.959184	0.55102	0.00253294
-0.959184	0.591837	0.00233576
-0.959184	0.632653	0.00212935
-0.959184	0.673469	0.00191451
-0.959184	0.714286	0.0016921
-0.959184	0.755102	0.00146301
-0.959184	0.795918	0.00122812
-0.959184	0.836735	0.000988376
-0.959184	0.877551	0.000744723
-0.959184	0.918367	0.000498125
-0.959184	0.959184	0.000249556
-0.959184	1	0
-0.918367	-1	0.000372521
-0.918367	-0.959184	0.000743576
-0.918367	-0.918367	0.0011117
-0.918367	-0.877551	0.00147545
-0.918367	-0.836735	0.00183339
-0.918367	-0.795918	0.00218411
-0.918367	-0.755102	0.00252623
-0.918367	-0.714286	0.00285841
-0.918367	-0.673469	0.00317932
-0.918367	-0.632653	0.00348771
-0.918367	-0.591837	0.00378237
-0.918367	-0.55102	0.00406212
-0.918367	-0.510204	0.00432587
-0.918367	-0.469388	0.00457258
-0.918367	-0.428571	0.00480127
-0.918367	-0.387755	0.00501103
-0.918367	-0.346939	0.00520105
-0.918367	-0.306122	0.00537056
-0.918367	-0.265306	0.0055189
-0.918367	-0.22449	0.00564547
-0.918367	-0.183673	0.00574978
-0.918367	-0.142857	0.00583141
-0.918367	-0.102041	0.00589004
-0.918367	-0.0612245	0.00592543
-0.918367	-0.0204082	0.00593744
-0.918367	0.0204082	0.00592602
-0.918367	0.0612245	0.0058912
-0.918367	0.102041	0.00583313
-0.918367	0.142857	0.00575203
-0.918367	0.183673	0.00564821
-0.918367	0.22449	0.00552209
-0.918367	0.265306	0.00537415
-0.918367	0.306122	0.00520498
-0.918367	0.346939	0.00501525
-0.918367	0.387755	0.0048057
-0.918367	0.428571	0.00457716
-0.918367	0.469388	0.00433053
-0.918367	0.510204	0.00406677
-0.918367	0.55102	0.00378695
-0.918367	0.591837	0.00349215
-0.918367	0.632653	0.00318354
-0.918367	0.673469	0.00286234
-0.918367	0.714286	0.00252983
-0.918367	0.755102	0.0021873
-0.918367	0.795918	0.00183613
-0.918367	0.836735	0.0014777
-0.918367	0.877551	0.00111342
-0.918367	0.918367	0.000744735
-0.918367	0.959184	0.000373105
-0.918367	1	0
-0.877551	-1	0.00049441
-0.877551	-0.959184	0.000986874
-0.877551	-0.918367	0.00147545
-0.877551	-0.877551	0.00195822
-0.877551	-0.836735	0.00243328
-0.877551	-0.795918	0.00289876
-0.877551	-0.755102	0.00335282
-0.877551	-0.714286	0.00379368
-0.877551	-0.673469	0.0042196
-0.877551	-0.632653	0.0046289
-0.877551	-0.591837	0.00501996
-0.877551	-0.55102	0.00539125
-0.877551	-0.510204	0.0057413
-0.877551	-0.469388	0.00606873
-0.877551	-0.428571	0.00637225
-0.877551	-0.387755	0.00665065
-0.877551	-0.346939	0.00690283
-0.877551	-0.306122	0.00712781
-0.877551	-0.265306	0.00732468
-0.877551	-0.22449	0.00749267
-0.877551	-0.183673	0.00763111
-0.877551	-0.142857	0.00773946
-0.877551	-0.102041	0.00781727
-0.877551	-0.0612245	0.00786424
-0.877551	-0.0204082	0.00788018
-0.877551	0.0204082	0.00786501
-0.877551	0.0612245	0.00781881
-0.877551	0.102041	0.00774173
-0.877551	0.142857	0.00763409
-0.877551	0.183673	0.00749631
-0.877551	0.22449	0.00732892
-0.877551	0.265306	0.00713257
-0.877551	0.306122	0.00690806
-0.877551	0.346939	0.00665624
-0.877551	0.387755	0.00637813
-0.877551	0.428571	0.00607481
-0.877551	0.469388	0.00574748
-0.877551	0.510204	0.00539743
-0.877551	0.55102	0.00502604
-0.877551	0.591837	0.00463478
-0.877551	0.632653	0.00422519
-0.877551	0.673469	0.0037989
-0.877551	0.714286	0.00335759
-0.877551	0.755102	0.00290299
-0.877551	0.795918	0.00243692
-0.877551	0.836735	0.0019612
-0.877551	0.877551	0.00147773
-0.877551	0.918367	0.000988413
-0.877551	0.959184	0.000495186
-0.877551	1	0
-0.836735	-1	0.000614353
-0.836735	-0.959184	0.00122629
-0.836735	-0.918367	0.00183339
-0.836735	-0.877551	0.00243328
-0.836735	-0.836735	0.00302359
-0.836735	-0.795918	0.00360199
-0.836735	-0.755102	0.0041662
-0.836735	-0.714286	0.00471401
-0.836735	-0.673469	0.00524326
-0.836735	-0.632653	0.00575185
-0.836735	-0.591837	0.00623779
-0.836735	-0.55102	0.00669915
-0.836735	-0.510204	0.00713412
-0.836735	-0.469388	0.00754099
-0.836735	-0.428571	0.00791813
-0.836735	-0.387755	0.00826407
-0.836735	-0.346939	0.00857744
-0.836735	-0.306122	0.00885699
-0.836735	-0.265306	0.00910163
-0.836735	-0.22449	0.00931037
-0.836735	-0.183673	0.0094824
-0.836735	-0.142857	0.00961703
-0.836735	-0.102041	0.00971372
-0.836735	-0.0612245	0.00977208
-0.836735	-0.0204082	0.00979188
-0.836735	0.0204082	0.00977304
-0.836735	0.0612245	0.00971563
-0.836735	0.102041	0.00961986
-0.836735	0.142857	0.0094861
-0.836735	0.183673	0.00931489
-0.836735	0.22449	0.00910689
-0.836735	0.265306	0.00886292
-0.836735	0.306122	0.00858393
-0.836735	0.346939	0.00827103
-0.836735	0.387755	0.00792544
-0.836735	0.428571	0.00754854
-0.836735	0.469388	0.0071418
-0.836735	0.510204	0.00670682
-0.836735	0.55102	0.00624534
-0.836735	0.591837	0.00575916
-0.836735	0.632653	0.00525021
-0.836735	0.673469	0.0047205
-0.836735	0.714286	0.00417213
-0.836735	0.755102	0.00360725
-0.836735	0.795918	0.0030281
-0.836735	0.836735	0.00243698
-0.836735	0.877551	0.00183622
-0.836735	0.918367	0.0012282
-0.836735	0.959184	0.000615316
-0.836735	1	0
-0.795918	-1	0.000731876
-0.795918	-0.959184	0.00146087
-0.795918	-0.918367	0.00218411
-0.795918	-0.877551	0.00289876
-0.795918	-0.836735	0.00360199
-0.795918	-0.795918	0.00429103
-0.795918	-0.755102	0.00496318
-0.795918	-0.714286	0.00561579
-0.795918	-0.673469	0.00624627
-0.795918	-0.632653	0.00685216
-0.795918	-0.591837	0.00743105
-0.795918	-0.55102	0.00798068
-0.795918	-0.510204	0.00849886
-0.795918	-0.469388	0.00898355
-0.795918	-0.428571	0.00943284
-0.795918	-0.387755	0.00984496
-0.795918	-0.346939	0.0102183
-0.795918	-0.306122	0.0105513
-0.795918	-0.265306	0.0108427
-0.795918	-0.22449	0.0110914
-0.795918	-0.183673	0.0112963
-0.795918	-0.142857	0.0114567
-0.795918	-0.102041	0.0115719
-0.795918	-0.0612245	0.0116414
-0.795918	-0.0204082	0.011665
-0.795918	0.0204082	0.0116426
-0.795918	0.0612245	0.0115742
-0.795918	0.102041	0.0114601
-0.795918	0.142857	0.0113008
-0.795918	0.183673	0.0110968
-0.795918	0.22449	0.010849
-0.795918	0.265306	0.0105584
-0.795918	0.306122	0.010226
-0.795918	0.346939	0.00985324
-0.795918	0.387755	0.00944155
-0.795918	0.428571	0.00899254
-0.795918	0.469388	0.00850799
-0.795918	0.510204	0.00798981
-0.795918	0.55102	0.00744005
-0.795918	0.591837	0.00686087
-0.795918	0.632653	0.00625456
-0.795918	0.673469	0.00562352
-0.795918	0.714286	0.00497024
-0.795918	0.755102	0.0042973
-0.795918	0.795918	0.00360737
-0.795918	0.836735	0.00290317
-0.795918	0.877551	0.00218748
-0.795918	0.918367	0.00146315
-0.795918	0.959184	0.000733024
-0.795918	1	0
-0.755102	-1	0.000846518
-0.755102	-0.959184	0.0016897
-0.755102	-0.918367	0.00252623
-0.755102	-0.877551	0.00335282
-0.755102	-0.836735	0.0041662
-0.755102	-0.795918	0.00496318
-0.755102	-0.755102	0.00574062
-0.755102	-0.714286	0.00649545
-0.755102	-0.673469	0.00722469
-0.755102	-0.632653	0.00792548
-0.755102	-0.591837	0.00859506
-0.755102	-0.55102	0.00923077
-0.755102	-0.510204	0.00983012
-0.755102	-0.469388	0.0103907
-0.755102	-0.428571	0.0109104
-0.755102	-0.387755	0.0113871
-0.755102	-0.346939	0.0118189
-0.755102	-0.306122	0.0122041
-0.755102	-0.265306	0.0125411
-0.755102	-0.22449	0.0128288
-0.755102	-0.183673	0.0130658
-0.755102	-0.142857	0.0132513
-0.755102	-0.102041	0.0133845
-0.755102	-0.0612245	0.013465
-0.755102	-0.0204082	0.0134922
-0.755102	0.0204082	0.0134663
-0.755102	0.0612245	0.0133872
-0.755102	0.102041	0.0132552
-0.755102	0.142857	0.0130709
-0.755102	0.183673	0.012835
-0.755102	0.22449	0.0125484
-0.755102	0.265306	0.0122122
-0.755102	0.306122	0.0118278
-0.755102	0.346939	0.0113967
-0.755102	0.387755	0.0109205
-0.755102	0.428571	0.0104011
-0.755102	0.469388	0.00984069
-0.755102	0.510204	0.00924134
-0.755102	0.55102	0.00860546
-0.755102	0.591837	0.00793556
-0.755102	0.632653	0.00723428
-0.755102	0.673469	0.00650439
-0.755102	0.714286	0.00574878
-0.755102	0.755102	0.00497043
-0.755102	0.795918	0.00417243
-0.755102	0.836735	0.00335792
-0.755102	0.877551	0.00253013
-0.755102	0.918367	0.00169234
-0.755102	0.959184	0.000847845
-0.755102	1	0
-0.714286	-1	0.000957825
-0.714286	-0.959184	0.00191188
-0.714286	-0.918367	0.00285841
-0.714286	-0.877551	0.00379368
-0.714286	-0.836735	0.00471401
-0.714286	-0.795918	0.00561579
-0.714286	-0.755102	0.00649545
-0.714286	-0.714286	0.00734953
-0.714286	-0.673469	0.00817466
-0.714286	-0.632653	0.0089676
-0.714286	-0.591837	0.00972521
-0.714286	-0.55102	0.0104445
-0.714286	-0.510204	0.0111227
-0.714286	-0.469388	0.011757
-0.714286	-0.428571	0.012345
-0.714286	-0.387755	0.0128844
-0.714286	-0.346939	0.0133729
-0.714286	-0.306122	0.0138088
-0.714286	-0.265306	0.0141902
-0.714286	-0.22449	0.0145156
-0.714286	-0.183673	0.0147838
-0.714286	-0.142857	0.0149937
-0.714286	-0.102041	0.0151445
-0.714286	-0.0612245	0.0152355
-0.714286	-0.0204082	0.0152663
-0.714286	0.0204082	0.015237
-0.714286	0.0612245	0.0151474
-0.714286	0.102041	0.0149981
-0.714286	0.142857	0.0147896
-0.714286	0.183673	0.0145227
-0.714286	0.22449	0.0141984
-0.714286	0.265306	0.013818
-0.714286	0.306122	0.013383
-0.714286	0.346939	0.0128952
-0.714286	0.387755	0.0123564
-0.714286	0.428571	0.0117688
-0.714286	0.469388	0.0111346
-0.714286	0.510204	0.0104565
-0.714286	0.55102	0.00973698
-0.714286	0.591837	0.008979
-0.714286	0.632653	0.0081855
-0.714286	0.673469	0.00735964
-0.714286	0.714286	0.00650468
-0.714286	0.755102	0.00562399
-0.714286	0.795918	0.00472106
-0.714286	0.836735	0.00379945
-0.714286	0.877551	0.00286282
-0.714286	0.918367	0.00191486
-0.714286	0.959184	0.000959327
-0.714286	1	0
-0.673469	-1	0.00106536
-0.673469	-0.959184	0.00212653
-0.673469	-0.918367	0.00317932
-0.673469	-0.877551	0.0042196
-0.673469	-0.836735	0.00524326
-0.673469	-0.795918	0.00624627
-0.673469	-0.755102	0.00722469
-0.673469	-0.714286	0.00817466
-0.673469	-0.673469	0.00909243
-0.673469	-0.632653	0.0099744
-0.673469	-0.591837	0.0108171
-0.673469	-0.55102	0.0116171
-0.673469	-0.510204	0.0123714
-0.673469	-0.469388	0.013077
-0.673469	-0.428571	0.013731
-0.673469	-0.387755	0.0143309
-0.673469	-0.346939	0.0148743
-0.673469	-0.306122	0.0153591
-0.673469	-0.265306	0.0157833
-0.673469	-0.22449	0.0161453
-0.673469	-0.183673	0.0164436
-0.673469	-0.142857	0.0166771
-0.673469	-0.102041	0.0168447
-0.673469	-0.0612245	0.0169459
-0.673469	-0.0204082	0.0169803
-0.673469	0.0204082	0.0169476
-0.673469	0.0612245	0.0168481
-0.673469	0.102041	0.016682
-0.673469	0.142857	0.01645
-0.673469	0.183673	0.0161531
-0.673469	0.22449	0.0157924
-0.673469	0.265306	0.0153693
-0.673469	0.306122	0.0148856
-0.673469	0.346939	0.0143429
-0.673469	0.387755	0.0137437
-0.673469	0.428571	0.0130901
-0.673469	0.469388	0.0123847
-0.673469	0.510204	0.0116304
-0.673469	0.55102	0.0108302
-0.673469	0.591837	0.00998707
-0.673469	0.632653	0.00910449
-0.673469	0.673469	0.00818592
-0.673469	0.714286	0.00723496
-0.673469	0.755102	0.0062554
-0.673469	0.795918	0.00525109
-0.673469	0.836735	0.00422602
-0.673469	0.877551	0.00318423
-0.673469	0.918367	0.00212984
-0.673469	0.959184	0.00106703
-0.673469	1	0
-0.632653	-1	0.0011687
-0.632653	-0.959184	0.0023328
-0.632653	-0.918367	0.00348771
-0.632653	-0.877551	0.0046289
-0.632653	-0.836735	0.00575185
-0.632653	-0.795918	0.00685216
-0.632653	-0.755102	0.00792548
-0.632653	-0.714286	0.0089676
-0.632653	-0.673469	0.0099744
-0.632653	-0.632653	0.0109419
-0.632653	-0.591837	0.0118663
-0.632653	-0.55102	0.012744
-0.632653	-0.510204	0.0135714
-0.632653	-0.469388	0.0143454
-0.632653	-0.428571	0.0150629
-0.632653	-0.387755	0.015721
-0.632653	-0.346939	0.0163171
-0.632653	-0.306122	0.0168489
-0.632653	-0.265306	0.0173143
-0.632653	-0.22449	0.0177114
-0.632653	-0.183673	0.0180386
-0.632653	-0.142857	0.0182947
-0.632653	-0.102041	0.0184787
-0.632653	-0.0612245	0.0185897
-0.632653	-0.0204082	0.0186274
-0.632653	0.0204082	0.0185915
-0.632653	0.0612245	0.0184823
-0.632653	0.102041	0.0183001
-0.632653	0.142857	0.0180457
-0.632653	0.183673	0.01772
-0.632653	0.22449	0.0173243
-0.632653	0.265306	0.0168602
-0.632653	0.306122	0.0163294
-0.632653	0.346939	0.0157342
-0.632653	0.387755	0.0150768
-0.632653	0.428571	0.0143598
-0.632653	0.469388	0.013586
-0.632653	0.510204	0.0127586
-0.632653	0.55102	0.0118807
-0.632653	0.591837	0.0109558
-0.632653	0.632653	0.00998763
-0.632653	0.673469	0.00897994
-0.632653	0.714286	0.00793675
-0.632653	0.755102	0.00686217
-0.632653	0.795918	0.00576045
-0.632653	0.836735	0.00463594
-0.632653	0.877551	0.0034931
-0.632653	0.918367	0.00233644
-0.632653	0.959184	0.00117053
-0.632653	1	0
-0.591837	-1	0.00126744
-0.591837	-0.959184	0.00252988
-0.591837	-0.918367	0.00378237
-0.591837	-0.877551	0.00501996
-0.591837	-0.836735	0.00623779
-0.591837	-0.795918	0.00743105
-0.591837	-0.755102	0.00859506
-0.591837	-0.714286	0.00972521
-0.591837	-0.673469	0.0108171
-0.591837	-0.632653	0.0118663
-0.591837	-0.591837	0.0128688
-0.591837	-0.55102	0.0138206
-0.591837	-0.510204	0.014718
-0.591837	-0.469388	0.0155574
-0.591837	-0.428571	0.0163354
-0.591837	-0.387755	0.0170491
-0.591837	-0.346939	0.0176956
-0.591837	-0.306122	0.0182724
-0.591837	-0.265306	0.018777
-0.591837	-0.22449	0.0192077
-0.591837	-0.183673	0.0195626
-0.591837	-0.142857	0.0198403
-0.591837	-0.102041	0.0200398
-0.591837	-0.0612245	0.0201602
-0.591837	-0.0204082	0.0202011
-0.591837	0.0204082	0.0201622
-0.591837	0.0612245	0.0200438
-0.591837	0.102041	0.0198462
-0.591837	0.142857	0.0195702
-0.591837	0.183673	0.019217
-0.591837	0.22449	0.0187879
-0.591837	0.265306	0.0182846
-0.591837	0.306122	0.017709
-0.591837	0.346939	0.0170635
-0.591837	0.387755	0.0163505
-0.591837	0.428571	0.015573
-0.591837	0.469388	0.0147338
-0.591837	0.510204	0.0138365
-0.591837	0.55102	0.0128844
-0.591837	0.591837	0.0118814
-0.591837	0.632653	0.0108314
-0.591837	0.673469	0.0097386
-0.591837	0.714286	0.00860728
-0.591837	0.755102	0.00744191
-0.591837	0.795918	0.00624711
-0.591837	0.836735	0.0050276
-0.591837	0.877551	0.00378821
-0.591837	0.918367	0.00253383
-0.591837	0.959184	0.00126942
-0.591837	1	0
-0.55102	-1	0.00136118
-0.55102	-0.959184	0.002717
-0.55102	-0.918367	0.00406212
-0.55102	-0.877551	0.00539125
-0.55102	-0.836735	0.00669915
-0.55102	-0.795918	0.00798068
-0.55102	-0.755102	0.00923077
-0.55102	-0.714286	0.0104445
-0.55102	-0.673469	0.0116171
-0.55102	-0.632653	0.012744
-0.55102	-0.591837	0.0138206
-0.55102	-0.55102	0.0148429
-0.55102	-0.510204	0.0158066
-0.55102	-0.469388	0.016708
-0.55102	-0.428571	0.0175437
-0.55102	-0.387755	0.0183101
-0.55102	-0.346939	0.0190044
-0.55102	-0.306122	0.0196238
-0.55102	-0.265306	0.0201658
-0.55102	-0.22449	0.0206284
-0.55102	-0.183673	0.0210095
-0.55102	-0.142857	0.0213078
-0.55102	-0.102041	0.021522
-0.55102	-0.0612245	0.0216513
-0.55102	-0.0204082	0.0216952
-0.55102	0.0204082	0.0216535
-0.55102	0.0612245	0.0215262
-0.55102	0.102041	0.0213141
-0.55102	0.142857	0.0210177
-0.55102	0.183673	0.0206384
-0.55102	0.22449	0.0201775
-0.55102	0.265306	0.019637
-0.55102	0.306122	0.0190188
-0.55102	0.346939	0.0183255
-0.55102	0.387755	0.0175599
-0.55102	0.428571	0.0167248
-0.55102	0.469388	0.0158236
-0.55102	0.510204	0.0148599
-0.55102	0.55102	0.0138374
-0.55102	0.591837	0.0127602
-0.55102	0.632653	0.0116325
-0.55102	0.673469	0.0104589
-0.55102	0.714286	0.00924389
-0.55102	0.755102	0.00799233
-0.55102	0.795918	0.00670916
-0.55102	0.836735	0.00539946
-0.55102	0.877551	0.00406839
-0.55102	0.918367	0.00272124
-0.55102	0.959184	0.00136331
-0.55102	1	0
-0.510204	-1	0.00144956
-0.510204	-0.959184	0.00289341
-0.510204	-0.918367	0.00432587
-0.510204	-0.877551	0.0057413
-0.510204	-0.836735	0.00713412
-0.510204	-0.795918	0.00849886
-0.510204	-0.755102	0.00983012
-0.510204	-0.714286	0.0111227
-0.510204	-0.673469	0.0123714
-0.510204	-0.632653	0.0135714
-0.510204	-0.591837	0.014718
-0.510204	-0.55102	0.0158066
-0.510204	-0.510204	0.0168329
-0.510204	-0.469388	0.0177929
-0.510204	-0.428571	0.0186828
-0.510204	-0.387755	0.019499
-0.510204	-0.346939	0.0202384
-0.510204	-0.306122	0.020898
-0.510204	-0.265306	0.0214752
-0.510204	-0.22449	0.0219677
-0.510204	-0.183673	0.0223736
-0.510204	-0.142857	0.0226913
-0.510204	-0.102041	0.0229194
-0.510204	-0.0612245	0.0230571
-0.510204	-0.0204082	0.0231039
-0.510204	0.0204082	0.0230594
-0.510204	0.0612245	0.0229239
-0.510204	0.102041	0.022698
-0.510204	0.142857	0.0223824
-0.510204	0.183673	0.0219784
-0.510204	0.22449	0.0214876
-0.510204	0.265306	0.020912
-0.510204	0.306122	0.0202537
-0.510204	0.346939	0.0195154
-0.510204	0.387755	0.0187
-0.510204	0.428571	0.0178107
-0.510204	0.469388	0.016851
-0.510204	0.510204	0.0158247
-0.510204	0.55102	0.0147358
-0.510204	0.591837	0.0135887
-0.510204	0.632653	0.0123878
-0.510204	0.673469	0.011138
-0.510204	0.714286	0.00984409
-0.510204	0.755102	0.00851127
-0.510204	0.795918	0.00714478
-0.510204	0.836735	0.00575004
-0.510204	0.877551	0.00433255
-0.510204	0.918367	0.00289792
-0.510204	0.959184	0.00145183
-0.510204	1	0
-0.469388	-1	0.00153223
-0.469388	-0.959184	0.00305843
-0.469388	-0.918367	0.00457258
-0.469388	-0.877551	0.00606873
-0.469388	-0.836735	0.00754099
-0.469388	-0.795918	0.00898355
-0.469388	-0.755102	0.0103907
-0.469388	-0.714286	0.011757
-0.469388	-0.673469	0.013077
-0.469388	-0.632653	0.0143454
-0.469388	-0.591837	0.0155574
-0.469388	-0.55102	0.016708
-0.469388	-0.510204	0.0177929
-0.469388	-0.469388	0.0188076
-0.469388	-0.428571	0.0197482
-0.469388	-0.387755	0.020611
-0.469388	-0.346939	0.0213926
-0.469388	-0.306122	0.0220898
-0.469388	-0.265306	0.0226999
-0.469388	-0.22449	0.0232206
-0.469388	-0.183673	0.0236496
-0.469388	-0.142857	0.0239854
-0.469388	-0.102041	0.0242265
-0.469388	-0.0612245	0.0243721
-0.469388	-0.0204082	0.0244215
-0.469388	0.0204082	0.0243745
-0.469388	0.0612245	0.0242313
-0.469388	0.102041	0.0239924
-0.469388	0.142857	0.0236588
-0.469388	0.183673	0.0232318
-0.469388	0.22449	0.0227131
-0.469388	0.265306	0.0221046
-0.469388	0.306122	0.0214088
-0.469388	0.346939	0.0206284
-0.469388	0.387755	0.0197665
-0.469388	0.428571	0.0188265
-0.469388	0.469388	0.017812
-0.469388	0.510204	0.0167272
-0.469388	0.55102	0.0155762
-0.469388	0.591837	0.0143637
-0.469388	0.632653	0.0130943
-0.469388	0.673469	0.0117732
-0.469388	0.714286	0.0104055
-0.469388	0.755102	0.00899667
-0.469388	0.795918	0.00755225
-0.469388	0.836735	0.00607797
-0.469388	0.877551	0.00457964
-0.469388	0.918367	0.00306319
-0.469388	0.959184	0.00153463
-0.469388	1	0
-0.428571	-1	0.00160886
-0.428571	-0.959184	0.00321139
-0.428571	-0.918367	0.00480127
-0.428571	-0.877551	0.00637225
-0.428571	-0.836735	0.00791813
-0.428571	-0.795918	0.00943284
-0.428571	-0.755102	0.0109104
-0.428571	-0.714286	0.012345
-0.428571	-0.673469	0.013731
-0.428571	-0.632653	0.0150629
-0.428571	-0.591837	0.0163354
-0.428571	-0.55102	0.0175437
-0.428571	-0.510204	0.0186828
-0.428571	-0.469388	0.0197482
-0.428571	-0.428571	0.0207359
-0.428571	-0.387755	0.0216419
-0.428571	-0.346939	0.0224625
-0.428571	-0.306122	0.0231946
-0.428571	-0.265306	0.0238352
-0.428571	-0.22449	0.0243819
-0.428571	-0.183673	0.0248324
-0.428571	-0.142857	0.025185
-0.428571	-0.102041	0.0254382
-0.428571	-0.0612245	0.025591
-0.428571	-0.0204082	0.0256429
-0.428571	0.0204082	0.0255935
-0.428571	0.0612245	0.0254432
-0.428571	0.102041	0.0251924
-0.428571	0.142857	0.0248421
-0.428571	0.183673	0.0243937
-0.428571	0.22449	0.023849
-0.428571	0.265306	0.0232101
-0.428571	0.306122	0.0224795
-0.428571	0.346939	0.0216601
-0.428571	0.387755	0.0207551
-0.428571	0.428571	0.019768
-0.428571	0.469388	0.0187028
-0.428571	0.510204	0.0175638
-0.428571	0.55102	0.0163552
-0.428571	0.591837	0.015082
-0.428571	0.632653	0.0137492
-0.428571	0.673469	0.012362
-0.428571	0.714286	0.0109259
-0.428571	0.755102	0.00944662
-0.428571	0.795918	0.00792996
-0.428571	0.836735	0.00638194
-0.428571	0.877551	0.00480868
-0.428571	0.918367	0.00321639
-0.428571	0.959184	0.00161138
-0.428571	1	0
-0.387755	-1	0.00167915
-0.387755	-0.959184	0.00335169
-0.387755	-0.918367	0.00501103
-0.387755	-0.877551	0.00665065
-0.387755	-0.836735	0.00826407
-0.387755	-0.795918	0.00984496
-0.387755	-0.755102	0.0113871
-0.387755	-0.714286	0.0128844
-0.387755	-0.673469	0.0143309
-0.387755	-0.632653	0.015721
-0.387755	-0.591837	0.0170491
-0.387755	-0.55102	0.0183101
-0.387755	-0.510204	0.019499
-0.387755	-0.469388	0.020611
-0.387755	-0.428571	0.0216419
-0.387755	-0.387755	0.0225874
-0.387755	-0.346939	0.0234439
-0.387755	-0.306122	0.0242079
-0.387755	-0.265306	0.0248766
-0.387755	-0.22449	0.0254471
-0.387755	-0.183673	0.0259173
-0.387755	-0.142857	0.0262853
-0.387755	-0.102041	0.0265495
-0.387755	-0.0612245	0.0267091
-0.387755	-0.0204082	0.0267632
-0.387755	0.0204082	0.0267117
-0.387755	0.0612245	0.0265548
-0.387755	0.102041	0.026293
-0.387755	0.142857	0.0259274
-0.387755	0.183673	0.0254595
-0.387755	0.22449	0.024891
-0.387755	0.265306	0.0242241
-0.387755	0.306122	0.0234616
-0.387755	0.346939	0.0226064
-0.387755	0.387755	0.0216618
-0.387755	0.428571	0.0206317
-0.387755	0.469388	0.01952
-0.387755	0.510204	0.0183311
-0.387755	0.55102	0.0170698
-0.387755	0.591837	0.015741
-0.387755	0.632653	0.0143499
-0.387755	0.673469	0.0129021
-0.387755	0.714286	0.0114033
-0.387755	0.755102	0.00985934
-0.387755	0.795918	0.00827642
-0.387755	0.836735	0.00666077
-0.387755	0.877551	0.00501877
-0.387755	0.918367	0.00335691
-0.387755	0.959184	0.00168178
-0.387755	1	0
-0.346939	-1	0.00174282
-0.346939	-0.959184	0.00347878
-0.346939	-0.918367	0.00520105
-0.346939	-0.877551	0.00690283
-0.346939	-0.836735	0.00857744
-0.346939	-0.795918	0.0102183
-0.346939	-0.755102	0.0118189
-0.346939	-0.714286	0.0133729
-0.346939	-0.673469	0.0148743
-0.346939	-0.632653	0.0163171
-0.346939	-0.591837	0.0176956
-0.346939	-0.55102	0.0190044
-0.346939	-0.510204	0.0202384
-0.346939	-0.469388	0.0213926
-0.346939	-0.428571	0.0224625
-0.346939	-0.387755	0.0234439
-0.346939	-0.346939	0.0243328
-0.346939	-0.306122	0.0251259
-0.346939	-0.265306	0.0258199
-0.346939	-0.22449	0.0264121
-0.346939	-0.183673	0.0269001
-0.346939	-0.142857	0.027282
-0.346939	-0.102041	0.0275563
-0.346939	-0.0612245	0.0277218
-0.346939	-0.0204082	0.027778
-0.346939	0.0204082	0.0277246
-0.346939	0.0612245	0.0275617
-0.346939	0.102041	0.02729
-0.346939	0.142857	0.0269106
-0.346939	0.183673	0.0264249
-0.346939	0.22449	0.0258348
-0.346939	0.265306	0.0251427
-0.346939	0.306122	0.0243513
-0.346939	0.346939	0.0234636
-0.346939	0.387755	0.0224832
-0.346939	0.428571	0.021414
-0.346939	0.469388	0.0202601
-0.346939	0.510204	0.0190262
-0.346939	0.55102	0.017717
-0.346939	0.591837	0.0163378
-0.346939	0.632653	0.014894
-0.346939	0.673469	0.0133913
-0.346939	0.714286	0.0118357
-0.346939	0.755102	0.0102332
-0.346939	0.795918	0.00859026
-0.346939	0.836735	0.00691334
-0.346939	0.877551	0.00520907
-0.346939	0.918367	0.00348421
-0.346939	0.959184	0.00174556
-0.346939	1	0
-0.306122	-1	0.00179962
-0.306122	-0.959184	0.00359216
-0.306122	-0.918367	0.00537056
-0.306122	-0.877551	0.00712781
-0.306122	-0.836735	0.00885699
-0.306122	-0.795918	0.0105513
-0.306122	-0.755102	0.0122041
-0.306122	-0.714286	0.0138088
-0.306122	-0.673469	0.0153591
-0.306122	-0.632653	0.0168489
-0.306122	-0.591837	0.0182724
-0.306122	-0.55102	0.0196238
-0.306122	-0.510204	0.020898
-0.306122	-0.469388	0.0220898
-0.306122	-0.428571	0.0231946
-0.306122	-0.387755	0.0242079
-0.306122	-0.346939	0.0251259
-0.306122	-0.306122	0.0259448
-0.306122	-0.265306	0.0266614
-0.306122	-0.22449	0.0272729
-0.306122	-0.183673	0.0277768
-0.306122	-0.142857	0.0281712
-0.306122	-0.102041	0.0284544
-0.306122	-0.0612245	0.0286254
-0.306122	-0.0204082	0.0286834
-0.306122	0.0204082	0.0286282
-0.306122	0.0612245	0.02846
-0.306122	0.102041	0.0281794
-0.306122	0.142857	0.0277876
-0.306122	0.183673	0.0272861
-0.306122	0.22449	0.0266768
-0.306122	0.265306	0.0259621
-0.306122	0.306122	0.0251449
-0.306122	0.346939	0.0242283
-0.306122	0.387755	0.023216
-0.306122	0.428571	0.0221119
-0.306122	0.469388	0.0209205
-0.306122	0.510204	0.0196463
-0.306122	0.55102	0.0182945
-0.306122	0.591837	0.0168703
-0.306122	0.632653	0.0153795
-0.306122	0.673469	0.0138278
-0.306122	0.714286	0.0122214
-0.306122	0.755102	0.0105667
-0.306122	0.795918	0.00887023
-0.306122	0.836735	0.00713866
-0.306122	0.877551	0.00537885
-0.306122	0.918367	0.00359776
-0.306122	0.959184	0.00180245
-0.306122	1	0
-0.265306	-1	0.00184933
-0.265306	-0.959184	0.00369138
-0.265306	-0.918367	0.0055189
-0.265306	-0.877551	0.00732468
-0.265306	-0.836735	0.00910163
-0.265306	-0.795918	0.0108427
-0.265306	-0.755102	0.0125411
-0.265306	-0.714286	0.0141902
-0.265306	-0.673469	0.0157833
-0.265306	-0.632653	0.0173143
-0.265306	-0.591837	0.018777
-0.265306	-0.55102	0.0201658
-0.265306	-0.510204	0.0214752
-0.265306	-0.469388	0.0226999
-0.265306	-0.428571	0.0238352
-0.265306	-0.387755	0.0248766
-0.265306	-0.346939	0.0258199
-0.265306	-0.306122	0.0266614
-0.265306	-0.265306	0.0273978
-0.265306	-0.22449	0.0280262
-0.265306	-0.183673	0.028544
-0.265306	-0.142857	0.0289493
-0.265306	-0.102041	0.0292403
-0.265306	-0.0612245	0.029416
-0.265306	-0.0204082	0.0294756
-0.265306	0.0204082	0.0294189
-0.265306	0.0612245	0.0292461
-0.265306	0.102041	0.0289578
-0.265306	0.142857	0.0285551
-0.265306	0.183673	0.0280398
-0.265306	0.22449	0.0274136
-0.265306	0.265306	0.0266792
-0.265306	0.306122	0.0258394
-0.265306	0.346939	0.0248975
-0.265306	0.387755	0.0238572
-0.265306	0.428571	0.0227227
-0.265306	0.469388	0.0214983
-0.265306	0.510204	0.0201889
-0.265306	0.55102	0.0187998
-0.265306	0.591837	0.0173363
-0.265306	0.632653	0.0158042
-0.265306	0.673469	0.0142097
-0.265306	0.714286	0.012559
-0.265306	0.755102	0.0108586
-0.265306	0.795918	0.00911523
-0.265306	0.836735	0.00733583
-0.265306	0.877551	0.00552741
-0.265306	0.918367	0.00369713
-0.265306	0.959184	0.00185223
-0.265306	1	0
-0.22449	-1	0.00189174
-0.22449	-0.959184	0.00377604
-0.22449	-0.918367	0.00564547
-0.22449	-0.877551	0.00749267
-0.22449	-0.836735	0.00931037
-0.22449	-0.795918	0.0110914
-0.22449	-0.755102	0.0128288
-0.22449	-0.714286	0.0145156
-0.22449	-0.673469	0.0161453
-0.22449	-0.632653	0.0177114
-0.22449	-0.591837	0.0192077
-0.22449	-0.55102	0.0206284
-0.22449	-0.510204	0.0219677
-0.22449	-0.469388	0.0232206
-0.22449	-0.428571	0.0243819
-0.22449	-0.387755	0.0254471
-0.22449	-0.346939	0.0264121
-0.22449	-0.306122	0.0272729
-0.22449	-0.265306	0.0280262
-0.22449	-0.22449	0.0286689
-0.22449	-0.183673	0.0291987
-0.22449	-0.142857	0.0296132
-0.22449	-0.102041	0.0299109
-0.22449	-0.0612245	0.0300907
-0.22449	-0.0204082	0.0301516
-0.22449	0.0204082	0.0300936
-0.22449	0.0612245	0.0299168
-0.22449	0.102041	0.0296219
-0.22449	0.142857	0.0292101
-0.22449	0.183673	0.0286828
-0.22449	0.22449	0.0280424
-0.22449	0.265306	0.0272911
-0.22449	0.306122	0.026432
-0.22449	0.346939	0.0254685
-0.22449	0.387755	0.0244044
-0.22449	0.428571	0.0232438
-0.22449	0.469388	0.0219914
-0.22449	0.510204	0.020652
-0.22449	0.55102	0.0192309
-0.22449	0.591837	0.0177339
-0.22449	0.632653	0.0161667
-0.22449	0.673469	0.0145356
-0.22449	0.714286	0.012847
-0.22449	0.755102	0.0111076
-0.22449	0.795918	0.00932428
-0.22449	0.836735	0.00750407
-0.22449	0.877551	0.00565418
-0.22449	0.918367	0.00378193
-0.22449	0.959184	0.00189471
-0.22449	1	0
-0.183673	-1	0.0019267
-0.183673	-0.959184	0.00384581
-0.183673	-0.918367	0.00574978
-0.183673	-0.877551	0.00763111
-0.183673	-0.836735	0.0094824
-0.183673	-0.795918	0.0112963
-0.183673	-0.755102	0.0130658
-0.183673	-0.714286	0.0147838
-0.183673	-0.673469	0.0164436
-0.183673	-0.632653	0.0180386
-0.183673	-0.591837	0.0195626
-0.183673	-0.55102	0.0210095
-0.183673	-0.510204	0.0223736
-0.183673	-0.469388	0.0236496
-0.183673	-0.428571	0.0248324
-0.183673	-0.387755	0.0259173
-0.183673	-0.346939	0.0269001
-0.183673	-0.306122	0.0277768
-0.183673	-0.265306	0.028544
-0.183673	-0.22449	0.0291987
-0.183673	-0.183673	0.0297382
-0.183673	-0.142857	0.0301604
-0.183673	-0.102041	0.0304636
-0.183673	-0.0612245	0.0306466
-0.183673	-0.0204082	0.0307087
-0.183673	0.0204082	0.0306497
-0.183673	0.0612245	0.0304696
-0.183673	0.102041	0.0301692
-0.183673	0.142857	0.0297498
-0.183673	0.183673	0.0292128
-0.183673	0.22449	0.0285605
-0.183673	0.265306	0.0277954
-0.183673	0.306122	0.0269204
-0.183673	0.346939	0.0259391
-0.183673	0.387755	0.0248553
-0.183673	0.428571	0.0236733
-0.183673	0.469388	0.0223977
-0.183673	0.510204	0.0210336
-0.183673	0.55102	0.0195863
-0.183673	0.591837	0.0180616
-0.183673	0.632653	0.0164654
-0.183673	0.673469	0.0148042
-0.183673	0.714286	0.0130844
-0.183673	0.755102	0.0113128
-0.183673	0.795918	0.00949657
-0.183673	0.836735	0.00764273
-0.183673	0.877551	0.00575866
-0.183673	0.918367	0.00385181
-0.183673	0.959184	0.00192972
-0.183673	1	0
-0.142857	-1	0.00195405
-0.142857	-0.959184	0.00390041
-0.142857	-0.918367	0.00583141
-0.142857	-0.877551	0.00773946
-0.142857	-0.836735	0.00961703
-0.142857	-0.795918	0.0114567
-0.142857	-0.755102	0.0132513
-0.142857	-0.714286	0.0149937
-0.142857	-0.673469	0.0166771
-0.142857	-0.632653	0.0182947
-0.142857	-0.591837	0.0198403
-0.142857	-0.55102	0.0213078
-0.142857	-0.510204	0.0226913
-0.142857	-0.469388	0.0239854
-0.142857	-0.428571	0.025185
-0.142857	-0.387755	0.0262853
-0.142857	-0.346939	0.027282
-0.142857	-0.306122	0.0281712
-0.142857	-0.265306	0.0289493
-0.142857	-0.22449	0.0296132
-0.142857	-0.183673	0.0301604
-0.142857	-0.142857	0.0305886
-0.142857	-0.102041	0.0308961
-0.142857	-0.0612245	0.0310817
-0.142857	-0.0204082	0.0311447
-0.142857	0.0204082	0.0310848
-0.142857	0.0612245	0.0309022
-0.142857	0.102041	0.0305976
-0.142857	0.142857	0.0301721
-0.142857	0.183673	0.0296276
-0.142857	0.22449	0.028966
-0.142857	0.265306	0.02819
-0.142857	0.306122	0.0273026
-0.142857	0.346939	0.0263074
-0.142857	0.387755	0.0252082
-0.142857	0.428571	0.0240094
-0.142857	0.469388	0.0227157
-0.142857	0.510204	0.0213322
-0.142857	0.55102	0.0198644
-0.142857	0.591837	0.018318
-0.142857	0.632653	0.0166992
-0.142857	0.673469	0.0150144
-0.142857	0.714286	0.0132702
-0.142857	0.755102	0.0114735
-0.142857	0.795918	0.0096314
-0.142857	0.836735	0.00775124
-0.142857	0.877551	0.00584041
-0.142857	0.918367	0.00390649
-0.142857	0.959184	0.00195712
-0.142857	1	0
-0.102041	-1	0.0019737
-0.102041	-0.959184	0.00393963
-0.102041	-0.918367	0.00589004
-0.102041	-0.877551	0.00781727
-0.102041	-0.836735	0.00971372
-0.102041	-0.795918	0.0115719
-0.102041	-0.755102	0.0133845
-0.102041	-0.714286	0.0151445
-0.102041	-0.673469	0.0168447
-0.102041	-0.632653	0.0184787
-0.102041	-0.591837	0.0200398
-0.102041	-0.55102	0.021522
-0.102041	-0.510204	0.0229194
-0.102041	-0.469388	0.0242265
-0.102041	-0.428571	0.0254382
-0.102041	-0.387755	0.0265495
-0.102041	-0.346939	0.0275563
-0.102041	-0.306122	0.0284544
-0.102041	-0.265306	0.0292403
-0.102041	-0.22449	0.0299109
-0.102041	-0.183673	0.0304636
-0.102041	-0.142857	0.0308961
-0.102041	-0.102041	0.0312067
-0.102041	-0.0612245	0.0313942
-0.102041	-0.0204082	0.0314579
-0.102041	0.0204082	0.0313973
-0.102041	0.0612245	0.0312129
-0.102041	0.102041	0.0309052
-0.102041	0.142857	0.0304755
-0.102041	0.183673	0.0299254
-0.102041	0.22449	0.0292572
-0.102041	0.265306	0.0284734
-0.102041	0.306122	0.0275771
-0.102041	0.346939	0.0265719
-0.102041	0.387755	0.0254616
-0.102041	0.428571	0.0242508
-0.102041	0.469388	0.0229441
-0.102041	0.510204	0.0215467
-0.102041	0.55102	0.0200641
-0.102041	0.591837	0.0185022
-0.102041	0.632653	0.0168671
-0.102041	0.673469	0.0151653
-0.102041	0.714286	0.0134036
-0.102041	0.755102	0.0115888
-0.102041	0.795918	0.00972823
-0.102041	0.836735	0.00782917
-0.102041	0.877551	0.00589913
-0.102041	0.918367	0.00394577
-0.102041	0.959184	0.00197679
-0.102041	1	0
-0.0612245	-1	0.00198556
-0.0612245	-0.959184	0.0039633
-0.0612245	-0.918367	0.00592543
-0.0612245	-0.877551	0.00786424
-0.0612245	-0.836735	0.00977208
-0.0612245	-0.795918	0.0116414
-0.0612245	-0.755102	0.013465
-0.0612245	-0.714286	0.0152355
-0.0612245	-0.673469	0.0169459
-0.0612245	-0.632653	0.0185897
-0.0612245	-0.591837	0.0201602
-0.0612245	-0.55102	0.0216513
-0.0612245	-0.510204	0.0230571
-0.0612245	-0.469388	0.0243721
-0.0612245	-0.428571	0.025591
-0.0612245	-0.387755	0.0267091
-0.0612245	-0.346939	0.0277218
-0.0612245	-0.306122	0.0286254
-0.0612245	-0.265306	0.029416
-0.0612245	-0.22449	0.0300907
-0.0612245	-0.183673	0.0306466
-0.0612245	-0.142857	0.0310817
-0.0612245	-0.102041	0.0313942
-0.0612245	-0.0612245	0.0315829
-0.0612245	-0.0204082	0.0316469
-0.0612245	0.0204082	0.031586
-0.0612245	0.0612245	0.0314004
-0.0612245	0.102041	0.0310909
-0.0612245	0.142857	0.0306586
-0.0612245	0.183673	0.0301053
-0.0612245	0.22449	0.029433
-0.0612245	0.265306	0.0286445
-0.0612245	0.306122	0.0277428
-0.0612245	0.346939	0.0267315
-0.0612245	0.387755	0.0256146
-0.0612245	0.428571	0.0243965
-0.0612245	0.469388	0.0230819
-0.0612245	0.510204	0.0216761
-0.0612245	0.55102	0.0201846
-0.0612245	0.591837	0.0186133
-0.0612245	0.632653	0.0169684
-0.0612245	0.673469	0.0152564
-0.0612245	0.714286	0.0134841
-0.0612245	0.755102	0.0116584
-0.0612245	0.795918	0.00978668
-0.0612245	0.836735	0.00787621
-0.0612245	0.877551	0.00593458
-0.0612245	0.918367	0.00396948
-0.0612245	0.959184	0.00198867
-0.0612245	1	0
-0.0204082	-1	0.00198958
-0.0204082	-0.959184	0.00397133
-0.0204082	-0.918367	0.00593744
-0.0204082	-0.877551	0.00788018
-0.0204082	-0.836735	0.00979188
-0.0204082	-0.795918	0.011665
-0.0204082	-0.755102	0.0134922
-0.0204082	-0.714286	0.0152663
-0.0204082	-0.673469	0.0169803
-0.0204082	-0.632653	0.0186274
-0.0204082	-0.591837	0.0202011
-0.0204082	-0.55102	0.0216952
-0.0204082	-0.510204	0.0231039
-0.0204082	-0.469388	0.0244215
-0.0204082	-0.428571	0.0256429
-0.0204082	-0.387755	0.0267632
-0.0204082	-0.346939	0.027778
-0.0204082	-0.306122	0.0286834
-0.0204082	-0.265306	0.0294756
-0.0204082	-0.22449	0.0301516
-0.0204082	-0.183673	0.0307087
-0.0204082	-0.142857	0.0311447
-0.0204082	-0.102041	0.0314579
-0.0204082	-0.0612245	0.0316469
-0.0204082	-0.0204082	0.031711
-0.0204082	0.0204082	0.03165
-0.0204082	0.0612245	0.0314641
-0.0204082	0.102041	0.0311539
-0.0204082	0.142857	0.0307207
-0.0204082	0.183673	0.0301663
-0.0204082	0.22449	0.0294927
-0.0204082	0.265306	0.0287025
-0.0204082	0.306122	0.027799
-0.0204082	0.346939	0.0267857
-0.0204082	0.387755	0.0256665
-0.0204082	0.428571	0.0244459
-0.0204082	0.469388	0.0231287
-0.0204082	0.510204	0.02172
-0.0204082	0.55102	0.0202255
-0.0204082	0.591837	0.018651
-0.0204082	0.632653	0.0170028
-0.0204082	0.673469	0.0152873
-0.0204082	0.714286	0.0135114
-0.0204082	0.755102	0.0116821
-0.0204082	0.795918	0.00980652
-0.0204082	0.836735	0.00789217
-0.0204082	0.877551	0.00594661
-0.0204082	0.918367	0.00397752
-0.0204082	0.959184	0.0019927
-0.0204082	1	0
0.0204082	-1	0.00198575
0.0204082	-0.959184	0.00396369
0.0204082	-0.918367	0.00592602
0.0204082	-0.877551	0.00786501
0.0204082	-0.836735	0.00977304
0.0204082	-0.795918	0.0116426
0.0204082	-0.755102	0.0134663
0.0204082	-0.714286	0.015237
0.0204082	-0.673469	0.0169476
0.0204082	-0.632653	0.0185915
0.0204082	-0.591837	0.0201622
0.0204082	-0.55102	0.0216535
0.0204082	-0.510204	0.0230594
0.0204082	-0.469388	0.0243745
0.0204082	-0.428571	0.0255935
0.0204082	-0.387755	0.0267117
0.0204082	-0.346939	0.0277246
0.0204082	-0.306122	0.0286282
0.0204082	-0.265306	0.0294189
0.0204082	-0.22449	0.0300936
0.0204082	-0.183673	0.0306497
0.0204082	-0.142857	0.0310848
0.0204082	-0.102041	0.0313973
0.0204082	-0.0612245	0.031586
0.0204082	-0.0204082	0.03165
0.0204082	0.0204082	0.0315891
0.0204082	0.0612245	0.0314035
0.0204082	0.102041	0.031094
0.0204082	0.142857	0.0306616
0.0204082	0.183673	0.0301082
0.0204082	0.22449	0.0294359
0.0204082	0.265306	0.0286473
0.0204082	0.306122	0.0277456
0.0204082	0.346939	0.0267342
0.0204082	0.387755	0.0256172
0.0204082	0.428571	0.0243989
0.0204082	0.469388	0.0230842
0.0204082	0.510204	0.0216783
0.0204082	0.55102	0.0201866
0.0204082	0.591837	0.0186152
0.0204082	0.632653	0.0169701
0.0204082	0.673469	0.0152579
0.0204082	0.714286	0.0134854
0.0204082	0.755102	0.0116596
0.0204082	0.795918	0.00978765
0.0204082	0.836735	0.00787698
0.0204082	0.877551	0.00593516
0.0204082	0.918367	0.00396987
0.0204082	0.959184	0.00198887
0.0204082	1	0
0.0612245	-1	0.00197409
0.0612245	-0.959184	0.0039404
0.0612245	-0.918367	0.0058912
0.0612245	-0.877551	0.00781881
0.0612245	-0.836735	0.00971563
0.0612245	-0.795918	0.0115742
0.0612245	-0.755102	0.0133872
0.0612245	-0.714286	0.0151474
0.0612245	-0.673469	0.0168481
0.0612245	-0.632653	0.0184823
0.0612245	-0.591837	0.0200438
0.0612245	-0.55102	0.0215262
0.0612245	-0.510204	0.0229239
0.0612245	-0.469388	0.0242313
0.0612245	-0.428571	0.0254432
0.0612245	-0.387755	0.0265548
0.0612245	-0.346939	0.0275617
0.0612245	-0.306122	0.02846
0.0612245	-0.265306	0.0292461
0.0612245	-0.22449	0.0299168
0.0612245	-0.183673	0.0304696
0.0612245	-0.142857	0.0309022
0.0612245	-0.102041	0.0312129
0.0612245	-0.0612245	0.0314004
0.0612245	-0.0204082	0.0314641
0.0612245	0.0204082	0.0314035
0.0612245	0.0612245	0.031219
0.0612245	0.102041	0.0309113
0.0612245	0.142857	0.0304815
0.0612245	0.183673	0.0299313
0.0612245	0.22449	0.029263
0.0612245	0.265306	0.028479
0.0612245	0.306122	0.0275826
0.0612245	0.346939	0.0265771
0.0612245	0.387755	0.0254667
0.0612245	0.428571	0.0242556
0.0612245	0.469388	0.0229486
0.0612245	0.510204	0.0215509
0.0612245	0.55102	0.020068
0.0612245	0.591837	0.0185058
0.0612245	0.632653	0.0168704
0.0612245	0.673469	0.0151683
0.0612245	0.714286	0.0134062
0.0612245	0.755102	0.0115911
0.0612245	0.795918	0.00973014
0.0612245	0.836735	0.00783071
0.0612245	0.877551	0.00590029
0.0612245	0.918367	0.00394654
0.0612245	0.959184	0.00197718
0.0612245	1	0
0.102041	-1	0.00195463
0.102041	-0.959184	0.00390156
0.102041	-0.918367	0.00583313
0.102041	-0.877551	0.00774173
0.102041	-0.836735	0.00961986
0.102041	-0.795918	0.0114601
0.102041	-0.755102	0.0132552
0.102041	-0.714286	0.0149981
0.102041	-0.673469	0.016682
0.102041	-0.632653	0.0183001
0.102041	-0.591837	0.0198462
0.102041	-0.55102	0.0213141
0.102041	-0.510204	0.022698
0.102041	-0.469388	0.0239924
0.102041	-0.428571	0.0251924
0.102041	-0.387755	0.026293
0.102041	-0.346939	0.02729
0.102041	-0.306122	0.0281794
0.102041	-0.265306	0.0289578
0.102041	-0.22449	0.0296219
0.102041	-0.183673	0.0301692
0.102041	-0.142857	0.0305976
0.102041	-0.102041	0.0309052
0.102041	-0.0612245	0.0310909
0.102041	-0.0204082	0.0311539
0.102041	0.0204082	0.031094
0.102041	0.0612245	0.0309113
0.102041	0.102041	0.0306066
0.102041	0.142857	0.030181
0.102041	0.183673	0.0296363
0.102041	0.22449	0.0289745
0.102041	0.265306	0.0281983
0.102041	0.306122	0.0273107
0.102041	0.346939	0.0263151
0.102041	0.387755	0.0252156
0.102041	0.428571	0.0240165
0.102041	0.469388	0.0227224
0.102041	0.510204	0.0213385
0.102041	0.55102	0.0198702
0.102041	0.591837	0.0183234
0.102041	0.632653	0.0167041
0.102041	0.673469	0.0150188
0.102041	0.714286	0.0132741
0.102041	0.755102	0.0114768
0.102041	0.795918	0.00963423
0.102041	0.836735	0.00775352
0.102041	0.877551	0.00584213
0.102041	0.918367	0.00390764
0.102041	0.959184	0.00195769
0.102041	1	0
0.142857	-1	0.00192745
0.142857	-0.959184	0.00384731
0.142857	-0.918367	0.00575203
0.142857	-0.877551	0.00763409
0.142857	-0.836735	0.0094861
0.142857	-0.795918	0.0113008
0.142857	-0.755102	0.0130709
0.142857	-0.714286	0.0147896
0.142857	-0.673469	0.01645
0.142857	-0.632653	0.0180457
0.142857	-0.591837	0.0195702
0.142857	-0.55102	0.0210177
0.142857	-0.510204	0.0223824
0.142857	-0.469388	0.0236588
0.142857	-0.428571	0.0248421
0.142857	-0.387755	0.0259274
0.142857	-0.346939	0.0269106
0.142857	-0.306122	0.0277876
0.142857	-0.265306	0.0285551
0.142857	-0.22449	0.0292101
0.142857	-0.183673	0.0297498
0.142857	-0.142857	0.0301721
0.142857	-0.102041	0.0304755
0.142857	-0.0612245	0.0306586
0.142857	-0.0204082	0.0307207
0.142857	0.0204082	0.0306616
0.142857	0.0612245	0.0304815
0.142857	0.102041	0.030181
0.142857	0.142857	0.0297614
0.142857	0.183673	0.0292242
0.142857	0.22449	0.0285717
0.142857	0.265306	0.0278062
0.142857	0.306122	0.0269309
0.142857	0.346939	0.0259493
0.142857	0.387755	0.024865
0.142857	0.428571	0.0236825
0.142857	0.469388	0.0224064
0.142857	0.510204	0.0210418
0.142857	0.55102	0.0195939
0.142857	0.591837	0.0180686
0.142857	0.632653	0.0164718
0.142857	0.673469	0.01481
0.142857	0.714286	0.0130895
0.142857	0.755102	0.0113173
0.142857	0.795918	0.00950028
0.142857	0.836735	0.00764571
0.142857	0.877551	0.0057609
0.142857	0.918367	0.00385331
0.142857	0.959184	0.00193047
0.142857	1	0
0.183673	-1	0.00189266
0.183673	-0.959184	0.00377787
0.183673	-0.918367	0.00564821
0.183673	-0.877551	0.00749631
0.183673	-0.836735	0.00931489
0.183673	-0.795918	0.0110968
0.183673	-0.755102	0.012835
0.183673	-0.714286	0.0145227
0.183673	-0.673469	0.0161531
0.183673	-0.632653	0.01772
0.183673	-0.591837	0.019217
0.183673	-0.55102	0.0206384
0.183673	-0.510204	0.0219784
0.183673	-0.469388	0.0232318
0.183673	-0.428571	0.0243937
0.183673	-0.387755	0.0254595
0.183673	-0.346939	0.0264249
0.183673	-0.306122	0.0272861
0.183673	-0.265306	0.0280398
0.183673	-0.22449	0.0286828
0.183673	-0.183673	0.0292128
0.183673	-0.142857	0.0296276
0.183673	-0.102041	0.0299254
0.183673	-0.0612245	0.0301053
0.183673	-0.0204082	0.0301663
0.183673	0.0204082	0.0301082
0.183673	0.0612245	0.0299313
0.183673	0.102041	0.0296363
0.183673	0.142857	0.0292242
0.183673	0.183673	0.0286968
0.183673	0.22449	0.028056
0.183673	0.265306	0.0273044
0.183673	0.306122	0.0264449
0.183673	0.346939	0.0254809
0.183673	0.387755	0.0244162
0.183673	0.428571	0.0232551
0.183673	0.469388	0.022002
0.183673	0.510204	0.020662
0.183673	0.55102	0.0192403
0.183673	0.591837	0.0177425
0.183673	0.632653	0.0161746
0.183673	0.673469	0.0145427
0.183673	0.714286	0.0128532
0.183673	0.755102	0.011113
0.183673	0.795918	0.00932881
0.183673	0.836735	0.00750772
0.183673	0.877551	0.00565693
0.183673	0.918367	0.00378376
0.183673	0.959184	0.00189563
0.183673	1	0
0.22449	-1	0.0018504
0.22449	-0.959184	0.00369351
0.22449	-0.918367	0.00552209
0.22449	-0.877551	0.00732892
0.22449	-0.836735	0.00910689
0.22449	-0.795918	0.010849
0.22449	-0.755102	0.0125484
0.22449	-0.714286	0.0141984
0.22449	-0.673469	0.0157924
0.22449	-0.632653	0.0173243
0.22449	-0.591837	0.0187879
0.22449	-0.55102	0.0201775
0.22449	-0.510204	0.0214876
0.22449	-0.469388	0.0227131
0.22449	-0.428571	0.023849
0.22449	-0.387755	0.024891
0.22449	-0.346939	0.0258348
0.22449	-0.306122	0.0266768
0.22449	-0.265306	0.0274136
0.22449	-0.22449	0.0280424
0.22449	-0.183673	0.0285605
0.22449	-0.142857	0.028966
0.22449	-0.102041	0.0292572
0.22449	-0.0612245	0.029433
0.22449	-0.0204082	0.0294927
0.22449	0.0204082	0.0294359
0.22449	0.0612245	0.029263
0.22449	0.102041	0.0289745
0.22449	0.142857	0.0285717
0.22449	0.183673	0.028056
0.22449	0.22449	0.0274295
0.22449	0.265306	0.0266946
0.22449	0.306122	0.0258544
0.22449	0.346939	0.0249119
0.22449	0.387755	0.023871
0.22449	0.428571	0.0227358
0.22449	0.469388	0.0215107
0.22449	0.510204	0.0202006
0.22449	0.55102	0.0188106
0.22449	0.591837	0.0173463
0.22449	0.632653	0.0158134
0.22449	0.673469	0.0142179
0.22449	0.714286	0.0125662
0.22449	0.755102	0.0108648
0.22449	0.795918	0.0091205
0.22449	0.836735	0.00734007
0.22449	0.877551	0.00553061
0.22449	0.918367	0.00369927
0.22449	0.959184	0.0018533
0.22449	1	0
0.265306	-1	0.00180083
0.265306	-0.959184	0.00359456
0.265306	-0.918367	0.00537415
0.265306	-0.877551	0.00713257
0.265306	-0.836735	0.00886292
0.265306	-0.795918	0.0105584
0.265306	-0.755102	0.0122122
0.265306	-0.714286	0.013818
0.265306	-0.673469	0.0153693
0.265306	-0.632653	0.0168602
0.265306	-0.591837	0.0182846
0.265306	-0.55102	0.019637
0.265306	-0.510204	0.020912
0.265306	-0.469388	0.0221046
0.265306	-0.428571	0.0232101
0.265306	-0.387755	0.0242241
0.265306	-0.346939	0.0251427
0.265306	-0.306122	0.0259621
0.265306	-0.265306	0.0266792
0.265306	-0.22449	0.0272911
0.265306	-0.183673	0.0277954
0.265306	-0.142857	0.02819
0.265306	-0.102041	0.0284734
0.265306	-0.0612245	0.0286445
0.265306	-0.0204082	0.0287025
0.265306	0.0204082	0.0286473
0.265306	0.0612245	0.028479
0.265306	0.102041	0.0281983
0.265306	0.142857	0.0278062
0.265306	0.183673	0.0273044
0.265306	0.22449	0.0266946
0.265306	0.265306	0.0259795
0.265306	0.306122	0.0251617
0.265306	0.346939	0.0242445
0.265306	0.387755	0.0232315
0.265306	0.428571	0.0221267
0.265306	0.469388	0.0209345
0.265306	0.510204	0.0196594
0.265306	0.55102	0.0183067
0.265306	0.591837	0.0168816
0.265306	0.632653	0.0153897
0.265306	0.673469	0.013837
0.265306	0.714286	0.0122296
0.265306	0.755102	0.0105738
0.265306	0.795918	0.00887616
0.265306	0.836735	0.00714343
0.265306	0.877551	0.00538244
0.265306	0.918367	0.00360017
0.265306	0.959184	0.00180365
0.265306	1	0
0.306122	-1	0.00174414
0.306122	-0.959184	0.00348142
0.306122	-0.918367	0.00520498
0.306122	-0.877551	0.00690806
0.306122	-0.836735	0.00858393
0.306122	-0.795918	0.010226
0.306122	-0.755102	0.0118278
0.306122	-0.714286	0.013383
0.306122	-0.673469	0.0148856
0.306122	-0.632653	0.0163294
0.306122	-0.591837	0.017709
0.306122	-0.55102	0.0190188
0.306122	-0.510204	0.0202537
0.306122	-0.469388	0.0214088
0.306122	-0.428571	0.0224795
0.306122	-0.387755	0.0234616
0.306122	-0.346939	0.0243513
0.306122	-0.306122	0.0251449
0.306122	-0.265306	0.0258394
0.306122	-0.22449	0.026432
0.306122	-0.183673	0.0269204
0.306122	-0.142857	0.0273026
0.306122	-0.102041	0.0275771
0.306122	-0.0612245	0.0277428
0.306122	-0.0204082	0.027799
0.306122	0.0204082	0.0277456
0.306122	0.0612245	0.0275826
0.306122	0.102041	0.0273107
0.306122	0.142857	0.0269309
0.306122	0.183673	0.0264449
0.306122	0.22449	0.0258544
0.306122	0.265306	0.0251617
0.306122	0.306122	0.0243697
0.306122	0.346939	0.0234814
0.306122	0.387755	0.0225002
0.306122	0.428571	0.0214302
0.306122	0.469388	0.0202755
0.306122	0.510204	0.0190406
0.306122	0.55102	0.0177304
0.306122	0.591837	0.0163502
0.306122	0.632653	0.0149053
0.306122	0.673469	0.0134015
0.306122	0.714286	0.0118446
0.306122	0.755102	0.0102409
0.306122	0.795918	0.00859676
0.306122	0.836735	0.00691857
0.306122	0.877551	0.00521302
0.306122	0.918367	0.00348684
0.306122	0.959184	0.00174688
0.306122	1	0
0.346939	-1	0.00168056
0.346939	-0.959184	0.00335451
0.346939	-0.918367	0.00501525
0.346939	-0.877551	0.00665624
0.346939	-0.836735	0.00827103
0.346939	-0.795918	0.00985324
0.346939	-0.755102	0.0113967
0.346939	-0.714286	0.0128952
0.346939	-0.673469	0.0143429
0.346939	-0.632653	0.0157342
0.346939	-0.591837	0.0170635
0.346939	-0.55102	0.0183255
0.346939	-0.510204	0.0195154
0.346939	-0.469388	0.0206284
0.346939	-0.428571	0.0216601
0.346939	-0.387755	0.0226064
0.346939	-0.346939	0.0234636
0.346939	-0.306122	0.0242283
0.346939	-0.265306	0.0248975
0.346939	-0.22449	0.0254685
0.346939	-0.183673	0.0259391
0.346939	-0.142857	0.0263074
0.346939	-0.102041	0.0265719
0.346939	-0.0612245	0.0267315
0.346939	-0.0204082	0.0267857
0.346939	0.0204082	0.0267342
0.346939	0.0612245	0.0265771
0.346939	0.102041	0.0263151
0.346939	0.142857	0.0259493
0.346939	0.183673	0.0254809
0.346939	0.22449	0.0249119
0.346939	0.265306	0.0242445
0.346939	0.306122	0.0234814
0.346939	0.346939	0.0226254
0.346939	0.387755	0.0216801
0.346939	0.428571	0.020649
0.346939	0.469388	0.0195364
0.346939	0.510204	0.0183465
0.346939	0.55102	0.0170841
0.346939	0.591837	0.0157542
0.346939	0.632653	0.014362
0.346939	0.673469	0.0129129
0.346939	0.714286	0.0114129
0.346939	0.755102	0.00986764
0.346939	0.795918	0.00828339
0.346939	0.836735	0.00666637
0.346939	0.877551	0.00502299
0.346939	0.918367	0.00335974
0.346939	0.959184	0.0016832
0.346939	1	0
0.387755	-1	0.00161035
0.387755	-0.959184	0.00321435
0.387755	-0.918367	0.0048057
0.387755	-0.877551	0.00637813
0.387755	-0.836735	0.00792544
0.387755	-0.795918	0.00944155
0.387755	-0.755102	0.0109205
0.387755	-0.714286	0.0123564
0.387755	-0.673469	0.0137437
0.387755	-0.632653	0.0150768
0.387755	-0.591837	0.0163505
0.387755	-0.55102	0.0175599
0.387755	-0.510204	0.0187
0.387755	-0.469388	0.0197665
0.387755	-0.428571	0.0207551
0.387755	-0.387755	0.0216618
0.387755	-0.346939	0.0224832
0.387755	-0.306122	0.023216
0.387755	-0.265306	0.0238572
0.387755	-0.22449	0.0244044
0.387755	-0.183673	0.0248553
0.387755	-0.142857	0.0252082
0.387755	-0.102041	0.0254616
0.387755	-0.0612245	0.0256146
0.387755	-0.0204082	0.0256665
0.387755	0.0204082	0.0256172
0.387755	0.0612245	0.0254667
0.387755	0.102041	0.0252156
0.387755	0.142857	0.024865
0.387755	0.183673	0.0244162
0.387755	0.22449	0.023871
0.387755	0.265306	0.0232315
0.387755	0.306122	0.0225002
0.387755	0.346939	0.0216801
0.387755	0.387755	0.0207742
0.387755	0.428571	0.0197863
0.387755	0.469388	0.0187201
0.387755	0.510204	0.01758
0.387755	0.55102	0.0163703
0.387755	0.591837	0.0150959
0.387755	0.632653	0.0137619
0.387755	0.673469	0.0123734
0.387755	0.714286	0.010936
0.387755	0.755102	0.00945534
0.387755	0.795918	0.00793729
0.387755	0.836735	0.00638783
0.387755	0.877551	0.00481312
0.387755	0.918367	0.00321936
0.387755	0.959184	0.00161287
0.387755	1	0
0.428571	-1	0.00153376
0.428571	-0.959184	0.00306149
0.428571	-0.918367	0.00457716
0.428571	-0.877551	0.00607481
0.428571	-0.836735	0.00754854
0.428571	-0.795918	0.00899254
0.428571	-0.755102	0.0104011
0.428571	-0.714286	0.0117688
0.428571	-0.673469	0.0130901
0.428571	-0.632653	0.0143598
0.428571	-0.591837	0.015573
0.428571	-0.55102	0.0167248
0.428571	-0.510204	0.0178107
0.428571	-0.469388	0.0188265
0.428571	-0.428571	0.019768
0.428571	-0.387755	0.0206317
0.428571	-0.346939	0.021414
0.428571	-0.306122	0.0221119
0.428571	-0.265306	0.0227227
0.428571	-0.22449	0.0232438
0.428571	-0.183673	0.0236733
0.428571	-0.142857	0.0240094
0.428571	-0.102041	0.0242508
0.428571	-0.0612245	0.0243965
0.428571	-0.0204082	0.0244459
0.428571	0.0204082	0.0243989
0.428571	0.0612245	0.0242556
0.428571	0.102041	0.0240165
0.428571	0.142857	0.0236825
0.428571	0.183673	0.0232551
0.428571	0.22449	0.0227358
0.428571	0.265306	0.0221267
0.428571	0.306122	0.0214302
0.428571	0.346939	0.020649
0.428571	0.387755	0.0197863
0.428571	0.428571	0.0188453
0.428571	0.469388	0.0178299
0.428571	0.510204	0.0167439
0.428571	0.55102	0.0155918
0.428571	0.591837	0.014378
0.428571	0.632653	0.0131074
0.428571	0.673469	0.011785
0.428571	0.714286	0.0104159
0.428571	0.755102	0.00900568
0.428571	0.795918	0.00755982
0.428571	0.836735	0.00608405
0.428571	0.877551	0.00458422
0.428571	0.918367	0.00306626
0.428571	0.959184	0.00153617
0.428571	1	0
0.469388	-1	0.00145112
0.469388	-0.959184	0.00289652
0.469388	-0.918367	0.00433053
0.469388	-0.877551	0.00574748
0.469388	-0.836735	0.0071418
0.469388	-0.795918	0.00850799
0.469388	-0.755102	0.00984069
0.469388	-0.714286	0.0111346
0.469388	-0.673469	0.0123847
0.469388	-0.632653	0.013586
0.469388	-0.591837	0.0147338
0.469388	-0.55102	0.0158236
0.469388	-0.510204	0.016851
0.469388	-0.469388	0.017812
0.469388	-0.428571	0.0187028
0.469388	-0.387755	0.01952
0.469388	-0.346939	0.0202601
0.469388	-0.306122	0.0209205
0.469388	-0.265306	0.0214983
0.469388	-0.22449	0.0219914
0.469388	-0.183673	0.0223977
0.469388	-0.142857	0.0227157
0.469388	-0.102041	0.0229441
0.469388	-0.0612245	0.0230819
0.469388	-0.0204082	0.0231287
0.469388	0.0204082	0.0230842
0.469388	0.0612245	0.0229486
0.469388	0.102041	0.0227224
0.469388	0.142857	0.0224064
0.469388	0.183673	0.022002
0.469388	0.22449	0.0215107
0.469388	0.265306	0.0209345
0.469388	0.306122	0.0202755
0.469388	0.346939	0.0195364
0.469388	0.387755	0.0187201
0.469388	0.428571	0.0178299
0.469388	0.469388	0.0168691
0.469388	0.510204	0.0158417
0.469388	0.55102	0.0147517
0.469388	0.591837	0.0136033
0.469388	0.632653	0.0124012
0.469388	0.673469	0.01115
0.469388	0.714286	0.00985468
0.469388	0.755102	0.00852042
0.469388	0.795918	0.00715247
0.469388	0.836735	0.00575622
0.469388	0.877551	0.00433721
0.469388	0.918367	0.00290104
0.469388	0.959184	0.00145339
0.469388	1	0
0.510204	-1	0.00136274
0.510204	-0.959184	0.00272011
0.510204	-0.918367	0.00406677
0.510204	-0.877551	0.00539743
0.510204	-0.836735	0.00670682
0.510204	-0.795918	0.00798981
0.510204	-0.755102	0.00924134
0.510204	-0.714286	0.0104565
0.510204	-0.673469	0.0116304
0.510204	-0.632653	0.0127586
0.510204	-0.591837	0.0138365
0.510204	-0.55102	0.0148599
0.510204	-0.510204	0.0158247
0.510204	-0.469388	0.0167272
0.510204	-0.428571	0.0175638
0.510204	-0.387755	0.0183311
0.510204	-0.346939	0.0190262
0.510204	-0.306122	0.0196463
0.510204	-0.265306	0.0201889
0.510204	-0.22449	0.020652
0.510204	-0.183673	0.0210336
0.510204	-0.142857	0.0213322
0.510204	-0.102041	0.0215467
0.510204	-0.0612245	0.0216761
0.510204	-0.0204082	0.02172
0.510204	0.0204082	0.0216783
0.510204	0.0612245	0.0215509
0.510204	0.102041	0.0213385
0.510204	0.142857	0.0210418
0.510204	0.183673	0.020662
0.510204	0.22449	0.0202006
0.510204	0.265306	0.0196594
0.510204	0.306122	0.0190406
0.510204	0.346939	0.0183465
0.510204	0.387755	0.01758
0.510204	0.428571	0.0167439
0.510204	0.469388	0.0158417
0.510204	0.510204	0.0148769
0.510204	0.55102	0.0138532
0.510204	0.591837	0.0127748
0.510204	0.632653	0.0116459
0.510204	0.673469	0.0104709
0.510204	0.714286	0.00925448
0.510204	0.755102	0.00800149
0.510204	0.795918	0.00671685
0.510204	0.836735	0.00540564
0.510204	0.877551	0.00407305
0.510204	0.918367	0.00272435
0.510204	0.959184	0.00136488
0.510204	1	0
0.55102	-1	0.00126897
0.55102	-0.959184	0.00253294
0.55102	-0.918367	0.00378695
0.55102	-0.877551	0.00502604
0.55102	-0.836735	0.00624534
0.55102	-0.795918	0.00744005
0.55102	-0.755102	0.00860546
0.55102	-0.714286	0.00973698
0.55102	-0.673469	0.0108302
0.55102	-0.632653	0.0118807
0.55102	-0.591837	0.0128844
0.55102	-0.55102	0.0138374
0.55102	-0.510204	0.0147358
0.55102	-0.469388	0.0155762
0.55102	-0.428571	0.0163552
0.55102	-0.387755	0.0170698
0.55102	-0.346939	0.017717
0.55102	-0.306122	0.0182945
0.55102	-0.265306	0.0187998
0.55102	-0.22449	0.0192309
0.55102	-0.183673	0.0195863
0.55102	-0.142857	0.0198644
0.55102	-0.102041	0.0200641
0.55102	-0.0612245	0.0201846
0.55102	-0.0204082	0.0202255
0.55102	0.0204082	0.0201866
0.55102	0.0612245	0.020068
0.55102	0.102041	0.0198702
0.55102	0.142857	0.0195939
0.55102	0.183673	0.0192403
0.55102	0.22449	0.0188106
0.55102	0.265306	0.0183067
0.55102	0.306122	0.0177304
0.55102	0.346939	0.0170841
0.55102	0.387755	0.0163703
0.55102	0.428571	0.0155918
0.55102	0.469388	0.0147517
0.55102	0.510204	0.0138532
0.55102	0.55102	0.0129
0.55102	0.591837	0.0118958
0.55102	0.632653	0.0108445
0.55102	0.673469	0.00975039
0.55102	0.714286	0.00861769
0.55102	0.755102	0.00745092
0.55102	0.795918	0.00625467
0.55102	0.836735	0.00503369
0.55102	0.877551	0.00379279
0.55102	0.918367	0.00253689
0.55102	0.959184	0.00127096
0.55102	1	0
0.591837	-1	0.00117019
0.591837	-0.959184	0.00233576
0.591837	-0.918367	0.00349215
0.591837	-0.877551	0.00463478
0.591837	-0.836735	0.00575916
0.591837	-0.795918	0.00686087
0.591837	-0.755102	0.00793556
0.591837	-0.714286	0.008979
0.591837	-0.673469	0.00998707
0.591837	-0.632653	0.0109558
0.591837	-0.591837	0.0118814
0.591837	-0.55102	0.0127602
0.591837	-0.510204	0.0135887
0.591837	-0.469388	0.0143637
0.591837	-0.428571	0.015082
0.591837	-0.387755	0.015741
0.591837	-0.346939	0.0163378
0.591837	-0.306122	0.0168703
0.591837	-0.265306	0.0173363
0.591837	-0.22449	0.0177339
0.591837	-0.183673	0.0180616
0.591837	-0.142857	0.018318
0.591837	-0.102041	0.0185022
0.591837	-0.0612245	0.0186133
0.591837	-0.0204082	0.018651
0.591837	0.0204082	0.0186152
0.591837	0.0612245	0.0185058
0.591837	0.102041	0.0183234
0.591837	0.142857	0.0180686
0.591837	0.183673	0.0177425
0.591837	0.22449	0.0173463
0.591837	0.265306	0.0168816
0.591837	0.306122	0.0163502
0.591837	0.346939	0.0157542
0.591837	0.387755	0.0150959
0.591837	0.428571	0.014378
0.591837	0.469388	0.0136033
0.591837	0.510204	0.0127748
0.591837	0.55102	0.0118958
0.591837	0.591837	0.0109697
0.591837	0.632653	0.0100003
0.591837	0.673469	0.00899136
0.591837	0.714286	0.00794684
0.591837	0.755102	0.00687089
0.591837	0.795918	0.00576777
0.591837	0.836735	0.00464183
0.591837	0.877551	0.00349754
0.591837	0.918367	0.00233941
0.591837	0.959184	0.00117202
0.591837	1	0
0.632653	-1	0.00106677
0.632653	-0.959184	0.00212935
0.632653	-0.918367	0.00318354
0.632653	-0.877551	0.00422519
0.632653	-0.836735	0.00525021
0.632653	-0.795918	0.00625456
0.632653	-0.755102	0.00723428
0.632653	-0.714286	0.0081855
0.632653	-0.673469	0.00910449
0.632653	-0.632653	0.00998763
0.632653	-0.591837	0.0108314
0.632653	-0.55102	0.0116325
0.632653	-0.510204	0.0123878
0.632653	-0.469388	0.0130943
0.632653	-0.428571	0.0137492
0.632653	-0.387755	0.0143499
0.632653	-0.346939	0.014894
0.632653	-0.306122	0.0153795
0.632653	-0.265306	0.0158042
0.632653	-0.22449	0.0161667
0.632653	-0.183673	0.0164654
0.632653	-0.142857	0.0166992
0.632653	-0.102041	0.0168671
0.632653	-0.0612245	0.0169684
0.632653	-0.0204082	0.0170028
0.632653	0.0204082	0.0169701
0.632653	0.0612245	0.0168704
0.632653	0.102041	0.0167041
0.632653	0.142857	0.0164718
0.632653	0.183673	0.0161746
0.632653	0.22449	0.0158134
0.632653	0.265306	0.0153897
0.632653	0.306122	0.0149053
0.632653	0.346939	0.014362
0.632653	0.387755	0.0137619
0.632653	0.428571	0.0131074
0.632653	0.469388	0.0124012
0.632653	0.510204	0.0116459
0.632653	0.55102	0.0108445
0.632653	0.591837	0.0100003
0.632653	0.632653	0.00911657
0.632653	0.673469	0.00819677
0.632653	0.714286	0.00724456
0.632653	0.755102	0.0062637
0.632653	0.795918	0.00525806
0.632653	0.836735	0.00423162
0.632653	0.877551	0.00318845
0.632653	0.918367	0.00213267
0.632653	0.959184	0.00106845
0.632653	1	0
0.673469	-1	0.000959144
0.673469	-0.959184	0.00191451
0.673469	-0.918367	0.00286234
0.673469	-0.877551	0.0037989
0.673469	-0.836735	0.0047205
0.673469	-0.795918	0.00562352
0.673469	-0.755102	0.00650439
0.673469	-0.714286	0.00735964
0.673469	-0.673469	0.00818592
0.673469	-0.632653	0.00897994
0.673469	-0.591837	0.0097386
0.673469	-0.55102	0.0104589
0.673469	-0.510204	0.011138
0.673469	-0.469388	0.0117732
0.673469	-0.428571	0.012362
0.673469	-0.387755	0.0129021
0.673469	-0.346939	0.0133913
0.673469	-0.306122	0.0138278
0.673469	-0.265306	0.0142097
0.673469	-0.22449	0.0145356
0.673469	-0.183673	0.0148042
0.673469	-0.142857	0.0150144
0.673469	-0.102041	0.0151653
0.673469	-0.0612245	0.0152564
0.673469	-0.0204082	0.0152873
0.673469	0.0204082	0.0152579
0.673469	0.0612245	0.0151683
0.673469	0.102041	0.0150188
0.673469	0.142857	0.01481
0.673469	0.183673	0.0145427
0.673469	0.22449	0.0142179
0.673469	0.265306	0.013837
0.673469	0.306122	0.0134015
0.673469	0.346939	0.0129129
0.673469	0.387755	0.0123734
0.673469	0.428571	0.011785
0.673469	0.469388	0.01115
0.673469	0.510204	0.0104709
0.673469	0.55102	0.00975039
0.673469	0.591837	0.00899136
0.673469	0.632653	0.00819677
0.673469	0.673469	0.00736978
0.673469	0.714286	0.00651364
0.673469	0.755102	0.00563173
0.673469	0.795918	0.00472756
0.673469	0.836735	0.00380468
0.673469	0.877551	0.00286676
0.673469	0.918367	0.0019175
0.673469	0.959184	0.000960648
0.673469	1	0
0.714286	-1	0.000847721
0.714286	-0.959184	0.0016921
0.714286	-0.918367	0.00252983
0.714286	-0.877551	0.00335759
0.714286	-0.836735	0.00417213
0.714286	-0.795918	0.00497024
0.714286	-0.755102	0.00574878
0.714286	-0.714286	0.00650468
0.714286	-0.673469	0.00723496
0.714286	-0.632653	0.00793675
0.714286	-0.591837	0.00860728
0.714286	-0.55102	0.00924389
0.714286	-0.510204	0.00984409
0.714286	-0.469388	0.0104055
0.714286	-0.428571	0.0109259
0.714286	-0.387755	0.0114033
0.714286	-0.346939	0.0118357
0.714286	-0.306122	0.0122214
0.714286	-0.265306	0.012559
0.714286	-0.22449	0.012847
0.714286	-0.183673	0.0130844
0.714286	-0.142857	0.0132702
0.714286	-0.102041	0.0134036
0.714286	-0.0612245	0.0134841
0.714286	-0.0204082	0.0135114
0.714286	0.0204082	0.0134854
0.714286	0.0612245	0.0134062
0.714286	0.102041	0.0132741
0.714286	0.142857	0.0130895
0.714286	0.183673	0.0128532
0.714286	0.22449	0.0125662
0.714286	0.265306	0.0122296
0.714286	0.306122	0.0118446
0.714286	0.346939	0.0114129
0.714286	0.387755	0.010936
0.714286	0.428571	0.0104159
0.714286	0.469388	0.00985468
0.714286	0.510204	0.00925448
0.714286	0.55102	0.00861769
0.714286	0.591837	0.00794684
0.714286	0.632653	0.00724456
0.714286	0.673469	0.00651364
0.714286	0.714286	0.00575695
0.714286	0.755102	0.0049775
0.714286	0.795918	0.00417836
0.714286	0.836735	0.0033627
0.714286	0.877551	0.00253373
0.714286	0.918367	0.00169474
0.714286	0.959184	0.00084905
0.714286	1	0
0.755102	-1	0.000732945
0.755102	-0.959184	0.00146301
0.755102	-0.918367	0.0021873
0.755102	-0.877551	0.00290299
0.755102	-0.836735	0.00360725
0.755102	-0.795918	0.0042973
0.755102	-0.755102	0.00497043
0.755102	-0.714286	0.00562399
0.755102	-0.673469	0.0062554
0.755102	-0.632653	0.00686217
0.755102	-0.591837	0.00744191
0.755102	-0.55102	0.00799233
0.755102	-0.510204	0.00851127
0.755102	-0.469388	0.00899667
0.755102	-0.428571	0.00944662
0.755102	-0.387755	0.00985934
0.755102	-0.346939	0.0102332
0.755102	-0.306122	0.0105667
0.755102	-0.265306	0.0108586
0.755102	-0.22449	0.0111076
0.755102	-0.183673	0.0113128
0.755102	-0.142857	0.0114735
0.755102	-0.102041	0.0115888
0.755102	-0.0612245	0.0116584
0.755102	-0.0204082	0.0116821
0.755102	0.0204082	0.0116596
0.755102	0.0612245	0.0115911
0.755102	0.102041	0.0114768
0.755102	0.142857	0.0113173
0.755102	0.183673	0.011113
0.755102	0.22449	0.0108648
0.755102	0.265306	0.0105738
0.755102	0.306122	0.0102409
0.755102	0.346939	0.00986764
0.755102	0.387755	0.00945534
0.755102	0.428571	0.00900568
0.755102	0.469388	0.00852042
0.755102	0.510204	0.00800149
0.755102	0.55102	0.00745092
0.755102	0.591837	0.00687089
0.755102	0.632653	0.0062637
0.755102	0.673469	0.00563173
0.755102	0.714286	0.0049775
0.755102	0.755102	0.00430358
0.755102	0.795918	0.00361264
0.755102	0.836735	0.00290741
0.755102	0.877551	0.00219068
0.755102	0.918367	0.00146529
0.755102	0.959184	0.000734095
0.755102	1	0
0.795918	-1	0.000615271
0.795918	-0.959184	0.00122812
0.795918	-0.918367	0.00183613
0.795918	-0.877551	0.00243692
0.795918	-0.836735	0.0030281
0.795918	-0.795918	0.00360737
0.795918	-0.755102	0.00417243
0.795918	-0.714286	0.00472106
0.795918	-0.673469	0.00525109
0.795918	-0.632653	0.00576045
0.795918	-0.591837	0.00624711
0.795918	-0.55102	0.00670916
0.795918	-0.510204	0.00714478
0.795918	-0.469388	0.00755225
0.795918	-0.428571	0.00792996
0.795918	-0.387755	0.00827642
0.795918	-0.346939	0.00859026
0.795918	-0.306122	0.00887023
0.795918	-0.265306	0.00911523
0.795918	-0.22449	0.00932428
0.795918	-0.183673	0.00949657
0.795918	-0.142857	0.0096314
0.795918	-0.102041	0.00972823
0.795918	-0.0612245	0.00978668
0.795918	-0.0204082	0.00980652
0.795918	0.0204082	0.00978765
0.795918	0.0612245	0.00973014
0.795918	0.102041	0.00963423
0.795918	0.142857	0.00950028
0.795918	0.183673	0.00932881
0.795918	0.22449	0.0091205
0.795918	0.265306	0.00887616
0.795918	0.306122	0.00859676
0.795918	0.346939	0.00828339
0.795918	0.387755	0.00793729
0.795918	0.428571	0.00755982
0.795918	0.469388	0.00715247
0.795918	0.510204	0.00671685
0.795918	0.55102	0.00625467
0.795918	0.591837	0.00576777
0.795918	0.632653	0.00525806
0.795918	0.673469	0.00472756
0.795918	0.714286	0.00417836
0.795918	0.755102	0.00361264
0.795918	0.795918	0.00303263
0.795918	0.836735	0.00244062
0.795918	0.877551	0.00183897
0.795918	0.918367	0.00123003
0.795918	0.959184	0.000616236
0.795918	1	0
0.836735	-1	0.000495163
0.836735	-0.959184	0.000988376
0.836735	-0.918367	0.0014777
0.836735	-0.877551	0.0019612
0.836735	-0.836735	0.00243698
0.836735	-0.795918	0.00290317
0.836735	-0.755102	0.00335792
0.836735	-0.714286	0.00379945
0.836735	-0.673469	0.00422602
0.836735	-0.632653	0.00463594
0.836735	-0.591837	0.0050276
0.836735	-0.55102	0.00539946
0.836735	-0.510204	0.00575004
0.836735	-0.469388	0.00607797
0.836735	-0.428571	0.00638194
0.836735	-0.387755	0.00666077
0.836735	-0.346939	0.00691334
0.836735	-0.306122	0.00713866
0.836735	-0.265306	0.00733583
0.836735	-0.22449	0.00750407
0.836735	-0.183673	0.00764273
0.836735	-0.142857	0.00775124
0.836735	-0.102041	0.00782917
0.836735	-0.0612245	0.00787621
0.836735	-0.0204082	0.00789217
0.836735	0.0204082	0.00787698
0.836735	0.0612245	0.00783071
0.836735	0.102041	0.00775352
0.836735	0.142857	0.00764571
0.836735	0.183673	0.00750772
0.836735	0.22449	0.00734007
0.836735	0.265306	0.00714343
0.836735	0.306122	0.00691857
0.836735	0.346939	0.00666637
0.836735	0.387755	0.00638783
0.836735	0.428571	0.00608405
0.836735	0.469388	0.00575622
0.836735	0.510204	0.00540564
0.836735	0.55102	0.00503369
0.836735	0.591837	0.00464183
0.836735	0.632653	0.00423162
0.836735	0.673469	0.00380468
0.836735	0.714286	0.0033627
0.836735	0.755102	0.00290741
0.836735	0.795918	0.00244062
0.836735	0.836735	0.00196419
0.836735	0.877551	0.00147998
0.836735	0.918367	0.000989917
0.836735	0.959184	0.000495939
0.836735	1	0
0.877551	-1	0.000373096
0.877551	-0.959184	0.000744723
0.877551	-0.918367	0.00111342
0.877551	-0.877551	0.00147773
0.877551	-0.836735	0.00183622
0.877551	-0.795918	0.00218748
0.877551	-0.755102	0.00253013
0.877551	-0.714286	0.00286282
0.877551	-0.673469	0.00318423
0.877551	-0.632653	0.0034931
0.877551	-0.591837	0.00378821
0.877551	-0.55102	0.00406839
0.877551	-0.510204	0.00433255
0.877551	-0.469388	0.00457964
0.877551	-0.428571	0.00480868
0.877551	-0.387755	0.00501877
0.877551	-0.346939	0.00520907
0.877551	-0.306122	0.00537885
0.877551	-0.265306	0.00552741
0.877551	-0.22449	0.00565418
0.877551	-0.183673	0.00575866
0.877551	-0.142857	0.00584041
0.877551	-0.102041	0.00589913
0.877551	-0.0612245	0.00593458
0.877551	-0.0204082	0.00594661
0.877551	0.0204082	0.00593516
0.877551	0.0612245	0.00590029
0.877551	0.102041	0.00584213
0.877551	0.142857	0.0057609
0.877551	0.183673	0.00565693
0.877551	0.22449	0.00553061
0.877551	0.265306	0.00538244
0.877551	0.306122	0.00521302
0.877551	0.346939	0.00502299
0.877551	0.387755	0.00481312
0.877551	0.428571	0.00458422
0.877551	0.469388	0.00433721
0.877551	0.510204	0.00407305
0.877551	0.55102	0.00379279
0.877551	0.591837	0.00349754
0.877551	0.632653	0.00318845
0.877551	0.673469	0.00286676
0.877551	0.714286	0.00253373
0.877551	0.755102	0.00219068
0.877551	0.795918	0.00183897
0.877551	0.836735	0.00147998
0.877551	0.877551	0.00111514
0.877551	0.918367	0.000745884
0.877551	0.959184	0.000373681
0.877551	1	0
0.918367	-1	0.000249554
0.918367	-0.959184	0.000498125
0.918367	-0.918367	0.000744735
0.918367	-0.877551	0.000988413
0.918367	-0.836735	0.0012282
0.918367	-0.795918	0.00146315
0.918367	-0.755102	0.00169234
0.918367	-0.714286	0.00191486
0.918367	-0.673469	0.00212984
0.918367	-0.632653	0.00233644
0.918367	-0.591837	0.00253383
0.918367	-0.55102	0.00272124
0.918367	-0.510204	0.00289792
0.918367	-0.469388	0.00306319
0.918367	-0.428571	0.00321639
0.918367	-0.387755	0.00335691
0.918367	-0.346939	0.00348421
0.918367	-0.306122	0.00359776
0.918367	-0.265306	0.00369713
0.918367	-0.22449	0.00378193
0.918367	-0.183673	0.00385181
0.918367	-0.142857	0.00390649
0.918367	-0.102041	0.00394577
0.918367	-0.0612245	0.00396948
0.918367	-0.0204082	0.00397752
0.918367	0.0204082	0.00396987
0.918367	0.0612245	0.00394654
0.918367	0.102041	0.00390764
0.918367	0.142857	0.00385331
0.918367	0.183673	0.00378376
0.918367	0.22449	0.00369927
0.918367	0.265306	0.00360017
0.918367	0.306122	0.00348684
0.918367	0.346939	0.00335974
0.918367	0.387755	0.00321936
0.918367	0.428571	0.00306626
0.918367	0.469388	0.00290104
0.918367	0.510204	0.00272435
0.918367	0.55102	0.00253689
0.918367	0.591837	0.00233941
0.918367	0.632653	0.00213267
0.918367	0.673469	0.0019175
0.918367	0.714286	0.00169474
0.918367	0.755102	0.00146529
0.918367	0.795918	0.00123003
0.918367	0.836735	0.000989917
0.918367	0.877551	0.000745884
0.918367	0.918367	0.000498901
0.918367	0.959184	0.000249945
0.918367	1	0
0.959184	-1	0.000125024
0.959184	-0.959184	0.000249556
0.959184	-0.918367	0.000373105
0.959184	-0.877551	0.000495186
0.959184	-0.836735	0.000615316
0.959184	-0.795918	0.000733024
0.959184	-0.755102	0.000847845
0.959184	-0.714286	0.000959327
0.959184	-0.673469	0.00106703
0.959184	-0.632653	0.00117053
0.959184	-0.591837	0.00126942
0.959184	-0.55102	0.00136331
0.959184	-0.510204	0.00145183
0.959184	-0.469388	0.00153463
0.959184	-0.428571	0.00161138
0.959184	-0.387755	0.00168178
0.959184	-0.346939	0.00174556
0.959184	-0.306122	0.00180245
0.959184	-0.265306	0.00185223
0.959184	-0.22449	0.00189471
0.959184	-0.183673	0.00192972
0.959184	-0.142857	0.00195712
0.959184	-0.102041	0.00197679
0.959184	-0.0612245	0.00198867
0.959184	-0.0204082	0.0019927
0.959184	0.0204082	0.00198887
0.959184	0.0612245	0.00197718
0.959184	0.102041	0.00195769
0.959184	0.142857	0.00193047
0.959184	0.183673	0.00189563
0.959184	0.22449	0.0018533
0.959184	0.265306	0.00180365
0.959184	0.306122	0.00174688
0.959184	0.346939	0.0016832
0.959184	0.387755	0.00161287
0.959184	0.428571	0.00153617
0.959184	0.469388	0.00145339
0.959184	0.510204	0.00136488
0.959184	0.55102	0.00127096
0.959184	0.591837	0.00117202
0.959184	0.632653	0.00106845
0.959184	0.673469	0.000960648
0.959184	0.714286	0.00084905
0.959184	0.755102	0.000734095
0.959184	0.795918	0.000616236
0.959184	0.836735	0.000495939
0.959184	0.877551	0.000373681
0.959184	0.918367	0.000249945
0.959184	0.959184	0.00012522
0.959184	1	0
1	-1	0
1	-0.959184	0
1	-0.918367	0
1	-0.877551	0
1	-0.836735	0
1	-0.795918	0
1	-0.755102	0
1	-0.714286	0
1	-0.673469	0
1	-0.632653	0
1	-0.591837	0
1	-0.55102	0
1	-0.510204	0
1	-0.469388	0
1	-0.428571	0
1	-0.387755	0
1	-0.346939	0
1	-0.306122	0
1	-0.265306	0
1	-0.22449	0
1	-0.183673	0
1	-0.142857	0
1	-0.102041	0
1	-0.0612245	0
1	-0.0204082	0
1	0.0204082	0
1	0.0612245	0
1	0.102041	0
1	0.142857	0
1	0.183673	0
1	0.22449	0
1	0.265306	0
1	0.306122	0
1	0.346939	0
1	0.387755	0
1	0.428571	0
1	0.469388	0
1	0.510204	0
1	0.55102	0
1	0.591837	0
1	0.632653	0
1	0.673469	0
1	0.714286	0
1	0.755102	0
1	0.795918	0
1	0.836735	0
1	0.877551	0
1	0.918367	0
1	0.959184	0
1	1	0
