-1	-1	0.00108296
-1	-0.959184	0.00217237
-1	-0.918367	0.00327422
-1	-0.877551	0.00439371
-1	-0.836735	0.00553481
-1	-0.795918	0.00669999
-1	-0.755102	0.00788996
-1	-0.714286	0.00910346
-1	-0.673469	0.0103372
-1	-0.632653	0.0115859
-1	-0.591837	0.0128423
-1	-0.55102	0.0140974
-1	-0.510204	0.0153404
-1	-0.469388	0.0165594
-1	-0.428571	0.0177415
-1	-0.387755	0.0188732
-1	-0.346939	0.0199407
-1	-0.306122	0.0209304
-1	-0.265306	0.0218291
-1	-0.22449	0.0226247
-1	-0.183673	0.0233058
-1	-0.142857	0.0238629
-1	-0.102041	0.0242877
-1	-0.0612245	0.0245742
-1	-0.0204082	0.0247179
-1	0.0204082	0.0247168
-1	0.0612245	0.0245706
-1	0.102041	0.0242814
-1	0.142857	0.0238533
-1	0.183673	0.0232921
-1	0.22449	0.0226056
-1	0.265306	0.0218033
-1	0.306122	0.0208959
-1	0.346939	0.0198951
-1	0.387755	0.0188136
-1	0.428571	0.0176643
-1	0.469388	0.0164605
-1	0.510204	0.0152147
-1	0.55102	0.0139392
-1	0.591837	0.0126451
-1	0.632653	0.0113422
-1	0.673469	0.0100388
-1	0.714286	0.00874132
-1	0.755102	0.00745456
-1	0.795918	0.00618132
-1	0.836735	0.0049226
-1	0.877551	0.00367776
-1	0.918367	0.00244468
-1	0.959184	0.00122011
-1	1	0
-0.959184	-1	0.00217237
-0.959184	-0.959184	0.00435764
-0.959184	-0.918367	0.0065679
-0.959184	-0.877551	0.00881353
-0.959184	-0.836735	0.0111025
-0.959184	-0.795918	0.0134398
-0.959184	-0.755102	0.0158268
-0.959184	-0.714286	0.018261
-0.959184	-0.673469	0.0207358
-0.959184	-0.632653	0.0232407
-0.959184	-0.591837	0.0257609
-0.959184	-0.55102	0.0282784
-0.959184	-0.510204	0.0307718
-0.959184	-0.469388	0.033217
-0.959184	-0.428571	0.0355882
-0.959184	-0.387755	0.0378583
-0.959184	-0.346939	0.0399996
-0.959184	-0.306122	0.0419849
-0.959184	-0.265306	0.0437877
-0.959184	-0.22449	0.0453835
-0.959184	-0.183673	0.0467498
-0.959184	-0.142857	0.0478672
-0.959184	-0.102041	0.0487195
-0.959184	-0.0612245	0.0492941
-0.959184	-0.0204082	0.0495824
-0.959184	0.0204082	0.0495801
-0.959184	0.0612245	0.0492869
-0.959184	0.102041	0.0487068
-0.959184	0.142857	0.0478479
-0.959184	0.183673	0.0467222
-0.959184	0.22449	0.0453453
-0.959184	0.265306	0.0437359
-0.959184	0.306122	0.0419156
-0.959184	0.346939	0.0399082
-0.959184	0.387755	0.0377388
-0.959184	0.428571	0.0354335
-0.959184	0.469388	0.0330186
-0.959184	0.510204	0.0305198
-0.959184	0.55102	0.0279612
-0.959184	0.591837	0.0253653
-0.959184	0.632653	0.0227518
-0.959184	0.673469	0.0201371
-0.959184	0.714286	0.0175345
-0.959184	0.755102	0.0149534
-0.959184	0.795918	0.0123994
-0.959184	0.836735	0.00987445
-0.959184	0.877551	0.00737736
-0.959184	0.918367	0.00490388
-0.959184	0.959184	0.00244746
-0.959184	1	0
-0.918367	-1	0.00327422
-0.918367	-0.959184	0.0065679
-0.918367	-0.918367	0.00989922
-0.918367	-0.877551	0.0132839
-0.918367	-0.836735	0.0167338
-0.918367	-0.795918	0.0202566
-0.918367	-0.755102	0.0238543
-0.918367	-0.714286	0.0275231
-0.918367	-0.673469	0.0312532
-0.918367	-0.632653	0.0350285
-0.918367	-0.591837	0.038827
-0.918367	-0.55102	0.0426213
-0.918367	-0.510204	0.0463792
-0.918367	-0.469388	0.0500646
-0.918367	-0.428571	0.0536385
-0.918367	-0.387755	0.0570599
-0.918367	-0.346939	0.0602873
-0.918367	-0.306122	0.0632795
-0.918367	-0.265306	0.0659967
-0.918367	-0.22449	0.0684018
-0.918367	-0.183673	0.0704611
-0.918367	-0.142857	0.0721452
-0.918367	-0.102041	0.0734297
-0.918367	-0.0612245	0.0742957
-0.918367	-0.0204082	0.0747303
-0.918367	0.0204082	0.0747268
-0.918367	0.0612245	0.0742849
-0.918367	0.102041	0.0734106
-0.918367	0.142857	0.0721161
-0.918367	0.183673	0.0704195
-0.918367	0.22449	0.0683442
-0.918367	0.265306	0.0659186
-0.918367	0.306122	0.0631751
-0.918367	0.346939	0.0601495
-0.918367	0.387755	0.0568798
-0.918367	0.428571	0.0534053
-0.918367	0.469388	0.0497656
-0.918367	0.510204	0.0459994
-0.918367	0.55102	0.0421432
-0.918367	0.591837	0.0382307
-0.918367	0.632653	0.0342916
-0.918367	0.673469	0.0303508
-0.918367	0.714286	0.0264282
-0.918367	0.755102	0.0225379
-0.918367	0.795918	0.0186884
-0.918367	0.836735	0.0148829
-0.918367	0.877551	0.0111192
-0.918367	0.918367	0.00739117
-0.918367	0.959184	0.00368884
-0.918367	1	0
-0.877551	-1	0.00439371
-0.877551	-0.959184	0.00881353
-0.877551	-0.918367	0.0132839
-0.877551	-0.877551	0.0178257
-0.877551	-0.836735	0.0224552
-0.877551	-0.795918	0.0271824
-0.877551	-0.755102	0.0320101
-0.877551	-0.714286	0.0369333
-0.877551	-0.673469	0.0419387
-0.877551	-0.632653	0.0470047
-0.877551	-0.591837	0.0521018
-0.877551	-0.55102	0.0571933
-0.877551	-0.510204	0.062236
-0.877551	-0.469388	0.0671814
-0.877551	-0.428571	0.0719771
-0.877551	-0.387755	0.0765682
-0.877551	-0.346939	0.080899
-0.877551	-0.306122	0.084914
-0.877551	-0.265306	0.0885602
-0.877551	-0.22449	0.0917875
-0.877551	-0.183673	0.0945508
-0.877551	-0.142857	0.0968107
-0.877551	-0.102041	0.0985343
-0.877551	-0.0612245	0.0996963
-0.877551	-0.0204082	0.10028
-0.877551	0.0204082	0.100275
-0.877551	0.0612245	0.0996819
-0.877551	0.102041	0.0985087
-0.877551	0.142857	0.0967716
-0.877551	0.183673	0.094495
-0.877551	0.22449	0.0917102
-0.877551	0.265306	0.0884553
-0.877551	0.306122	0.0847739
-0.877551	0.346939	0.0807139
-0.877551	0.387755	0.0763264
-0.877551	0.428571	0.0716641
-0.877551	0.469388	0.0667801
-0.877551	0.510204	0.0617263
-0.877551	0.55102	0.0565517
-0.877551	0.591837	0.0513016
-0.877551	0.632653	0.0460158
-0.877551	0.673469	0.0407277
-0.877551	0.714286	0.035464
-0.877551	0.755102	0.0302436
-0.877551	0.795918	0.025078
-0.877551	0.836735	0.0199714
-0.877551	0.877551	0.0149209
-0.877551	0.918367	0.00991824
-0.877551	0.959184	0.00495007
-0.877551	1	0
-0.836735	-1	0.00553481
-0.836735	-0.959184	0.0111025
-0.836735	-0.918367	0.0167338
-0.836735	-0.877551	0.0224552
-0.836735	-0.836735	0.0282871
-0.836735	-0.795918	0.0342419
-0.836735	-0.755102	0.0403234
-0.836735	-0.714286	0.046525
-0.836735	-0.673469	0.0528302
-0.836735	-0.632653	0.0592118
-0.836735	-0.591837	0.0656326
-0.836735	-0.55102	0.0720463
-0.836735	-0.510204	0.0783984
-0.836735	-0.469388	0.084628
-0.836735	-0.428571	0.090669
-0.836735	-0.387755	0.0964523
-0.836735	-0.346939	0.101908
-0.836735	-0.306122	0.106965
-0.836735	-0.265306	0.111558
-0.836735	-0.22449	0.115624
-0.836735	-0.183673	0.119104
-0.836735	-0.142857	0.121951
-0.836735	-0.102041	0.124122
-0.836735	-0.0612245	0.125586
-0.836735	-0.0204082	0.126321
-0.836735	0.0204082	0.126315
-0.836735	0.0612245	0.125568
-0.836735	0.102041	0.12409
-0.836735	0.142857	0.121902
-0.836735	0.183673	0.119034
-0.836735	0.22449	0.115526
-0.836735	0.265306	0.111426
-0.836735	0.306122	0.106789
-0.836735	0.346939	0.101675
-0.836735	0.387755	0.0961477
-0.836735	0.428571	0.0902747
-0.836735	0.469388	0.0841225
-0.836735	0.510204	0.0777563
-0.836735	0.55102	0.071238
-0.836735	0.591837	0.0646245
-0.836735	0.632653	0.057966
-0.836735	0.673469	0.0513047
-0.836735	0.714286	0.044674
-0.836735	0.755102	0.0380979
-0.836735	0.795918	0.0315909
-0.836735	0.836735	0.025158
-0.836735	0.877551	0.018796
-0.836735	0.918367	0.0124941
-0.836735	0.959184	0.00623565
-0.836735	1	0
-0.795918	-1	0.00669999
-0.795918	-0.959184	0.0134398
-0.795918	-0.918367	0.0202566
-0.795918	-0.877551	0.0271824
-0.795918	-0.836735	0.0342419
-0.795918	-0.795918	0.0414503
-0.795918	-0.755102	0.0488119
-0.795918	-0.714286	0.056319
-0.795918	-0.673469	0.0639514
-0.795918	-0.632653	0.0716762
-0.795918	-0.591837	0.0794485
-0.795918	-0.55102	0.0872122
-0.795918	-0.510204	0.0949013
-0.795918	-0.469388	0.102442
-0.795918	-0.428571	0.109755
-0.795918	-0.387755	0.116755
-0.795918	-0.346939	0.123359
-0.795918	-0.306122	0.129481
-0.795918	-0.265306	0.13504
-0.795918	-0.22449	0.139961
-0.795918	-0.183673	0.144175
-0.795918	-0.142857	0.147621
-0.795918	-0.102041	0.150249
-0.795918	-0.0612245	0.152021
-0.795918	-0.0204082	0.15291
-0.795918	0.0204082	0.152903
-0.795918	0.0612245	0.151998
-0.795918	0.102041	0.15021
-0.795918	0.142857	0.147561
-0.795918	0.183673	0.14409
-0.795918	0.22449	0.139843
-0.795918	0.265306	0.13488
-0.795918	0.306122	0.129267
-0.795918	0.346939	0.123076
-0.795918	0.387755	0.116386
-0.795918	0.428571	0.109277
-0.795918	0.469388	0.10183
-0.795918	0.510204	0.0941239
-0.795918	0.55102	0.0862337
-0.795918	0.591837	0.0782281
-0.795918	0.632653	0.0701681
-0.795918	0.673469	0.0621046
-0.795918	0.714286	0.0540782
-0.795918	0.755102	0.0461179
-0.795918	0.795918	0.0382411
-0.795918	0.836735	0.0304541
-0.795918	0.877551	0.0227528
-0.795918	0.918367	0.0151243
-0.795918	0.959184	0.00754833
-0.795918	1	0
-0.755102	-1	0.00788996
-0.755102	-0.959184	0.0158268
-0.755102	-0.918367	0.0238543
-0.755102	-0.877551	0.0320101
-0.755102	-0.836735	0.0403234
-0.755102	-0.795918	0.0488119
-0.755102	-0.755102	0.0574808
-0.755102	-0.714286	0.0663211
-0.755102	-0.673469	0.0753088
-0.755102	-0.632653	0.0844054
-0.755102	-0.591837	0.0935578
-0.755102	-0.55102	0.1027
-0.755102	-0.510204	0.111754
-0.755102	-0.469388	0.120634
-0.755102	-0.428571	0.129245
-0.755102	-0.387755	0.137489
-0.755102	-0.346939	0.145265
-0.755102	-0.306122	0.152474
-0.755102	-0.265306	0.15902
-0.755102	-0.22449	0.164815
-0.755102	-0.183673	0.169777
-0.755102	-0.142857	0.173834
-0.755102	-0.102041	0.176929
-0.755102	-0.0612245	0.179016
-0.755102	-0.0204082	0.180063
-0.755102	0.0204082	0.180054
-0.755102	0.0612245	0.17899
-0.755102	0.102041	0.176883
-0.755102	0.142857	0.173764
-0.755102	0.183673	0.169676
-0.755102	0.22449	0.164676
-0.755102	0.265306	0.158832
-0.755102	0.306122	0.152222
-0.755102	0.346939	0.144932
-0.755102	0.387755	0.137054
-0.755102	0.428571	0.128683
-0.755102	0.469388	0.119913
-0.755102	0.510204	0.110839
-0.755102	0.55102	0.101548
-0.755102	0.591837	0.0921206
-0.755102	0.632653	0.0826292
-0.755102	0.673469	0.0731339
-0.755102	0.714286	0.0636822
-0.755102	0.755102	0.0543082
-0.755102	0.795918	0.0450326
-0.755102	0.836735	0.0358627
-0.755102	0.877551	0.0267937
-0.755102	0.918367	0.0178103
-0.755102	0.959184	0.00888892
-0.755102	1	0
-0.714286	-1	0.00910346
-0.714286	-0.959184	0.018261
-0.714286	-0.918367	0.0275231
-0.714286	-0.877551	0.0369333
-0.714286	-0.836735	0.046525
-0.714286	-0.795918	0.056319
-0.714286	-0.755102	0.0663211
-0.714286	-0.714286	0.0765208
-0.714286	-0.673469	0.0868906
-0.714286	-0.632653	0.0973859
-0.714286	-0.591837	0.107946
-0.714286	-0.55102	0.118494
-0.714286	-0.510204	0.12894
-0.714286	-0.469388	0.139185
-0.714286	-0.428571	0.14912
-0.714286	-0.387755	0.158631
-0.714286	-0.346939	0.167603
-0.714286	-0.306122	0.17592
-0.714286	-0.265306	0.183473
-0.714286	-0.22449	0.190159
-0.714286	-0.183673	0.195883
-0.714286	-0.142857	0.200565
-0.714286	-0.102041	0.204135
-0.714286	-0.0612245	0.206543
-0.714286	-0.0204082	0.207751
-0.714286	0.0204082	0.207741
-0.714286	0.0612245	0.206513
-0.714286	0.102041	0.204082
-0.714286	0.142857	0.200484
-0.714286	0.183673	0.195768
-0.714286	0.22449	0.189999
-0.714286	0.265306	0.183256
-0.714286	0.306122	0.17563
-0.714286	0.346939	0.167219
-0.714286	0.387755	0.15813
-0.714286	0.428571	0.148471
-0.714286	0.469388	0.138354
-0.714286	0.510204	0.127884
-0.714286	0.55102	0.117164
-0.714286	0.591837	0.106287
-0.714286	0.632653	0.0953365
-0.714286	0.673469	0.084381
-0.714286	0.714286	0.0734758
-0.714286	0.755102	0.0626604
-0.714286	0.795918	0.0519583
-0.714286	0.836735	0.0413781
-0.714286	0.877551	0.0309144
-0.714286	0.918367	0.0205495
-0.714286	0.959184	0.010256
-0.714286	1	0
-0.673469	-1	0.0103372
-0.673469	-0.959184	0.0207358
-0.673469	-0.918367	0.0312532
-0.673469	-0.877551	0.0419387
-0.673469	-0.836735	0.0528302
-0.673469	-0.795918	0.0639514
-0.673469	-0.755102	0.0753088
-0.673469	-0.714286	0.0868906
-0.673469	-0.673469	0.0986655
-0.673469	-0.632653	0.110583
-0.673469	-0.591837	0.122573
-0.673469	-0.55102	0.13455
-0.673469	-0.510204	0.146412
-0.673469	-0.469388	0.158045
-0.673469	-0.428571	0.169326
-0.673469	-0.387755	0.180126
-0.673469	-0.346939	0.190313
-0.673469	-0.306122	0.199757
-0.673469	-0.265306	0.208333
-0.673469	-0.22449	0.215925
-0.673469	-0.183673	0.222425
-0.673469	-0.142857	0.22774
-0.673469	-0.102041	0.231794
-0.673469	-0.0612245	0.234528
-0.673469	-0.0204082	0.2359
-0.673469	0.0204082	0.235889
-0.673469	0.0612245	0.234494
-0.673469	0.102041	0.231734
-0.673469	0.142857	0.227648
-0.673469	0.183673	0.222293
-0.673469	0.22449	0.215743
-0.673469	0.265306	0.208087
-0.673469	0.306122	0.199427
-0.673469	0.346939	0.189877
-0.673469	0.387755	0.179556
-0.673469	0.428571	0.168589
-0.673469	0.469388	0.157101
-0.673469	0.510204	0.145213
-0.673469	0.55102	0.13304
-0.673469	0.591837	0.12069
-0.673469	0.632653	0.108256
-0.673469	0.673469	0.0958157
-0.673469	0.714286	0.0834328
-0.673469	0.755102	0.0711518
-0.673469	0.795918	0.0589995
-0.673469	0.836735	0.0469856
-0.673469	0.877551	0.0351039
-0.673469	0.918367	0.0233343
-0.673469	0.959184	0.0116459
-0.673469	1	0
-0.632653	-1	0.0115859
-0.632653	-0.959184	0.0232407
-0.632653	-0.918367	0.0350285
-0.632653	-0.877551	0.0470047
-0.632653	-0.836735	0.0592118
-0.632653	-0.795918	0.0716762
-0.632653	-0.755102	0.0844054
-0.632653	-0.714286	0.0973859
-0.632653	-0.673469	0.110583
-0.632653	-0.632653	0.123939
-0.632653	-0.591837	0.137378
-0.632653	-0.55102	0.150801
-0.632653	-0.510204	0.164096
-0.632653	-0.469388	0.177133
-0.632653	-0.428571	0.189776
-0.632653	-0.387755	0.20188
-0.632653	-0.346939	0.213297
-0.632653	-0.306122	0.223881
-0.632653	-0.265306	0.233493
-0.632653	-0.22449	0.242001
-0.632653	-0.183673	0.249286
-0.632653	-0.142857	0.255243
-0.632653	-0.102041	0.259787
-0.632653	-0.0612245	0.262851
-0.632653	-0.0204082	0.264388
-0.632653	0.0204082	0.264376
-0.632653	0.0612245	0.262812
-0.632653	0.102041	0.25972
-0.632653	0.142857	0.25514
-0.632653	0.183673	0.249139
-0.632653	0.22449	0.241797
-0.632653	0.265306	0.233217
-0.632653	0.306122	0.223512
-0.632653	0.346939	0.212808
-0.632653	0.387755	0.201242
-0.632653	0.428571	0.18895
-0.632653	0.469388	0.176075
-0.632653	0.510204	0.162751
-0.632653	0.55102	0.149109
-0.632653	0.591837	0.135267
-0.632653	0.632653	0.121331
-0.632653	0.673469	0.107389
-0.632653	0.714286	0.0935103
-0.632653	0.755102	0.079746
-0.632653	0.795918	0.066126
-0.632653	0.836735	0.052661
-0.632653	0.877551	0.0393441
-0.632653	0.918367	0.0261529
-0.632653	0.959184	0.0130526
-0.632653	1	0
-0.591837	-1	0.0128423
-0.591837	-0.959184	0.0257609
-0.591837	-0.918367	0.038827
-0.591837	-0.877551	0.0521018
-0.591837	-0.836735	0.0656326
-0.591837	-0.795918	0.0794485
-0.591837	-0.755102	0.0935578
-0.591837	-0.714286	0.107946
-0.591837	-0.673469	0.122573
-0.591837	-0.632653	0.137378
-0.591837	-0.591837	0.152273
-0.591837	-0.55102	0.167152
-0.591837	-0.510204	0.181887
-0.591837	-0.469388	0.196338
-0.591837	-0.428571	0.210351
-0.591837	-0.387755	0.223767
-0.591837	-0.346939	0.236421
-0.591837	-0.306122	0.248153
-0.591837	-0.265306	0.258807
-0.591837	-0.22449	0.268237
-0.591837	-0.183673	0.276311
-0.591837	-0.142857	0.282915
-0.591837	-0.102041	0.287951
-0.591837	-0.0612245	0.291346
-0.591837	-0.0204082	0.29305
-0.591837	0.0204082	0.293036
-0.591837	0.0612245	0.291304
-0.591837	0.102041	0.287876
-0.591837	0.142857	0.2828
-0.591837	0.183673	0.276148
-0.591837	0.22449	0.268011
-0.591837	0.265306	0.2585
-0.591837	0.306122	0.247743
-0.591837	0.346939	0.23588
-0.591837	0.387755	0.223059
-0.591837	0.428571	0.209436
-0.591837	0.469388	0.195164
-0.591837	0.510204	0.180396
-0.591837	0.55102	0.165275
-0.591837	0.591837	0.149933
-0.591837	0.632653	0.134486
-0.591837	0.673469	0.119032
-0.591837	0.714286	0.10365
-0.591837	0.755102	0.0883929
-0.591837	0.795918	0.0732961
-0.591837	0.836735	0.0583712
-0.591837	0.877551	0.0436104
-0.591837	0.918367	0.0289888
-0.591837	0.959184	0.014468
-0.591837	1	0
-0.55102	-1	0.0140974
-0.55102	-0.959184	0.0282784
-0.55102	-0.918367	0.0426213
-0.55102	-0.877551	0.0571933
-0.55102	-0.836735	0.0720463
-0.55102	-0.795918	0.0872122
-0.55102	-0.755102	0.1027
-0.55102	-0.714286	0.118494
-0.55102	-0.673469	0.13455
-0.55102	-0.632653	0.150801
-0.55102	-0.591837	0.167152
-0.55102	-0.55102	0.183484
-0.55102	-0.510204	0.199658
-0.55102	-0.469388	0.215521
-0.55102	-0.428571	0.230903
-0.55102	-0.387755	0.245629
-0.55102	-0.346939	0.259519
-0.55102	-0.306122	0.272397
-0.55102	-0.265306	0.284092
-0.55102	-0.22449	0.294443
-0.55102	-0.183673	0.303306
-0.55102	-0.142857	0.310554
-0.55102	-0.102041	0.316082
-0.55102	-0.0612245	0.319809
-0.55102	-0.0204082	0.321679
-0.55102	0.0204082	0.321664
-0.55102	0.0612245	0.319762
-0.55102	0.102041	0.316
-0.55102	0.142857	0.310428
-0.55102	0.183673	0.303126
-0.55102	0.22449	0.294194
-0.55102	0.265306	0.283755
-0.55102	0.306122	0.271947
-0.55102	0.346939	0.258925
-0.55102	0.387755	0.244852
-0.55102	0.428571	0.229898
-0.55102	0.469388	0.214232
-0.55102	0.510204	0.198022
-0.55102	0.55102	0.181424
-0.55102	0.591837	0.164583
-0.55102	0.632653	0.147627
-0.55102	0.673469	0.130663
-0.55102	0.714286	0.113777
-0.55102	0.755102	0.0970302
-0.55102	0.795918	0.0804583
-0.55102	0.836735	0.0640751
-0.55102	0.877551	0.0478719
-0.55102	0.918367	0.0318216
-0.55102	0.959184	0.0158818
-0.55102	1	0
-0.510204	-1	0.0153404
-0.510204	-0.959184	0.0307718
-0.510204	-0.918367	0.0463792
-0.510204	-0.877551	0.062236
-0.510204	-0.836735	0.0783984
-0.510204	-0.795918	0.0949013
-0.510204	-0.755102	0.111754
-0.510204	-0.714286	0.12894
-0.510204	-0.673469	0.146412
-0.510204	-0.632653	0.164096
-0.510204	-0.591837	0.181887
-0.510204	-0.55102	0.199658
-0.510204	-0.510204	0.217259
-0.510204	-0.469388	0.234519
-0.510204	-0.428571	0.251257
-0.510204	-0.387755	0.267281
-0.510204	-0.346939	0.282395
-0.510204	-0.306122	0.296408
-0.510204	-0.265306	0.309133
-0.510204	-0.22449	0.320396
-0.510204	-0.183673	0.33004
-0.510204	-0.142857	0.337927
-0.510204	-0.102041	0.343942
-0.510204	-0.0612245	0.347998
-0.510204	-0.0204082	0.350033
-0.510204	0.0204082	0.350016
-0.510204	0.0612245	0.347947
-0.510204	0.102041	0.343853
-0.510204	0.142857	0.33779
-0.510204	0.183673	0.329845
-0.510204	0.22449	0.320126
-0.510204	0.265306	0.308766
-0.510204	0.306122	0.295918
-0.510204	0.346939	0.281748
-0.510204	0.387755	0.266435
-0.510204	0.428571	0.250163
-0.510204	0.469388	0.233117
-0.510204	0.510204	0.215478
-0.510204	0.55102	0.197417
-0.510204	0.591837	0.179091
-0.510204	0.632653	0.160641
-0.510204	0.673469	0.142182
-0.510204	0.714286	0.123808
-0.510204	0.755102	0.105584
-0.510204	0.795918	0.0875517
-0.510204	0.836735	0.0697242
-0.510204	0.877551	0.0520926
-0.510204	0.918367	0.0346272
-0.510204	0.959184	0.0172821
-0.510204	1	0
-0.469388	-1	0.0165594
-0.469388	-0.959184	0.033217
-0.469388	-0.918367	0.0500646
-0.469388	-0.877551	0.0671814
-0.469388	-0.836735	0.084628
-0.469388	-0.795918	0.102442
-0.469388	-0.755102	0.120634
-0.469388	-0.714286	0.139185
-0.469388	-0.673469	0.158045
-0.469388	-0.632653	0.177133
-0.469388	-0.591837	0.196338
-0.469388	-0.55102	0.215521
-0.469388	-0.510204	0.234519
-0.469388	-0.469388	0.253151
-0.469388	-0.428571	0.271218
-0.469388	-0.387755	0.288514
-0.469388	-0.346939	0.304829
-0.469388	-0.306122	0.319955
-0.469388	-0.265306	0.33369
-0.469388	-0.22449	0.345848
-0.469388	-0.183673	0.356258
-0.469388	-0.142857	0.364771
-0.469388	-0.102041	0.371264
-0.469388	-0.0612245	0.375641
-0.469388	-0.0204082	0.377838
-0.469388	0.0204082	0.377821
-0.469388	0.0612245	0.375587
-0.469388	0.102041	0.371167
-0.469388	0.142857	0.364623
-0.469388	0.183673	0.356047
-0.469388	0.22449	0.345556
-0.469388	0.265306	0.333294
-0.469388	0.306122	0.319426
-0.469388	0.346939	0.304131
-0.469388	0.387755	0.287602
-0.469388	0.428571	0.270037
-0.469388	0.469388	0.251637
-0.469388	0.510204	0.232596
-0.469388	0.55102	0.213101
-0.469388	0.591837	0.19332
-0.469388	0.632653	0.173404
-0.469388	0.673469	0.153479
-0.469388	0.714286	0.133645
-0.469388	0.755102	0.113974
-0.469388	0.795918	0.0945082
-0.469388	0.836735	0.0752642
-0.469388	0.877551	0.0562317
-0.469388	0.918367	0.0373786
-0.469388	0.959184	0.0186553
-0.469388	1	0
-0.428571	-1	0.0177415
-0.428571	-0.959184	0.0355882
-0.428571	-0.918367	0.0536385
-0.428571	-0.877551	0.0719771
-0.428571	-0.836735	0.090669
-0.428571	-0.795918	0.109755
-0.428571	-0.755102	0.129245
-0.428571	-0.714286	0.14912
-0.428571	-0.673469	0.169326
-0.428571	-0.632653	0.189776
-0.428571	-0.591837	0.210351
-0.428571	-0.55102	0.230903
-0.428571	-0.510204	0.251257
-0.428571	-0.469388	0.271218
-0.428571	-0.428571	0.290574
-0.428571	-0.387755	0.309104
-0.428571	-0.346939	0.326583
-0.428571	-0.306122	0.342788
-0.428571	-0.265306	0.357504
-0.428571	-0.22449	0.370529
-0.428571	-0.183673	0.381681
-0.428571	-0.142857	0.390801
-0.428571	-0.102041	0.397758
-0.428571	-0.0612245	0.402448
-0.428571	-0.0204082	0.404801
-0.428571	0.0204082	0.404782
-0.428571	0.0612245	0.402389
-0.428571	0.102041	0.397654
-0.428571	0.142857	0.390644
-0.428571	0.183673	0.381455
-0.428571	0.22449	0.370216
-0.428571	0.265306	0.357079
-0.428571	0.306122	0.342221
-0.428571	0.346939	0.325835
-0.428571	0.387755	0.308126
-0.428571	0.428571	0.289309
-0.428571	0.469388	0.269596
-0.428571	0.510204	0.249197
-0.428571	0.55102	0.22831
-0.428571	0.591837	0.207118
-0.428571	0.632653	0.18578
-0.428571	0.673469	0.164433
-0.428571	0.714286	0.143184
-0.428571	0.755102	0.122109
-0.428571	0.795918	0.101254
-0.428571	0.836735	0.0806366
-0.428571	0.877551	0.0602455
-0.428571	0.918367	0.0400467
-0.428571	0.959184	0.0199869
-0.428571	1	0
-0.387755	-1	0.0188732
-0.387755	-0.959184	0.0378583
-0.387755	-0.918367	0.0570599
-0.387755	-0.877551	0.0765682
-0.387755	-0.836735	0.0964523
-0.387755	-0.795918	0.116755
-0.387755	-0.755102	0.137489
-0.387755	-0.714286	0.158631
-0.387755	-0.673469	0.180126
-0.387755	-0.632653	0.20188
-0.387755	-0.591837	0.223767
-0.387755	-0.55102	0.245629
-0.387755	-0.510204	0.267281
-0.387755	-0.469388	0.288514
-0.387755	-0.428571	0.309104
-0.387755	-0.387755	0.328816
-0.387755	-0.346939	0.347409
-0.387755	-0.306122	0.364647
-0.387755	-0.265306	0.380301
-0.387755	-0.22449	0.394156
-0.387755	-0.183673	0.406019
-0.387755	-0.142857	0.415721
-0.387755	-0.102041	0.423121
-0.387755	-0.0612245	0.42811
-0.387755	-0.0204082	0.430613
-0.387755	0.0204082	0.430593
-0.387755	0.0612245	0.428048
-0.387755	0.102041	0.423011
-0.387755	0.142857	0.415553
-0.387755	0.183673	0.405779
-0.387755	0.22449	0.393823
-0.387755	0.265306	0.379849
-0.387755	0.306122	0.364044
-0.387755	0.346939	0.346613
-0.387755	0.387755	0.327776
-0.387755	0.428571	0.307758
-0.387755	0.469388	0.286788
-0.387755	0.510204	0.265089
-0.387755	0.55102	0.24287
-0.387755	0.591837	0.220327
-0.387755	0.632653	0.197629
-0.387755	0.673469	0.174921
-0.387755	0.714286	0.152316
-0.387755	0.755102	0.129897
-0.387755	0.795918	0.107712
-0.387755	0.836735	0.0857797
-0.387755	0.877551	0.0640882
-0.387755	0.918367	0.042601
-0.387755	0.959184	0.0212617
-0.387755	1	0
-0.346939	-1	0.0199407
-0.346939	-0.959184	0.0399996
-0.346939	-0.918367	0.0602873
-0.346939	-0.877551	0.080899
-0.346939	-0.836735	0.101908
-0.346939	-0.795918	0.123359
-0.346939	-0.755102	0.145265
-0.346939	-0.714286	0.167603
-0.346939	-0.673469	0.190313
-0.346939	-0.632653	0.213297
-0.346939	-0.591837	0.236421
-0.346939	-0.55102	0.259519
-0.346939	-0.510204	0.282395
-0.346939	-0.469388	0.304829
-0.346939	-0.428571	0.326583
-0.346939	-0.387755	0.347409
-0.346939	-0.346939	0.367054
-0.346939	-0.306122	0.385266
-0.346939	-0.265306	0.401804
-0.346939	-0.22449	0.416443
-0.346939	-0.183673	0.428977
-0.346939	-0.142857	0.439227
-0.346939	-0.102041	0.447045
-0.346939	-0.0612245	0.452316
-0.346939	-0.0204082	0.454961
-0.346939	0.0204082	0.45494
-0.346939	0.0612245	0.45225
-0.346939	0.102041	0.446929
-0.346939	0.142857	0.43905
-0.346939	0.183673	0.428723
-0.346939	0.22449	0.416091
-0.346939	0.265306	0.401328
-0.346939	0.306122	0.384629
-0.346939	0.346939	0.366212
-0.346939	0.387755	0.34631
-0.346939	0.428571	0.325161
-0.346939	0.469388	0.303006
-0.346939	0.510204	0.280079
-0.346939	0.55102	0.256605
-0.346939	0.591837	0.232786
-0.346939	0.632653	0.208805
-0.346939	0.673469	0.184813
-0.346939	0.714286	0.16093
-0.346939	0.755102	0.137243
-0.346939	0.795918	0.113804
-0.346939	0.836735	0.0906312
-0.346939	0.877551	0.0677129
-0.346939	0.918367	0.0450104
-0.346939	0.959184	0.0224643
-0.346939	1	0
-0.306122	-1	0.0209304
-0.306122	-0.959184	0.0419849
-0.306122	-0.918367	0.0632795
-0.306122	-0.877551	0.084914
-0.306122	-0.836735	0.106965
-0.306122	-0.795918	0.129481
-0.306122	-0.755102	0.152474
-0.306122	-0.714286	0.17592
-0.306122	-0.673469	0.199757
-0.306122	-0.632653	0.223881
-0.306122	-0.591837	0.248153
-0.306122	-0.55102	0.272397
-0.306122	-0.510204	0.296408
-0.306122	-0.469388	0.319955
-0.306122	-0.428571	0.342788
-0.306122	-0.387755	0.364647
-0.306122	-0.346939	0.385266
-0.306122	-0.306122	0.404381
-0.306122	-0.265306	0.42174
-0.306122	-0.22449	0.437105
-0.306122	-0.183673	0.450261
-0.306122	-0.142857	0.461019
-0.306122	-0.102041	0.469225
-0.306122	-0.0612245	0.474757
-0.306122	-0.0204082	0.477534
-0.306122	0.0204082	0.477511
-0.306122	0.0612245	0.474688
-0.306122	0.102041	0.469103
-0.306122	0.142857	0.460833
-0.306122	0.183673	0.449994
-0.306122	0.22449	0.436736
-0.306122	0.265306	0.42124
-0.306122	0.306122	0.403713
-0.306122	0.346939	0.384383
-0.306122	0.387755	0.363493
-0.306122	0.428571	0.341295
-0.306122	0.469388	0.318041
-0.306122	0.510204	0.293977
-0.306122	0.55102	0.269338
-0.306122	0.591837	0.244338
-0.306122	0.632653	0.219167
-0.306122	0.673469	0.193984
-0.306122	0.714286	0.168916
-0.306122	0.755102	0.144054
-0.306122	0.795918	0.119452
-0.306122	0.836735	0.095129
-0.306122	0.877551	0.0710733
-0.306122	0.918367	0.0472442
-0.306122	0.959184	0.0235791
-0.306122	1	0
-0.265306	-1	0.0218291
-0.265306	-0.959184	0.0437877
-0.265306	-0.918367	0.0659967
-0.265306	-0.877551	0.0885602
-0.265306	-0.836735	0.111558
-0.265306	-0.795918	0.13504
-0.265306	-0.755102	0.15902
-0.265306	-0.714286	0.183473
-0.265306	-0.673469	0.208333
-0.265306	-0.632653	0.233493
-0.265306	-0.591837	0.258807
-0.265306	-0.55102	0.284092
-0.265306	-0.510204	0.309133
-0.265306	-0.469388	0.33369
-0.265306	-0.428571	0.357504
-0.265306	-0.387755	0.380301
-0.265306	-0.346939	0.401804
-0.265306	-0.306122	0.42174
-0.265306	-0.265306	0.439844
-0.265306	-0.22449	0.455868
-0.265306	-0.183673	0.469589
-0.265306	-0.142857	0.480809
-0.265306	-0.102041	0.489367
-0.265306	-0.0612245	0.495137
-0.265306	-0.0204082	0.498032
-0.265306	0.0204082	0.498009
-0.265306	0.0612245	0.495064
-0.265306	0.102041	0.489239
-0.265306	0.142857	0.480615
-0.265306	0.183673	0.46931
-0.265306	0.22449	0.455483
-0.265306	0.265306	0.439322
-0.265306	0.306122	0.421043
-0.265306	0.346939	0.400883
-0.265306	0.387755	0.379097
-0.265306	0.428571	0.355946
-0.265306	0.469388	0.331694
-0.265306	0.510204	0.306597
-0.265306	0.55102	0.280901
-0.265306	0.591837	0.254828
-0.265306	0.632653	0.228576
-0.265306	0.673469	0.202313
-0.265306	0.714286	0.176169
-0.265306	0.755102	0.150239
-0.265306	0.795918	0.12458
-0.265306	0.836735	0.0992135
-0.265306	0.877551	0.074125
-0.265306	0.918367	0.0492728
-0.265306	0.959184	0.0245916
-0.265306	1	0
-0.22449	-1	0.0226247
-0.22449	-0.959184	0.0453835
-0.22449	-0.918367	0.0684018
-0.22449	-0.877551	0.0917875
-0.22449	-0.836735	0.115624
-0.22449	-0.795918	0.139961
-0.22449	-0.755102	0.164815
-0.22449	-0.714286	0.190159
-0.22449	-0.673469	0.215925
-0.22449	-0.632653	0.242001
-0.22449	-0.591837	0.268237
-0.22449	-0.55102	0.294443
-0.22449	-0.510204	0.320396
-0.22449	-0.469388	0.345848
-0.22449	-0.428571	0.370529
-0.22449	-0.387755	0.394156
-0.22449	-0.346939	0.416443
-0.22449	-0.306122	0.437105
-0.22449	-0.265306	0.455868
-0.22449	-0.22449	0.472476
-0.22449	-0.183673	0.486696
-0.22449	-0.142857	0.498325
-0.22449	-0.102041	0.507195
-0.22449	-0.0612245	0.513175
-0.22449	-0.0204082	0.516175
-0.22449	0.0204082	0.516151
-0.22449	0.0612245	0.5131
-0.22449	0.102041	0.507063
-0.22449	0.142857	0.498124
-0.22449	0.183673	0.486408
-0.22449	0.22449	0.472077
-0.22449	0.265306	0.455327
-0.22449	0.306122	0.436382
-0.22449	0.346939	0.415489
-0.22449	0.387755	0.392909
-0.22449	0.428571	0.368915
-0.22449	0.469388	0.343779
-0.22449	0.510204	0.317768
-0.22449	0.55102	0.291135
-0.22449	0.591837	0.264113
-0.22449	0.632653	0.236905
-0.22449	0.673469	0.209684
-0.22449	0.714286	0.182588
-0.22449	0.755102	0.155714
-0.22449	0.795918	0.12912
-0.22449	0.836735	0.102829
-0.22449	0.877551	0.0768261
-0.22449	0.918367	0.0510683
-0.22449	0.959184	0.0254877
-0.22449	1	0
-0.183673	-1	0.0233058
-0.183673	-0.959184	0.0467498
-0.183673	-0.918367	0.0704611
-0.183673	-0.877551	0.0945508
-0.183673	-0.836735	0.119104
-0.183673	-0.795918	0.144175
-0.183673	-0.755102	0.169777
-0.183673	-0.714286	0.195883
-0.183673	-0.673469	0.222425
-0.183673	-0.632653	0.249286
-0.183673	-0.591837	0.276311
-0.183673	-0.55102	0.303306
-0.183673	-0.510204	0.33004
-0.183673	-0.469388	0.356258
-0.183673	-0.428571	0.381681
-0.183673	-0.387755	0.406019
-0.183673	-0.346939	0.428977
-0.183673	-0.306122	0.450261
-0.183673	-0.265306	0.469589
-0.183673	-0.22449	0.486696
-0.183673	-0.183673	0.501344
-0.183673	-0.142857	0.513323
-0.183673	-0.102041	0.522459
-0.183673	-0.0612245	0.528619
-0.183673	-0.0204082	0.53171
-0.183673	0.0204082	0.531685
-0.183673	0.0612245	0.528542
-0.183673	0.102041	0.522323
-0.183673	0.142857	0.513115
-0.183673	0.183673	0.501047
-0.183673	0.22449	0.486285
-0.183673	0.265306	0.469031
-0.183673	0.306122	0.449516
-0.183673	0.346939	0.427994
-0.183673	0.387755	0.404734
-0.183673	0.428571	0.380018
-0.183673	0.469388	0.354126
-0.183673	0.510204	0.327333
-0.183673	0.55102	0.299898
-0.183673	0.591837	0.272062
-0.183673	0.632653	0.244036
-0.183673	0.673469	0.215996
-0.183673	0.714286	0.188084
-0.183673	0.755102	0.160401
-0.183673	0.795918	0.133007
-0.183673	0.836735	0.105924
-0.183673	0.877551	0.0791389
-0.183673	0.918367	0.0526057
-0.183673	0.959184	0.026255
-0.183673	1	0
-0.142857	-1	0.0238629
-0.142857	-0.959184	0.0478672
-0.142857	-0.918367	0.0721452
-0.142857	-0.877551	0.0968107
-0.142857	-0.836735	0.121951
-0.142857	-0.795918	0.147621
-0.142857	-0.755102	0.173834
-0.142857	-0.714286	0.200565
-0.142857	-0.673469	0.22774
-0.142857	-0.632653	0.255243
-0.142857	-0.591837	0.282915
-0.142857	-0.55102	0.310554
-0.142857	-0.510204	0.337927
-0.142857	-0.469388	0.364771
-0.142857	-0.428571	0.390801
-0.142857	-0.387755	0.415721
-0.142857	-0.346939	0.439227
-0.142857	-0.306122	0.461019
-0.142857	-0.265306	0.480809
-0.142857	-0.22449	0.498325
-0.142857	-0.183673	0.513323
-0.142857	-0.142857	0.525588
-0.142857	-0.102041	0.534943
-0.142857	-0.0612245	0.541249
-0.142857	-0.0204082	0.544414
-0.142857	0.0204082	0.544389
-0.142857	0.0612245	0.541171
-0.142857	0.102041	0.534803
-0.142857	0.142857	0.525375
-0.142857	0.183673	0.513019
-0.142857	0.22449	0.497904
-0.142857	0.265306	0.480238
-0.142857	0.306122	0.460257
-0.142857	0.346939	0.43822
-0.142857	0.387755	0.414406
-0.142857	0.428571	0.389099
-0.142857	0.469388	0.362588
-0.142857	0.510204	0.335155
-0.142857	0.55102	0.307065
-0.142857	0.591837	0.278564
-0.142857	0.632653	0.249868
-0.142857	0.673469	0.221158
-0.142857	0.714286	0.192579
-0.142857	0.755102	0.164234
-0.142857	0.795918	0.136186
-0.142857	0.836735	0.108456
-0.142857	0.877551	0.0810303
-0.142857	0.918367	0.0538629
-0.142857	0.959184	0.0268825
-0.142857	1	0
-0.102041	-1	0.0242877
-0.102041	-0.959184	0.0487195
-0.102041	-0.918367	0.0734297
-0.102041	-0.877551	0.0985343
-0.102041	-0.836735	0.124122
-0.102041	-0.795918	0.150249
-0.102041	-0.755102	0.176929
-0.102041	-0.714286	0.204135
-0.102041	-0.673469	0.231794
-0.102041	-0.632653	0.259787
-0.102041	-0.591837	0.287951
-0.102041	-0.55102	0.316082
-0.102041	-0.510204	0.343942
-0.102041	-0.469388	0.371264
-0.102041	-0.428571	0.397758
-0.102041	-0.387755	0.423121
-0.102041	-0.346939	0.447045
-0.102041	-0.306122	0.469225
-0.102041	-0.265306	0.489367
-0.102041	-0.22449	0.507195
-0.102041	-0.183673	0.522459
-0.102041	-0.142857	0.534943
-0.102041	-0.102041	0.544464
-0.102041	-0.0612245	0.550883
-0.102041	-0.0204082	0.554104
-0.102041	0.0204082	0.554078
-0.102041	0.0612245	0.550803
-0.102041	0.102041	0.544322
-0.102041	0.142857	0.534726
-0.102041	0.183673	0.52215
-0.102041	0.22449	0.506766
-0.102041	0.265306	0.488786
-0.102041	0.306122	0.468449
-0.102041	0.346939	0.44602
-0.102041	0.387755	0.421782
-0.102041	0.428571	0.396025
-0.102041	0.469388	0.369042
-0.102041	0.510204	0.34112
-0.102041	0.55102	0.312531
-0.102041	0.591837	0.283523
-0.102041	0.632653	0.254316
-0.102041	0.673469	0.225095
-0.102041	0.714286	0.196007
-0.102041	0.755102	0.167158
-0.102041	0.795918	0.13861
-0.102041	0.836735	0.110387
-0.102041	0.877551	0.0824729
-0.102041	0.918367	0.0548219
-0.102041	0.959184	0.0273611
-0.102041	1	0
-0.0612245	-1	0.0245742
-0.0612245	-0.959184	0.0492941
-0.0612245	-0.918367	0.0742957
-0.0612245	-0.877551	0.0996963
-0.0612245	-0.836735	0.125586
-0.0612245	-0.795918	0.152021
-0.0612245	-0.755102	0.179016
-0.0612245	-0.714286	0.206543
-0.0612245	-0.673469	0.234528
-0.0612245	-0.632653	0.262851
-0.0612245	-0.591837	0.291346
-0.0612245	-0.55102	0.319809
-0.0612245	-0.510204	0.347998
-0.0612245	-0.469388	0.375641
-0.0612245	-0.428571	0.402448
-0.0612245	-0.387755	0.42811
-0.0612245	-0.346939	0.452316
-0.0612245	-0.306122	0.474757
-0.0612245	-0.265306	0.495137
-0.0612245	-0.22449	0.513175
-0.0612245	-0.183673	0.528619
-0.0612245	-0.142857	0.541249
-0.0612245	-0.102041	0.550883
-0.0612245	-0.0612245	0.557377
-0.0612245	-0.0204082	0.560637
-0.0612245	0.0204082	0.560611
-0.0612245	0.0612245	0.557296
-0.0612245	0.102041	0.550739
-0.0612245	0.142857	0.541031
-0.0612245	0.183673	0.528306
-0.0612245	0.22449	0.512741
-0.0612245	0.265306	0.494549
-0.0612245	0.306122	0.473972
-0.0612245	0.346939	0.451279
-0.0612245	0.387755	0.426755
-0.0612245	0.428571	0.400694
-0.0612245	0.469388	0.373394
-0.0612245	0.510204	0.345143
-0.0612245	0.55102	0.316216
-0.0612245	0.591837	0.286866
-0.0612245	0.632653	0.257314
-0.0612245	0.673469	0.227749
-0.0612245	0.714286	0.198319
-0.0612245	0.755102	0.169129
-0.0612245	0.795918	0.140245
-0.0612245	0.836735	0.111688
-0.0612245	0.877551	0.0834455
-0.0612245	0.918367	0.0554684
-0.0612245	0.959184	0.0276838
-0.0612245	1	0
-0.0204082	-1	0.0247179
-0.0204082	-0.959184	0.0495824
-0.0204082	-0.918367	0.0747303
-0.0204082	-0.877551	0.10028
-0.0204082	-0.836735	0.126321
-0.0204082	-0.795918	0.15291
-0.0204082	-0.755102	0.180063
-0.0204082	-0.714286	0.207751
-0.0204082	-0.673469	0.2359
-0.0204082	-0.632653	0.264388
-0.0204082	-0.591837	0.29305
-0.0204082	-0.55102	0.321679
-0.0204082	-0.510204	0.350033
-0.0204082	-0.469388	0.377838
-0.0204082	-0.428571	0.404801
-0.0204082	-0.387755	0.430613
-0.0204082	-0.346939	0.454961
-0.0204082	-0.306122	0.477534
-0.0204082	-0.265306	0.498032
-0.0204082	-0.22449	0.516175
-0.0204082	-0.183673	0.53171
-0.0204082	-0.142857	0.544414
-0.0204082	-0.102041	0.554104
-0.0204082	-0.0612245	0.560637
-0.0204082	-0.0204082	0.563915
-0.0204082	0.0204082	0.563889
-0.0204082	0.0612245	0.560555
-0.0204082	0.102041	0.55396
-0.0204082	0.142857	0.544194
-0.0204082	0.183673	0.531395
-0.0204082	0.22449	0.515739
-0.0204082	0.265306	0.497441
-0.0204082	0.306122	0.476744
-0.0204082	0.346939	0.453918
-0.0204082	0.387755	0.42925
-0.0204082	0.428571	0.403037
-0.0204082	0.469388	0.375577
-0.0204082	0.510204	0.347161
-0.0204082	0.55102	0.318065
-0.0204082	0.591837	0.288543
-0.0204082	0.632653	0.258819
-0.0204082	0.673469	0.229081
-0.0204082	0.714286	0.199479
-0.0204082	0.755102	0.170118
-0.0204082	0.795918	0.141065
-0.0204082	0.836735	0.112342
-0.0204082	0.877551	0.0839336
-0.0204082	0.918367	0.0557928
-0.0204082	0.959184	0.0278457
-0.0204082	1	0
0.0204082	-1	0.0247168
0.0204082	-0.959184	0.0495801
0.0204082	-0.918367	0.0747268
0.0204082	-0.877551	0.100275
0.0204082	-0.836735	0.126315
0.0204082	-0.795918	0.152903
0.0204082	-0.755102	0.180054
0.0204082	-0.714286	0.207741
0.0204082	-0.673469	0.235889
0.0204082	-0.632653	0.264376
0.0204082	-0.591837	0.293036
0.0204082	-0.55102	0.321664
0.0204082	-0.510204	0.350016
0.0204082	-0.469388	0.377821
0.0204082	-0.428571	0.404782
0.0204082	-0.387755	0.430593
0.0204082	-0.346939	0.45494
0.0204082	-0.306122	0.477511
0.0204082	-0.265306	0.498009
0.0204082	-0.22449	0.516151
0.0204082	-0.183673	0.531685
0.0204082	-0.142857	0.544389
0.0204082	-0.102041	0.554078
0.0204082	-0.0612245	0.560611
0.0204082	-0.0204082	0.563889
0.0204082	0.0204082	0.563862
0.0204082	0.0612245	0.560529
0.0204082	0.102041	0.553934
0.0204082	0.142857	0.544169
0.0204082	0.183673	0.53137
0.0204082	0.22449	0.515715
0.0204082	0.265306	0.497417
0.0204082	0.306122	0.476722
0.0204082	0.346939	0.453897
0.0204082	0.387755	0.42923
0.0204082	0.428571	0.403019
0.0204082	0.469388	0.37556
0.0204082	0.510204	0.347145
0.0204082	0.55102	0.318051
0.0204082	0.591837	0.28853
0.0204082	0.632653	0.258807
0.0204082	0.673469	0.229071
0.0204082	0.714286	0.199469
0.0204082	0.755102	0.170111
0.0204082	0.795918	0.141059
0.0204082	0.836735	0.112337
0.0204082	0.877551	0.0839296
0.0204082	0.918367	0.0557902
0.0204082	0.959184	0.0278444
0.0204082	1	0
0.0612245	-1	0.0245706
0.0612245	-0.959184	0.0492869
0.0612245	-0.918367	0.0742849
0.0612245	-0.877551	0.0996819
0.0612245	-0.836735	0.125568
0.0612245	-0.795918	0.151998
0.0612245	-0.755102	0.17899
0.0612245	-0.714286	0.206513
0.0612245	-0.673469	0.234494
0.0612245	-0.632653	0.262812
0.0612245	-0.591837	0.291304
0.0612245	-0.55102	0.319762
0.0612245	-0.510204	0.347947
0.0612245	-0.469388	0.375587
0.0612245	-0.428571	0.402389
0.0612245	-0.387755	0.428048
0.0612245	-0.346939	0.45225
0.0612245	-0.306122	0.474688
0.0612245	-0.265306	0.495064
0.0612245	-0.22449	0.5131
0.0612245	-0.183673	0.528542
0.0612245	-0.142857	0.541171
0.0612245	-0.102041	0.550803
0.0612245	-0.0612245	0.557296
0.0612245	-0.0204082	0.560555
0.0612245	0.0204082	0.560529
0.0612245	0.0612245	0.557215
0.0612245	0.102041	0.550659
0.0612245	0.142857	0.540952
0.0612245	0.183673	0.528229
0.0612245	0.22449	0.512666
0.0612245	0.265306	0.494477
0.0612245	0.306122	0.473903
0.0612245	0.346939	0.451213
0.0612245	0.387755	0.426693
0.0612245	0.428571	0.400636
0.0612245	0.469388	0.373339
0.0612245	0.510204	0.345092
0.0612245	0.55102	0.31617
0.0612245	0.591837	0.286824
0.0612245	0.632653	0.257277
0.0612245	0.673469	0.227716
0.0612245	0.714286	0.19829
0.0612245	0.755102	0.169105
0.0612245	0.795918	0.140224
0.0612245	0.836735	0.111672
0.0612245	0.877551	0.0834334
0.0612245	0.918367	0.0554603
0.0612245	0.959184	0.0276797
0.0612245	1	0
0.102041	-1	0.0242814
0.102041	-0.959184	0.0487068
0.102041	-0.918367	0.0734106
0.102041	-0.877551	0.0985087
0.102041	-0.836735	0.12409
0.102041	-0.795918	0.15021
0.102041	-0.755102	0.176883
0.102041	-0.714286	0.204082
0.102041	-0.673469	0.231734
0.102041	-0.632653	0.25972
0.102041	-0.591837	0.287876
0.102041	-0.55102	0.316
0.102041	-0.510204	0.343853
0.102041	-0.469388	0.371167
0.102041	-0.428571	0.397654
0.102041	-0.387755	0.423011
0.102041	-0.346939	0.446929
0.102041	-0.306122	0.469103
0.102041	-0.265306	0.489239
0.102041	-0.22449	0.507063
0.102041	-0.183673	0.522323
0.102041	-0.142857	0.534803
0.102041	-0.102041	0.544322
0.102041	-0.0612245	0.550739
0.102041	-0.0204082	0.55396
0.102041	0.0204082	0.553934
0.102041	0.0612245	0.550659
0.102041	0.102041	0.54418
0.102041	0.142857	0.534587
0.102041	0.183673	0.522014
0.102041	0.22449	0.506634
0.102041	0.265306	0.488659
0.102041	0.306122	0.468327
0.102041	0.346939	0.445904
0.102041	0.387755	0.421672
0.102041	0.428571	0.395922
0.102041	0.469388	0.368946
0.102041	0.510204	0.341032
0.102041	0.55102	0.31245
0.102041	0.591837	0.283449
0.102041	0.632653	0.254249
0.102041	0.673469	0.225036
0.102041	0.714286	0.195956
0.102041	0.755102	0.167115
0.102041	0.795918	0.138574
0.102041	0.836735	0.110358
0.102041	0.877551	0.0824514
0.102041	0.918367	0.0548076
0.102041	0.959184	0.027354
0.102041	1	0
0.142857	-1	0.0238533
0.142857	-0.959184	0.0478479
0.142857	-0.918367	0.0721161
0.142857	-0.877551	0.0967716
0.142857	-0.836735	0.121902
0.142857	-0.795918	0.147561
0.142857	-0.755102	0.173764
0.142857	-0.714286	0.200484
0.142857	-0.673469	0.227648
0.142857	-0.632653	0.25514
0.142857	-0.591837	0.2828
0.142857	-0.55102	0.310428
0.142857	-0.510204	0.33779
0.142857	-0.469388	0.364623
0.142857	-0.428571	0.390644
0.142857	-0.387755	0.415553
0.142857	-0.346939	0.43905
0.142857	-0.306122	0.460833
0.142857	-0.265306	0.480615
0.142857	-0.22449	0.498124
0.142857	-0.183673	0.513115
0.142857	-0.142857	0.525375
0.142857	-0.102041	0.534726
0.142857	-0.0612245	0.541031
0.142857	-0.0204082	0.544194
0.142857	0.0204082	0.544169
0.142857	0.0612245	0.540952
0.142857	0.102041	0.534587
0.142857	0.142857	0.525163
0.142857	0.183673	0.512811
0.142857	0.22449	0.497703
0.142857	0.265306	0.480044
0.142857	0.306122	0.460071
0.142857	0.346939	0.438043
0.142857	0.387755	0.414238
0.142857	0.428571	0.388942
0.142857	0.469388	0.362442
0.142857	0.510204	0.335019
0.142857	0.55102	0.306941
0.142857	0.591837	0.278451
0.142857	0.632653	0.249767
0.142857	0.673469	0.221069
0.142857	0.714286	0.192501
0.142857	0.755102	0.164168
0.142857	0.795918	0.136131
0.142857	0.836735	0.108412
0.142857	0.877551	0.0809976
0.142857	0.918367	0.0538412
0.142857	0.959184	0.0268717
0.142857	1	0
0.183673	-1	0.0232921
0.183673	-0.959184	0.0467222
0.183673	-0.918367	0.0704195
0.183673	-0.877551	0.094495
0.183673	-0.836735	0.119034
0.183673	-0.795918	0.14409
0.183673	-0.755102	0.169676
0.183673	-0.714286	0.195768
0.183673	-0.673469	0.222293
0.183673	-0.632653	0.249139
0.183673	-0.591837	0.276148
0.183673	-0.55102	0.303126
0.183673	-0.510204	0.329845
0.183673	-0.469388	0.356047
0.183673	-0.428571	0.381455
0.183673	-0.387755	0.405779
0.183673	-0.346939	0.428723
0.183673	-0.306122	0.449994
0.183673	-0.265306	0.46931
0.183673	-0.22449	0.486408
0.183673	-0.183673	0.501047
0.183673	-0.142857	0.513019
0.183673	-0.102041	0.52215
0.183673	-0.0612245	0.528306
0.183673	-0.0204082	0.531395
0.183673	0.0204082	0.53137
0.183673	0.0612245	0.528229
0.183673	0.102041	0.522014
0.183673	0.142857	0.512811
0.183673	0.183673	0.50075
0.183673	0.22449	0.485997
0.183673	0.265306	0.468753
0.183673	0.306122	0.44925
0.183673	0.346939	0.42774
0.183673	0.387755	0.404495
0.183673	0.428571	0.379793
0.183673	0.469388	0.353916
0.183673	0.510204	0.327139
0.183673	0.55102	0.299721
0.183673	0.591837	0.271901
0.183673	0.632653	0.243891
0.183673	0.673469	0.215868
0.183673	0.714286	0.187973
0.183673	0.755102	0.160306
0.183673	0.795918	0.132928
0.183673	0.836735	0.105862
0.183673	0.877551	0.0790921
0.183673	0.918367	0.0525746
0.183673	0.959184	0.0262395
0.183673	1	0
0.22449	-1	0.0226056
0.22449	-0.959184	0.0453453
0.22449	-0.918367	0.0683442
0.22449	-0.877551	0.0917102
0.22449	-0.836735	0.115526
0.22449	-0.795918	0.139843
0.22449	-0.755102	0.164676
0.22449	-0.714286	0.189999
0.22449	-0.673469	0.215743
0.22449	-0.632653	0.241797
0.22449	-0.591837	0.268011
0.22449	-0.55102	0.294194
0.22449	-0.510204	0.320126
0.22449	-0.469388	0.345556
0.22449	-0.428571	0.370216
0.22449	-0.387755	0.393823
0.22449	-0.346939	0.416091
0.22449	-0.306122	0.436736
0.22449	-0.265306	0.455483
0.22449	-0.22449	0.472077
0.22449	-0.183673	0.486285
0.22449	-0.142857	0.497904
0.22449	-0.102041	0.506766
0.22449	-0.0612245	0.512741
0.22449	-0.0204082	0.515739
0.22449	0.0204082	0.515715
0.22449	0.0612245	0.512666
0.22449	0.102041	0.506634
0.22449	0.142857	0.497703
0.22449	0.183673	0.485997
0.22449	0.22449	0.471678
0.22449	0.265306	0.454943
0.22449	0.306122	0.436014
0.22449	0.346939	0.415138
0.22449	0.387755	0.392577
0.22449	0.428571	0.368603
0.22449	0.469388	0.343489
0.22449	0.510204	0.3175
0.22449	0.55102	0.29089
0.22449	0.591837	0.26389
0.22449	0.632653	0.236705
0.22449	0.673469	0.209507
0.22449	0.714286	0.182434
0.22449	0.755102	0.155582
0.22449	0.795918	0.129011
0.22449	0.836735	0.102742
0.22449	0.877551	0.0767614
0.22449	0.918367	0.0510253
0.22449	0.959184	0.0254662
0.22449	1	0
0.265306	-1	0.0218033
0.265306	-0.959184	0.0437359
0.265306	-0.918367	0.0659186
0.265306	-0.877551	0.0884553
0.265306	-0.836735	0.111426
0.265306	-0.795918	0.13488
0.265306	-0.755102	0.158832
0.265306	-0.714286	0.183256
0.265306	-0.673469	0.208087
0.265306	-0.632653	0.233217
0.265306	-0.591837	0.2585
0.265306	-0.55102	0.283755
0.265306	-0.510204	0.308766
0.265306	-0.469388	0.333294
0.265306	-0.428571	0.357079
0.265306	-0.387755	0.379849
0.265306	-0.346939	0.401328
0.265306	-0.306122	0.42124
0.265306	-0.265306	0.439322
0.265306	-0.22449	0.455327
0.265306	-0.183673	0.469031
0.265306	-0.142857	0.480238
0.265306	-0.102041	0.488786
0.265306	-0.0612245	0.494549
0.265306	-0.0204082	0.497441
0.265306	0.0204082	0.497417
0.265306	0.0612245	0.494477
0.265306	0.102041	0.488659
0.265306	0.142857	0.480044
0.265306	0.183673	0.468753
0.265306	0.22449	0.454943
0.265306	0.265306	0.438801
0.265306	0.306122	0.420543
0.265306	0.346939	0.400408
0.265306	0.387755	0.378647
0.265306	0.428571	0.355524
0.265306	0.469388	0.3313
0.265306	0.510204	0.306234
0.265306	0.55102	0.280567
0.265306	0.591837	0.254525
0.265306	0.632653	0.228305
0.265306	0.673469	0.202073
0.265306	0.714286	0.17596
0.265306	0.755102	0.150061
0.265306	0.795918	0.124433
0.265306	0.836735	0.099096
0.265306	0.877551	0.0740372
0.265306	0.918367	0.0492144
0.265306	0.959184	0.0245624
0.265306	1	0
0.306122	-1	0.0208959
0.306122	-0.959184	0.0419156
0.306122	-0.918367	0.0631751
0.306122	-0.877551	0.0847739
0.306122	-0.836735	0.106789
0.306122	-0.795918	0.129267
0.306122	-0.755102	0.152222
0.306122	-0.714286	0.17563
0.306122	-0.673469	0.199427
0.306122	-0.632653	0.223512
0.306122	-0.591837	0.247743
0.306122	-0.55102	0.271947
0.306122	-0.510204	0.295918
0.306122	-0.469388	0.319426
0.306122	-0.428571	0.342221
0.306122	-0.387755	0.364044
0.306122	-0.346939	0.384629
0.306122	-0.306122	0.403713
0.306122	-0.265306	0.421043
0.306122	-0.22449	0.436382
0.306122	-0.183673	0.449516
0.306122	-0.142857	0.460257
0.306122	-0.102041	0.468449
0.306122	-0.0612245	0.473972
0.306122	-0.0204082	0.476744
0.306122	0.0204082	0.476722
0.306122	0.0612245	0.473903
0.306122	0.102041	0.468327
0.306122	0.142857	0.460071
0.306122	0.183673	0.44925
0.306122	0.22449	0.436014
0.306122	0.265306	0.420543
0.306122	0.306122	0.403045
0.306122	0.346939	0.383747
0.306122	0.387755	0.362892
0.306122	0.428571	0.340731
0.306122	0.469388	0.317515
0.306122	0.510204	0.293491
0.306122	0.55102	0.268893
0.306122	0.591837	0.243934
0.306122	0.632653	0.218805
0.306122	0.673469	0.193664
0.306122	0.714286	0.168637
0.306122	0.755102	0.143816
0.306122	0.795918	0.119254
0.306122	0.836735	0.094972
0.306122	0.877551	0.070956
0.306122	0.918367	0.0471663
0.306122	0.959184	0.0235402
0.306122	1	0
0.346939	-1	0.0198951
0.346939	-0.959184	0.0399082
0.346939	-0.918367	0.0601495
0.346939	-0.877551	0.0807139
0.346939	-0.836735	0.101675
0.346939	-0.795918	0.123076
0.346939	-0.755102	0.144932
0.346939	-0.714286	0.167219
0.346939	-0.673469	0.189877
0.346939	-0.632653	0.212808
0.346939	-0.591837	0.23588
0.346939	-0.55102	0.258925
0.346939	-0.510204	0.281748
0.346939	-0.469388	0.304131
0.346939	-0.428571	0.325835
0.346939	-0.387755	0.346613
0.346939	-0.346939	0.366212
0.346939	-0.306122	0.384383
0.346939	-0.265306	0.400883
0.346939	-0.22449	0.415489
0.346939	-0.183673	0.427994
0.346939	-0.142857	0.43822
0.346939	-0.102041	0.44602
0.346939	-0.0612245	0.451279
0.346939	-0.0204082	0.453918
0.346939	0.0204082	0.453897
0.346939	0.0612245	0.451213
0.346939	0.102041	0.445904
0.346939	0.142857	0.438043
0.346939	0.183673	0.42774
0.346939	0.22449	0.415138
0.346939	0.265306	0.400408
0.346939	0.306122	0.383747
0.346939	0.346939	0.365373
0.346939	0.387755	0.345516
0.346939	0.428571	0.324416
0.346939	0.469388	0.302311
0.346939	0.510204	0.279438
0.346939	0.55102	0.256017
0.346939	0.591837	0.232253
0.346939	0.632653	0.208327
0.346939	0.673469	0.18439
0.346939	0.714286	0.160562
0.346939	0.755102	0.136929
0.346939	0.795918	0.113544
0.346939	0.836735	0.0904238
0.346939	0.877551	0.0675579
0.346939	0.918367	0.0449074
0.346939	0.959184	0.0224129
0.346939	1	0
0.387755	-1	0.0188136
0.387755	-0.959184	0.0377388
0.387755	-0.918367	0.0568798
0.387755	-0.877551	0.0763264
0.387755	-0.836735	0.0961477
0.387755	-0.795918	0.116386
0.387755	-0.755102	0.137054
0.387755	-0.714286	0.15813
0.387755	-0.673469	0.179556
0.387755	-0.632653	0.201242
0.387755	-0.591837	0.223059
0.387755	-0.55102	0.244852
0.387755	-0.510204	0.266435
0.387755	-0.469388	0.287602
0.387755	-0.428571	0.308126
0.387755	-0.387755	0.327776
0.387755	-0.346939	0.34631
0.387755	-0.306122	0.363493
0.387755	-0.265306	0.379097
0.387755	-0.22449	0.392909
0.387755	-0.183673	0.404734
0.387755	-0.142857	0.414406
0.387755	-0.102041	0.421782
0.387755	-0.0612245	0.426755
0.387755	-0.0204082	0.42925
0.387755	0.0204082	0.42923
0.387755	0.0612245	0.426693
0.387755	0.102041	0.421672
0.387755	0.142857	0.414238
0.387755	0.183673	0.404495
0.387755	0.22449	0.392577
0.387755	0.265306	0.378647
0.387755	0.306122	0.362892
0.387755	0.346939	0.345516
0.387755	0.387755	0.326739
0.387755	0.428571	0.306785
0.387755	0.469388	0.285881
0.387755	0.510204	0.26425
0.387755	0.55102	0.242102
0.387755	0.591837	0.21963
0.387755	0.632653	0.197004
0.387755	0.673469	0.174368
0.387755	0.714286	0.151835
0.387755	0.755102	0.129486
0.387755	0.795918	0.107372
0.387755	0.836735	0.0855087
0.387755	0.877551	0.0638857
0.387755	0.918367	0.0424664
0.387755	0.959184	0.0211946
0.387755	1	0
0.428571	-1	0.0176643
0.428571	-0.959184	0.0354335
0.428571	-0.918367	0.0534053
0.428571	-0.877551	0.0716641
0.428571	-0.836735	0.0902747
0.428571	-0.795918	0.109277
0.428571	-0.755102	0.128683
0.428571	-0.714286	0.148471
0.428571	-0.673469	0.168589
0.428571	-0.632653	0.18895
0.428571	-0.591837	0.209436
0.428571	-0.55102	0.229898
0.428571	-0.510204	0.250163
0.428571	-0.469388	0.270037
0.428571	-0.428571	0.289309
0.428571	-0.387755	0.307758
0.428571	-0.346939	0.325161
0.428571	-0.306122	0.341295
0.428571	-0.265306	0.355946
0.428571	-0.22449	0.368915
0.428571	-0.183673	0.380018
0.428571	-0.142857	0.389099
0.428571	-0.102041	0.396025
0.428571	-0.0612245	0.400694
0.428571	-0.0204082	0.403037
0.428571	0.0204082	0.403019
0.428571	0.0612245	0.400636
0.428571	0.102041	0.395922
0.428571	0.142857	0.388942
0.428571	0.183673	0.379793
0.428571	0.22449	0.368603
0.428571	0.265306	0.355524
0.428571	0.306122	0.340731
0.428571	0.346939	0.324416
0.428571	0.387755	0.306785
0.428571	0.428571	0.288049
0.428571	0.469388	0.268422
0.428571	0.510204	0.248112
0.428571	0.55102	0.227316
0.428571	0.591837	0.206216
0.428571	0.632653	0.184972
0.428571	0.673469	0.163718
0.428571	0.714286	0.142561
0.428571	0.755102	0.121577
0.428571	0.795918	0.100814
0.428571	0.836735	0.0802858
0.428571	0.877551	0.0599835
0.428571	0.918367	0.0398725
0.428571	0.959184	0.0199
0.428571	1	0
0.469388	-1	0.0164605
0.469388	-0.959184	0.0330186
0.469388	-0.918367	0.0497656
0.469388	-0.877551	0.0667801
0.469388	-0.836735	0.0841225
0.469388	-0.795918	0.10183
0.469388	-0.755102	0.119913
0.469388	-0.714286	0.138354
0.469388	-0.673469	0.157101
0.469388	-0.632653	0.176075
0.469388	-0.591837	0.195164
0.469388	-0.55102	0.214232
0.469388	-0.510204	0.233117
0.469388	-0.469388	0.251637
0.469388	-0.428571	0.269596
0.469388	-0.387755	0.286788
0.469388	-0.346939	0.303006
0.469388	-0.306122	0.318041
0.469388	-0.265306	0.331694
0.469388	-0.22449	0.343779
0.469388	-0.183673	0.354126
0.469388	-0.142857	0.362588
0.469388	-0.102041	0.369042
0.469388	-0.0612245	0.373394
0.469388	-0.0204082	0.375577
0.469388	0.0204082	0.37556
0.469388	0.0612245	0.373339
0.469388	0.102041	0.368946
0.469388	0.142857	0.362442
0.469388	0.183673	0.353916
0.469388	0.22449	0.343489
0.469388	0.265306	0.3313
0.469388	0.306122	0.317515
0.469388	0.346939	0.302311
0.469388	0.387755	0.285881
0.469388	0.428571	0.268422
0.469388	0.469388	0.250132
0.469388	0.510204	0.231206
0.469388	0.55102	0.211827
0.469388	0.591837	0.192164
0.469388	0.632653	0.172367
0.469388	0.673469	0.152561
0.469388	0.714286	0.132846
0.469388	0.755102	0.113292
0.469388	0.795918	0.0939435
0.469388	0.836735	0.0748145
0.469388	0.877551	0.0558957
0.469388	0.918367	0.0371552
0.469388	0.959184	0.0185438
0.469388	1	0
0.510204	-1	0.0152147
0.510204	-0.959184	0.0305198
0.510204	-0.918367	0.0459994
0.510204	-0.877551	0.0617263
0.510204	-0.836735	0.0777563
0.510204	-0.795918	0.0941239
0.510204	-0.755102	0.110839
0.510204	-0.714286	0.127884
0.510204	-0.673469	0.145213
0.510204	-0.632653	0.162751
0.510204	-0.591837	0.180396
0.510204	-0.55102	0.198022
0.510204	-0.510204	0.215478
0.510204	-0.469388	0.232596
0.510204	-0.428571	0.249197
0.510204	-0.387755	0.265089
0.510204	-0.346939	0.280079
0.510204	-0.306122	0.293977
0.510204	-0.265306	0.306597
0.510204	-0.22449	0.317768
0.510204	-0.183673	0.327333
0.510204	-0.142857	0.335155
0.510204	-0.102041	0.34112
0.510204	-0.0612245	0.345143
0.510204	-0.0204082	0.347161
0.510204	0.0204082	0.347145
0.510204	0.0612245	0.345092
0.510204	0.102041	0.341032
0.510204	0.142857	0.335019
0.510204	0.183673	0.327139
0.510204	0.22449	0.3175
0.510204	0.265306	0.306234
0.510204	0.306122	0.293491
0.510204	0.346939	0.279438
0.510204	0.387755	0.26425
0.510204	0.428571	0.248112
0.510204	0.469388	0.231206
0.510204	0.510204	0.213711
0.510204	0.55102	0.195798
0.510204	0.591837	0.177623
0.510204	0.632653	0.159324
0.510204	0.673469	0.141017
0.510204	0.714286	0.122793
0.510204	0.755102	0.104719
0.510204	0.795918	0.0868344
0.510204	0.836735	0.0691529
0.510204	0.877551	0.0516658
0.510204	0.918367	0.0343435
0.510204	0.959184	0.0171405
0.510204	1	0
0.55102	-1	0.0139392
0.55102	-0.959184	0.0279612
0.55102	-0.918367	0.0421432
0.55102	-0.877551	0.0565517
0.55102	-0.836735	0.071238
0.55102	-0.795918	0.0862337
0.55102	-0.755102	0.101548
0.55102	-0.714286	0.117164
0.55102	-0.673469	0.13304
0.55102	-0.632653	0.149109
0.55102	-0.591837	0.165275
0.55102	-0.55102	0.181424
0.55102	-0.510204	0.197417
0.55102	-0.469388	0.213101
0.55102	-0.428571	0.22831
0.55102	-0.387755	0.24287
0.55102	-0.346939	0.256605
0.55102	-0.306122	0.269338
0.55102	-0.265306	0.280901
0.55102	-0.22449	0.291135
0.55102	-0.183673	0.299898
0.55102	-0.142857	0.307065
0.55102	-0.102041	0.312531
0.55102	-0.0612245	0.316216
0.55102	-0.0204082	0.318065
0.55102	0.0204082	0.318051
0.55102	0.0612245	0.31617
0.55102	0.102041	0.31245
0.55102	0.142857	0.306941
0.55102	0.183673	0.299721
0.55102	0.22449	0.29089
0.55102	0.265306	0.280567
0.55102	0.306122	0.268893
0.55102	0.346939	0.256017
0.55102	0.387755	0.242102
0.55102	0.428571	0.227316
0.55102	0.469388	0.211827
0.55102	0.510204	0.195798
0.55102	0.55102	0.179387
0.55102	0.591837	0.162735
0.55102	0.632653	0.14597
0.55102	0.673469	0.129197
0.55102	0.714286	0.1125
0.55102	0.755102	0.0959412
0.55102	0.795918	0.0795554
0.55102	0.836735	0.0633561
0.55102	0.877551	0.0473348
0.55102	0.918367	0.0314645
0.55102	0.959184	0.0157036
0.55102	1	0
0.591837	-1	0.0126451
0.591837	-0.959184	0.0253653
0.591837	-0.918367	0.0382307
0.591837	-0.877551	0.0513016
0.591837	-0.836735	0.0646245
0.591837	-0.795918	0.0782281
0.591837	-0.755102	0.0921206
0.591837	-0.714286	0.106287
0.591837	-0.673469	0.12069
0.591837	-0.632653	0.135267
0.591837	-0.591837	0.149933
0.591837	-0.55102	0.164583
0.591837	-0.510204	0.179091
0.591837	-0.469388	0.19332
0.591837	-0.428571	0.207118
0.591837	-0.387755	0.220327
0.591837	-0.346939	0.232786
0.591837	-0.306122	0.244338
0.591837	-0.265306	0.254828
0.591837	-0.22449	0.264113
0.591837	-0.183673	0.272062
0.591837	-0.142857	0.278564
0.591837	-0.102041	0.283523
0.591837	-0.0612245	0.286866
0.591837	-0.0204082	0.288543
0.591837	0.0204082	0.28853
0.591837	0.0612245	0.286824
0.591837	0.102041	0.283449
0.591837	0.142857	0.278451
0.591837	0.183673	0.271901
0.591837	0.22449	0.26389
0.591837	0.265306	0.254525
0.591837	0.306122	0.243934
0.591837	0.346939	0.232253
0.591837	0.387755	0.21963
0.591837	0.428571	0.206216
0.591837	0.469388	0.192164
0.591837	0.510204	0.177623
0.591837	0.55102	0.162735
0.591837	0.591837	0.147629
0.591837	0.632653	0.132419
0.591837	0.673469	0.117203
0.591837	0.714286	0.102057
0.591837	0.755102	0.0870348
0.591837	0.795918	0.0721701
0.591837	0.836735	0.0574745
0.591837	0.877551	0.0429405
0.591837	0.918367	0.0285435
0.591837	0.959184	0.0142458
0.591837	1	0
0.632653	-1	0.0113422
0.632653	-0.959184	0.0227518
0.632653	-0.918367	0.0342916
0.632653	-0.877551	0.0460158
0.632653	-0.836735	0.057966
0.632653	-0.795918	0.0701681
0.632653	-0.755102	0.0826292
0.632653	-0.714286	0.0953365
0.632653	-0.673469	0.108256
0.632653	-0.632653	0.121331
0.632653	-0.591837	0.134486
0.632653	-0.55102	0.147627
0.632653	-0.510204	0.160641
0.632653	-0.469388	0.173404
0.632653	-0.428571	0.18578
0.632653	-0.387755	0.197629
0.632653	-0.346939	0.208805
0.632653	-0.306122	0.219167
0.632653	-0.265306	0.228576
0.632653	-0.22449	0.236905
0.632653	-0.183673	0.244036
0.632653	-0.142857	0.249868
0.632653	-0.102041	0.254316
0.632653	-0.0612245	0.257314
0.632653	-0.0204082	0.258819
0.632653	0.0204082	0.258807
0.632653	0.0612245	0.257277
0.632653	0.102041	0.254249
0.632653	0.142857	0.249767
0.632653	0.183673	0.243891
0.632653	0.22449	0.236705
0.632653	0.265306	0.228305
0.632653	0.306122	0.218805
0.632653	0.346939	0.208327
0.632653	0.387755	0.197004
0.632653	0.428571	0.184972
0.632653	0.469388	0.172367
0.632653	0.510204	0.159324
0.632653	0.55102	0.14597
0.632653	0.591837	0.132419
0.632653	0.632653	0.118777
0.632653	0.673469	0.105128
0.632653	0.714286	0.0915422
0.632653	0.755102	0.0780677
0.632653	0.795918	0.0647344
0.632653	0.836735	0.0515529
0.632653	0.877551	0.0385163
0.632653	0.918367	0.0256026
0.632653	0.959184	0.012778
0.632653	1	0
0.673469	-1	0.0100388
0.673469	-0.959184	0.0201371
0.673469	-0.918367	0.0303508
0.673469	-0.877551	0.0407277
0.673469	-0.836735	0.0513047
0.673469	-0.795918	0.0621046
0.673469	-0.755102	0.0731339
0.673469	-0.714286	0.084381
0.673469	-0.673469	0.0958157
0.673469	-0.632653	0.107389
0.673469	-0.591837	0.119032
0.673469	-0.55102	0.130663
0.673469	-0.510204	0.142182
0.673469	-0.469388	0.153479
0.673469	-0.428571	0.164433
0.673469	-0.387755	0.174921
0.673469	-0.346939	0.184813
0.673469	-0.306122	0.193984
0.673469	-0.265306	0.202313
0.673469	-0.22449	0.209684
0.673469	-0.183673	0.215996
0.673469	-0.142857	0.221158
0.673469	-0.102041	0.225095
0.673469	-0.0612245	0.227749
0.673469	-0.0204082	0.229081
0.673469	0.0204082	0.229071
0.673469	0.0612245	0.227716
0.673469	0.102041	0.225036
0.673469	0.142857	0.221069
0.673469	0.183673	0.215868
0.673469	0.22449	0.209507
0.673469	0.265306	0.202073
0.673469	0.306122	0.193664
0.673469	0.346939	0.18439
0.673469	0.387755	0.174368
0.673469	0.428571	0.163718
0.673469	0.469388	0.152561
0.673469	0.510204	0.141017
0.673469	0.55102	0.129197
0.673469	0.591837	0.117203
0.673469	0.632653	0.105128
0.673469	0.673469	0.0930479
0.673469	0.714286	0.0810229
0.673469	0.755102	0.0690967
0.673469	0.795918	0.0572955
0.673469	0.836735	0.0456287
0.673469	0.877551	0.0340902
0.673469	0.918367	0.0226605
0.673469	0.959184	0.0113096
0.673469	1	0
0.714286	-1	0.00874132
0.714286	-0.959184	0.0175345
0.714286	-0.918367	0.0264282
0.714286	-0.877551	0.035464
0.714286	-0.836735	0.044674
0.714286	-0.795918	0.0540782
0.714286	-0.755102	0.0636822
0.714286	-0.714286	0.0734758
0.714286	-0.673469	0.0834328
0.714286	-0.632653	0.0935103
0.714286	-0.591837	0.10365
0.714286	-0.55102	0.113777
0.714286	-0.510204	0.123808
0.714286	-0.469388	0.133645
0.714286	-0.428571	0.143184
0.714286	-0.387755	0.152316
0.714286	-0.346939	0.16093
0.714286	-0.306122	0.168916
0.714286	-0.265306	0.176169
0.714286	-0.22449	0.182588
0.714286	-0.183673	0.188084
0.714286	-0.142857	0.192579
0.714286	-0.102041	0.196007
0.714286	-0.0612245	0.198319
0.714286	-0.0204082	0.199479
0.714286	0.0204082	0.199469
0.714286	0.0612245	0.19829
0.714286	0.102041	0.195956
0.714286	0.142857	0.192501
0.714286	0.183673	0.187973
0.714286	0.22449	0.182434
0.714286	0.265306	0.17596
0.714286	0.306122	0.168637
0.714286	0.346939	0.160562
0.714286	0.387755	0.151835
0.714286	0.428571	0.142561
0.714286	0.469388	0.132846
0.714286	0.510204	0.122793
0.714286	0.55102	0.1125
0.714286	0.591837	0.102057
0.714286	0.632653	0.0915422
0.714286	0.673469	0.0810229
0.714286	0.714286	0.0705519
0.714286	0.755102	0.0601669
0.714286	0.795918	0.0498908
0.714286	0.836735	0.0397317
0.714286	0.877551	0.0296844
0.714286	0.918367	0.0197319
0.714286	0.959184	0.00984795
0.714286	1	0
0.755102	-1	0.00745456
0.755102	-0.959184	0.0149534
0.755102	-0.918367	0.0225379
0.755102	-0.877551	0.0302436
0.755102	-0.836735	0.0380979
0.755102	-0.795918	0.0461179
0.755102	-0.755102	0.0543082
0.755102	-0.714286	0.0626604
0.755102	-0.673469	0.0711518
0.755102	-0.632653	0.079746
0.755102	-0.591837	0.0883929
0.755102	-0.55102	0.0970302
0.755102	-0.510204	0.105584
0.755102	-0.469388	0.113974
0.755102	-0.428571	0.122109
0.755102	-0.387755	0.129897
0.755102	-0.346939	0.137243
0.755102	-0.306122	0.144054
0.755102	-0.265306	0.150239
0.755102	-0.22449	0.155714
0.755102	-0.183673	0.160401
0.755102	-0.142857	0.164234
0.755102	-0.102041	0.167158
0.755102	-0.0612245	0.169129
0.755102	-0.0204082	0.170118
0.755102	0.0204082	0.170111
0.755102	0.0612245	0.169105
0.755102	0.102041	0.167115
0.755102	0.142857	0.164168
0.755102	0.183673	0.160306
0.755102	0.22449	0.155582
0.755102	0.265306	0.150061
0.755102	0.306122	0.143816
0.755102	0.346939	0.136929
0.755102	0.387755	0.129486
0.755102	0.428571	0.121577
0.755102	0.469388	0.113292
0.755102	0.510204	0.104719
0.755102	0.55102	0.0959412
0.755102	0.591837	0.0870348
0.755102	0.632653	0.0780677
0.755102	0.673469	0.0690967
0.755102	0.714286	0.0601669
0.755102	0.755102	0.0513105
0.755102	0.795918	0.042547
0.755102	0.836735	0.0338832
0.755102	0.877551	0.0253148
0.755102	0.918367	0.0168273
0.755102	0.959184	0.00839833
0.755102	1	0
0.795918	-1	0.00618132
0.795918	-0.959184	0.0123994
0.795918	-0.918367	0.0186884
0.795918	-0.877551	0.025078
0.795918	-0.836735	0.0315909
0.795918	-0.795918	0.0382411
0.795918	-0.755102	0.0450326
0.795918	-0.714286	0.0519583
0.795918	-0.673469	0.0589995
0.795918	-0.632653	0.066126
0.795918	-0.591837	0.0732961
0.795918	-0.55102	0.0804583
0.795918	-0.510204	0.0875517
0.795918	-0.469388	0.0945082
0.795918	-0.428571	0.101254
0.795918	-0.387755	0.107712
0.795918	-0.346939	0.113804
0.795918	-0.306122	0.119452
0.795918	-0.265306	0.12458
0.795918	-0.22449	0.12912
0.795918	-0.183673	0.133007
0.795918	-0.142857	0.136186
0.795918	-0.102041	0.13861
0.795918	-0.0612245	0.140245
0.795918	-0.0204082	0.141065
0.795918	0.0204082	0.141059
0.795918	0.0612245	0.140224
0.795918	0.102041	0.138574
0.795918	0.142857	0.136131
0.795918	0.183673	0.132928
0.795918	0.22449	0.129011
0.795918	0.265306	0.124433
0.795918	0.306122	0.119254
0.795918	0.346939	0.113544
0.795918	0.387755	0.107372
0.795918	0.428571	0.100814
0.795918	0.469388	0.0939435
0.795918	0.510204	0.0868344
0.795918	0.55102	0.0795554
0.795918	0.591837	0.0721701
0.795918	0.632653	0.0647344
0.795918	0.673469	0.0572955
0.795918	0.714286	0.0498908
0.795918	0.755102	0.042547
0.795918	0.795918	0.0352801
0.795918	0.836735	0.0280961
0.795918	0.877551	0.0209912
0.795918	0.918367	0.0139533
0.795918	0.959184	0.00696392
0.795918	1	0
0.836735	-1	0.0049226
0.836735	-0.959184	0.00987445
0.836735	-0.918367	0.0148829
0.836735	-0.877551	0.0199714
0.836735	-0.836735	0.025158
0.836735	-0.795918	0.0304541
0.836735	-0.755102	0.0358627
0.836735	-0.714286	0.0413781
0.836735	-0.673469	0.0469856
0.836735	-0.632653	0.052661
0.836735	-0.591837	0.0583712
0.836735	-0.55102	0.0640751
0.836735	-0.510204	0.0697242
0.836735	-0.469388	0.0752642
0.836735	-0.428571	0.0806366
0.836735	-0.387755	0.0857797
0.836735	-0.346939	0.0906312
0.836735	-0.306122	0.095129
0.836735	-0.265306	0.0992135
0.836735	-0.22449	0.102829
0.836735	-0.183673	0.105924
0.836735	-0.142857	0.108456
0.836735	-0.102041	0.110387
0.836735	-0.0612245	0.111688
0.836735	-0.0204082	0.112342
0.836735	0.0204082	0.112337
0.836735	0.0612245	0.111672
0.836735	0.102041	0.110358
0.836735	0.142857	0.108412
0.836735	0.183673	0.105862
0.836735	0.22449	0.102742
0.836735	0.265306	0.099096
0.836735	0.306122	0.094972
0.836735	0.346939	0.0904238
0.836735	0.387755	0.0855087
0.836735	0.428571	0.0802858
0.836735	0.469388	0.0748145
0.836735	0.510204	0.0691529
0.836735	0.55102	0.0633561
0.836735	0.591837	0.0574745
0.836735	0.632653	0.0515529
0.836735	0.673469	0.0456287
0.836735	0.714286	0.0397317
0.836735	0.755102	0.0338832
0.836735	0.795918	0.0280961
0.836735	0.836735	0.022375
0.836735	0.877551	0.0167168
0.836735	0.918367	0.011112
0.836735	0.959184	0.00554586
0.836735	1	0
0.877551	-1	0.00367776
0.877551	-0.959184	0.00737736
0.877551	-0.918367	0.0111192
0.877551	-0.877551	0.0149209
0.877551	-0.836735	0.018796
0.877551	-0.795918	0.0227528
0.877551	-0.755102	0.0267937
0.877551	-0.714286	0.0309144
0.877551	-0.673469	0.0351039
0.877551	-0.632653	0.0393441
0.877551	-0.591837	0.0436104
0.877551	-0.55102	0.0478719
0.877551	-0.510204	0.0520926
0.877551	-0.469388	0.0562317
0.877551	-0.428571	0.0602455
0.877551	-0.387755	0.0640882
0.877551	-0.346939	0.0677129
0.877551	-0.306122	0.0710733
0.877551	-0.265306	0.074125
0.877551	-0.22449	0.0768261
0.877551	-0.183673	0.0791389
0.877551	-0.142857	0.0810303
0.877551	-0.102041	0.0824729
0.877551	-0.0612245	0.0834455
0.877551	-0.0204082	0.0839336
0.877551	0.0204082	0.0839296
0.877551	0.0612245	0.0834334
0.877551	0.102041	0.0824514
0.877551	0.142857	0.0809976
0.877551	0.183673	0.0790921
0.877551	0.22449	0.0767614
0.877551	0.265306	0.0740372
0.877551	0.306122	0.070956
0.877551	0.346939	0.0675579
0.877551	0.387755	0.0638857
0.877551	0.428571	0.0599835
0.877551	0.469388	0.0558957
0.877551	0.510204	0.0516658
0.877551	0.55102	0.0473348
0.877551	0.591837	0.0429405
0.877551	0.632653	0.0385163
0.877551	0.673469	0.0340902
0.877551	0.714286	0.0296844
0.877551	0.755102	0.0253148
0.877551	0.795918	0.0209912
0.877551	0.836735	0.0167168
0.877551	0.877551	0.0124894
0.877551	0.918367	0.00830196
0.877551	0.959184	0.00414341
0.877551	1	0
0.918367	-1	0.00244468
0.918367	-0.959184	0.00490388
0.918367	-0.918367	0.00739117
0.918367	-0.877551	0.00991824
0.918367	-0.836735	0.0124941
0.918367	-0.795918	0.0151243
0.918367	-0.755102	0.0178103
0.918367	-0.714286	0.0205495
0.918367	-0.673469	0.0233343
0.918367	-0.632653	0.0261529
0.918367	-0.591837	0.0289888
0.918367	-0.55102	0.0318216
0.918367	-0.510204	0.0346272
0.918367	-0.469388	0.0373786
0.918367	-0.428571	0.0400467
0.918367	-0.387755	0.042601
0.918367	-0.346939	0.0450104
0.918367	-0.306122	0.0472442
0.918367	-0.265306	0.0492728
0.918367	-0.22449	0.0510683
0.918367	-0.183673	0.0526057
0.918367	-0.142857	0.0538629
0.918367	-0.102041	0.0548219
0.918367	-0.0612245	0.0554684
0.918367	-0.0204082	0.0557928
0.918367	0.0204082	0.0557902
0.918367	0.0612245	0.0554603
0.918367	0.102041	0.0548076
0.918367	0.142857	0.0538412
0.918367	0.183673	0.0525746
0.918367	0.22449	0.0510253
0.918367	0.265306	0.0492144
0.918367	0.306122	0.0471663
0.918367	0.346939	0.0449074
0.918367	0.387755	0.0424664
0.918367	0.428571	0.0398725
0.918367	0.469388	0.0371552
0.918367	0.510204	0.0343435
0.918367	0.55102	0.0314645
0.918367	0.591837	0.0285435
0.918367	0.632653	0.0256026
0.918367	0.673469	0.0226605
0.918367	0.714286	0.0197319
0.918367	0.755102	0.0168273
0.918367	0.795918	0.0139533
0.918367	0.836735	0.011112
0.918367	0.877551	0.00830196
0.918367	0.918367	0.00551849
0.918367	0.959184	0.00275421
0.918367	1	0
0.959184	-1	0.00122011
0.959184	-0.959184	0.00244746
0.959184	-0.918367	0.00368884
0.959184	-0.877551	0.00495007
0.959184	-0.836735	0.00623565
0.959184	-0.795918	0.00754833
0.959184	-0.755102	0.00888892
0.959184	-0.714286	0.010256
0.959184	-0.673469	0.0116459
0.959184	-0.632653	0.0130526
0.959184	-0.591837	0.014468
0.959184	-0.55102	0.0158818
0.959184	-0.510204	0.0172821
0.959184	-0.469388	0.0186553
0.959184	-0.428571	0.0199869
0.959184	-0.387755	0.0212617
0.959184	-0.346939	0.0224643
0.959184	-0.306122	0.0235791
0.959184	-0.265306	0.0245916
0.959184	-0.22449	0.0254877
0.959184	-0.183673	0.026255
0.959184	-0.142857	0.0268825
0.959184	-0.102041	0.0273611
0.959184	-0.0612245	0.0276838
0.959184	-0.0204082	0.0278457
0.959184	0.0204082	0.0278444
0.959184	0.0612245	0.0276797
0.959184	0.102041	0.027354
0.959184	0.142857	0.0268717
0.959184	0.183673	0.0262395
0.959184	0.22449	0.0254662
0.959184	0.265306	0.0245624
0.959184	0.306122	0.0235402
0.959184	0.346939	0.0224129
0.959184	0.387755	0.0211946
0.959184	0.428571	0.0199
0.959184	0.469388	0.0185438
0.959184	0.510204	0.0171405
0.959184	0.55102	0.0157036
0.959184	0.591837	0.0142458
0.959184	0.632653	0.012778
0.959184	0.673469	0.0113096
0.959184	0.714286	0.00984795
0.959184	0.755102	0.00839833
0.959184	0.795918	0.00696392
0.959184	0.836735	0.00554586
0.959184	0.877551	0.00414341
0.959184	0.918367	0.00275421
0.959184	0.959184	0.00137459
0.959184	1	0
1	-1	0
1	-0.959184	0
1	-0.918367	0
1	-0.877551	0
1	-0.836735	0
1	-0.795918	0
1	-0.755102	0
1	-0.714286	0
1	-0.673469	0
1	-0.632653	0
1	-0.591837	0
1	-0.55102	0
1	-0.510204	0
1	-0.469388	0
1	-0.428571	0
1	-0.387755	0
1	-0.346939	0
1	-0.306122	0
1	-0.265306	0
1	-0.22449	0
1	-0.183673	0
1	-0.142857	0
1	-0.102041	0
1	-0.0612245	0
1	-0.0204082	0
1	0.0204082	0
1	0.0612245	0
1	0.102041	0
1	0.142857	0
1	0.183673	0
1	0.22449	0
1	0.265306	0
1	0.306122	0
1	0.346939	0
1	0.387755	0
1	0.428571	0
1	0.469388	0
1	0.510204	0
1	0.55102	0
1	0.591837	0
1	0.632653	0
1	0.673469	0
1	0.714286	0
1	0.755102	0
1	0.795918	0
1	0.836735	0
1	0.877551	0
1	0.918367	0
1	0.959184	0
1	1	0
