-1	-1	0.000253328
-1	-0.959184	0.000505663
-1	-0.918367	0.000756018
-1	-0.877551	0.00100341
-1	-0.836735	0.00124687
-1	-0.795918	0.00148544
-1	-0.755102	0.00171819
-1	-0.714286	0.00194421
-1	-0.673469	0.0021626
-1	-0.632653	0.0023725
-1	-0.591837	0.0025731
-1	-0.55102	0.0027636
-1	-0.510204	0.00294325
-1	-0.469388	0.00311134
-1	-0.428571	0.0032672
-1	-0.387755	0.00341022
-1	-0.346939	0.00353984
-1	-0.306122	0.00365553
-1	-0.265306	0.00375683
-1	-0.22449	0.00384334
-1	-0.183673	0.00391472
-1	-0.142857	0.00397067
-1	-0.102041	0.00401097
-1	-0.0612245	0.00403545
-1	-0.0204082	0.00404401
-1	0.0204082	0.00403661
-1	0.0612245	0.00401326
-1	0.102041	0.00397406
-1	0.142857	0.00391916
-1	0.183673	0.00384876
-1	0.22449	0.00376314
-1	0.265306	0.00366263
-1	0.306122	0.00354762
-1	0.346939	0.00341856
-1	0.387755	0.00327596
-1	0.428571	0.00312039
-1	0.469388	0.00295244
-1	0.510204	0.0027728
-1	0.55102	0.00258215
-1	0.591837	0.00238127
-1	0.632653	0.00217093
-1	0.673469	0.00195199
-1	0.714286	0.00172529
-1	0.755102	0.00149175
-1	0.795918	0.00125229
-1	0.836735	0.00100785
-1	0.877551	0.000759409
-1	0.918367	0.000507955
-1	0.959184	0.000254483
-1	1	0
-0.959184	-1	0.000505663
-0.959184	-0.959184	0.00100935
-0.959184	-0.918367	0.00150907
-0.959184	-0.877551	0.00200289
-0.959184	-0.836735	0.00248885
-0.959184	-0.795918	0.00296507
-0.959184	-0.755102	0.00342966
-0.959184	-0.714286	0.0038808
-0.959184	-0.673469	0.00431672
-0.959184	-0.632653	0.00473571
-0.959184	-0.591837	0.00513612
-0.959184	-0.55102	0.00551637
-0.959184	-0.510204	0.00587497
-0.959184	-0.469388	0.00621048
-0.959184	-0.428571	0.0065216
-0.959184	-0.387755	0.00680709
-0.959184	-0.346939	0.00706581
-0.959184	-0.306122	0.00729673
-0.959184	-0.265306	0.00749894
-0.959184	-0.22449	0.00767163
-0.959184	-0.183673	0.0078141
-0.959184	-0.142857	0.00792579
-0.959184	-0.102041	0.00800623
-0.959184	-0.0612245	0.00805509
-0.959184	-0.0204082	0.00807218
-0.959184	0.0204082	0.0080574
-0.959184	0.0612245	0.0080108
-0.959184	0.102041	0.00793256
-0.959184	0.142857	0.00782296
-0.959184	0.183673	0.00768244
-0.959184	0.22449	0.00751153
-0.959184	0.265306	0.0073109
-0.959184	0.306122	0.00708133
-0.959184	0.346939	0.00682373
-0.959184	0.387755	0.00653909
-0.959184	0.428571	0.00622855
-0.959184	0.469388	0.00589332
-0.959184	0.510204	0.00553473
-0.959184	0.55102	0.00515419
-0.959184	0.591837	0.0047532
-0.959184	0.632653	0.00433336
-0.959184	0.673469	0.00389633
-0.959184	0.714286	0.00344383
-0.959184	0.755102	0.00297766
-0.959184	0.795918	0.00249966
-0.959184	0.836735	0.00201175
-0.959184	0.877551	0.00151584
-0.959184	0.918367	0.00101392
-0.959184	0.959184	0.000507968
-0.959184	1	0
-0.918367	-1	0.000756018
-0.918367	-0.959184	0.00150907
-0.918367	-0.918367	0.00225622
-0.918367	-0.877551	0.00299452
-0.918367	-0.836735	0.00372109
-0.918367	-0.795918	0.00443307
-0.918367	-0.755102	0.00512768
-0.918367	-0.714286	0.00580218
-0.918367	-0.673469	0.00645393
-0.918367	-0.632653	0.00708037
-0.918367	-0.591837	0.00767902
-0.918367	-0.55102	0.00824753
-0.918367	-0.510204	0.00878367
-0.918367	-0.469388	0.0092853
-0.918367	-0.428571	0.00975045
-0.918367	-0.387755	0.0101773
-0.918367	-0.346939	0.0105641
-0.918367	-0.306122	0.0109093
-0.918367	-0.265306	0.0112117
-0.918367	-0.22449	0.0114699
-0.918367	-0.183673	0.0116829
-0.918367	-0.142857	0.0118499
-0.918367	-0.102041	0.0119701
-0.918367	-0.0612245	0.0120432
-0.918367	-0.0204082	0.0120687
-0.918367	0.0204082	0.0120466
-0.918367	0.0612245	0.011977
-0.918367	0.102041	0.01186
-0.918367	0.142857	0.0116961
-0.918367	0.183673	0.011486
-0.918367	0.22449	0.0112305
-0.918367	0.265306	0.0109305
-0.918367	0.306122	0.0105873
-0.918367	0.346939	0.0102022
-0.918367	0.387755	0.0097766
-0.918367	0.428571	0.00931231
-0.918367	0.469388	0.00881111
-0.918367	0.510204	0.00827497
-0.918367	0.55102	0.00770603
-0.918367	0.591837	0.00710652
-0.918367	0.632653	0.00647881
-0.918367	0.673469	0.0058254
-0.918367	0.714286	0.00514887
-0.918367	0.755102	0.0044519
-0.918367	0.795918	0.00373725
-0.918367	0.836735	0.00300777
-0.918367	0.877551	0.00226634
-0.918367	0.918367	0.00151591
-0.918367	0.959184	0.000759464
-0.918367	1	0
-0.877551	-1	0.00100341
-0.877551	-0.959184	0.00200289
-0.877551	-0.918367	0.00299452
-0.877551	-0.877551	0.00397442
-0.877551	-0.836735	0.00493874
-0.877551	-0.795918	0.00588371
-0.877551	-0.755102	0.00680562
-0.877551	-0.714286	0.00770084
-0.877551	-0.673469	0.00856586
-0.877551	-0.632653	0.00939728
-0.877551	-0.591837	0.0101918
-0.877551	-0.55102	0.0109464
-0.877551	-0.510204	0.0116579
-0.877551	-0.469388	0.0123237
-0.877551	-0.428571	0.0129411
-0.877551	-0.387755	0.0135076
-0.877551	-0.346939	0.014021
-0.877551	-0.306122	0.0144792
-0.877551	-0.265306	0.0148805
-0.877551	-0.22449	0.0152232
-0.877551	-0.183673	0.0155059
-0.877551	-0.142857	0.0157275
-0.877551	-0.102041	0.0158871
-0.877551	-0.0612245	0.0159841
-0.877551	-0.0204082	0.016018
-0.877551	0.0204082	0.0159886
-0.877551	0.0612245	0.0158962
-0.877551	0.102041	0.0157409
-0.877551	0.142857	0.0155234
-0.877551	0.183673	0.0152446
-0.877551	0.22449	0.0149055
-0.877551	0.265306	0.0145073
-0.877551	0.306122	0.0140518
-0.877551	0.346939	0.0135406
-0.877551	0.387755	0.0129758
-0.877551	0.428571	0.0123596
-0.877551	0.469388	0.0116944
-0.877551	0.510204	0.0109828
-0.877551	0.55102	0.0102277
-0.877551	0.591837	0.00943199
-0.877551	0.632653	0.00859888
-0.877551	0.673469	0.00773165
-0.877551	0.714286	0.00683373
-0.877551	0.755102	0.00590869
-0.877551	0.795918	0.00496019
-0.877551	0.836735	0.003992
-0.877551	0.877551	0.00300795
-0.877551	0.918367	0.00201196
-0.877551	0.959184	0.00100798
-0.877551	1	0
-0.836735	-1	0.00124687
-0.836735	-0.959184	0.00248885
-0.836735	-0.918367	0.00372109
-0.836735	-0.877551	0.00493874
-0.836735	-0.836735	0.00613704
-0.836735	-0.795918	0.00731129
-0.836735	-0.755102	0.00845688
-0.836735	-0.714286	0.00956931
-0.836735	-0.673469	0.0106442
-0.836735	-0.632653	0.0116774
-0.836735	-0.591837	0.0126647
-0.836735	-0.55102	0.0136023
-0.836735	-0.510204	0.0144865
-0.836735	-0.469388	0.0153139
-0.836735	-0.428571	0.016081
-0.836735	-0.387755	0.016785
-0.836735	-0.346939	0.0174229
-0.836735	-0.306122	0.0179924
-0.836735	-0.265306	0.018491
-0.836735	-0.22449	0.0189168
-0.836735	-0.183673	0.0192681
-0.836735	-0.142857	0.0195435
-0.836735	-0.102041	0.0197418
-0.836735	-0.0612245	0.0198623
-0.836735	-0.0204082	0.0199045
-0.836735	0.0204082	0.019868
-0.836735	0.0612245	0.0197531
-0.836735	0.102041	0.0195602
-0.836735	0.142857	0.0192899
-0.836735	0.183673	0.0189434
-0.836735	0.22449	0.018522
-0.836735	0.265306	0.0180273
-0.836735	0.306122	0.0174612
-0.836735	0.346939	0.016826
-0.836735	0.387755	0.0161242
-0.836735	0.428571	0.0153584
-0.836735	0.469388	0.0145318
-0.836735	0.510204	0.0136476
-0.836735	0.55102	0.0127092
-0.836735	0.591837	0.0117205
-0.836735	0.632653	0.0106852
-0.836735	0.673469	0.0096076
-0.836735	0.714286	0.00849182
-0.836735	0.755102	0.00734233
-0.836735	0.795918	0.0061637
-0.836735	0.836735	0.00496059
-0.836735	0.877551	0.00373778
-0.836735	0.918367	0.00250013
-0.836735	0.959184	0.00125255
-0.836735	1	0
-0.795918	-1	0.00148544
-0.795918	-0.959184	0.00296507
-0.795918	-0.918367	0.00443307
-0.795918	-0.877551	0.00588371
-0.795918	-0.836735	0.00731129
-0.795918	-0.795918	0.00871022
-0.795918	-0.755102	0.010075
-0.795918	-0.714286	0.0114003
-0.795918	-0.673469	0.0126809
-0.795918	-0.632653	0.0139117
-0.795918	-0.591837	0.0150879
-0.795918	-0.55102	0.016205
-0.795918	-0.510204	0.0172584
-0.795918	-0.469388	0.018244
-0.795918	-0.428571	0.0191579
-0.795918	-0.387755	0.0199966
-0.795918	-0.346939	0.0207566
-0.795918	-0.306122	0.021435
-0.795918	-0.265306	0.022029
-0.795918	-0.22449	0.0225363
-0.795918	-0.183673	0.0229548
-0.795918	-0.142857	0.0232829
-0.795918	-0.102041	0.0235192
-0.795918	-0.0612245	0.0236627
-0.795918	-0.0204082	0.0237129
-0.795918	0.0204082	0.0236695
-0.795918	0.0612245	0.0235326
-0.795918	0.102041	0.0233028
-0.795918	0.142857	0.0229808
-0.795918	0.183673	0.022568
-0.795918	0.22449	0.022066
-0.795918	0.265306	0.0214766
-0.795918	0.306122	0.0208022
-0.795918	0.346939	0.0200455
-0.795918	0.387755	0.0192093
-0.795918	0.428571	0.0182971
-0.795918	0.469388	0.0173123
-0.795918	0.510204	0.0162589
-0.795918	0.55102	0.015141
-0.795918	0.591837	0.0139631
-0.795918	0.632653	0.0127297
-0.795918	0.673469	0.0114459
-0.795918	0.714286	0.0101166
-0.795918	0.755102	0.0087472
-0.795918	0.795918	0.00734305
-0.795918	0.836735	0.00590974
-0.795918	0.877551	0.00445296
-0.795918	0.918367	0.0029785
-0.795918	0.959184	0.00149221
-0.795918	1	0
-0.755102	-1	0.00171819
-0.755102	-0.959184	0.00342966
-0.755102	-0.918367	0.00512768
-0.755102	-0.877551	0.00680562
-0.755102	-0.836735	0.00845688
-0.755102	-0.795918	0.010075
-0.755102	-0.755102	0.0116536
-0.755102	-0.714286	0.0131866
-0.755102	-0.673469	0.0146678
-0.755102	-0.632653	0.0160915
-0.755102	-0.591837	0.017452
-0.755102	-0.55102	0.0187441
-0.755102	-0.510204	0.0199625
-0.755102	-0.469388	0.0211026
-0.755102	-0.428571	0.0221598
-0.755102	-0.387755	0.0231298
-0.755102	-0.346939	0.0240089
-0.755102	-0.306122	0.0247936
-0.755102	-0.265306	0.0254807
-0.755102	-0.22449	0.0260674
-0.755102	-0.183673	0.0265515
-0.755102	-0.142857	0.026931
-0.755102	-0.102041	0.0272044
-0.755102	-0.0612245	0.0273704
-0.755102	-0.0204082	0.0274284
-0.755102	0.0204082	0.0273782
-0.755102	0.0612245	0.0272199
-0.755102	0.102041	0.026954
-0.755102	0.142857	0.0265816
-0.755102	0.183673	0.0261042
-0.755102	0.22449	0.0255234
-0.755102	0.265306	0.0248417
-0.755102	0.306122	0.0240617
-0.755102	0.346939	0.0231863
-0.755102	0.387755	0.0222192
-0.755102	0.428571	0.021164
-0.755102	0.469388	0.0200249
-0.755102	0.510204	0.0188064
-0.755102	0.55102	0.0175134
-0.755102	0.591837	0.0161509
-0.755102	0.632653	0.0147243
-0.755102	0.673469	0.0132393
-0.755102	0.714286	0.0117018
-0.755102	0.755102	0.0101178
-0.755102	0.795918	0.00849361
-0.755102	0.836735	0.00683572
-0.755102	0.877551	0.00515068
-0.755102	0.918367	0.0034452
-0.755102	0.959184	0.00172603
-0.755102	1	0
-0.714286	-1	0.00194421
-0.714286	-0.959184	0.0038808
-0.714286	-0.918367	0.00580218
-0.714286	-0.877551	0.00770084
-0.714286	-0.836735	0.00956931
-0.714286	-0.795918	0.0114003
-0.714286	-0.755102	0.0131866
-0.714286	-0.714286	0.0149211
-0.714286	-0.673469	0.0165972
-0.714286	-0.632653	0.0182082
-0.714286	-0.591837	0.0197477
-0.714286	-0.55102	0.0212097
-0.714286	-0.510204	0.0225885
-0.714286	-0.469388	0.0238785
-0.714286	-0.428571	0.0250747
-0.714286	-0.387755	0.0261723
-0.714286	-0.346939	0.0271671
-0.714286	-0.306122	0.028055
-0.714286	-0.265306	0.0288324
-0.714286	-0.22449	0.0294964
-0.714286	-0.183673	0.0300442
-0.714286	-0.142857	0.0304736
-0.714286	-0.102041	0.0307829
-0.714286	-0.0612245	0.0309707
-0.714286	-0.0204082	0.0310364
-0.714286	0.0204082	0.0309796
-0.714286	0.0612245	0.0308004
-0.714286	0.102041	0.0304996
-0.714286	0.142857	0.0300782
-0.714286	0.183673	0.029538
-0.714286	0.22449	0.0288808
-0.714286	0.265306	0.0281094
-0.714286	0.306122	0.0272268
-0.714286	0.346939	0.0262363
-0.714286	0.387755	0.0251419
-0.714286	0.428571	0.0239479
-0.714286	0.469388	0.022659
-0.714286	0.510204	0.0212803
-0.714286	0.55102	0.0198172
-0.714286	0.591837	0.0182754
-0.714286	0.632653	0.0166612
-0.714286	0.673469	0.0149808
-0.714286	0.714286	0.013241
-0.714286	0.755102	0.0114487
-0.714286	0.795918	0.00961087
-0.714286	0.836735	0.0077349
-0.714286	0.877551	0.00582821
-0.714286	0.918367	0.00389838
-0.714286	0.959184	0.00195307
-0.714286	1	0
-0.673469	-1	0.0021626
-0.673469	-0.959184	0.00431672
-0.673469	-0.918367	0.00645393
-0.673469	-0.877551	0.00856586
-0.673469	-0.836735	0.0106442
-0.673469	-0.795918	0.0126809
-0.673469	-0.755102	0.0146678
-0.673469	-0.714286	0.0165972
-0.673469	-0.673469	0.0184616
-0.673469	-0.632653	0.0202535
-0.673469	-0.591837	0.0219659
-0.673469	-0.55102	0.0235922
-0.673469	-0.510204	0.0251258
-0.673469	-0.469388	0.0265607
-0.673469	-0.428571	0.0278913
-0.673469	-0.387755	0.0291122
-0.673469	-0.346939	0.0302187
-0.673469	-0.306122	0.0312063
-0.673469	-0.265306	0.0320711
-0.673469	-0.22449	0.0328097
-0.673469	-0.183673	0.033419
-0.673469	-0.142857	0.0338966
-0.673469	-0.102041	0.0342407
-0.673469	-0.0612245	0.0344496
-0.673469	-0.0204082	0.0345227
-0.673469	0.0204082	0.0344595
-0.673469	0.0612245	0.0342602
-0.673469	0.102041	0.0339256
-0.673469	0.142857	0.0334569
-0.673469	0.183673	0.0328559
-0.673469	0.22449	0.032125
-0.673469	0.265306	0.0312669
-0.673469	0.306122	0.0302851
-0.673469	0.346939	0.0291834
-0.673469	0.387755	0.0279661
-0.673469	0.428571	0.026638
-0.673469	0.469388	0.0252043
-0.673469	0.510204	0.0236707
-0.673469	0.55102	0.0220432
-0.673469	0.591837	0.0203283
-0.673469	0.632653	0.0185327
-0.673469	0.673469	0.0166636
-0.673469	0.714286	0.0147284
-0.673469	0.755102	0.0127347
-0.673469	0.795918	0.0106904
-0.673469	0.836735	0.00860375
-0.673469	0.877551	0.00648289
-0.673469	0.918367	0.00433628
-0.673469	0.959184	0.00217245
-0.673469	1	0
-0.632653	-1	0.0023725
-0.632653	-0.959184	0.00473571
-0.632653	-0.918367	0.00708037
-0.632653	-0.877551	0.00939728
-0.632653	-0.836735	0.0116774
-0.632653	-0.795918	0.0139117
-0.632653	-0.755102	0.0160915
-0.632653	-0.714286	0.0182082
-0.632653	-0.673469	0.0202535
-0.632653	-0.632653	0.0222193
-0.632653	-0.591837	0.024098
-0.632653	-0.55102	0.0258821
-0.632653	-0.510204	0.0275645
-0.632653	-0.469388	0.0291387
-0.632653	-0.428571	0.0305985
-0.632653	-0.387755	0.0319379
-0.632653	-0.346939	0.0331518
-0.632653	-0.306122	0.0342353
-0.632653	-0.265306	0.035184
-0.632653	-0.22449	0.0359943
-0.632653	-0.183673	0.0366627
-0.632653	-0.142857	0.0371867
-0.632653	-0.102041	0.0375641
-0.632653	-0.0612245	0.0377934
-0.632653	-0.0204082	0.0378735
-0.632653	0.0204082	0.0378042
-0.632653	0.0612245	0.0375856
-0.632653	0.102041	0.0372185
-0.632653	0.142857	0.0367043
-0.632653	0.183673	0.036045
-0.632653	0.22449	0.0352431
-0.632653	0.265306	0.0343018
-0.632653	0.306122	0.0332247
-0.632653	0.346939	0.032016
-0.632653	0.387755	0.0306805
-0.632653	0.428571	0.0292235
-0.632653	0.469388	0.0276507
-0.632653	0.510204	0.0259682
-0.632653	0.55102	0.0241827
-0.632653	0.591837	0.0223014
-0.632653	0.632653	0.0203315
-0.632653	0.673469	0.018281
-0.632653	0.714286	0.016158
-0.632653	0.755102	0.0139708
-0.632653	0.795918	0.0117281
-0.632653	0.836735	0.00943885
-0.632653	0.877551	0.00711213
-0.632653	0.918367	0.00475717
-0.632653	0.959184	0.00238332
-0.632653	1	0
-0.591837	-1	0.0025731
-0.591837	-0.959184	0.00513612
-0.591837	-0.918367	0.00767902
-0.591837	-0.877551	0.0101918
-0.591837	-0.836735	0.0126647
-0.591837	-0.795918	0.0150879
-0.591837	-0.755102	0.017452
-0.591837	-0.714286	0.0197477
-0.591837	-0.673469	0.0219659
-0.591837	-0.632653	0.024098
-0.591837	-0.591837	0.0261355
-0.591837	-0.55102	0.0280704
-0.591837	-0.510204	0.0298952
-0.591837	-0.469388	0.0316025
-0.591837	-0.428571	0.0331856
-0.591837	-0.387755	0.0346383
-0.591837	-0.346939	0.0359548
-0.591837	-0.306122	0.0371299
-0.591837	-0.265306	0.0381589
-0.591837	-0.22449	0.0390376
-0.591837	-0.183673	0.0397626
-0.591837	-0.142857	0.0403309
-0.591837	-0.102041	0.0407402
-0.591837	-0.0612245	0.0409889
-0.591837	-0.0204082	0.0410758
-0.591837	0.0204082	0.0410006
-0.591837	0.0612245	0.0407635
-0.591837	0.102041	0.0403653
-0.591837	0.142857	0.0398077
-0.591837	0.183673	0.0390926
-0.591837	0.22449	0.0382229
-0.591837	0.265306	0.037202
-0.591837	0.306122	0.0360338
-0.591837	0.346939	0.034723
-0.591837	0.387755	0.0332746
-0.591837	0.428571	0.0316944
-0.591837	0.469388	0.0299885
-0.591837	0.510204	0.0281638
-0.591837	0.55102	0.0262274
-0.591837	0.591837	0.024187
-0.591837	0.632653	0.0220506
-0.591837	0.673469	0.0198267
-0.591837	0.714286	0.0175241
-0.591837	0.755102	0.015152
-0.591837	0.795918	0.0127197
-0.591837	0.836735	0.0102369
-0.591837	0.877551	0.00771347
-0.591837	0.918367	0.00515939
-0.591837	0.959184	0.00258483
-0.591837	1	0
-0.55102	-1	0.0027636
-0.55102	-0.959184	0.00551637
-0.55102	-0.918367	0.00824753
-0.55102	-0.877551	0.0109464
-0.55102	-0.836735	0.0136023
-0.55102	-0.795918	0.016205
-0.55102	-0.755102	0.0187441
-0.55102	-0.714286	0.0212097
-0.55102	-0.673469	0.0235922
-0.55102	-0.632653	0.0258821
-0.55102	-0.591837	0.0280704
-0.55102	-0.55102	0.0301486
-0.55102	-0.510204	0.0321084
-0.55102	-0.469388	0.0339421
-0.55102	-0.428571	0.0356425
-0.55102	-0.387755	0.0372027
-0.55102	-0.346939	0.0386167
-0.55102	-0.306122	0.0398788
-0.55102	-0.265306	0.0409839
-0.55102	-0.22449	0.0419277
-0.55102	-0.183673	0.0427064
-0.55102	-0.142857	0.0433168
-0.55102	-0.102041	0.0437564
-0.55102	-0.0612245	0.0440235
-0.55102	-0.0204082	0.0441168
-0.55102	0.0204082	0.0440361
-0.55102	0.0612245	0.0437814
-0.55102	0.102041	0.0433538
-0.55102	0.142857	0.0427548
-0.55102	0.183673	0.0419868
-0.55102	0.22449	0.0410527
-0.55102	0.265306	0.0399562
-0.55102	0.306122	0.0387016
-0.55102	0.346939	0.0372937
-0.55102	0.387755	0.0357381
-0.55102	0.428571	0.0340409
-0.55102	0.469388	0.0322087
-0.55102	0.510204	0.0302489
-0.55102	0.55102	0.0281692
-0.55102	0.591837	0.0259777
-0.55102	0.632653	0.0236831
-0.55102	0.673469	0.0212946
-0.55102	0.714286	0.0188215
-0.55102	0.755102	0.0162738
-0.55102	0.795918	0.0136614
-0.55102	0.836735	0.0109948
-0.55102	0.877551	0.00828453
-0.55102	0.918367	0.00554137
-0.55102	0.959184	0.0027762
-0.55102	1	0
-0.510204	-1	0.00294325
-0.510204	-0.959184	0.00587497
-0.510204	-0.918367	0.00878367
-0.510204	-0.877551	0.0116579
-0.510204	-0.836735	0.0144865
-0.510204	-0.795918	0.0172584
-0.510204	-0.755102	0.0199625
-0.510204	-0.714286	0.0225885
-0.510204	-0.673469	0.0251258
-0.510204	-0.632653	0.0275645
-0.510204	-0.591837	0.0298952
-0.510204	-0.55102	0.0321084
-0.510204	-0.510204	0.0341956
-0.510204	-0.469388	0.0361485
-0.510204	-0.428571	0.0379594
-0.510204	-0.387755	0.0396211
-0.510204	-0.346939	0.041127
-0.510204	-0.306122	0.0424711
-0.510204	-0.265306	0.0436481
-0.510204	-0.22449	0.0446533
-0.510204	-0.183673	0.0454825
-0.510204	-0.142857	0.0461326
-0.510204	-0.102041	0.0466008
-0.510204	-0.0612245	0.0468852
-0.510204	-0.0204082	0.0469846
-0.510204	0.0204082	0.0468986
-0.510204	0.0612245	0.0466274
-0.510204	0.102041	0.046172
-0.510204	0.142857	0.0455341
-0.510204	0.183673	0.0447162
-0.510204	0.22449	0.0437214
-0.510204	0.265306	0.0425536
-0.510204	0.306122	0.0412174
-0.510204	0.346939	0.039718
-0.510204	0.387755	0.0380612
-0.510204	0.428571	0.0362537
-0.510204	0.469388	0.0343025
-0.510204	0.510204	0.0322153
-0.510204	0.55102	0.0300003
-0.510204	0.591837	0.0276663
-0.510204	0.632653	0.0252226
-0.510204	0.673469	0.0226788
-0.510204	0.714286	0.020045
-0.510204	0.755102	0.0173316
-0.510204	0.795918	0.0145495
-0.510204	0.836735	0.0117095
-0.510204	0.877551	0.00882307
-0.510204	0.918367	0.00590159
-0.510204	0.959184	0.00295666
-0.510204	1	0
-0.469388	-1	0.00311134
-0.469388	-0.959184	0.00621048
-0.469388	-0.918367	0.0092853
-0.469388	-0.877551	0.0123237
-0.469388	-0.836735	0.0153139
-0.469388	-0.795918	0.018244
-0.469388	-0.755102	0.0211026
-0.469388	-0.714286	0.0238785
-0.469388	-0.673469	0.0265607
-0.469388	-0.632653	0.0291387
-0.469388	-0.591837	0.0316025
-0.469388	-0.55102	0.0339421
-0.469388	-0.510204	0.0361485
-0.469388	-0.469388	0.038213
-0.469388	-0.428571	0.0401273
-0.469388	-0.387755	0.0418839
-0.469388	-0.346939	0.0434758
-0.469388	-0.306122	0.0448966
-0.469388	-0.265306	0.0461408
-0.469388	-0.22449	0.0472034
-0.469388	-0.183673	0.04808
-0.469388	-0.142857	0.0487672
-0.469388	-0.102041	0.0492622
-0.469388	-0.0612245	0.0495628
-0.469388	-0.0204082	0.0496679
-0.469388	0.0204082	0.049577
-0.469388	0.0612245	0.0492903
-0.469388	0.102041	0.0488089
-0.469388	0.142857	0.0481345
-0.469388	0.183673	0.0472699
-0.469388	0.22449	0.0462183
-0.469388	0.265306	0.0449838
-0.469388	0.306122	0.0435713
-0.469388	0.346939	0.0419863
-0.469388	0.387755	0.0402349
-0.469388	0.428571	0.0383241
-0.469388	0.469388	0.0362615
-0.469388	0.510204	0.0340551
-0.469388	0.55102	0.0317136
-0.469388	0.591837	0.0292464
-0.469388	0.632653	0.0266631
-0.469388	0.673469	0.023974
-0.469388	0.714286	0.0211898
-0.469388	0.755102	0.0183215
-0.469388	0.795918	0.0153804
-0.469388	0.836735	0.0123782
-0.469388	0.877551	0.00932695
-0.469388	0.918367	0.00623862
-0.469388	0.959184	0.00312552
-0.469388	1	0
-0.428571	-1	0.0032672
-0.428571	-0.959184	0.0065216
-0.428571	-0.918367	0.00975045
-0.428571	-0.877551	0.0129411
-0.428571	-0.836735	0.016081
-0.428571	-0.795918	0.0191579
-0.428571	-0.755102	0.0221598
-0.428571	-0.714286	0.0250747
-0.428571	-0.673469	0.0278913
-0.428571	-0.632653	0.0305985
-0.428571	-0.591837	0.0331856
-0.428571	-0.55102	0.0356425
-0.428571	-0.510204	0.0379594
-0.428571	-0.469388	0.0401273
-0.428571	-0.428571	0.0421375
-0.428571	-0.387755	0.0439821
-0.428571	-0.346939	0.0456537
-0.428571	-0.306122	0.0471458
-0.428571	-0.265306	0.0484523
-0.428571	-0.22449	0.0495681
-0.428571	-0.183673	0.0504886
-0.428571	-0.142857	0.0512102
-0.428571	-0.102041	0.05173
-0.428571	-0.0612245	0.0520457
-0.428571	-0.0204082	0.0521561
-0.428571	0.0204082	0.0520606
-0.428571	0.0612245	0.0517595
-0.428571	0.102041	0.051254
-0.428571	0.142857	0.0505459
-0.428571	0.183673	0.0496379
-0.428571	0.22449	0.0485336
-0.428571	0.265306	0.0472373
-0.428571	0.306122	0.045754
-0.428571	0.346939	0.0440896
-0.428571	0.387755	0.0422505
-0.428571	0.428571	0.040244
-0.428571	0.469388	0.038078
-0.428571	0.510204	0.0357611
-0.428571	0.55102	0.0333023
-0.428571	0.591837	0.0307115
-0.428571	0.632653	0.0279988
-0.428571	0.673469	0.025175
-0.428571	0.714286	0.0222513
-0.428571	0.755102	0.0192393
-0.428571	0.795918	0.0161509
-0.428571	0.836735	0.0129983
-0.428571	0.877551	0.00979419
-0.428571	0.918367	0.00655115
-0.428571	0.959184	0.00328209
-0.428571	1	0
-0.387755	-1	0.00341022
-0.387755	-0.959184	0.00680709
-0.387755	-0.918367	0.0101773
-0.387755	-0.877551	0.0135076
-0.387755	-0.836735	0.016785
-0.387755	-0.795918	0.0199966
-0.387755	-0.755102	0.0231298
-0.387755	-0.714286	0.0261723
-0.387755	-0.673469	0.0291122
-0.387755	-0.632653	0.0319379
-0.387755	-0.591837	0.0346383
-0.387755	-0.55102	0.0372027
-0.387755	-0.510204	0.0396211
-0.387755	-0.469388	0.0418839
-0.387755	-0.428571	0.0439821
-0.387755	-0.387755	0.0459074
-0.387755	-0.346939	0.0476522
-0.387755	-0.306122	0.0492096
-0.387755	-0.265306	0.0505733
-0.387755	-0.22449	0.0517379
-0.387755	-0.183673	0.0526988
-0.387755	-0.142857	0.053452
-0.387755	-0.102041	0.0539945
-0.387755	-0.0612245	0.054324
-0.387755	-0.0204082	0.0544392
-0.387755	0.0204082	0.0543396
-0.387755	0.0612245	0.0540253
-0.387755	0.102041	0.0534976
-0.387755	0.142857	0.0527585
-0.387755	0.183673	0.0518108
-0.387755	0.22449	0.0506582
-0.387755	0.265306	0.0493052
-0.387755	0.306122	0.0477569
-0.387755	0.346939	0.0460196
-0.387755	0.387755	0.0441
-0.387755	0.428571	0.0420057
-0.387755	0.469388	0.0397449
-0.387755	0.510204	0.0373265
-0.387755	0.55102	0.0347601
-0.387755	0.591837	0.0320559
-0.387755	0.632653	0.0292244
-0.387755	0.673469	0.026277
-0.387755	0.714286	0.0232254
-0.387755	0.755102	0.0200815
-0.387755	0.795918	0.0168579
-0.387755	0.836735	0.0135673
-0.387755	0.877551	0.0102229
-0.387755	0.918367	0.00683793
-0.387755	0.959184	0.00342577
-0.387755	1	0
-0.346939	-1	0.00353984
-0.346939	-0.959184	0.00706581
-0.346939	-0.918367	0.0105641
-0.346939	-0.877551	0.014021
-0.346939	-0.836735	0.0174229
-0.346939	-0.795918	0.0207566
-0.346939	-0.755102	0.0240089
-0.346939	-0.714286	0.0271671
-0.346939	-0.673469	0.0302187
-0.346939	-0.632653	0.0331518
-0.346939	-0.591837	0.0359548
-0.346939	-0.55102	0.0386167
-0.346939	-0.510204	0.041127
-0.346939	-0.469388	0.0434758
-0.346939	-0.428571	0.0456537
-0.346939	-0.387755	0.0476522
-0.346939	-0.346939	0.0494633
-0.346939	-0.306122	0.0510799
-0.346939	-0.265306	0.0524955
-0.346939	-0.22449	0.0537044
-0.346939	-0.183673	0.0547017
-0.346939	-0.142857	0.0554835
-0.346939	-0.102041	0.0560467
-0.346939	-0.0612245	0.0563887
-0.346939	-0.0204082	0.0565083
-0.346939	0.0204082	0.0564049
-0.346939	0.0612245	0.0560787
-0.346939	0.102041	0.0555309
-0.346939	0.142857	0.0547637
-0.346939	0.183673	0.05378
-0.346939	0.22449	0.0525836
-0.346939	0.265306	0.0511791
-0.346939	0.306122	0.049572
-0.346939	0.346939	0.0477687
-0.346939	0.387755	0.0457761
-0.346939	0.428571	0.0436022
-0.346939	0.469388	0.0412555
-0.346939	0.510204	0.0387452
-0.346939	0.55102	0.0360813
-0.346939	0.591837	0.0332742
-0.346939	0.632653	0.0303352
-0.346939	0.673469	0.0272758
-0.346939	0.714286	0.0241081
-0.346939	0.755102	0.0208447
-0.346939	0.795918	0.0174986
-0.346939	0.836735	0.014083
-0.346939	0.877551	0.0106115
-0.346939	0.918367	0.00709782
-0.346939	0.959184	0.00355597
-0.346939	1	0
-0.306122	-1	0.00365553
-0.306122	-0.959184	0.00729673
-0.306122	-0.918367	0.0109093
-0.306122	-0.877551	0.0144792
-0.306122	-0.836735	0.0179924
-0.306122	-0.795918	0.021435
-0.306122	-0.755102	0.0247936
-0.306122	-0.714286	0.028055
-0.306122	-0.673469	0.0312063
-0.306122	-0.632653	0.0342353
-0.306122	-0.591837	0.0371299
-0.306122	-0.55102	0.0398788
-0.306122	-0.510204	0.0424711
-0.306122	-0.469388	0.0448966
-0.306122	-0.428571	0.0471458
-0.306122	-0.387755	0.0492096
-0.306122	-0.346939	0.0510799
-0.306122	-0.306122	0.0527493
-0.306122	-0.265306	0.0542111
-0.306122	-0.22449	0.0554595
-0.306122	-0.183673	0.0564895
-0.306122	-0.142857	0.0572969
-0.306122	-0.102041	0.0578784
-0.306122	-0.0612245	0.0582316
-0.306122	-0.0204082	0.0583551
-0.306122	0.0204082	0.0582483
-0.306122	0.0612245	0.0579114
-0.306122	0.102041	0.0573458
-0.306122	0.142857	0.0565535
-0.306122	0.183673	0.0555377
-0.306122	0.22449	0.0543021
-0.306122	0.265306	0.0528518
-0.306122	0.306122	0.0511922
-0.306122	0.346939	0.0493299
-0.306122	0.387755	0.0472722
-0.306122	0.428571	0.0450272
-0.306122	0.469388	0.0426038
-0.306122	0.510204	0.0400115
-0.306122	0.55102	0.0372605
-0.306122	0.591837	0.0343617
-0.306122	0.632653	0.0313266
-0.306122	0.673469	0.0281672
-0.306122	0.714286	0.024896
-0.306122	0.755102	0.021526
-0.306122	0.795918	0.0180705
-0.306122	0.836735	0.0145433
-0.306122	0.877551	0.0109583
-0.306122	0.918367	0.00732979
-0.306122	0.959184	0.00367219
-0.306122	1	0
-0.265306	-1	0.00375683
-0.265306	-0.959184	0.00749894
-0.265306	-0.918367	0.0112117
-0.265306	-0.877551	0.0148805
-0.265306	-0.836735	0.018491
-0.265306	-0.795918	0.022029
-0.265306	-0.755102	0.0254807
-0.265306	-0.714286	0.0288324
-0.265306	-0.673469	0.0320711
-0.265306	-0.632653	0.035184
-0.265306	-0.591837	0.0381589
-0.265306	-0.55102	0.0409839
-0.265306	-0.510204	0.0436481
-0.265306	-0.469388	0.0461408
-0.265306	-0.428571	0.0484523
-0.265306	-0.387755	0.0505733
-0.265306	-0.346939	0.0524955
-0.265306	-0.306122	0.0542111
-0.265306	-0.265306	0.0557135
-0.265306	-0.22449	0.0569965
-0.265306	-0.183673	0.058055
-0.265306	-0.142857	0.0588847
-0.265306	-0.102041	0.0594823
-0.265306	-0.0612245	0.0598454
-0.265306	-0.0204082	0.0599723
-0.265306	0.0204082	0.0598625
-0.265306	0.0612245	0.0595163
-0.265306	0.102041	0.058935
-0.265306	0.142857	0.0581208
-0.265306	0.183673	0.0570768
-0.265306	0.22449	0.055807
-0.265306	0.265306	0.0543164
-0.265306	0.306122	0.0526108
-0.265306	0.346939	0.0506969
-0.265306	0.387755	0.0485822
-0.265306	0.428571	0.0462751
-0.265306	0.469388	0.0437845
-0.265306	0.510204	0.0411203
-0.265306	0.55102	0.0382931
-0.265306	0.591837	0.035314
-0.265306	0.632653	0.0321948
-0.265306	0.673469	0.0289478
-0.265306	0.714286	0.0255859
-0.265306	0.755102	0.0221225
-0.265306	0.795918	0.0185713
-0.265306	0.836735	0.0149463
-0.265306	0.877551	0.011262
-0.265306	0.918367	0.00753292
-0.265306	0.959184	0.00377395
-0.265306	1	0
-0.22449	-1	0.00384334
-0.22449	-0.959184	0.00767163
-0.22449	-0.918367	0.0114699
-0.22449	-0.877551	0.0152232
-0.22449	-0.836735	0.0189168
-0.22449	-0.795918	0.0225363
-0.22449	-0.755102	0.0260674
-0.22449	-0.714286	0.0294964
-0.22449	-0.673469	0.0328097
-0.22449	-0.632653	0.0359943
-0.22449	-0.591837	0.0390376
-0.22449	-0.55102	0.0419277
-0.22449	-0.510204	0.0446533
-0.22449	-0.469388	0.0472034
-0.22449	-0.428571	0.0495681
-0.22449	-0.387755	0.0517379
-0.22449	-0.346939	0.0537044
-0.22449	-0.306122	0.0554595
-0.22449	-0.265306	0.0569965
-0.22449	-0.22449	0.058309
-0.22449	-0.183673	0.0593919
-0.22449	-0.142857	0.0602407
-0.22449	-0.102041	0.0608521
-0.22449	-0.0612245	0.0612235
-0.22449	-0.0204082	0.0613534
-0.22449	0.0204082	0.061241
-0.22449	0.0612245	0.0608869
-0.22449	0.102041	0.0602922
-0.22449	0.142857	0.0594592
-0.22449	0.183673	0.0583911
-0.22449	0.22449	0.0570921
-0.22449	0.265306	0.0555672
-0.22449	0.306122	0.0538224
-0.22449	0.346939	0.0518644
-0.22449	0.387755	0.049701
-0.22449	0.428571	0.0473407
-0.22449	0.469388	0.0447928
-0.22449	0.510204	0.0420672
-0.22449	0.55102	0.0391749
-0.22449	0.591837	0.0361272
-0.22449	0.632653	0.0329361
-0.22449	0.673469	0.0296144
-0.22449	0.714286	0.0261751
-0.22449	0.755102	0.022632
-0.22449	0.795918	0.0189989
-0.22449	0.836735	0.0152905
-0.22449	0.877551	0.0115213
-0.22449	0.918367	0.00770639
-0.22449	0.959184	0.00386086
-0.22449	1	0
-0.183673	-1	0.00391472
-0.183673	-0.959184	0.0078141
-0.183673	-0.918367	0.0116829
-0.183673	-0.877551	0.0155059
-0.183673	-0.836735	0.0192681
-0.183673	-0.795918	0.0229548
-0.183673	-0.755102	0.0265515
-0.183673	-0.714286	0.0300442
-0.183673	-0.673469	0.033419
-0.183673	-0.632653	0.0366627
-0.183673	-0.591837	0.0397626
-0.183673	-0.55102	0.0427064
-0.183673	-0.510204	0.0454825
-0.183673	-0.469388	0.04808
-0.183673	-0.428571	0.0504886
-0.183673	-0.387755	0.0526988
-0.183673	-0.346939	0.0547017
-0.183673	-0.306122	0.0564895
-0.183673	-0.265306	0.058055
-0.183673	-0.22449	0.0593919
-0.183673	-0.183673	0.0604949
-0.183673	-0.142857	0.0613595
-0.183673	-0.102041	0.0619822
-0.183673	-0.0612245	0.0623605
-0.183673	-0.0204082	0.0624928
-0.183673	0.0204082	0.0623784
-0.183673	0.0612245	0.0620176
-0.183673	0.102041	0.0614119
-0.183673	0.142857	0.0605634
-0.183673	0.183673	0.0594756
-0.183673	0.22449	0.0581524
-0.183673	0.265306	0.0565992
-0.183673	0.306122	0.0548219
-0.183673	0.346939	0.0528276
-0.183673	0.387755	0.050624
-0.183673	0.428571	0.0482199
-0.183673	0.469388	0.0456246
-0.183673	0.510204	0.0428485
-0.183673	0.55102	0.0399024
-0.183673	0.591837	0.0367981
-0.183673	0.632653	0.0335478
-0.183673	0.673469	0.0301644
-0.183673	0.714286	0.0266612
-0.183673	0.755102	0.0230523
-0.183673	0.795918	0.0193518
-0.183673	0.836735	0.0155745
-0.183673	0.877551	0.0117353
-0.183673	0.918367	0.00784951
-0.183673	0.959184	0.00393256
-0.183673	1	0
-0.142857	-1	0.00397067
-0.142857	-0.959184	0.00792579
-0.142857	-0.918367	0.0118499
-0.142857	-0.877551	0.0157275
-0.142857	-0.836735	0.0195435
-0.142857	-0.795918	0.0232829
-0.142857	-0.755102	0.026931
-0.142857	-0.714286	0.0304736
-0.142857	-0.673469	0.0338966
-0.142857	-0.632653	0.0371867
-0.142857	-0.591837	0.0403309
-0.142857	-0.55102	0.0433168
-0.142857	-0.510204	0.0461326
-0.142857	-0.469388	0.0487672
-0.142857	-0.428571	0.0512102
-0.142857	-0.387755	0.053452
-0.142857	-0.346939	0.0554835
-0.142857	-0.306122	0.0572969
-0.142857	-0.265306	0.0588847
-0.142857	-0.22449	0.0602407
-0.142857	-0.183673	0.0613595
-0.142857	-0.142857	0.0622365
-0.142857	-0.102041	0.0628681
-0.142857	-0.0612245	0.0632518
-0.142857	-0.0204082	0.063386
-0.142857	0.0204082	0.0632699
-0.142857	0.0612245	0.062904
-0.142857	0.102041	0.0622896
-0.142857	0.142857	0.061429
-0.142857	0.183673	0.0603256
-0.142857	0.22449	0.0589836
-0.142857	0.265306	0.0574081
-0.142857	0.306122	0.0556055
-0.142857	0.346939	0.0535826
-0.142857	0.387755	0.0513476
-0.142857	0.428571	0.0489091
-0.142857	0.469388	0.0462767
-0.142857	0.510204	0.0434609
-0.142857	0.55102	0.0404727
-0.142857	0.591837	0.0373241
-0.142857	0.632653	0.0340273
-0.142857	0.673469	0.0305955
-0.142857	0.714286	0.0270423
-0.142857	0.755102	0.0233817
-0.142857	0.795918	0.0196284
-0.142857	0.836735	0.0157971
-0.142857	0.877551	0.011903
-0.142857	0.918367	0.0079617
-0.142857	0.959184	0.00398877
-0.142857	1	0
-0.102041	-1	0.00401097
-0.102041	-0.959184	0.00800623
-0.102041	-0.918367	0.0119701
-0.102041	-0.877551	0.0158871
-0.102041	-0.836735	0.0197418
-0.102041	-0.795918	0.0235192
-0.102041	-0.755102	0.0272044
-0.102041	-0.714286	0.0307829
-0.102041	-0.673469	0.0342407
-0.102041	-0.632653	0.0375641
-0.102041	-0.591837	0.0407402
-0.102041	-0.55102	0.0437564
-0.102041	-0.510204	0.0466008
-0.102041	-0.469388	0.0492622
-0.102041	-0.428571	0.05173
-0.102041	-0.387755	0.0539945
-0.102041	-0.346939	0.0560467
-0.102041	-0.306122	0.0578784
-0.102041	-0.265306	0.0594823
-0.102041	-0.22449	0.0608521
-0.102041	-0.183673	0.0619822
-0.102041	-0.142857	0.0628681
-0.102041	-0.102041	0.0635062
-0.102041	-0.0612245	0.0638938
-0.102041	-0.0204082	0.0640293
-0.102041	0.0204082	0.063912
-0.102041	0.0612245	0.0635424
-0.102041	0.102041	0.0629218
-0.102041	0.142857	0.0620525
-0.102041	0.183673	0.0609379
-0.102041	0.22449	0.0595822
-0.102041	0.265306	0.0579908
-0.102041	0.306122	0.0561698
-0.102041	0.346939	0.0541265
-0.102041	0.387755	0.0518687
-0.102041	0.428571	0.0494054
-0.102041	0.469388	0.0467464
-0.102041	0.510204	0.043902
-0.102041	0.55102	0.0408835
-0.102041	0.591837	0.0377029
-0.102041	0.632653	0.0343726
-0.102041	0.673469	0.030906
-0.102041	0.714286	0.0273168
-0.102041	0.755102	0.023619
-0.102041	0.795918	0.0198276
-0.102041	0.836735	0.0159574
-0.102041	0.877551	0.0120238
-0.102041	0.918367	0.0080425
-0.102041	0.959184	0.00402925
-0.102041	1	0
-0.0612245	-1	0.00403545
-0.0612245	-0.959184	0.00805509
-0.0612245	-0.918367	0.0120432
-0.0612245	-0.877551	0.0159841
-0.0612245	-0.836735	0.0198623
-0.0612245	-0.795918	0.0236627
-0.0612245	-0.755102	0.0273704
-0.0612245	-0.714286	0.0309707
-0.0612245	-0.673469	0.0344496
-0.0612245	-0.632653	0.0377934
-0.0612245	-0.591837	0.0409889
-0.0612245	-0.55102	0.0440235
-0.0612245	-0.510204	0.0468852
-0.0612245	-0.469388	0.0495628
-0.0612245	-0.428571	0.0520457
-0.0612245	-0.387755	0.054324
-0.0612245	-0.346939	0.0563887
-0.0612245	-0.306122	0.0582316
-0.0612245	-0.265306	0.0598454
-0.0612245	-0.22449	0.0612235
-0.0612245	-0.183673	0.0623605
-0.0612245	-0.142857	0.0632518
-0.0612245	-0.102041	0.0638938
-0.0612245	-0.0612245	0.0642837
-0.0612245	-0.0204082	0.0644201
-0.0612245	0.0204082	0.0643021
-0.0612245	0.0612245	0.0639303
-0.0612245	0.102041	0.0633058
-0.0612245	0.142857	0.0624312
-0.0612245	0.183673	0.0613098
-0.0612245	0.22449	0.0599458
-0.0612245	0.265306	0.0583447
-0.0612245	0.306122	0.0565126
-0.0612245	0.346939	0.0544568
-0.0612245	0.387755	0.0521853
-0.0612245	0.428571	0.049707
-0.0612245	0.469388	0.0470317
-0.0612245	0.510204	0.0441699
-0.0612245	0.55102	0.041133
-0.0612245	0.591837	0.037933
-0.0612245	0.632653	0.0345824
-0.0612245	0.673469	0.0310947
-0.0612245	0.714286	0.0274835
-0.0612245	0.755102	0.0237632
-0.0612245	0.795918	0.0199486
-0.0612245	0.836735	0.0160548
-0.0612245	0.877551	0.0120972
-0.0612245	0.918367	0.00809159
-0.0612245	0.959184	0.00405384
-0.0612245	1	0
-0.0204082	-1	0.00404401
-0.0204082	-0.959184	0.00807218
-0.0204082	-0.918367	0.0120687
-0.0204082	-0.877551	0.016018
-0.0204082	-0.836735	0.0199045
-0.0204082	-0.795918	0.0237129
-0.0204082	-0.755102	0.0274284
-0.0204082	-0.714286	0.0310364
-0.0204082	-0.673469	0.0345227
-0.0204082	-0.632653	0.0378735
-0.0204082	-0.591837	0.0410758
-0.0204082	-0.55102	0.0441168
-0.0204082	-0.510204	0.0469846
-0.0204082	-0.469388	0.0496679
-0.0204082	-0.428571	0.0521561
-0.0204082	-0.387755	0.0544392
-0.0204082	-0.346939	0.0565083
-0.0204082	-0.306122	0.0583551
-0.0204082	-0.265306	0.0599723
-0.0204082	-0.22449	0.0613534
-0.0204082	-0.183673	0.0624928
-0.0204082	-0.142857	0.063386
-0.0204082	-0.102041	0.0640293
-0.0204082	-0.0612245	0.0644201
-0.0204082	-0.0204082	0.0645567
-0.0204082	0.0204082	0.0644385
-0.0204082	0.0612245	0.0640658
-0.0204082	0.102041	0.0634401
-0.0204082	0.142857	0.0625636
-0.0204082	0.183673	0.0614398
-0.0204082	0.22449	0.060073
-0.0204082	0.265306	0.0584684
-0.0204082	0.306122	0.0566325
-0.0204082	0.346939	0.0545723
-0.0204082	0.387755	0.0522959
-0.0204082	0.428571	0.0498124
-0.0204082	0.469388	0.0471314
-0.0204082	0.510204	0.0442636
-0.0204082	0.55102	0.0412203
-0.0204082	0.591837	0.0380134
-0.0204082	0.632653	0.0346558
-0.0204082	0.673469	0.0311606
-0.0204082	0.714286	0.0275418
-0.0204082	0.755102	0.0238136
-0.0204082	0.795918	0.0199909
-0.0204082	0.836735	0.0160888
-0.0204082	0.877551	0.0121229
-0.0204082	0.918367	0.00810875
-0.0204082	0.959184	0.00406244
-0.0204082	1	0
0.0204082	-1	0.00403661
0.0204082	-0.959184	0.0080574
0.0204082	-0.918367	0.0120466
0.0204082	-0.877551	0.0159886
0.0204082	-0.836735	0.019868
0.0204082	-0.795918	0.0236695
0.0204082	-0.755102	0.0273782
0.0204082	-0.714286	0.0309796
0.0204082	-0.673469	0.0344595
0.0204082	-0.632653	0.0378042
0.0204082	-0.591837	0.0410006
0.0204082	-0.55102	0.0440361
0.0204082	-0.510204	0.0468986
0.0204082	-0.469388	0.049577
0.0204082	-0.428571	0.0520606
0.0204082	-0.387755	0.0543396
0.0204082	-0.346939	0.0564049
0.0204082	-0.306122	0.0582483
0.0204082	-0.265306	0.0598625
0.0204082	-0.22449	0.061241
0.0204082	-0.183673	0.0623784
0.0204082	-0.142857	0.0632699
0.0204082	-0.102041	0.063912
0.0204082	-0.0612245	0.0643021
0.0204082	-0.0204082	0.0644385
0.0204082	0.0204082	0.0643205
0.0204082	0.0612245	0.0639485
0.0204082	0.102041	0.0633239
0.0204082	0.142857	0.0624491
0.0204082	0.183673	0.0613273
0.0204082	0.22449	0.059963
0.0204082	0.265306	0.0583614
0.0204082	0.306122	0.0565288
0.0204082	0.346939	0.0544724
0.0204082	0.387755	0.0522002
0.0204082	0.428571	0.0497212
0.0204082	0.469388	0.0470451
0.0204082	0.510204	0.0441826
0.0204082	0.55102	0.0411448
0.0204082	0.591837	0.0379438
0.0204082	0.632653	0.0345923
0.0204082	0.673469	0.0311036
0.0204082	0.714286	0.0274913
0.0204082	0.755102	0.02377
0.0204082	0.795918	0.0199543
0.0204082	0.836735	0.0160594
0.0204082	0.877551	0.0121007
0.0204082	0.918367	0.0080939
0.0204082	0.959184	0.004055
0.0204082	1	0
0.0612245	-1	0.00401326
0.0612245	-0.959184	0.0080108
0.0612245	-0.918367	0.011977
0.0612245	-0.877551	0.0158962
0.0612245	-0.836735	0.0197531
0.0612245	-0.795918	0.0235326
0.0612245	-0.755102	0.0272199
0.0612245	-0.714286	0.0308004
0.0612245	-0.673469	0.0342602
0.0612245	-0.632653	0.0375856
0.0612245	-0.591837	0.0407635
0.0612245	-0.55102	0.0437814
0.0612245	-0.510204	0.0466274
0.0612245	-0.469388	0.0492903
0.0612245	-0.428571	0.0517595
0.0612245	-0.387755	0.0540253
0.0612245	-0.346939	0.0560787
0.0612245	-0.306122	0.0579114
0.0612245	-0.265306	0.0595163
0.0612245	-0.22449	0.0608869
0.0612245	-0.183673	0.0620176
0.0612245	-0.142857	0.062904
0.0612245	-0.102041	0.0635424
0.0612245	-0.0612245	0.0639303
0.0612245	-0.0204082	0.0640658
0.0612245	0.0204082	0.0639485
0.0612245	0.0612245	0.0635787
0.0612245	0.102041	0.0629577
0.0612245	0.142857	0.0620879
0.0612245	0.183673	0.0609727
0.0612245	0.22449	0.0596162
0.0612245	0.265306	0.0580239
0.0612245	0.306122	0.0562019
0.0612245	0.346939	0.0541574
0.0612245	0.387755	0.0518983
0.0612245	0.428571	0.0494337
0.0612245	0.469388	0.0467731
0.0612245	0.510204	0.0439271
0.0612245	0.55102	0.0409069
0.0612245	0.591837	0.0377244
0.0612245	0.632653	0.0343923
0.0612245	0.673469	0.0309237
0.0612245	0.714286	0.0273324
0.0612245	0.755102	0.0236325
0.0612245	0.795918	0.0198389
0.0612245	0.836735	0.0159665
0.0612245	0.877551	0.0120307
0.0612245	0.918367	0.0080471
0.0612245	0.959184	0.00403155
0.0612245	1	0
0.102041	-1	0.00397406
0.102041	-0.959184	0.00793256
0.102041	-0.918367	0.01186
0.102041	-0.877551	0.0157409
0.102041	-0.836735	0.0195602
0.102041	-0.795918	0.0233028
0.102041	-0.755102	0.026954
0.102041	-0.714286	0.0304996
0.102041	-0.673469	0.0339256
0.102041	-0.632653	0.0372185
0.102041	-0.591837	0.0403653
0.102041	-0.55102	0.0433538
0.102041	-0.510204	0.046172
0.102041	-0.469388	0.0488089
0.102041	-0.428571	0.051254
0.102041	-0.387755	0.0534976
0.102041	-0.346939	0.0555309
0.102041	-0.306122	0.0573458
0.102041	-0.265306	0.058935
0.102041	-0.22449	0.0602922
0.102041	-0.183673	0.0614119
0.102041	-0.142857	0.0622896
0.102041	-0.102041	0.0629218
0.102041	-0.0612245	0.0633058
0.102041	-0.0204082	0.0634401
0.102041	0.0204082	0.0633239
0.102041	0.0612245	0.0629577
0.102041	0.102041	0.0623428
0.102041	0.142857	0.0614815
0.102041	0.183673	0.0603771
0.102041	0.22449	0.0590339
0.102041	0.265306	0.0574572
0.102041	0.306122	0.055653
0.102041	0.346939	0.0536284
0.102041	0.387755	0.0513914
0.102041	0.428571	0.0489508
0.102041	0.469388	0.0463162
0.102041	0.510204	0.043498
0.102041	0.55102	0.0405073
0.102041	0.591837	0.0373559
0.102041	0.632653	0.0340564
0.102041	0.673469	0.0306216
0.102041	0.714286	0.0270654
0.102041	0.755102	0.0234017
0.102041	0.795918	0.0196451
0.102041	0.836735	0.0158105
0.102041	0.877551	0.0119132
0.102041	0.918367	0.0079685
0.102041	0.959184	0.00399218
0.102041	1	0
0.142857	-1	0.00391916
0.142857	-0.959184	0.00782296
0.142857	-0.918367	0.0116961
0.142857	-0.877551	0.0155234
0.142857	-0.836735	0.0192899
0.142857	-0.795918	0.0229808
0.142857	-0.755102	0.0265816
0.142857	-0.714286	0.0300782
0.142857	-0.673469	0.0334569
0.142857	-0.632653	0.0367043
0.142857	-0.591837	0.0398077
0.142857	-0.55102	0.0427548
0.142857	-0.510204	0.0455341
0.142857	-0.469388	0.0481345
0.142857	-0.428571	0.0505459
0.142857	-0.387755	0.0527585
0.142857	-0.346939	0.0547637
0.142857	-0.306122	0.0565535
0.142857	-0.265306	0.0581208
0.142857	-0.22449	0.0594592
0.142857	-0.183673	0.0605634
0.142857	-0.142857	0.061429
0.142857	-0.102041	0.0620525
0.142857	-0.0612245	0.0624312
0.142857	-0.0204082	0.0625636
0.142857	0.0204082	0.0624491
0.142857	0.0612245	0.0620879
0.142857	0.102041	0.0614815
0.142857	0.142857	0.0606321
0.142857	0.183673	0.059543
0.142857	0.22449	0.0582183
0.142857	0.265306	0.0566634
0.142857	0.306122	0.0548841
0.142857	0.346939	0.0528875
0.142857	0.387755	0.0506814
0.142857	0.428571	0.0482745
0.142857	0.469388	0.0456763
0.142857	0.510204	0.0428971
0.142857	0.55102	0.0399477
0.142857	0.591837	0.0368398
0.142857	0.632653	0.0335858
0.142857	0.673469	0.0301986
0.142857	0.714286	0.0266915
0.142857	0.755102	0.0230784
0.142857	0.795918	0.0193737
0.142857	0.836735	0.0155921
0.142857	0.877551	0.0117486
0.142857	0.918367	0.00785841
0.142857	0.959184	0.00393702
0.142857	1	0
0.183673	-1	0.00384876
0.183673	-0.959184	0.00768244
0.183673	-0.918367	0.011486
0.183673	-0.877551	0.0152446
0.183673	-0.836735	0.0189434
0.183673	-0.795918	0.022568
0.183673	-0.755102	0.0261042
0.183673	-0.714286	0.029538
0.183673	-0.673469	0.0328559
0.183673	-0.632653	0.036045
0.183673	-0.591837	0.0390926
0.183673	-0.55102	0.0419868
0.183673	-0.510204	0.0447162
0.183673	-0.469388	0.0472699
0.183673	-0.428571	0.0496379
0.183673	-0.387755	0.0518108
0.183673	-0.346939	0.05378
0.183673	-0.306122	0.0555377
0.183673	-0.265306	0.0570768
0.183673	-0.22449	0.0583911
0.183673	-0.183673	0.0594756
0.183673	-0.142857	0.0603256
0.183673	-0.102041	0.0609379
0.183673	-0.0612245	0.0613098
0.183673	-0.0204082	0.0614398
0.183673	0.0204082	0.0613273
0.183673	0.0612245	0.0609727
0.183673	0.102041	0.0603771
0.183673	0.142857	0.059543
0.183673	0.183673	0.0584734
0.183673	0.22449	0.0571726
0.183673	0.265306	0.0556455
0.183673	0.306122	0.0538982
0.183673	0.346939	0.0519375
0.183673	0.387755	0.049771
0.183673	0.428571	0.0474074
0.183673	0.469388	0.0448559
0.183673	0.510204	0.0421265
0.183673	0.55102	0.0392301
0.183673	0.591837	0.0361781
0.183673	0.632653	0.0329825
0.183673	0.673469	0.0296561
0.183673	0.714286	0.026212
0.183673	0.755102	0.0226639
0.183673	0.795918	0.0190257
0.183673	0.836735	0.015312
0.183673	0.877551	0.0115376
0.183673	0.918367	0.00771725
0.183673	0.959184	0.0038663
0.183673	1	0
0.22449	-1	0.00376314
0.22449	-0.959184	0.00751153
0.22449	-0.918367	0.0112305
0.22449	-0.877551	0.0149055
0.22449	-0.836735	0.018522
0.22449	-0.795918	0.022066
0.22449	-0.755102	0.0255234
0.22449	-0.714286	0.0288808
0.22449	-0.673469	0.032125
0.22449	-0.632653	0.0352431
0.22449	-0.591837	0.0382229
0.22449	-0.55102	0.0410527
0.22449	-0.510204	0.0437214
0.22449	-0.469388	0.0462183
0.22449	-0.428571	0.0485336
0.22449	-0.387755	0.0506582
0.22449	-0.346939	0.0525836
0.22449	-0.306122	0.0543021
0.22449	-0.265306	0.055807
0.22449	-0.22449	0.0570921
0.22449	-0.183673	0.0581524
0.22449	-0.142857	0.0589836
0.22449	-0.102041	0.0595822
0.22449	-0.0612245	0.0599458
0.22449	-0.0204082	0.060073
0.22449	0.0204082	0.059963
0.22449	0.0612245	0.0596162
0.22449	0.102041	0.0590339
0.22449	0.142857	0.0582183
0.22449	0.183673	0.0571726
0.22449	0.22449	0.0559007
0.22449	0.265306	0.0544076
0.22449	0.306122	0.0526991
0.22449	0.346939	0.050782
0.22449	0.387755	0.0486638
0.22449	0.428571	0.0463527
0.22449	0.469388	0.043858
0.22449	0.510204	0.0411893
0.22449	0.55102	0.0383574
0.22449	0.591837	0.0353732
0.22449	0.632653	0.0322488
0.22449	0.673469	0.0289964
0.22449	0.714286	0.0256289
0.22449	0.755102	0.0221597
0.22449	0.795918	0.0186025
0.22449	0.836735	0.0149714
0.22449	0.877551	0.0112809
0.22449	0.918367	0.00754557
0.22449	0.959184	0.00378029
0.22449	1	0
0.265306	-1	0.00366263
0.265306	-0.959184	0.0073109
0.265306	-0.918367	0.0109305
0.265306	-0.877551	0.0145073
0.265306	-0.836735	0.0180273
0.265306	-0.795918	0.0214766
0.265306	-0.755102	0.0248417
0.265306	-0.714286	0.0281094
0.265306	-0.673469	0.0312669
0.265306	-0.632653	0.0343018
0.265306	-0.591837	0.037202
0.265306	-0.55102	0.0399562
0.265306	-0.510204	0.0425536
0.265306	-0.469388	0.0449838
0.265306	-0.428571	0.0472373
0.265306	-0.387755	0.0493052
0.265306	-0.346939	0.0511791
0.265306	-0.306122	0.0528518
0.265306	-0.265306	0.0543164
0.265306	-0.22449	0.0555672
0.265306	-0.183673	0.0565992
0.265306	-0.142857	0.0574081
0.265306	-0.102041	0.0579908
0.265306	-0.0612245	0.0583447
0.265306	-0.0204082	0.0584684
0.265306	0.0204082	0.0583614
0.265306	0.0612245	0.0580239
0.265306	0.102041	0.0574572
0.265306	0.142857	0.0566634
0.265306	0.183673	0.0556455
0.265306	0.22449	0.0544076
0.265306	0.265306	0.0529544
0.265306	0.306122	0.0512916
0.265306	0.346939	0.0494257
0.265306	0.387755	0.047364
0.265306	0.428571	0.0451147
0.265306	0.469388	0.0426865
0.265306	0.510204	0.0400892
0.265306	0.55102	0.0373328
0.265306	0.591837	0.0344284
0.265306	0.632653	0.0313874
0.265306	0.673469	0.0282219
0.265306	0.714286	0.0249443
0.265306	0.755102	0.0215678
0.265306	0.795918	0.0181056
0.265306	0.836735	0.0145715
0.265306	0.877551	0.0109796
0.265306	0.918367	0.00734403
0.265306	0.959184	0.00367932
0.265306	1	0
0.306122	-1	0.00354762
0.306122	-0.959184	0.00708133
0.306122	-0.918367	0.0105873
0.306122	-0.877551	0.0140518
0.306122	-0.836735	0.0174612
0.306122	-0.795918	0.0208022
0.306122	-0.755102	0.0240617
0.306122	-0.714286	0.0272268
0.306122	-0.673469	0.0302851
0.306122	-0.632653	0.0332247
0.306122	-0.591837	0.0360338
0.306122	-0.55102	0.0387016
0.306122	-0.510204	0.0412174
0.306122	-0.469388	0.0435713
0.306122	-0.428571	0.045754
0.306122	-0.387755	0.0477569
0.306122	-0.346939	0.049572
0.306122	-0.306122	0.0511922
0.306122	-0.265306	0.0526108
0.306122	-0.22449	0.0538224
0.306122	-0.183673	0.0548219
0.306122	-0.142857	0.0556055
0.306122	-0.102041	0.0561698
0.306122	-0.0612245	0.0565126
0.306122	-0.0204082	0.0566325
0.306122	0.0204082	0.0565288
0.306122	0.0612245	0.0562019
0.306122	0.102041	0.055653
0.306122	0.142857	0.0548841
0.306122	0.183673	0.0538982
0.306122	0.22449	0.0526991
0.306122	0.265306	0.0512916
0.306122	0.306122	0.049681
0.306122	0.346939	0.0478737
0.306122	0.387755	0.0458767
0.306122	0.428571	0.043698
0.306122	0.469388	0.0413462
0.306122	0.510204	0.0388303
0.306122	0.55102	0.0361606
0.306122	0.591837	0.0333474
0.306122	0.632653	0.0304019
0.306122	0.673469	0.0273357
0.306122	0.714286	0.0241611
0.306122	0.755102	0.0208905
0.306122	0.795918	0.0175371
0.306122	0.836735	0.014114
0.306122	0.877551	0.0106348
0.306122	0.918367	0.00711342
0.306122	0.959184	0.00356379
0.306122	1	0
0.346939	-1	0.00341856
0.346939	-0.959184	0.00682373
0.346939	-0.918367	0.0102022
0.346939	-0.877551	0.0135406
0.346939	-0.836735	0.016826
0.346939	-0.795918	0.0200455
0.346939	-0.755102	0.0231863
0.346939	-0.714286	0.0262363
0.346939	-0.673469	0.0291834
0.346939	-0.632653	0.032016
0.346939	-0.591837	0.034723
0.346939	-0.55102	0.0372937
0.346939	-0.510204	0.039718
0.346939	-0.469388	0.0419863
0.346939	-0.428571	0.0440896
0.346939	-0.387755	0.0460196
0.346939	-0.346939	0.0477687
0.346939	-0.306122	0.0493299
0.346939	-0.265306	0.0506969
0.346939	-0.22449	0.0518644
0.346939	-0.183673	0.0528276
0.346939	-0.142857	0.0535826
0.346939	-0.102041	0.0541265
0.346939	-0.0612245	0.0544568
0.346939	-0.0204082	0.0545723
0.346939	0.0204082	0.0544724
0.346939	0.0612245	0.0541574
0.346939	0.102041	0.0536284
0.346939	0.142857	0.0528875
0.346939	0.183673	0.0519375
0.346939	0.22449	0.050782
0.346939	0.265306	0.0494257
0.346939	0.306122	0.0478737
0.346939	0.346939	0.0461321
0.346939	0.387755	0.0442078
0.346939	0.428571	0.0421084
0.346939	0.469388	0.039842
0.346939	0.510204	0.0374178
0.346939	0.55102	0.0348451
0.346939	0.591837	0.0321342
0.346939	0.632653	0.0292959
0.346939	0.673469	0.0263413
0.346939	0.714286	0.0232821
0.346939	0.755102	0.0201306
0.346939	0.795918	0.0168991
0.346939	0.836735	0.0136005
0.346939	0.877551	0.0102479
0.346939	0.918367	0.00685465
0.346939	0.959184	0.00343414
0.346939	1	0
0.387755	-1	0.00327596
0.387755	-0.959184	0.00653909
0.387755	-0.918367	0.0097766
0.387755	-0.877551	0.0129758
0.387755	-0.836735	0.0161242
0.387755	-0.795918	0.0192093
0.387755	-0.755102	0.0222192
0.387755	-0.714286	0.0251419
0.387755	-0.673469	0.0279661
0.387755	-0.632653	0.0306805
0.387755	-0.591837	0.0332746
0.387755	-0.55102	0.0357381
0.387755	-0.510204	0.0380612
0.387755	-0.469388	0.0402349
0.387755	-0.428571	0.0422505
0.387755	-0.387755	0.0441
0.387755	-0.346939	0.0457761
0.387755	-0.306122	0.0472722
0.387755	-0.265306	0.0485822
0.387755	-0.22449	0.049701
0.387755	-0.183673	0.050624
0.387755	-0.142857	0.0513476
0.387755	-0.102041	0.0518687
0.387755	-0.0612245	0.0521853
0.387755	-0.0204082	0.0522959
0.387755	0.0204082	0.0522002
0.387755	0.0612245	0.0518983
0.387755	0.102041	0.0513914
0.387755	0.142857	0.0506814
0.387755	0.183673	0.049771
0.387755	0.22449	0.0486638
0.387755	0.265306	0.047364
0.387755	0.306122	0.0458767
0.387755	0.346939	0.0442078
0.387755	0.387755	0.0423638
0.387755	0.428571	0.0403519
0.387755	0.469388	0.0381801
0.387755	0.510204	0.035857
0.387755	0.55102	0.0333916
0.387755	0.591837	0.0307938
0.387755	0.632653	0.0280739
0.387755	0.673469	0.0252425
0.387755	0.714286	0.022311
0.387755	0.755102	0.0192909
0.387755	0.795918	0.0161942
0.387755	0.836735	0.0130332
0.387755	0.877551	0.00982046
0.387755	0.918367	0.00656872
0.387755	0.959184	0.0032909
0.387755	1	0
0.428571	-1	0.00312039
0.428571	-0.959184	0.00622855
0.428571	-0.918367	0.00931231
0.428571	-0.877551	0.0123596
0.428571	-0.836735	0.0153584
0.428571	-0.795918	0.0182971
0.428571	-0.755102	0.021164
0.428571	-0.714286	0.0239479
0.428571	-0.673469	0.026638
0.428571	-0.632653	0.0292235
0.428571	-0.591837	0.0316944
0.428571	-0.55102	0.0340409
0.428571	-0.510204	0.0362537
0.428571	-0.469388	0.0383241
0.428571	-0.428571	0.040244
0.428571	-0.387755	0.0420057
0.428571	-0.346939	0.0436022
0.428571	-0.306122	0.0450272
0.428571	-0.265306	0.0462751
0.428571	-0.22449	0.0473407
0.428571	-0.183673	0.0482199
0.428571	-0.142857	0.0489091
0.428571	-0.102041	0.0494054
0.428571	-0.0612245	0.049707
0.428571	-0.0204082	0.0498124
0.428571	0.0204082	0.0497212
0.428571	0.0612245	0.0494337
0.428571	0.102041	0.0489508
0.428571	0.142857	0.0482745
0.428571	0.183673	0.0474074
0.428571	0.22449	0.0463527
0.428571	0.265306	0.0451147
0.428571	0.306122	0.043698
0.428571	0.346939	0.0421084
0.428571	0.387755	0.0403519
0.428571	0.428571	0.0384356
0.428571	0.469388	0.036367
0.428571	0.510204	0.0341541
0.428571	0.55102	0.0318059
0.428571	0.591837	0.0293314
0.428571	0.632653	0.0267406
0.428571	0.673469	0.0240437
0.428571	0.714286	0.0212514
0.428571	0.755102	0.0183747
0.428571	0.795918	0.0154251
0.428571	0.836735	0.0124142
0.428571	0.877551	0.00935408
0.428571	0.918367	0.00625677
0.428571	0.959184	0.00313461
0.428571	1	0
0.469388	-1	0.00295244
0.469388	-0.959184	0.00589332
0.469388	-0.918367	0.00881111
0.469388	-0.877551	0.0116944
0.469388	-0.836735	0.0145318
0.469388	-0.795918	0.0173123
0.469388	-0.755102	0.0200249
0.469388	-0.714286	0.022659
0.469388	-0.673469	0.0252043
0.469388	-0.632653	0.0276507
0.469388	-0.591837	0.0299885
0.469388	-0.55102	0.0322087
0.469388	-0.510204	0.0343025
0.469388	-0.469388	0.0362615
0.469388	-0.428571	0.038078
0.469388	-0.387755	0.0397449
0.469388	-0.346939	0.0412555
0.469388	-0.306122	0.0426038
0.469388	-0.265306	0.0437845
0.469388	-0.22449	0.0447928
0.469388	-0.183673	0.0456246
0.469388	-0.142857	0.0462767
0.469388	-0.102041	0.0467464
0.469388	-0.0612245	0.0470317
0.469388	-0.0204082	0.0471314
0.469388	0.0204082	0.0470451
0.469388	0.0612245	0.0467731
0.469388	0.102041	0.0463162
0.469388	0.142857	0.0456763
0.469388	0.183673	0.0448559
0.469388	0.22449	0.043858
0.469388	0.265306	0.0426865
0.469388	0.306122	0.0413462
0.469388	0.346939	0.039842
0.469388	0.387755	0.0381801
0.469388	0.428571	0.036367
0.469388	0.469388	0.0344096
0.469388	0.510204	0.0323159
0.469388	0.55102	0.030094
0.469388	0.591837	0.0277528
0.469388	0.632653	0.0253014
0.469388	0.673469	0.0227497
0.469388	0.714286	0.0201076
0.469388	0.755102	0.0173858
0.469388	0.795918	0.0145949
0.469388	0.836735	0.0117461
0.469388	0.877551	0.00885063
0.469388	0.918367	0.00592002
0.469388	0.959184	0.0029659
0.469388	1	0
0.510204	-1	0.0027728
0.510204	-0.959184	0.00553473
0.510204	-0.918367	0.00827497
0.510204	-0.877551	0.0109828
0.510204	-0.836735	0.0136476
0.510204	-0.795918	0.0162589
0.510204	-0.755102	0.0188064
0.510204	-0.714286	0.0212803
0.510204	-0.673469	0.0236707
0.510204	-0.632653	0.0259682
0.510204	-0.591837	0.0281638
0.510204	-0.55102	0.0302489
0.510204	-0.510204	0.0322153
0.510204	-0.469388	0.0340551
0.510204	-0.428571	0.0357611
0.510204	-0.387755	0.0373265
0.510204	-0.346939	0.0387452
0.510204	-0.306122	0.0400115
0.510204	-0.265306	0.0411203
0.510204	-0.22449	0.0420672
0.510204	-0.183673	0.0428485
0.510204	-0.142857	0.0434609
0.510204	-0.102041	0.043902
0.510204	-0.0612245	0.0441699
0.510204	-0.0204082	0.0442636
0.510204	0.0204082	0.0441826
0.510204	0.0612245	0.0439271
0.510204	0.102041	0.043498
0.510204	0.142857	0.0428971
0.510204	0.183673	0.0421265
0.510204	0.22449	0.0411893
0.510204	0.265306	0.0400892
0.510204	0.306122	0.0388303
0.510204	0.346939	0.0374178
0.510204	0.387755	0.035857
0.510204	0.428571	0.0341541
0.510204	0.469388	0.0323159
0.510204	0.510204	0.0303496
0.510204	0.55102	0.0282629
0.510204	0.591837	0.0260641
0.510204	0.632653	0.0237619
0.510204	0.673469	0.0213654
0.510204	0.714286	0.0188841
0.510204	0.755102	0.0163279
0.510204	0.795918	0.0137069
0.510204	0.836735	0.0110314
0.510204	0.877551	0.0083121
0.510204	0.918367	0.00555981
0.510204	0.959184	0.00278543
0.510204	1	0
0.55102	-1	0.00258215
0.55102	-0.959184	0.00515419
0.55102	-0.918367	0.00770603
0.55102	-0.877551	0.0102277
0.55102	-0.836735	0.0127092
0.55102	-0.795918	0.015141
0.55102	-0.755102	0.0175134
0.55102	-0.714286	0.0198172
0.55102	-0.673469	0.0220432
0.55102	-0.632653	0.0241827
0.55102	-0.591837	0.0262274
0.55102	-0.55102	0.0281692
0.55102	-0.510204	0.0300003
0.55102	-0.469388	0.0317136
0.55102	-0.428571	0.0333023
0.55102	-0.387755	0.0347601
0.55102	-0.346939	0.0360813
0.55102	-0.306122	0.0372605
0.55102	-0.265306	0.0382931
0.55102	-0.22449	0.0391749
0.55102	-0.183673	0.0399024
0.55102	-0.142857	0.0404727
0.55102	-0.102041	0.0408835
0.55102	-0.0612245	0.041133
0.55102	-0.0204082	0.0412203
0.55102	0.0204082	0.0411448
0.55102	0.0612245	0.0409069
0.55102	0.102041	0.0405073
0.55102	0.142857	0.0399477
0.55102	0.183673	0.0392301
0.55102	0.22449	0.0383574
0.55102	0.265306	0.0373328
0.55102	0.306122	0.0361606
0.55102	0.346939	0.0348451
0.55102	0.387755	0.0333916
0.55102	0.428571	0.0318059
0.55102	0.469388	0.030094
0.55102	0.510204	0.0282629
0.55102	0.55102	0.0263197
0.55102	0.591837	0.0242721
0.55102	0.632653	0.0221282
0.55102	0.673469	0.0198964
0.55102	0.714286	0.0175858
0.55102	0.755102	0.0152053
0.55102	0.795918	0.0127644
0.55102	0.836735	0.0102729
0.55102	0.877551	0.0077406
0.55102	0.918367	0.00517754
0.55102	0.959184	0.00259392
0.55102	1	0
0.591837	-1	0.00238127
0.591837	-0.959184	0.0047532
0.591837	-0.918367	0.00710652
0.591837	-0.877551	0.00943199
0.591837	-0.836735	0.0117205
0.591837	-0.795918	0.0139631
0.591837	-0.755102	0.0161509
0.591837	-0.714286	0.0182754
0.591837	-0.673469	0.0203283
0.591837	-0.632653	0.0223014
0.591837	-0.591837	0.024187
0.591837	-0.55102	0.0259777
0.591837	-0.510204	0.0276663
0.591837	-0.469388	0.0292464
0.591837	-0.428571	0.0307115
0.591837	-0.387755	0.0320559
0.591837	-0.346939	0.0332742
0.591837	-0.306122	0.0343617
0.591837	-0.265306	0.035314
0.591837	-0.22449	0.0361272
0.591837	-0.183673	0.0367981
0.591837	-0.142857	0.0373241
0.591837	-0.102041	0.0377029
0.591837	-0.0612245	0.037933
0.591837	-0.0204082	0.0380134
0.591837	0.0204082	0.0379438
0.591837	0.0612245	0.0377244
0.591837	0.102041	0.0373559
0.591837	0.142857	0.0368398
0.591837	0.183673	0.0361781
0.591837	0.22449	0.0353732
0.591837	0.265306	0.0344284
0.591837	0.306122	0.0333474
0.591837	0.346939	0.0321342
0.591837	0.387755	0.0307938
0.591837	0.428571	0.0293314
0.591837	0.469388	0.0277528
0.591837	0.510204	0.0260641
0.591837	0.55102	0.0242721
0.591837	0.591837	0.0223837
0.591837	0.632653	0.0204066
0.591837	0.673469	0.0183485
0.591837	0.714286	0.0162176
0.591837	0.755102	0.0140224
0.591837	0.795918	0.0117714
0.591837	0.836735	0.00947371
0.591837	0.877551	0.0071384
0.591837	0.918367	0.00477474
0.591837	0.959184	0.00239212
0.591837	1	0
0.632653	-1	0.00217093
0.632653	-0.959184	0.00433336
0.632653	-0.918367	0.00647881
0.632653	-0.877551	0.00859888
0.632653	-0.836735	0.0106852
0.632653	-0.795918	0.0127297
0.632653	-0.755102	0.0147243
0.632653	-0.714286	0.0166612
0.632653	-0.673469	0.0185327
0.632653	-0.632653	0.0203315
0.632653	-0.591837	0.0220506
0.632653	-0.55102	0.0236831
0.632653	-0.510204	0.0252226
0.632653	-0.469388	0.0266631
0.632653	-0.428571	0.0279988
0.632653	-0.387755	0.0292244
0.632653	-0.346939	0.0303352
0.632653	-0.306122	0.0313266
0.632653	-0.265306	0.0321948
0.632653	-0.22449	0.0329361
0.632653	-0.183673	0.0335478
0.632653	-0.142857	0.0340273
0.632653	-0.102041	0.0343726
0.632653	-0.0612245	0.0345824
0.632653	-0.0204082	0.0346558
0.632653	0.0204082	0.0345923
0.632653	0.0612245	0.0343923
0.632653	0.102041	0.0340564
0.632653	0.142857	0.0335858
0.632653	0.183673	0.0329825
0.632653	0.22449	0.0322488
0.632653	0.265306	0.0313874
0.632653	0.306122	0.0304019
0.632653	0.346939	0.0292959
0.632653	0.387755	0.0280739
0.632653	0.428571	0.0267406
0.632653	0.469388	0.0253014
0.632653	0.510204	0.0237619
0.632653	0.55102	0.0221282
0.632653	0.591837	0.0204066
0.632653	0.632653	0.0186042
0.632653	0.673469	0.0167279
0.632653	0.714286	0.0147852
0.632653	0.755102	0.0127838
0.632653	0.795918	0.0107317
0.632653	0.836735	0.00863691
0.632653	0.877551	0.00650788
0.632653	0.918367	0.004353
0.632653	0.959184	0.00218083
0.632653	1	0
0.673469	-1	0.00195199
0.673469	-0.959184	0.00389633
0.673469	-0.918367	0.0058254
0.673469	-0.877551	0.00773165
0.673469	-0.836735	0.0096076
0.673469	-0.795918	0.0114459
0.673469	-0.755102	0.0132393
0.673469	-0.714286	0.0149808
0.673469	-0.673469	0.0166636
0.673469	-0.632653	0.018281
0.673469	-0.591837	0.0198267
0.673469	-0.55102	0.0212946
0.673469	-0.510204	0.0226788
0.673469	-0.469388	0.023974
0.673469	-0.428571	0.025175
0.673469	-0.387755	0.026277
0.673469	-0.346939	0.0272758
0.673469	-0.306122	0.0281672
0.673469	-0.265306	0.0289478
0.673469	-0.22449	0.0296144
0.673469	-0.183673	0.0301644
0.673469	-0.142857	0.0305955
0.673469	-0.102041	0.030906
0.673469	-0.0612245	0.0310947
0.673469	-0.0204082	0.0311606
0.673469	0.0204082	0.0311036
0.673469	0.0612245	0.0309237
0.673469	0.102041	0.0306216
0.673469	0.142857	0.0301986
0.673469	0.183673	0.0296561
0.673469	0.22449	0.0289964
0.673469	0.265306	0.0282219
0.673469	0.306122	0.0273357
0.673469	0.346939	0.0263413
0.673469	0.387755	0.0252425
0.673469	0.428571	0.0240437
0.673469	0.469388	0.0227497
0.673469	0.510204	0.0213654
0.673469	0.55102	0.0198964
0.673469	0.591837	0.0183485
0.673469	0.632653	0.0167279
0.673469	0.673469	0.0150408
0.673469	0.714286	0.013294
0.673469	0.755102	0.0114945
0.673469	0.795918	0.00964933
0.673469	0.836735	0.00776585
0.673469	0.877551	0.00585153
0.673469	0.918367	0.00391398
0.673469	0.959184	0.00196088
0.673469	1	0
0.714286	-1	0.00172529
0.714286	-0.959184	0.00344383
0.714286	-0.918367	0.00514887
0.714286	-0.877551	0.00683373
0.714286	-0.836735	0.00849182
0.714286	-0.795918	0.0101166
0.714286	-0.755102	0.0117018
0.714286	-0.714286	0.013241
0.714286	-0.673469	0.0147284
0.714286	-0.632653	0.016158
0.714286	-0.591837	0.0175241
0.714286	-0.55102	0.0188215
0.714286	-0.510204	0.020045
0.714286	-0.469388	0.0211898
0.714286	-0.428571	0.0222513
0.714286	-0.387755	0.0232254
0.714286	-0.346939	0.0241081
0.714286	-0.306122	0.024896
0.714286	-0.265306	0.0255859
0.714286	-0.22449	0.0261751
0.714286	-0.183673	0.0266612
0.714286	-0.142857	0.0270423
0.714286	-0.102041	0.0273168
0.714286	-0.0612245	0.0274835
0.714286	-0.0204082	0.0275418
0.714286	0.0204082	0.0274913
0.714286	0.0612245	0.0273324
0.714286	0.102041	0.0270654
0.714286	0.142857	0.0266915
0.714286	0.183673	0.026212
0.714286	0.22449	0.0256289
0.714286	0.265306	0.0249443
0.714286	0.306122	0.0241611
0.714286	0.346939	0.0232821
0.714286	0.387755	0.022311
0.714286	0.428571	0.0212514
0.714286	0.469388	0.0201076
0.714286	0.510204	0.0188841
0.714286	0.55102	0.0175858
0.714286	0.591837	0.0162176
0.714286	0.632653	0.0147852
0.714286	0.673469	0.013294
0.714286	0.714286	0.0117501
0.714286	0.755102	0.0101596
0.714286	0.795918	0.0085287
0.714286	0.836735	0.00686396
0.714286	0.877551	0.00517196
0.714286	0.918367	0.00345943
0.714286	0.959184	0.00173316
0.714286	1	0
0.755102	-1	0.00149175
0.755102	-0.959184	0.00297766
0.755102	-0.918367	0.0044519
0.755102	-0.877551	0.00590869
0.755102	-0.836735	0.00734233
0.755102	-0.795918	0.0087472
0.755102	-0.755102	0.0101178
0.755102	-0.714286	0.0114487
0.755102	-0.673469	0.0127347
0.755102	-0.632653	0.0139708
0.755102	-0.591837	0.015152
0.755102	-0.55102	0.0162738
0.755102	-0.510204	0.0173316
0.755102	-0.469388	0.0183215
0.755102	-0.428571	0.0192393
0.755102	-0.387755	0.0200815
0.755102	-0.346939	0.0208447
0.755102	-0.306122	0.021526
0.755102	-0.265306	0.0221225
0.755102	-0.22449	0.022632
0.755102	-0.183673	0.0230523
0.755102	-0.142857	0.0233817
0.755102	-0.102041	0.023619
0.755102	-0.0612245	0.0237632
0.755102	-0.0204082	0.0238136
0.755102	0.0204082	0.02377
0.755102	0.0612245	0.0236325
0.755102	0.102041	0.0234017
0.755102	0.142857	0.0230784
0.755102	0.183673	0.0226639
0.755102	0.22449	0.0221597
0.755102	0.265306	0.0215678
0.755102	0.306122	0.0208905
0.755102	0.346939	0.0201306
0.755102	0.387755	0.0192909
0.755102	0.428571	0.0183747
0.755102	0.469388	0.0173858
0.755102	0.510204	0.0163279
0.755102	0.55102	0.0152053
0.755102	0.591837	0.0140224
0.755102	0.632653	0.0127838
0.755102	0.673469	0.0114945
0.755102	0.714286	0.0101596
0.755102	0.755102	0.00878434
0.755102	0.795918	0.00737422
0.755102	0.836735	0.00593483
0.755102	0.877551	0.00447187
0.755102	0.918367	0.00299115
0.755102	0.959184	0.00149855
0.755102	1	0
0.795918	-1	0.00125229
0.795918	-0.959184	0.00249966
0.795918	-0.918367	0.00373725
0.795918	-0.877551	0.00496019
0.795918	-0.836735	0.0061637
0.795918	-0.795918	0.00734305
0.795918	-0.755102	0.00849361
0.795918	-0.714286	0.00961087
0.795918	-0.673469	0.0106904
0.795918	-0.632653	0.0117281
0.795918	-0.591837	0.0127197
0.795918	-0.55102	0.0136614
0.795918	-0.510204	0.0145495
0.795918	-0.469388	0.0153804
0.795918	-0.428571	0.0161509
0.795918	-0.387755	0.0168579
0.795918	-0.346939	0.0174986
0.795918	-0.306122	0.0180705
0.795918	-0.265306	0.0185713
0.795918	-0.22449	0.0189989
0.795918	-0.183673	0.0193518
0.795918	-0.142857	0.0196284
0.795918	-0.102041	0.0198276
0.795918	-0.0612245	0.0199486
0.795918	-0.0204082	0.0199909
0.795918	0.0204082	0.0199543
0.795918	0.0612245	0.0198389
0.795918	0.102041	0.0196451
0.795918	0.142857	0.0193737
0.795918	0.183673	0.0190257
0.795918	0.22449	0.0186025
0.795918	0.265306	0.0181056
0.795918	0.306122	0.0175371
0.795918	0.346939	0.0168991
0.795918	0.387755	0.0161942
0.795918	0.428571	0.0154251
0.795918	0.469388	0.0145949
0.795918	0.510204	0.0137069
0.795918	0.55102	0.0127644
0.795918	0.591837	0.0117714
0.795918	0.632653	0.0107317
0.795918	0.673469	0.00964933
0.795918	0.714286	0.0085287
0.795918	0.755102	0.00737422
0.795918	0.795918	0.00619047
0.795918	0.836735	0.00498213
0.795918	0.877551	0.00375402
0.795918	0.918367	0.00251099
0.795918	0.959184	0.00125799
0.795918	1	0
0.836735	-1	0.00100785
0.836735	-0.959184	0.00201175
0.836735	-0.918367	0.00300777
0.836735	-0.877551	0.003992
0.836735	-0.836735	0.00496059
0.836735	-0.795918	0.00590974
0.836735	-0.755102	0.00683572
0.836735	-0.714286	0.0077349
0.836735	-0.673469	0.00860375
0.836735	-0.632653	0.00943885
0.836735	-0.591837	0.0102369
0.836735	-0.55102	0.0109948
0.836735	-0.510204	0.0117095
0.836735	-0.469388	0.0123782
0.836735	-0.428571	0.0129983
0.836735	-0.387755	0.0135673
0.836735	-0.346939	0.014083
0.836735	-0.306122	0.0145433
0.836735	-0.265306	0.0149463
0.836735	-0.22449	0.0152905
0.836735	-0.183673	0.0155745
0.836735	-0.142857	0.0157971
0.836735	-0.102041	0.0159574
0.836735	-0.0612245	0.0160548
0.836735	-0.0204082	0.0160888
0.836735	0.0204082	0.0160594
0.836735	0.0612245	0.0159665
0.836735	0.102041	0.0158105
0.836735	0.142857	0.0155921
0.836735	0.183673	0.015312
0.836735	0.22449	0.0149714
0.836735	0.265306	0.0145715
0.836735	0.306122	0.014114
0.836735	0.346939	0.0136005
0.836735	0.387755	0.0130332
0.836735	0.428571	0.0124142
0.836735	0.469388	0.0117461
0.836735	0.510204	0.0110314
0.836735	0.55102	0.0102729
0.836735	0.591837	0.00947371
0.836735	0.632653	0.00863691
0.836735	0.673469	0.00776585
0.836735	0.714286	0.00686396
0.836735	0.755102	0.00593483
0.836735	0.795918	0.00498213
0.836735	0.836735	0.00400966
0.836735	0.877551	0.00302126
0.836735	0.918367	0.00202086
0.836735	0.959184	0.00101244
0.836735	1	0
0.877551	-1	0.000759409
0.877551	-0.959184	0.00151584
0.877551	-0.918367	0.00226634
0.877551	-0.877551	0.00300795
0.877551	-0.836735	0.00373778
0.877551	-0.795918	0.00445296
0.877551	-0.755102	0.00515068
0.877551	-0.714286	0.00582821
0.877551	-0.673469	0.00648289
0.877551	-0.632653	0.00711213
0.877551	-0.591837	0.00771347
0.877551	-0.55102	0.00828453
0.877551	-0.510204	0.00882307
0.877551	-0.469388	0.00932695
0.877551	-0.428571	0.00979419
0.877551	-0.387755	0.0102229
0.877551	-0.346939	0.0106115
0.877551	-0.306122	0.0109583
0.877551	-0.265306	0.011262
0.877551	-0.22449	0.0115213
0.877551	-0.183673	0.0117353
0.877551	-0.142857	0.011903
0.877551	-0.102041	0.0120238
0.877551	-0.0612245	0.0120972
0.877551	-0.0204082	0.0121229
0.877551	0.0204082	0.0121007
0.877551	0.0612245	0.0120307
0.877551	0.102041	0.0119132
0.877551	0.142857	0.0117486
0.877551	0.183673	0.0115376
0.877551	0.22449	0.0112809
0.877551	0.265306	0.0109796
0.877551	0.306122	0.0106348
0.877551	0.346939	0.0102479
0.877551	0.387755	0.00982046
0.877551	0.428571	0.00935408
0.877551	0.469388	0.00885063
0.877551	0.510204	0.0083121
0.877551	0.55102	0.0077406
0.877551	0.591837	0.0071384
0.877551	0.632653	0.00650788
0.877551	0.673469	0.00585153
0.877551	0.714286	0.00517196
0.877551	0.755102	0.00447187
0.877551	0.795918	0.00375402
0.877551	0.836735	0.00302126
0.877551	0.877551	0.00227651
0.877551	0.918367	0.00152271
0.877551	0.959184	0.000762871
0.877551	1	0
0.918367	-1	0.000507955
0.918367	-0.959184	0.00101392
0.918367	-0.918367	0.00151591
0.918367	-0.877551	0.00201196
0.918367	-0.836735	0.00250013
0.918367	-0.795918	0.0029785
0.918367	-0.755102	0.0034452
0.918367	-0.714286	0.00389838
0.918367	-0.673469	0.00433628
0.918367	-0.632653	0.00475717
0.918367	-0.591837	0.00515939
0.918367	-0.55102	0.00554137
0.918367	-0.510204	0.00590159
0.918367	-0.469388	0.00623862
0.918367	-0.428571	0.00655115
0.918367	-0.387755	0.00683793
0.918367	-0.346939	0.00709782
0.918367	-0.306122	0.00732979
0.918367	-0.265306	0.00753292
0.918367	-0.22449	0.00770639
0.918367	-0.183673	0.00784951
0.918367	-0.142857	0.0079617
0.918367	-0.102041	0.0080425
0.918367	-0.0612245	0.00809159
0.918367	-0.0204082	0.00810875
0.918367	0.0204082	0.0080939
0.918367	0.0612245	0.0080471
0.918367	0.102041	0.0079685
0.918367	0.142857	0.00785841
0.918367	0.183673	0.00771725
0.918367	0.22449	0.00754557
0.918367	0.265306	0.00734403
0.918367	0.306122	0.00711342
0.918367	0.346939	0.00685465
0.918367	0.387755	0.00656872
0.918367	0.428571	0.00625677
0.918367	0.469388	0.00592002
0.918367	0.510204	0.00555981
0.918367	0.55102	0.00517754
0.918367	0.591837	0.00477474
0.918367	0.632653	0.004353
0.918367	0.673469	0.00391398
0.918367	0.714286	0.00345943
0.918367	0.755102	0.00299115
0.918367	0.795918	0.00251099
0.918367	0.836735	0.00202086
0.918367	0.877551	0.00152271
0.918367	0.918367	0.00101851
0.918367	0.959184	0.00051027
0.918367	1	0
0.959184	-1	0.000254483
0.959184	-0.959184	0.000507968
0.959184	-0.918367	0.000759464
0.959184	-0.877551	0.00100798
0.959184	-0.836735	0.00125255
0.959184	-0.795918	0.00149221
0.959184	-0.755102	0.00172603
0.959184	-0.714286	0.00195307
0.959184	-0.673469	0.00217245
0.959184	-0.632653	0.00238332
0.959184	-0.591837	0.00258483
0.959184	-0.55102	0.0027762
0.959184	-0.510204	0.00295666
0.959184	-0.469388	0.00312552
0.959184	-0.428571	0.00328209
0.959184	-0.387755	0.00342577
0.959184	-0.346939	0.00355597
0.959184	-0.306122	0.00367219
0.959184	-0.265306	0.00377395
0.959184	-0.22449	0.00386086
0.959184	-0.183673	0.00393256
0.959184	-0.142857	0.00398877
0.959184	-0.102041	0.00402925
0.959184	-0.0612245	0.00405384
0.959184	-0.0204082	0.00406244
0.959184	0.0204082	0.004055
0.959184	0.0612245	0.00403155
0.959184	0.102041	0.00399218
0.959184	0.142857	0.00393702
0.959184	0.183673	0.0038663
0.959184	0.22449	0.00378029
0.959184	0.265306	0.00367932
0.959184	0.306122	0.00356379
0.959184	0.346939	0.00343414
0.959184	0.387755	0.0032909
0.959184	0.428571	0.00313461
0.959184	0.469388	0.0029659
0.959184	0.510204	0.00278543
0.959184	0.55102	0.00259392
0.959184	0.591837	0.00239212
0.959184	0.632653	0.00218083
0.959184	0.673469	0.00196088
0.959184	0.714286	0.00173316
0.959184	0.755102	0.00149855
0.959184	0.795918	0.00125799
0.959184	0.836735	0.00101244
0.959184	0.877551	0.000762871
0.959184	0.918367	0.00051027
0.959184	0.959184	0.000255643
0.959184	1	0
1	-1	0
1	-0.959184	0
1	-0.918367	0
1	-0.877551	0
1	-0.836735	0
1	-0.795918	0
1	-0.755102	0
1	-0.714286	0
1	-0.673469	0
1	-0.632653	0
1	-0.591837	0
1	-0.55102	0
1	-0.510204	0
1	-0.469388	0
1	-0.428571	0
1	-0.387755	0
1	-0.346939	0
1	-0.306122	0
1	-0.265306	0
1	-0.22449	0
1	-0.183673	0
1	-0.142857	0
1	-0.102041	0
1	-0.0612245	0
1	-0.0204082	0
1	0.0204082	0
1	0.0612245	0
1	0.102041	0
1	0.142857	0
1	0.183673	0
1	0.22449	0
1	0.265306	0
1	0.306122	0
1	0.346939	0
1	0.387755	0
1	0.428571	0
1	0.469388	0
1	0.510204	0
1	0.55102	0
1	0.591837	0
1	0.632653	0
1	0.673469	0
1	0.714286	0
1	0.755102	0
1	0.795918	0
1	0.836735	0
1	0.877551	0
1	0.918367	0
1	0.959184	0
1	1	0
