-1	-1	0.000423996
-1	-0.959184	0.000846351
-1	-0.918367	0.00126543
-1	-0.877551	0.0016796
-1	-0.836735	0.00208727
-1	-0.795918	0.00248684
-1	-0.755102	0.00287677
-1	-0.714286	0.00325553
-1	-0.673469	0.00362164
-1	-0.632653	0.00397368
-1	-0.591837	0.00431025
-1	-0.55102	0.00463004
-1	-0.510204	0.00493179
-1	-0.469388	0.00521429
-1	-0.428571	0.00547643
-1	-0.387755	0.00571715
-1	-0.346939	0.0059355
-1	-0.306122	0.00613058
-1	-0.265306	0.00630162
-1	-0.22449	0.00644791
-1	-0.183673	0.00656886
-1	-0.142857	0.00666395
-1	-0.102041	0.00673278
-1	-0.0612245	0.00677506
-1	-0.0204082	0.00679059
-1	0.0204082	0.00677929
-1	0.0612245	0.00674118
-1	0.102041	0.00667638
-1	0.142857	0.00658513
-1	0.183673	0.00646778
-1	0.22449	0.00632475
-1	0.265306	0.00615662
-1	0.306122	0.00596403
-1	0.346939	0.00574772
-1	0.387755	0.00550856
-1	0.428571	0.00524748
-1	0.469388	0.00496551
-1	0.510204	0.00466377
-1	0.55102	0.00434344
-1	0.591837	0.00400581
-1	0.632653	0.00365221
-1	0.673469	0.00328405
-1	0.714286	0.0029028
-1	0.755102	0.00250997
-1	0.795918	0.00210713
-1	0.836735	0.00169588
-1	0.877551	0.00127787
-1	0.918367	0.000854754
-1	0.959184	0.000428231
-1	1	0
-0.959184	-1	0.000846351
-0.959184	-0.959184	0.00168942
-0.959184	-0.918367	0.00252595
-0.959184	-0.877551	0.0033527
-0.959184	-0.836735	0.00416645
-0.959184	-0.795918	0.00496405
-0.959184	-0.755102	0.00574239
-0.959184	-0.714286	0.00649844
-0.959184	-0.673469	0.00722926
-0.959184	-0.632653	0.00793196
-0.959184	-0.591837	0.00860381
-0.959184	-0.55102	0.00924216
-0.959184	-0.510204	0.00984448
-0.959184	-0.469388	0.0104084
-0.959184	-0.428571	0.0109316
-0.959184	-0.387755	0.0114122
-0.959184	-0.346939	0.011848
-0.959184	-0.306122	0.0122374
-0.959184	-0.265306	0.0125788
-0.959184	-0.22449	0.0128709
-0.959184	-0.183673	0.0131123
-0.959184	-0.142857	0.0133021
-0.959184	-0.102041	0.0134395
-0.959184	-0.0612245	0.0135239
-0.959184	-0.0204082	0.0135549
-0.959184	0.0204082	0.0135323
-0.959184	0.0612245	0.0134563
-0.959184	0.102041	0.0133269
-0.959184	0.142857	0.0131448
-0.959184	0.183673	0.0129105
-0.959184	0.22449	0.012625
-0.959184	0.265306	0.0122894
-0.959184	0.306122	0.011905
-0.959184	0.346939	0.0114732
-0.959184	0.387755	0.0109958
-0.959184	0.428571	0.0104746
-0.959184	0.469388	0.00991179
-0.959184	0.510204	0.00930947
-0.959184	0.55102	0.00867007
-0.959184	0.591837	0.00799611
-0.959184	0.632653	0.00729028
-0.959184	0.673469	0.00655539
-0.959184	0.714286	0.00579436
-0.959184	0.755102	0.00501022
-0.959184	0.795918	0.0042061
-0.959184	0.836735	0.00338519
-0.959184	0.877551	0.00255078
-0.959184	0.918367	0.0017062
-0.959184	0.959184	0.000854804
-0.959184	1	0
-0.918367	-1	0.00126543
-0.918367	-0.959184	0.00252595
-0.918367	-0.918367	0.0037767
-0.918367	-0.877551	0.00501281
-0.918367	-0.836735	0.0062295
-0.918367	-0.795918	0.00742203
-0.918367	-0.755102	0.00858578
-0.918367	-0.714286	0.00971619
-0.918367	-0.673469	0.0108089
-0.918367	-0.632653	0.0118595
-0.918367	-0.591837	0.0128641
-0.918367	-0.55102	0.0138185
-0.918367	-0.510204	0.014719
-0.918367	-0.469388	0.0155622
-0.918367	-0.428571	0.0163445
-0.918367	-0.387755	0.017063
-0.918367	-0.346939	0.0177146
-0.918367	-0.306122	0.0182969
-0.918367	-0.265306	0.0188073
-0.918367	-0.22449	0.019244
-0.918367	-0.183673	0.0196049
-0.918367	-0.142857	0.0198887
-0.918367	-0.102041	0.0200941
-0.918367	-0.0612245	0.0202203
-0.918367	-0.0204082	0.0202667
-0.918367	0.0204082	0.020233
-0.918367	0.0612245	0.0201192
-0.918367	0.102041	0.0199258
-0.918367	0.142857	0.0196535
-0.918367	0.183673	0.0193032
-0.918367	0.22449	0.0188764
-0.918367	0.265306	0.0183746
-0.918367	0.306122	0.0177998
-0.918367	0.346939	0.0171542
-0.918367	0.387755	0.0164404
-0.918367	0.428571	0.0156612
-0.918367	0.469388	0.0148197
-0.918367	0.510204	0.0139191
-0.918367	0.55102	0.0129631
-0.918367	0.591837	0.0119554
-0.918367	0.632653	0.0109001
-0.918367	0.673469	0.00980134
-0.918367	0.714286	0.00866348
-0.918367	0.755102	0.00749107
-0.918367	0.795918	0.00628877
-0.918367	0.836735	0.00506139
-0.918367	0.877551	0.00381382
-0.918367	0.918367	0.00255103
-0.918367	0.959184	0.00127807
-0.918367	1	0
-0.877551	-1	0.0016796
-0.877551	-0.959184	0.0033527
-0.877551	-0.918367	0.00501281
-0.877551	-0.877551	0.0066535
-0.877551	-0.836735	0.00826841
-0.877551	-0.795918	0.00985126
-0.877551	-0.755102	0.0113959
-0.877551	-0.714286	0.0128963
-0.877551	-0.673469	0.0143466
-0.877551	-0.632653	0.0157412
-0.877551	-0.591837	0.0170745
-0.877551	-0.55102	0.0183413
-0.877551	-0.510204	0.0195366
-0.877551	-0.469388	0.0206557
-0.877551	-0.428571	0.0216941
-0.877551	-0.387755	0.0226477
-0.877551	-0.346939	0.0235126
-0.877551	-0.306122	0.0242854
-0.877551	-0.265306	0.024963
-0.877551	-0.22449	0.0255425
-0.877551	-0.183673	0.0260216
-0.877551	-0.142857	0.0263983
-0.877551	-0.102041	0.026671
-0.877551	-0.0612245	0.0268384
-0.877551	-0.0204082	0.0269
-0.877551	0.0204082	0.0268552
-0.877551	0.0612245	0.0267042
-0.877551	0.102041	0.0264476
-0.877551	0.142857	0.0260861
-0.877551	0.183673	0.0256212
-0.877551	0.22449	0.0250546
-0.877551	0.265306	0.0243886
-0.877551	0.306122	0.0236256
-0.877551	0.346939	0.0227688
-0.877551	0.387755	0.0218214
-0.877551	0.428571	0.0207872
-0.877551	0.469388	0.0196702
-0.877551	0.510204	0.0184749
-0.877551	0.55102	0.0172059
-0.877551	0.591837	0.0158685
-0.877551	0.632653	0.0144677
-0.877551	0.673469	0.0130093
-0.877551	0.714286	0.011499
-0.877551	0.755102	0.00994289
-0.877551	0.795918	0.00834709
-0.877551	0.836735	0.00671799
-0.877551	0.877551	0.00506209
-0.877551	0.918367	0.00338599
-0.877551	0.959184	0.00169638
-0.877551	1	0
-0.836735	-1	0.00208727
-0.836735	-0.959184	0.00416645
-0.836735	-0.918367	0.0062295
-0.836735	-0.877551	0.00826841
-0.836735	-0.836735	0.0102753
-0.836735	-0.795918	0.0122423
-0.836735	-0.755102	0.0141619
-0.836735	-0.714286	0.0160264
-0.836735	-0.673469	0.0178288
-0.836735	-0.632653	0.0195618
-0.836735	-0.591837	0.0212187
-0.836735	-0.55102	0.022793
-0.836735	-0.510204	0.0242784
-0.836735	-0.469388	0.0256691
-0.836735	-0.428571	0.0269596
-0.836735	-0.387755	0.0281446
-0.836735	-0.346939	0.0292195
-0.836735	-0.306122	0.0301799
-0.836735	-0.265306	0.0310219
-0.836735	-0.22449	0.0317421
-0.836735	-0.183673	0.0323374
-0.836735	-0.142857	0.0328055
-0.836735	-0.102041	0.0331444
-0.836735	-0.0612245	0.0333525
-0.836735	-0.0204082	0.033429
-0.836735	0.0204082	0.0333734
-0.836735	0.0612245	0.0331858
-0.836735	0.102041	0.0328668
-0.836735	0.142857	0.0324176
-0.836735	0.183673	0.0318398
-0.836735	0.22449	0.0311358
-0.836735	0.265306	0.0303081
-0.836735	0.306122	0.02936
-0.836735	0.346939	0.0282951
-0.836735	0.387755	0.0271178
-0.836735	0.428571	0.0258325
-0.836735	0.469388	0.0244444
-0.836735	0.510204	0.022959
-0.836735	0.55102	0.0213821
-0.836735	0.591837	0.01972
-0.836735	0.632653	0.0179793
-0.836735	0.673469	0.0161669
-0.836735	0.714286	0.01429
-0.836735	0.755102	0.0123562
-0.836735	0.795918	0.0103731
-0.836735	0.836735	0.00834855
-0.836735	0.877551	0.00629073
-0.836735	0.918367	0.00420782
-0.836735	0.959184	0.00210811
-0.836735	1	0
-0.795918	-1	0.00248684
-0.795918	-0.959184	0.00496405
-0.795918	-0.918367	0.00742203
-0.795918	-0.877551	0.00985126
-0.795918	-0.836735	0.0122423
-0.795918	-0.795918	0.0145859
-0.795918	-0.755102	0.0168729
-0.795918	-0.714286	0.0190944
-0.795918	-0.673469	0.0212418
-0.795918	-0.632653	0.0233066
-0.795918	-0.591837	0.0252807
-0.795918	-0.55102	0.0271563
-0.795918	-0.510204	0.0289261
-0.795918	-0.469388	0.0305831
-0.795918	-0.428571	0.0321205
-0.795918	-0.387755	0.0335325
-0.795918	-0.346939	0.0348131
-0.795918	-0.306122	0.0359573
-0.795918	-0.265306	0.0369605
-0.795918	-0.22449	0.0378186
-0.795918	-0.183673	0.0385279
-0.795918	-0.142857	0.0390856
-0.795918	-0.102041	0.0394894
-0.795918	-0.0612245	0.0397373
-0.795918	-0.0204082	0.0398285
-0.795918	0.0204082	0.0397622
-0.795918	0.0612245	0.0395386
-0.795918	0.102041	0.0391586
-0.795918	0.142857	0.0386234
-0.795918	0.183673	0.037935
-0.795918	0.22449	0.0370962
-0.795918	0.265306	0.03611
-0.795918	0.306122	0.0349804
-0.795918	0.346939	0.0337118
-0.795918	0.387755	0.032309
-0.795918	0.428571	0.0307777
-0.795918	0.469388	0.0291239
-0.795918	0.510204	0.0273541
-0.795918	0.55102	0.0254753
-0.795918	0.591837	0.023495
-0.795918	0.632653	0.0214211
-0.795918	0.673469	0.0192618
-0.795918	0.714286	0.0170256
-0.795918	0.755102	0.0147216
-0.795918	0.795918	0.0123588
-0.795918	0.836735	0.00994674
-0.795918	0.877551	0.00749499
-0.795918	0.918367	0.00501334
-0.795918	0.959184	0.00251168
-0.795918	1	0
-0.755102	-1	0.00287677
-0.755102	-0.959184	0.00574239
-0.755102	-0.918367	0.00858578
-0.755102	-0.877551	0.0113959
-0.755102	-0.836735	0.0141619
-0.755102	-0.795918	0.0168729
-0.755102	-0.755102	0.0195185
-0.755102	-0.714286	0.0220884
-0.755102	-0.673469	0.0245724
-0.755102	-0.632653	0.0269609
-0.755102	-0.591837	0.0292446
-0.755102	-0.55102	0.0314143
-0.755102	-0.510204	0.0334616
-0.755102	-0.469388	0.0353783
-0.755102	-0.428571	0.0371569
-0.755102	-0.387755	0.0387902
-0.755102	-0.346939	0.0402717
-0.755102	-0.306122	0.0415953
-0.755102	-0.265306	0.0427558
-0.755102	-0.22449	0.0437483
-0.755102	-0.183673	0.0445689
-0.755102	-0.142857	0.0452141
-0.755102	-0.102041	0.0456811
-0.755102	-0.0612245	0.045968
-0.755102	-0.0204082	0.0460734
-0.755102	0.0204082	0.0459967
-0.755102	0.0612245	0.0457381
-0.755102	0.102041	0.0452985
-0.755102	0.142857	0.0446794
-0.755102	0.183673	0.0438831
-0.755102	0.22449	0.0429127
-0.755102	0.265306	0.0417719
-0.755102	0.306122	0.0404652
-0.755102	0.346939	0.0389976
-0.755102	0.387755	0.037375
-0.755102	0.428571	0.0356035
-0.755102	0.469388	0.0336904
-0.755102	0.510204	0.0316431
-0.755102	0.55102	0.0294698
-0.755102	0.591837	0.027179
-0.755102	0.632653	0.0247798
-0.755102	0.673469	0.0222819
-0.755102	0.714286	0.0196952
-0.755102	0.755102	0.0170299
-0.755102	0.795918	0.0142966
-0.755102	0.836735	0.0115063
-0.755102	0.877551	0.00867017
-0.755102	0.918367	0.00579941
-0.755102	0.959184	0.0029055
-0.755102	1	0
-0.714286	-1	0.00325553
-0.714286	-0.959184	0.00649844
-0.714286	-0.918367	0.00971619
-0.714286	-0.877551	0.0128963
-0.714286	-0.836735	0.0160264
-0.714286	-0.795918	0.0190944
-0.714286	-0.755102	0.0220884
-0.714286	-0.714286	0.0249965
-0.714286	-0.673469	0.0278076
-0.714286	-0.632653	0.0305106
-0.714286	-0.591837	0.0330949
-0.714286	-0.55102	0.0355504
-0.714286	-0.510204	0.0378672
-0.714286	-0.469388	0.0400363
-0.714286	-0.428571	0.0420491
-0.714286	-0.387755	0.0438974
-0.714286	-0.346939	0.0455739
-0.714286	-0.306122	0.0470718
-0.714286	-0.265306	0.0483851
-0.714286	-0.22449	0.0495083
-0.714286	-0.183673	0.0504369
-0.714286	-0.142857	0.051167
-0.714286	-0.102041	0.0516956
-0.714286	-0.0612245	0.0520202
-0.714286	-0.0204082	0.0521395
-0.714286	0.0204082	0.0520527
-0.714286	0.0612245	0.0517601
-0.714286	0.102041	0.0512626
-0.714286	0.142857	0.0505619
-0.714286	0.183673	0.0496608
-0.714286	0.22449	0.0485627
-0.714286	0.265306	0.0472717
-0.714286	0.306122	0.0457929
-0.714286	0.346939	0.0441321
-0.714286	0.387755	0.0422958
-0.714286	0.428571	0.0402912
-0.714286	0.469388	0.0381261
-0.714286	0.510204	0.0358093
-0.714286	0.55102	0.0333498
-0.714286	0.591837	0.0307574
-0.714286	0.632653	0.0280424
-0.714286	0.673469	0.0252156
-0.714286	0.714286	0.0222883
-0.714286	0.755102	0.019272
-0.714286	0.795918	0.0161789
-0.714286	0.836735	0.0130213
-0.714286	0.877551	0.0098117
-0.714286	0.918367	0.00656296
-0.714286	0.959184	0.00328804
-0.714286	1	0
-0.673469	-1	0.00362164
-0.673469	-0.959184	0.00722926
-0.673469	-0.918367	0.0108089
-0.673469	-0.877551	0.0143466
-0.673469	-0.836735	0.0178288
-0.673469	-0.795918	0.0212418
-0.673469	-0.755102	0.0245724
-0.673469	-0.714286	0.0278076
-0.673469	-0.673469	0.0309349
-0.673469	-0.632653	0.0339419
-0.673469	-0.591837	0.0368168
-0.673469	-0.55102	0.0395483
-0.673469	-0.510204	0.0421257
-0.673469	-0.469388	0.0445388
-0.673469	-0.428571	0.0467779
-0.673469	-0.387755	0.048834
-0.673469	-0.346939	0.0506991
-0.673469	-0.306122	0.0523655
-0.673469	-0.265306	0.0538264
-0.673469	-0.22449	0.055076
-0.673469	-0.183673	0.056109
-0.673469	-0.142857	0.0569213
-0.673469	-0.102041	0.0575092
-0.673469	-0.0612245	0.0578704
-0.673469	-0.0204082	0.0580031
-0.673469	0.0204082	0.0579065
-0.673469	0.0612245	0.057581
-0.673469	0.102041	0.0570275
-0.673469	0.142857	0.0562481
-0.673469	0.183673	0.0552456
-0.673469	0.22449	0.054024
-0.673469	0.265306	0.0525879
-0.673469	0.306122	0.0509428
-0.673469	0.346939	0.0490952
-0.673469	0.387755	0.0470524
-0.673469	0.428571	0.0448223
-0.673469	0.469388	0.0424138
-0.673469	0.510204	0.0398364
-0.673469	0.55102	0.0371003
-0.673469	0.591837	0.0342163
-0.673469	0.632653	0.031196
-0.673469	0.673469	0.0280513
-0.673469	0.714286	0.0247948
-0.673469	0.755102	0.0214394
-0.673469	0.795918	0.0179984
-0.673469	0.836735	0.0144857
-0.673469	0.877551	0.0109151
-0.673469	0.918367	0.00730103
-0.673469	0.959184	0.00365781
-0.673469	1	0
-0.632653	-1	0.00397368
-0.632653	-0.959184	0.00793196
-0.632653	-0.918367	0.0118595
-0.632653	-0.877551	0.0157412
-0.632653	-0.836735	0.0195618
-0.632653	-0.795918	0.0233066
-0.632653	-0.755102	0.0269609
-0.632653	-0.714286	0.0305106
-0.632653	-0.673469	0.0339419
-0.632653	-0.632653	0.0372411
-0.632653	-0.591837	0.0403955
-0.632653	-0.55102	0.0433926
-0.632653	-0.510204	0.0462205
-0.632653	-0.469388	0.0488681
-0.632653	-0.428571	0.0513248
-0.632653	-0.387755	0.0535809
-0.632653	-0.346939	0.0556272
-0.632653	-0.306122	0.0574556
-0.632653	-0.265306	0.0590585
-0.632653	-0.22449	0.0604296
-0.632653	-0.183673	0.061563
-0.632653	-0.142857	0.0624542
-0.632653	-0.102041	0.0630993
-0.632653	-0.0612245	0.0634956
-0.632653	-0.0204082	0.0636412
-0.632653	0.0204082	0.0635353
-0.632653	0.0612245	0.0631781
-0.632653	0.102041	0.0625708
-0.632653	0.142857	0.0617156
-0.632653	0.183673	0.0606157
-0.632653	0.22449	0.0592753
-0.632653	0.265306	0.0576996
-0.632653	0.306122	0.0558946
-0.632653	0.346939	0.0538674
-0.632653	0.387755	0.051626
-0.632653	0.428571	0.0491792
-0.632653	0.469388	0.0465366
-0.632653	0.510204	0.0437086
-0.632653	0.55102	0.0407066
-0.632653	0.591837	0.0375423
-0.632653	0.632653	0.0342284
-0.632653	0.673469	0.030778
-0.632653	0.714286	0.0272049
-0.632653	0.755102	0.0235233
-0.632653	0.795918	0.0197479
-0.632653	0.836735	0.0158937
-0.632653	0.877551	0.0119761
-0.632653	0.918367	0.00801072
-0.632653	0.959184	0.00401337
-0.632653	1	0
-0.591837	-1	0.00431025
-0.591837	-0.959184	0.00860381
-0.591837	-0.918367	0.0128641
-0.591837	-0.877551	0.0170745
-0.591837	-0.836735	0.0212187
-0.591837	-0.795918	0.0252807
-0.591837	-0.755102	0.0292446
-0.591837	-0.714286	0.0330949
-0.591837	-0.673469	0.0368168
-0.591837	-0.632653	0.0403955
-0.591837	-0.591837	0.0438171
-0.591837	-0.55102	0.047068
-0.591837	-0.510204	0.0501354
-0.591837	-0.469388	0.0530073
-0.591837	-0.428571	0.0556721
-0.591837	-0.387755	0.0581193
-0.591837	-0.346939	0.0603389
-0.591837	-0.306122	0.0623221
-0.591837	-0.265306	0.0640609
-0.591837	-0.22449	0.065548
-0.591837	-0.183673	0.0667775
-0.591837	-0.142857	0.0677442
-0.591837	-0.102041	0.0684439
-0.591837	-0.0612245	0.0688737
-0.591837	-0.0204082	0.0690317
-0.591837	0.0204082	0.0689168
-0.591837	0.0612245	0.0685293
-0.591837	0.102041	0.0678706
-0.591837	0.142857	0.066943
-0.591837	0.183673	0.06575
-0.591837	0.22449	0.064296
-0.591837	0.265306	0.0625868
-0.591837	0.306122	0.0606289
-0.591837	0.346939	0.0584301
-0.591837	0.387755	0.0559988
-0.591837	0.428571	0.0533447
-0.591837	0.469388	0.0504783
-0.591837	0.510204	0.0474108
-0.591837	0.55102	0.0441545
-0.591837	0.591837	0.0407222
-0.591837	0.632653	0.0371276
-0.591837	0.673469	0.033385
-0.591837	0.714286	0.0295092
-0.591837	0.755102	0.0255158
-0.591837	0.795918	0.0214206
-0.591837	0.836735	0.0172399
-0.591837	0.877551	0.0129905
-0.591837	0.918367	0.00868924
-0.591837	0.959184	0.0043533
-0.591837	1	0
-0.55102	-1	0.00463004
-0.55102	-0.959184	0.00924216
-0.55102	-0.918367	0.0138185
-0.55102	-0.877551	0.0183413
-0.55102	-0.836735	0.022793
-0.55102	-0.795918	0.0271563
-0.55102	-0.755102	0.0314143
-0.55102	-0.714286	0.0355504
-0.55102	-0.673469	0.0395483
-0.55102	-0.632653	0.0433926
-0.55102	-0.591837	0.047068
-0.55102	-0.55102	0.0505601
-0.55102	-0.510204	0.0538552
-0.55102	-0.469388	0.0569401
-0.55102	-0.428571	0.0598026
-0.55102	-0.387755	0.0624313
-0.55102	-0.346939	0.0648157
-0.55102	-0.306122	0.066946
-0.55102	-0.265306	0.0688138
-0.55102	-0.22449	0.0704113
-0.55102	-0.183673	0.071732
-0.55102	-0.142857	0.0727703
-0.55102	-0.102041	0.073522
-0.55102	-0.0612245	0.0739837
-0.55102	-0.0204082	0.0741533
-0.55102	0.0204082	0.0740299
-0.55102	0.0612245	0.0736138
-0.55102	0.102041	0.0729062
-0.55102	0.142857	0.0719097
-0.55102	0.183673	0.0706282
-0.55102	0.22449	0.0690664
-0.55102	0.265306	0.0672303
-0.55102	0.306122	0.0651272
-0.55102	0.346939	0.0627652
-0.55102	0.387755	0.0601535
-0.55102	0.428571	0.0573025
-0.55102	0.469388	0.0542234
-0.55102	0.510204	0.0509284
-0.55102	0.55102	0.0474304
-0.55102	0.591837	0.0437435
-0.55102	0.632653	0.0398822
-0.55102	0.673469	0.0358619
-0.55102	0.714286	0.0316986
-0.55102	0.755102	0.0274089
-0.55102	0.795918	0.0230099
-0.55102	0.836735	0.018519
-0.55102	0.877551	0.0139543
-0.55102	0.918367	0.00933392
-0.55102	0.959184	0.00467629
-0.55102	1	0
-0.510204	-1	0.00493179
-0.510204	-0.959184	0.00984448
-0.510204	-0.918367	0.014719
-0.510204	-0.877551	0.0195366
-0.510204	-0.836735	0.0242784
-0.510204	-0.795918	0.0289261
-0.510204	-0.755102	0.0334616
-0.510204	-0.714286	0.0378672
-0.510204	-0.673469	0.0421257
-0.510204	-0.632653	0.0462205
-0.510204	-0.591837	0.0501354
-0.510204	-0.55102	0.0538552
-0.510204	-0.510204	0.057365
-0.510204	-0.469388	0.0606509
-0.510204	-0.428571	0.0637
-0.510204	-0.387755	0.0665
-0.510204	-0.346939	0.0690398
-0.510204	-0.306122	0.071309
-0.510204	-0.265306	0.0732984
-0.510204	-0.22449	0.075
-0.510204	-0.183673	0.0764068
-0.510204	-0.142857	0.0775128
-0.510204	-0.102041	0.0783135
-0.510204	-0.0612245	0.0788053
-0.510204	-0.0204082	0.078986
-0.510204	0.0204082	0.0788546
-0.510204	0.0612245	0.0784112
-0.510204	0.102041	0.0776575
-0.510204	0.142857	0.0765961
-0.510204	0.183673	0.0752311
-0.510204	0.22449	0.0735675
-0.510204	0.265306	0.0716118
-0.510204	0.306122	0.0693716
-0.510204	0.346939	0.0668557
-0.510204	0.387755	0.0640738
-0.510204	0.428571	0.061037
-0.510204	0.469388	0.0577572
-0.510204	0.510204	0.0542474
-0.510204	0.55102	0.0505215
-0.510204	0.591837	0.0465943
-0.510204	0.632653	0.0424814
-0.510204	0.673469	0.0381991
-0.510204	0.714286	0.0337644
-0.510204	0.755102	0.0291952
-0.510204	0.795918	0.0245094
-0.510204	0.836735	0.0197259
-0.510204	0.877551	0.0148637
-0.510204	0.918367	0.00994222
-0.510204	0.959184	0.00498105
-0.510204	1	0
-0.469388	-1	0.00521429
-0.469388	-0.959184	0.0104084
-0.469388	-0.918367	0.0155622
-0.469388	-0.877551	0.0206557
-0.469388	-0.836735	0.0256691
-0.469388	-0.795918	0.0305831
-0.469388	-0.755102	0.0353783
-0.469388	-0.714286	0.0400363
-0.469388	-0.673469	0.0445388
-0.469388	-0.632653	0.0488681
-0.469388	-0.591837	0.0530073
-0.469388	-0.55102	0.0569401
-0.469388	-0.510204	0.0606509
-0.469388	-0.469388	0.0641251
-0.469388	-0.428571	0.0673489
-0.469388	-0.387755	0.0703093
-0.469388	-0.346939	0.0729945
-0.469388	-0.306122	0.0753937
-0.469388	-0.265306	0.0774971
-0.469388	-0.22449	0.0792962
-0.469388	-0.183673	0.0807835
-0.469388	-0.142857	0.0819529
-0.469388	-0.102041	0.0827994
-0.469388	-0.0612245	0.0833194
-0.469388	-0.0204082	0.0835104
-0.469388	0.0204082	0.0833715
-0.469388	0.0612245	0.0829028
-0.469388	0.102041	0.0821059
-0.469388	0.142857	0.0809837
-0.469388	0.183673	0.0795404
-0.469388	0.22449	0.0777816
-0.469388	0.265306	0.0757139
-0.469388	0.306122	0.0733453
-0.469388	0.346939	0.0706853
-0.469388	0.387755	0.0677441
-0.469388	0.428571	0.0645333
-0.469388	0.469388	0.0610656
-0.469388	0.510204	0.0573548
-0.469388	0.55102	0.0534155
-0.469388	0.591837	0.0492633
-0.469388	0.632653	0.0449148
-0.469388	0.673469	0.0403872
-0.469388	0.714286	0.0356985
-0.469388	0.755102	0.0308675
-0.469388	0.795918	0.0259134
-0.469388	0.836735	0.0208559
-0.469388	0.877551	0.0157151
-0.469388	0.918367	0.0105117
-0.469388	0.959184	0.00526637
-0.469388	1	0
-0.428571	-1	0.00547643
-0.428571	-0.959184	0.0109316
-0.428571	-0.918367	0.0163445
-0.428571	-0.877551	0.0216941
-0.428571	-0.836735	0.0269596
-0.428571	-0.795918	0.0321205
-0.428571	-0.755102	0.0371569
-0.428571	-0.714286	0.0420491
-0.428571	-0.673469	0.0467779
-0.428571	-0.632653	0.0513248
-0.428571	-0.591837	0.0556721
-0.428571	-0.55102	0.0598026
-0.428571	-0.510204	0.0637
-0.428571	-0.469388	0.0673489
-0.428571	-0.428571	0.0707347
-0.428571	-0.387755	0.0738439
-0.428571	-0.346939	0.0766641
-0.428571	-0.306122	0.0791839
-0.428571	-0.265306	0.0813931
-0.428571	-0.22449	0.0832826
-0.428571	-0.183673	0.0848447
-0.428571	-0.142857	0.0860729
-0.428571	-0.102041	0.086962
-0.428571	-0.0612245	0.0875081
-0.428571	-0.0204082	0.0877087
-0.428571	0.0204082	0.0875628
-0.428571	0.0612245	0.0870705
-0.428571	0.102041	0.0862336
-0.428571	0.142857	0.085055
-0.428571	0.183673	0.0835392
-0.428571	0.22449	0.0816919
-0.428571	0.265306	0.0795202
-0.428571	0.306122	0.0770326
-0.428571	0.346939	0.0742388
-0.428571	0.387755	0.0711498
-0.428571	0.428571	0.0677776
-0.428571	0.469388	0.0641356
-0.428571	0.510204	0.0602382
-0.428571	0.55102	0.0561008
-0.428571	0.591837	0.0517399
-0.428571	0.632653	0.0471728
-0.428571	0.673469	0.0424175
-0.428571	0.714286	0.0374932
-0.428571	0.755102	0.0324193
-0.428571	0.795918	0.0272161
-0.428571	0.836735	0.0219043
-0.428571	0.877551	0.0165052
-0.428571	0.918367	0.0110402
-0.428571	0.959184	0.00553113
-0.428571	1	0
-0.387755	-1	0.00571715
-0.387755	-0.959184	0.0114122
-0.387755	-0.918367	0.017063
-0.387755	-0.877551	0.0226477
-0.387755	-0.836735	0.0281446
-0.387755	-0.795918	0.0335325
-0.387755	-0.755102	0.0387902
-0.387755	-0.714286	0.0438974
-0.387755	-0.673469	0.048834
-0.387755	-0.632653	0.0535809
-0.387755	-0.591837	0.0581193
-0.387755	-0.55102	0.0624313
-0.387755	-0.510204	0.0665
-0.387755	-0.469388	0.0703093
-0.387755	-0.428571	0.0738439
-0.387755	-0.387755	0.0770898
-0.387755	-0.346939	0.080034
-0.387755	-0.306122	0.0826646
-0.387755	-0.265306	0.0849708
-0.387755	-0.22449	0.0869434
-0.387755	-0.183673	0.0885742
-0.387755	-0.142857	0.0898564
-0.387755	-0.102041	0.0907845
-0.387755	-0.0612245	0.0913546
-0.387755	-0.0204082	0.0915641
-0.387755	0.0204082	0.0914117
-0.387755	0.0612245	0.0908978
-0.387755	0.102041	0.0900241
-0.387755	0.142857	0.0887937
-0.387755	0.183673	0.0872112
-0.387755	0.22449	0.0852827
-0.387755	0.265306	0.0830156
-0.387755	0.306122	0.0804187
-0.387755	0.346939	0.0775021
-0.387755	0.387755	0.0742772
-0.387755	0.428571	0.0707568
-0.387755	0.469388	0.0669548
-0.387755	0.510204	0.062886
-0.387755	0.55102	0.0585668
-0.387755	0.591837	0.0540142
-0.387755	0.632653	0.0492463
-0.387755	0.673469	0.0442821
-0.387755	0.714286	0.0391413
-0.387755	0.755102	0.0338443
-0.387755	0.795918	0.0284124
-0.387755	0.836735	0.0228672
-0.387755	0.877551	0.0172307
-0.387755	0.918367	0.0115255
-0.387755	0.959184	0.00577425
-0.387755	1	0
-0.346939	-1	0.0059355
-0.346939	-0.959184	0.011848
-0.346939	-0.918367	0.0177146
-0.346939	-0.877551	0.0235126
-0.346939	-0.836735	0.0292195
-0.346939	-0.795918	0.0348131
-0.346939	-0.755102	0.0402717
-0.346939	-0.714286	0.0455739
-0.346939	-0.673469	0.0506991
-0.346939	-0.632653	0.0556272
-0.346939	-0.591837	0.0603389
-0.346939	-0.55102	0.0648157
-0.346939	-0.510204	0.0690398
-0.346939	-0.469388	0.0729945
-0.346939	-0.428571	0.0766641
-0.346939	-0.387755	0.080034
-0.346939	-0.346939	0.0830906
-0.346939	-0.306122	0.0858216
-0.346939	-0.265306	0.088216
-0.346939	-0.22449	0.0902639
-0.346939	-0.183673	0.091957
-0.346939	-0.142857	0.0932881
-0.346939	-0.102041	0.0942517
-0.346939	-0.0612245	0.0948436
-0.346939	-0.0204082	0.0950611
-0.346939	0.0204082	0.0949029
-0.346939	0.0612245	0.0943694
-0.346939	0.102041	0.0934622
-0.346939	0.142857	0.0921849
-0.346939	0.183673	0.090542
-0.346939	0.22449	0.0885398
-0.346939	0.265306	0.0861861
-0.346939	0.306122	0.08349
-0.346939	0.346939	0.080462
-0.346939	0.387755	0.077114
-0.346939	0.428571	0.0734591
-0.346939	0.469388	0.0695118
-0.346939	0.510204	0.0652877
-0.346939	0.55102	0.0608036
-0.346939	0.591837	0.0560771
-0.346939	0.632653	0.0511271
-0.346939	0.673469	0.0459733
-0.346939	0.714286	0.0406361
-0.346939	0.755102	0.0351369
-0.346939	0.795918	0.0294975
-0.346939	0.836735	0.0237405
-0.346939	0.877551	0.0178888
-0.346939	0.918367	0.0119656
-0.346939	0.959184	0.00599478
-0.346939	1	0
-0.306122	-1	0.00613058
-0.306122	-0.959184	0.0122374
-0.306122	-0.918367	0.0182969
-0.306122	-0.877551	0.0242854
-0.306122	-0.836735	0.0301799
-0.306122	-0.795918	0.0359573
-0.306122	-0.755102	0.0415953
-0.306122	-0.714286	0.0470718
-0.306122	-0.673469	0.0523655
-0.306122	-0.632653	0.0574556
-0.306122	-0.591837	0.0623221
-0.306122	-0.55102	0.066946
-0.306122	-0.510204	0.071309
-0.306122	-0.469388	0.0753937
-0.306122	-0.428571	0.0791839
-0.306122	-0.387755	0.0826646
-0.306122	-0.346939	0.0858216
-0.306122	-0.306122	0.0886424
-0.306122	-0.265306	0.0911155
-0.306122	-0.22449	0.0932307
-0.306122	-0.183673	0.0949794
-0.306122	-0.142857	0.0963543
-0.306122	-0.102041	0.0973496
-0.306122	-0.0612245	0.0979609
-0.306122	-0.0204082	0.0981855
-0.306122	0.0204082	0.0980222
-0.306122	0.0612245	0.0974711
-0.306122	0.102041	0.0965342
-0.306122	0.142857	0.0952148
-0.306122	0.183673	0.0935179
-0.306122	0.22449	0.0914499
-0.306122	0.265306	0.0890189
-0.306122	0.306122	0.0862341
-0.306122	0.346939	0.0831066
-0.306122	0.387755	0.0796486
-0.306122	0.428571	0.0758736
-0.306122	0.469388	0.0717966
-0.306122	0.510204	0.0674336
-0.306122	0.55102	0.0628021
-0.306122	0.591837	0.0579202
-0.306122	0.632653	0.0528075
-0.306122	0.673469	0.0474843
-0.306122	0.714286	0.0419717
-0.306122	0.755102	0.0362918
-0.306122	0.795918	0.0304671
-0.306122	0.836735	0.0245208
-0.306122	0.877551	0.0184767
-0.306122	0.918367	0.0123589
-0.306122	0.959184	0.00619182
-0.306122	1	0
-0.265306	-1	0.00630162
-0.265306	-0.959184	0.0125788
-0.265306	-0.918367	0.0188073
-0.265306	-0.877551	0.024963
-0.265306	-0.836735	0.0310219
-0.265306	-0.795918	0.0369605
-0.265306	-0.755102	0.0427558
-0.265306	-0.714286	0.0483851
-0.265306	-0.673469	0.0538264
-0.265306	-0.632653	0.0590585
-0.265306	-0.591837	0.0640609
-0.265306	-0.55102	0.0688138
-0.265306	-0.510204	0.0732984
-0.265306	-0.469388	0.0774971
-0.265306	-0.428571	0.0813931
-0.265306	-0.387755	0.0849708
-0.265306	-0.346939	0.088216
-0.265306	-0.306122	0.0911155
-0.265306	-0.265306	0.0936575
-0.265306	-0.22449	0.0958318
-0.265306	-0.183673	0.0976293
-0.265306	-0.142857	0.0990425
-0.265306	-0.102041	0.100066
-0.265306	-0.0612245	0.100694
-0.265306	-0.0204082	0.100925
-0.265306	0.0204082	0.100757
-0.265306	0.0612245	0.10019
-0.265306	0.102041	0.0992274
-0.265306	0.142857	0.0978712
-0.265306	0.183673	0.096127
-0.265306	0.22449	0.0940013
-0.265306	0.265306	0.0915024
-0.265306	0.306122	0.08864
-0.265306	0.346939	0.0854252
-0.265306	0.387755	0.0818707
-0.265306	0.428571	0.0779904
-0.265306	0.469388	0.0737996
-0.265306	0.510204	0.069315
-0.265306	0.55102	0.0645542
-0.265306	0.591837	0.0595362
-0.265306	0.632653	0.0542808
-0.265306	0.673469	0.0488091
-0.265306	0.714286	0.0431427
-0.265306	0.755102	0.0373043
-0.265306	0.795918	0.0313171
-0.265306	0.836735	0.0252049
-0.265306	0.877551	0.0189922
-0.265306	0.918367	0.0127037
-0.265306	0.959184	0.00636456
-0.265306	1	0
-0.22449	-1	0.00644791
-0.22449	-0.959184	0.0128709
-0.22449	-0.918367	0.019244
-0.22449	-0.877551	0.0255425
-0.22449	-0.836735	0.0317421
-0.22449	-0.795918	0.0378186
-0.22449	-0.755102	0.0437483
-0.22449	-0.714286	0.0495083
-0.22449	-0.673469	0.055076
-0.22449	-0.632653	0.0604296
-0.22449	-0.591837	0.065548
-0.22449	-0.55102	0.0704113
-0.22449	-0.510204	0.075
-0.22449	-0.469388	0.0792962
-0.22449	-0.428571	0.0832826
-0.22449	-0.387755	0.0869434
-0.22449	-0.346939	0.0902639
-0.22449	-0.306122	0.0932307
-0.22449	-0.265306	0.0958318
-0.22449	-0.22449	0.0980565
-0.22449	-0.183673	0.0998957
-0.22449	-0.142857	0.101342
-0.22449	-0.102041	0.102389
-0.22449	-0.0612245	0.103032
-0.22449	-0.0204082	0.103268
-0.22449	0.0204082	0.103096
-0.22449	0.0612245	0.102516
-0.22449	0.102041	0.101531
-0.22449	0.142857	0.100143
-0.22449	0.183673	0.0983585
-0.22449	0.22449	0.0961835
-0.22449	0.265306	0.0936266
-0.22449	0.306122	0.0906978
-0.22449	0.346939	0.0874084
-0.22449	0.387755	0.0837713
-0.22449	0.428571	0.0798009
-0.22449	0.469388	0.0755129
-0.22449	0.510204	0.0709241
-0.22449	0.55102	0.0660528
-0.22449	0.591837	0.0609183
-0.22449	0.632653	0.0555409
-0.22449	0.673469	0.0499422
-0.22449	0.714286	0.0441443
-0.22449	0.755102	0.0381703
-0.22449	0.795918	0.0320441
-0.22449	0.836735	0.0257901
-0.22449	0.877551	0.0194331
-0.22449	0.918367	0.0129986
-0.22449	0.959184	0.00651232
-0.22449	1	0
-0.183673	-1	0.00656886
-0.183673	-0.959184	0.0131123
-0.183673	-0.918367	0.0196049
-0.183673	-0.877551	0.0260216
-0.183673	-0.836735	0.0323374
-0.183673	-0.795918	0.0385279
-0.183673	-0.755102	0.0445689
-0.183673	-0.714286	0.0504369
-0.183673	-0.673469	0.056109
-0.183673	-0.632653	0.061563
-0.183673	-0.591837	0.0667775
-0.183673	-0.55102	0.071732
-0.183673	-0.510204	0.0764068
-0.183673	-0.469388	0.0807835
-0.183673	-0.428571	0.0848447
-0.183673	-0.387755	0.0885742
-0.183673	-0.346939	0.091957
-0.183673	-0.306122	0.0949794
-0.183673	-0.265306	0.0976293
-0.183673	-0.22449	0.0998957
-0.183673	-0.183673	0.101769
-0.183673	-0.142857	0.103243
-0.183673	-0.102041	0.104309
-0.183673	-0.0612245	0.104964
-0.183673	-0.0204082	0.105205
-0.183673	0.0204082	0.10503
-0.183673	0.0612245	0.104439
-0.183673	0.102041	0.103435
-0.183673	0.142857	0.102022
-0.183673	0.183673	0.100203
-0.183673	0.22449	0.0979876
-0.183673	0.265306	0.0953828
-0.183673	0.306122	0.092399
-0.183673	0.346939	0.0890479
-0.183673	0.387755	0.0853426
-0.183673	0.428571	0.0812977
-0.183673	0.469388	0.0769293
-0.183673	0.510204	0.0722544
-0.183673	0.55102	0.0672917
-0.183673	0.591837	0.0620609
-0.183673	0.632653	0.0565827
-0.183673	0.673469	0.0508789
-0.183673	0.714286	0.0449723
-0.183673	0.755102	0.0388863
-0.183673	0.795918	0.0326451
-0.183673	0.836735	0.0262738
-0.183673	0.877551	0.0197976
-0.183673	0.918367	0.0132425
-0.183673	0.959184	0.00663447
-0.183673	1	0
-0.142857	-1	0.00666395
-0.142857	-0.959184	0.0133021
-0.142857	-0.918367	0.0198887
-0.142857	-0.877551	0.0263983
-0.142857	-0.836735	0.0328055
-0.142857	-0.795918	0.0390856
-0.142857	-0.755102	0.0452141
-0.142857	-0.714286	0.051167
-0.142857	-0.673469	0.0569213
-0.142857	-0.632653	0.0624542
-0.142857	-0.591837	0.0677442
-0.142857	-0.55102	0.0727703
-0.142857	-0.510204	0.0775128
-0.142857	-0.469388	0.0819529
-0.142857	-0.428571	0.0860729
-0.142857	-0.387755	0.0898564
-0.142857	-0.346939	0.0932881
-0.142857	-0.306122	0.0963543
-0.142857	-0.265306	0.0990425
-0.142857	-0.22449	0.101342
-0.142857	-0.183673	0.103243
-0.142857	-0.142857	0.104737
-0.142857	-0.102041	0.105819
-0.142857	-0.0612245	0.106484
-0.142857	-0.0204082	0.106728
-0.142857	0.0204082	0.10655
-0.142857	0.0612245	0.105951
-0.142857	0.102041	0.104933
-0.142857	0.142857	0.103498
-0.142857	0.183673	0.101654
-0.142857	0.22449	0.0994061
-0.142857	0.265306	0.0967635
-0.142857	0.306122	0.0937365
-0.142857	0.346939	0.0903369
-0.142857	0.387755	0.086578
-0.142857	0.428571	0.0824746
-0.142857	0.469388	0.0780429
-0.142857	0.510204	0.0733003
-0.142857	0.55102	0.0682658
-0.142857	0.591837	0.0629593
-0.142857	0.632653	0.0574018
-0.142857	0.673469	0.0516154
-0.142857	0.714286	0.0456233
-0.142857	0.755102	0.0394492
-0.142857	0.795918	0.0331177
-0.142857	0.836735	0.0266541
-0.142857	0.877551	0.0200842
-0.142857	0.918367	0.0134342
-0.142857	0.959184	0.0067305
-0.142857	1	0
-0.102041	-1	0.00673278
-0.102041	-0.959184	0.0134395
-0.102041	-0.918367	0.0200941
-0.102041	-0.877551	0.026671
-0.102041	-0.836735	0.0331444
-0.102041	-0.795918	0.0394894
-0.102041	-0.755102	0.0456811
-0.102041	-0.714286	0.0516956
-0.102041	-0.673469	0.0575092
-0.102041	-0.632653	0.0630993
-0.102041	-0.591837	0.0684439
-0.102041	-0.55102	0.073522
-0.102041	-0.510204	0.0783135
-0.102041	-0.469388	0.0827994
-0.102041	-0.428571	0.086962
-0.102041	-0.387755	0.0907845
-0.102041	-0.346939	0.0942517
-0.102041	-0.306122	0.0973496
-0.102041	-0.265306	0.100066
-0.102041	-0.22449	0.102389
-0.102041	-0.183673	0.104309
-0.102041	-0.142857	0.105819
-0.102041	-0.102041	0.106912
-0.102041	-0.0612245	0.107583
-0.102041	-0.0204082	0.10783
-0.102041	0.0204082	0.107651
-0.102041	0.0612245	0.107045
-0.102041	0.102041	0.106017
-0.102041	0.142857	0.104568
-0.102041	0.183673	0.102704
-0.102041	0.22449	0.100433
-0.102041	0.265306	0.097763
-0.102041	0.306122	0.0947047
-0.102041	0.346939	0.09127
-0.102041	0.387755	0.0874723
-0.102041	0.428571	0.0833265
-0.102041	0.469388	0.078849
-0.102041	0.510204	0.0740575
-0.102041	0.55102	0.068971
-0.102041	0.591837	0.0636096
-0.102041	0.632653	0.0579947
-0.102041	0.673469	0.0521486
-0.102041	0.714286	0.0460945
-0.102041	0.755102	0.0398566
-0.102041	0.795918	0.0334598
-0.102041	0.836735	0.0269294
-0.102041	0.877551	0.0202917
-0.102041	0.918367	0.0135729
-0.102041	0.959184	0.00680003
-0.102041	1	0
-0.0612245	-1	0.00677506
-0.0612245	-0.959184	0.0135239
-0.0612245	-0.918367	0.0202203
-0.0612245	-0.877551	0.0268384
-0.0612245	-0.836735	0.0333525
-0.0612245	-0.795918	0.0397373
-0.0612245	-0.755102	0.045968
-0.0612245	-0.714286	0.0520202
-0.0612245	-0.673469	0.0578704
-0.0612245	-0.632653	0.0634956
-0.0612245	-0.591837	0.0688737
-0.0612245	-0.55102	0.0739837
-0.0612245	-0.510204	0.0788053
-0.0612245	-0.469388	0.0833194
-0.0612245	-0.428571	0.0875081
-0.0612245	-0.387755	0.0913546
-0.0612245	-0.346939	0.0948436
-0.0612245	-0.306122	0.0979609
-0.0612245	-0.265306	0.100694
-0.0612245	-0.22449	0.103032
-0.0612245	-0.183673	0.104964
-0.0612245	-0.142857	0.106484
-0.0612245	-0.102041	0.107583
-0.0612245	-0.0612245	0.108259
-0.0612245	-0.0204082	0.108507
-0.0612245	0.0204082	0.108327
-0.0612245	0.0612245	0.107718
-0.0612245	0.102041	0.106682
-0.0612245	0.142857	0.105224
-0.0612245	0.183673	0.103349
-0.0612245	0.22449	0.101064
-0.0612245	0.265306	0.0983769
-0.0612245	0.306122	0.0952995
-0.0612245	0.346939	0.0918432
-0.0612245	0.387755	0.0880216
-0.0612245	0.428571	0.0838498
-0.0612245	0.469388	0.0793441
-0.0612245	0.510204	0.0745226
-0.0612245	0.55102	0.0694041
-0.0612245	0.591837	0.0640091
-0.0612245	0.632653	0.0583589
-0.0612245	0.673469	0.0524761
-0.0612245	0.714286	0.046384
-0.0612245	0.755102	0.0401069
-0.0612245	0.795918	0.0336699
-0.0612245	0.836735	0.0270985
-0.0612245	0.877551	0.0204191
-0.0612245	0.918367	0.0136582
-0.0612245	0.959184	0.00684273
-0.0612245	1	0
-0.0204082	-1	0.00679059
-0.0204082	-0.959184	0.0135549
-0.0204082	-0.918367	0.0202667
-0.0204082	-0.877551	0.0269
-0.0204082	-0.836735	0.033429
-0.0204082	-0.795918	0.0398285
-0.0204082	-0.755102	0.0460734
-0.0204082	-0.714286	0.0521395
-0.0204082	-0.673469	0.0580031
-0.0204082	-0.632653	0.0636412
-0.0204082	-0.591837	0.0690317
-0.0204082	-0.55102	0.0741533
-0.0204082	-0.510204	0.078986
-0.0204082	-0.469388	0.0835104
-0.0204082	-0.428571	0.0877087
-0.0204082	-0.387755	0.0915641
-0.0204082	-0.346939	0.0950611
-0.0204082	-0.306122	0.0981855
-0.0204082	-0.265306	0.100925
-0.0204082	-0.22449	0.103268
-0.0204082	-0.183673	0.105205
-0.0204082	-0.142857	0.106728
-0.0204082	-0.102041	0.10783
-0.0204082	-0.0612245	0.108507
-0.0204082	-0.0204082	0.108756
-0.0204082	0.0204082	0.108575
-0.0204082	0.0612245	0.107965
-0.0204082	0.102041	0.106927
-0.0204082	0.142857	0.105465
-0.0204082	0.183673	0.103586
-0.0204082	0.22449	0.101295
-0.0204082	0.265306	0.0986025
-0.0204082	0.306122	0.095518
-0.0204082	0.346939	0.0920538
-0.0204082	0.387755	0.0882234
-0.0204082	0.428571	0.084042
-0.0204082	0.469388	0.0795261
-0.0204082	0.510204	0.0746934
-0.0204082	0.55102	0.0695632
-0.0204082	0.591837	0.0641558
-0.0204082	0.632653	0.0584927
-0.0204082	0.673469	0.0525964
-0.0204082	0.714286	0.0464904
-0.0204082	0.755102	0.0401989
-0.0204082	0.795918	0.0337471
-0.0204082	0.836735	0.0271607
-0.0204082	0.877551	0.0204659
-0.0204082	0.918367	0.0136895
-0.0204082	0.959184	0.00685842
-0.0204082	1	0
0.0204082	-1	0.00677929
0.0204082	-0.959184	0.0135323
0.0204082	-0.918367	0.020233
0.0204082	-0.877551	0.0268552
0.0204082	-0.836735	0.0333734
0.0204082	-0.795918	0.0397622
0.0204082	-0.755102	0.0459967
0.0204082	-0.714286	0.0520527
0.0204082	-0.673469	0.0579065
0.0204082	-0.632653	0.0635353
0.0204082	-0.591837	0.0689168
0.0204082	-0.55102	0.0740299
0.0204082	-0.510204	0.0788546
0.0204082	-0.469388	0.0833715
0.0204082	-0.428571	0.0875628
0.0204082	-0.387755	0.0914117
0.0204082	-0.346939	0.0949029
0.0204082	-0.306122	0.0980222
0.0204082	-0.265306	0.100757
0.0204082	-0.22449	0.103096
0.0204082	-0.183673	0.10503
0.0204082	-0.142857	0.10655
0.0204082	-0.102041	0.107651
0.0204082	-0.0612245	0.108327
0.0204082	-0.0204082	0.108575
0.0204082	0.0204082	0.108394
0.0204082	0.0612245	0.107785
0.0204082	0.102041	0.106749
0.0204082	0.142857	0.10529
0.0204082	0.183673	0.103414
0.0204082	0.22449	0.101127
0.0204082	0.265306	0.0984384
0.0204082	0.306122	0.095359
0.0204082	0.346939	0.0919006
0.0204082	0.387755	0.0880766
0.0204082	0.428571	0.0839022
0.0204082	0.469388	0.0793937
0.0204082	0.510204	0.0745691
0.0204082	0.55102	0.0694475
0.0204082	0.591837	0.0640491
0.0204082	0.632653	0.0583954
0.0204082	0.673469	0.0525089
0.0204082	0.714286	0.046413
0.0204082	0.755102	0.040132
0.0204082	0.795918	0.0336909
0.0204082	0.836735	0.0271155
0.0204082	0.877551	0.0204318
0.0204082	0.918367	0.0136667
0.0204082	0.959184	0.00684701
0.0204082	1	0
0.0612245	-1	0.00674118
0.0612245	-0.959184	0.0134563
0.0612245	-0.918367	0.0201192
0.0612245	-0.877551	0.0267042
0.0612245	-0.836735	0.0331858
0.0612245	-0.795918	0.0395386
0.0612245	-0.755102	0.0457381
0.0612245	-0.714286	0.0517601
0.0612245	-0.673469	0.057581
0.0612245	-0.632653	0.0631781
0.0612245	-0.591837	0.0685293
0.0612245	-0.55102	0.0736138
0.0612245	-0.510204	0.0784112
0.0612245	-0.469388	0.0829028
0.0612245	-0.428571	0.0870705
0.0612245	-0.387755	0.0908978
0.0612245	-0.346939	0.0943694
0.0612245	-0.306122	0.0974711
0.0612245	-0.265306	0.10019
0.0612245	-0.22449	0.102516
0.0612245	-0.183673	0.104439
0.0612245	-0.142857	0.105951
0.0612245	-0.102041	0.107045
0.0612245	-0.0612245	0.107718
0.0612245	-0.0204082	0.107965
0.0612245	0.0204082	0.107785
0.0612245	0.0612245	0.107179
0.0612245	0.102041	0.106149
0.0612245	0.142857	0.104698
0.0612245	0.183673	0.102832
0.0612245	0.22449	0.100558
0.0612245	0.265306	0.097885
0.0612245	0.306122	0.0948229
0.0612245	0.346939	0.0913839
0.0612245	0.387755	0.0875815
0.0612245	0.428571	0.0834305
0.0612245	0.469388	0.0789474
0.0612245	0.510204	0.0741499
0.0612245	0.55102	0.069057
0.0612245	0.591837	0.063689
0.0612245	0.632653	0.0580671
0.0612245	0.673469	0.0522137
0.0612245	0.714286	0.0461521
0.0612245	0.755102	0.0399064
0.0612245	0.795918	0.0335015
0.0612245	0.836735	0.026963
0.0612245	0.877551	0.020317
0.0612245	0.918367	0.0135899
0.0612245	0.959184	0.00680851
0.0612245	1	0
0.102041	-1	0.00667638
0.102041	-0.959184	0.0133269
0.102041	-0.918367	0.0199258
0.102041	-0.877551	0.0264476
0.102041	-0.836735	0.0328668
0.102041	-0.795918	0.0391586
0.102041	-0.755102	0.0452985
0.102041	-0.714286	0.0512626
0.102041	-0.673469	0.0570275
0.102041	-0.632653	0.0625708
0.102041	-0.591837	0.0678706
0.102041	-0.55102	0.0729062
0.102041	-0.510204	0.0776575
0.102041	-0.469388	0.0821059
0.102041	-0.428571	0.0862336
0.102041	-0.387755	0.0900241
0.102041	-0.346939	0.0934622
0.102041	-0.306122	0.0965342
0.102041	-0.265306	0.0992274
0.102041	-0.22449	0.101531
0.102041	-0.183673	0.103435
0.102041	-0.142857	0.104933
0.102041	-0.102041	0.106017
0.102041	-0.0612245	0.106682
0.102041	-0.0204082	0.106927
0.102041	0.0204082	0.106749
0.102041	0.0612245	0.106149
0.102041	0.102041	0.105128
0.102041	0.142857	0.103692
0.102041	0.183673	0.101844
0.102041	0.22449	0.0995916
0.102041	0.265306	0.0969441
0.102041	0.306122	0.0939115
0.102041	0.346939	0.0905055
0.102041	0.387755	0.0867396
0.102041	0.428571	0.0826285
0.102041	0.469388	0.0781885
0.102041	0.510204	0.0734372
0.102041	0.55102	0.0683932
0.102041	0.591837	0.0630768
0.102041	0.632653	0.0575089
0.102041	0.673469	0.0517118
0.102041	0.714286	0.0457084
0.102041	0.755102	0.0395228
0.102041	0.795918	0.0331795
0.102041	0.836735	0.0267039
0.102041	0.877551	0.0201217
0.102041	0.918367	0.0134592
0.102041	0.959184	0.00674307
0.102041	1	0
0.142857	-1	0.00658513
0.142857	-0.959184	0.0131448
0.142857	-0.918367	0.0196535
0.142857	-0.877551	0.0260861
0.142857	-0.836735	0.0324176
0.142857	-0.795918	0.0386234
0.142857	-0.755102	0.0446794
0.142857	-0.714286	0.0505619
0.142857	-0.673469	0.0562481
0.142857	-0.632653	0.0617156
0.142857	-0.591837	0.066943
0.142857	-0.55102	0.0719097
0.142857	-0.510204	0.0765961
0.142857	-0.469388	0.0809837
0.142857	-0.428571	0.085055
0.142857	-0.387755	0.0887937
0.142857	-0.346939	0.0921849
0.142857	-0.306122	0.0952148
0.142857	-0.265306	0.0978712
0.142857	-0.22449	0.100143
0.142857	-0.183673	0.102022
0.142857	-0.142857	0.103498
0.142857	-0.102041	0.104568
0.142857	-0.0612245	0.105224
0.142857	-0.0204082	0.105465
0.142857	0.0204082	0.10529
0.142857	0.0612245	0.104698
0.142857	0.102041	0.103692
0.142857	0.142857	0.102274
0.142857	0.183673	0.100452
0.142857	0.22449	0.0982304
0.142857	0.265306	0.0956191
0.142857	0.306122	0.0926279
0.142857	0.346939	0.0892685
0.142857	0.387755	0.0855541
0.142857	0.428571	0.0814992
0.142857	0.469388	0.0771199
0.142857	0.510204	0.0724335
0.142857	0.55102	0.0674585
0.142857	0.591837	0.0622147
0.142857	0.632653	0.0567229
0.142857	0.673469	0.051005
0.142857	0.714286	0.0450837
0.142857	0.755102	0.0389826
0.142857	0.795918	0.032726
0.142857	0.836735	0.0263389
0.142857	0.877551	0.0198467
0.142857	0.918367	0.0132753
0.142857	0.959184	0.00665091
0.142857	1	0
0.183673	-1	0.00646778
0.183673	-0.959184	0.0129105
0.183673	-0.918367	0.0193032
0.183673	-0.877551	0.0256212
0.183673	-0.836735	0.0318398
0.183673	-0.795918	0.037935
0.183673	-0.755102	0.0438831
0.183673	-0.714286	0.0496608
0.183673	-0.673469	0.0552456
0.183673	-0.632653	0.0606157
0.183673	-0.591837	0.06575
0.183673	-0.55102	0.0706282
0.183673	-0.510204	0.0752311
0.183673	-0.469388	0.0795404
0.183673	-0.428571	0.0835392
0.183673	-0.387755	0.0872112
0.183673	-0.346939	0.090542
0.183673	-0.306122	0.0935179
0.183673	-0.265306	0.096127
0.183673	-0.22449	0.0983585
0.183673	-0.183673	0.100203
0.183673	-0.142857	0.101654
0.183673	-0.102041	0.102704
0.183673	-0.0612245	0.103349
0.183673	-0.0204082	0.103586
0.183673	0.0204082	0.103414
0.183673	0.0612245	0.102832
0.183673	0.102041	0.101844
0.183673	0.142857	0.100452
0.183673	0.183673	0.0986615
0.183673	0.22449	0.0964798
0.183673	0.265306	0.093915
0.183673	0.306122	0.0909771
0.183673	0.346939	0.0876776
0.183673	0.387755	0.0840294
0.183673	0.428571	0.0800467
0.183673	0.469388	0.0757455
0.183673	0.510204	0.0711426
0.183673	0.55102	0.0662562
0.183673	0.591837	0.0611059
0.183673	0.632653	0.055712
0.183673	0.673469	0.050096
0.183673	0.714286	0.0442802
0.183673	0.755102	0.0382879
0.183673	0.795918	0.0321428
0.183673	0.836735	0.0258695
0.183673	0.877551	0.019493
0.183673	0.918367	0.0130387
0.183673	0.959184	0.00653238
0.183673	1	0
0.22449	-1	0.00632475
0.22449	-0.959184	0.012625
0.22449	-0.918367	0.0188764
0.22449	-0.877551	0.0250546
0.22449	-0.836735	0.0311358
0.22449	-0.795918	0.0370962
0.22449	-0.755102	0.0429127
0.22449	-0.714286	0.0485627
0.22449	-0.673469	0.054024
0.22449	-0.632653	0.0592753
0.22449	-0.591837	0.064296
0.22449	-0.55102	0.0690664
0.22449	-0.510204	0.0735675
0.22449	-0.469388	0.0777816
0.22449	-0.428571	0.0816919
0.22449	-0.387755	0.0852827
0.22449	-0.346939	0.0885398
0.22449	-0.306122	0.0914499
0.22449	-0.265306	0.0940013
0.22449	-0.22449	0.0961835
0.22449	-0.183673	0.0979876
0.22449	-0.142857	0.0994061
0.22449	-0.102041	0.100433
0.22449	-0.0612245	0.101064
0.22449	-0.0204082	0.101295
0.22449	0.0204082	0.101127
0.22449	0.0612245	0.100558
0.22449	0.102041	0.0995916
0.22449	0.142857	0.0982304
0.22449	0.183673	0.0964798
0.22449	0.22449	0.0943463
0.22449	0.265306	0.0918383
0.22449	0.306122	0.0889654
0.22449	0.346939	0.0857388
0.22449	0.387755	0.0821712
0.22449	0.428571	0.0782767
0.22449	0.469388	0.0740705
0.22449	0.510204	0.0695694
0.22449	0.55102	0.0647911
0.22449	0.591837	0.0597547
0.22449	0.632653	0.0544801
0.22449	0.673469	0.0489882
0.22449	0.714286	0.0433011
0.22449	0.755102	0.0374412
0.22449	0.795918	0.031432
0.22449	0.836735	0.0252974
0.22449	0.877551	0.0190619
0.22449	0.918367	0.0127504
0.22449	0.959184	0.00638793
0.22449	1	0
0.265306	-1	0.00615662
0.265306	-0.959184	0.0122894
0.265306	-0.918367	0.0183746
0.265306	-0.877551	0.0243886
0.265306	-0.836735	0.0303081
0.265306	-0.795918	0.03611
0.265306	-0.755102	0.0417719
0.265306	-0.714286	0.0472717
0.265306	-0.673469	0.0525879
0.265306	-0.632653	0.0576996
0.265306	-0.591837	0.0625868
0.265306	-0.55102	0.0672303
0.265306	-0.510204	0.0716118
0.265306	-0.469388	0.0757139
0.265306	-0.428571	0.0795202
0.265306	-0.387755	0.0830156
0.265306	-0.346939	0.0861861
0.265306	-0.306122	0.0890189
0.265306	-0.265306	0.0915024
0.265306	-0.22449	0.0936266
0.265306	-0.183673	0.0953828
0.265306	-0.142857	0.0967635
0.265306	-0.102041	0.097763
0.265306	-0.0612245	0.0983769
0.265306	-0.0204082	0.0986025
0.265306	0.0204082	0.0984384
0.265306	0.0612245	0.097885
0.265306	0.102041	0.0969441
0.265306	0.142857	0.0956191
0.265306	0.183673	0.093915
0.265306	0.22449	0.0918383
0.265306	0.265306	0.0893969
0.265306	0.306122	0.0866004
0.265306	0.346939	0.0834596
0.265306	0.387755	0.0799868
0.265306	0.428571	0.0761958
0.265306	0.469388	0.0721015
0.265306	0.510204	0.06772
0.265306	0.55102	0.0630688
0.265306	0.591837	0.0581662
0.265306	0.632653	0.0530318
0.265306	0.673469	0.047686
0.265306	0.714286	0.04215
0.265306	0.755102	0.0364459
0.265306	0.795918	0.0305965
0.265306	0.836735	0.0246249
0.265306	0.877551	0.0185552
0.265306	0.918367	0.0124114
0.265306	0.959184	0.00621811
0.265306	1	0
0.306122	-1	0.00596403
0.306122	-0.959184	0.011905
0.306122	-0.918367	0.0177998
0.306122	-0.877551	0.0236256
0.306122	-0.836735	0.02936
0.306122	-0.795918	0.0349804
0.306122	-0.755102	0.0404652
0.306122	-0.714286	0.0457929
0.306122	-0.673469	0.0509428
0.306122	-0.632653	0.0558946
0.306122	-0.591837	0.0606289
0.306122	-0.55102	0.0651272
0.306122	-0.510204	0.0693716
0.306122	-0.469388	0.0733453
0.306122	-0.428571	0.0770326
0.306122	-0.387755	0.0804187
0.306122	-0.346939	0.08349
0.306122	-0.306122	0.0862341
0.306122	-0.265306	0.08864
0.306122	-0.22449	0.0906978
0.306122	-0.183673	0.092399
0.306122	-0.142857	0.0937365
0.306122	-0.102041	0.0947047
0.306122	-0.0612245	0.0952995
0.306122	-0.0204082	0.095518
0.306122	0.0204082	0.095359
0.306122	0.0612245	0.0948229
0.306122	0.102041	0.0939115
0.306122	0.142857	0.0926279
0.306122	0.183673	0.0909771
0.306122	0.22449	0.0889654
0.306122	0.265306	0.0866004
0.306122	0.306122	0.0838913
0.306122	0.346939	0.0808487
0.306122	0.387755	0.0774846
0.306122	0.428571	0.0738122
0.306122	0.469388	0.069846
0.306122	0.510204	0.0656016
0.306122	0.55102	0.0610958
0.306122	0.591837	0.0563466
0.306122	0.632653	0.0513728
0.306122	0.673469	0.0461942
0.306122	0.714286	0.0408314
0.306122	0.755102	0.0353058
0.306122	0.795918	0.0296393
0.306122	0.836735	0.0238546
0.306122	0.877551	0.0179747
0.306122	0.918367	0.0120232
0.306122	0.959184	0.00602359
0.306122	1	0
0.346939	-1	0.00574772
0.346939	-0.959184	0.0114732
0.346939	-0.918367	0.0171542
0.346939	-0.877551	0.0227688
0.346939	-0.836735	0.0282951
0.346939	-0.795918	0.0337118
0.346939	-0.755102	0.0389976
0.346939	-0.714286	0.0441321
0.346939	-0.673469	0.0490952
0.346939	-0.632653	0.0538674
0.346939	-0.591837	0.0584301
0.346939	-0.55102	0.0627652
0.346939	-0.510204	0.0668557
0.346939	-0.469388	0.0706853
0.346939	-0.428571	0.0742388
0.346939	-0.387755	0.0775021
0.346939	-0.346939	0.080462
0.346939	-0.306122	0.0831066
0.346939	-0.265306	0.0854252
0.346939	-0.22449	0.0874084
0.346939	-0.183673	0.0890479
0.346939	-0.142857	0.0903369
0.346939	-0.102041	0.09127
0.346939	-0.0612245	0.0918432
0.346939	-0.0204082	0.0920538
0.346939	0.0204082	0.0919006
0.346939	0.0612245	0.0913839
0.346939	0.102041	0.0905055
0.346939	0.142857	0.0892685
0.346939	0.183673	0.0876776
0.346939	0.22449	0.0857388
0.346939	0.265306	0.0834596
0.346939	0.306122	0.0808487
0.346939	0.346939	0.0779165
0.346939	0.387755	0.0746744
0.346939	0.428571	0.0711352
0.346939	0.469388	0.0673128
0.346939	0.510204	0.0632223
0.346939	0.55102	0.05888
0.346939	0.591837	0.0543031
0.346939	0.632653	0.0495097
0.346939	0.673469	0.0445189
0.346939	0.714286	0.0393506
0.346939	0.755102	0.0340253
0.346939	0.795918	0.0285644
0.346939	0.836735	0.0229895
0.346939	0.877551	0.0173228
0.346939	0.918367	0.0115871
0.346939	0.959184	0.00580513
0.346939	1	0
0.387755	-1	0.00550856
0.387755	-0.959184	0.0109958
0.387755	-0.918367	0.0164404
0.387755	-0.877551	0.0218214
0.387755	-0.836735	0.0271178
0.387755	-0.795918	0.032309
0.387755	-0.755102	0.037375
0.387755	-0.714286	0.0422958
0.387755	-0.673469	0.0470524
0.387755	-0.632653	0.051626
0.387755	-0.591837	0.0559988
0.387755	-0.55102	0.0601535
0.387755	-0.510204	0.0640738
0.387755	-0.469388	0.0677441
0.387755	-0.428571	0.0711498
0.387755	-0.387755	0.0742772
0.387755	-0.346939	0.077114
0.387755	-0.306122	0.0796486
0.387755	-0.265306	0.0818707
0.387755	-0.22449	0.0837713
0.387755	-0.183673	0.0853426
0.387755	-0.142857	0.086578
0.387755	-0.102041	0.0874723
0.387755	-0.0612245	0.0880216
0.387755	-0.0204082	0.0882234
0.387755	0.0204082	0.0880766
0.387755	0.0612245	0.0875815
0.387755	0.102041	0.0867396
0.387755	0.142857	0.0855541
0.387755	0.183673	0.0840294
0.387755	0.22449	0.0821712
0.387755	0.265306	0.0799868
0.387755	0.306122	0.0774846
0.387755	0.346939	0.0746744
0.387755	0.387755	0.0715673
0.387755	0.428571	0.0681753
0.387755	0.469388	0.0645119
0.387755	0.510204	0.0605917
0.387755	0.55102	0.05643
0.387755	0.591837	0.0520435
0.387755	0.632653	0.0474496
0.387755	0.673469	0.0426664
0.387755	0.714286	0.0377132
0.387755	0.755102	0.0326095
0.387755	0.795918	0.0273758
0.387755	0.836735	0.0220329
0.387755	0.877551	0.016602
0.387755	0.918367	0.011105
0.387755	0.959184	0.00556358
0.387755	1	0
0.428571	-1	0.00524748
0.428571	-0.959184	0.0104746
0.428571	-0.918367	0.0156612
0.428571	-0.877551	0.0207872
0.428571	-0.836735	0.0258325
0.428571	-0.795918	0.0307777
0.428571	-0.755102	0.0356035
0.428571	-0.714286	0.0402912
0.428571	-0.673469	0.0448223
0.428571	-0.632653	0.0491792
0.428571	-0.591837	0.0533447
0.428571	-0.55102	0.0573025
0.428571	-0.510204	0.061037
0.428571	-0.469388	0.0645333
0.428571	-0.428571	0.0677776
0.428571	-0.387755	0.0707568
0.428571	-0.346939	0.0734591
0.428571	-0.306122	0.0758736
0.428571	-0.265306	0.0779904
0.428571	-0.22449	0.0798009
0.428571	-0.183673	0.0812977
0.428571	-0.142857	0.0824746
0.428571	-0.102041	0.0833265
0.428571	-0.0612245	0.0838498
0.428571	-0.0204082	0.084042
0.428571	0.0204082	0.0839022
0.428571	0.0612245	0.0834305
0.428571	0.102041	0.0826285
0.428571	0.142857	0.0814992
0.428571	0.183673	0.0800467
0.428571	0.22449	0.0782767
0.428571	0.265306	0.0761958
0.428571	0.306122	0.0738122
0.428571	0.346939	0.0711352
0.428571	0.387755	0.0681753
0.428571	0.428571	0.0649441
0.428571	0.469388	0.0614543
0.428571	0.510204	0.0577199
0.428571	0.55102	0.0537555
0.428571	0.591837	0.0495769
0.428571	0.632653	0.0452007
0.428571	0.673469	0.0406442
0.428571	0.714286	0.0359258
0.428571	0.755102	0.031064
0.428571	0.795918	0.0260783
0.428571	0.836735	0.0209886
0.428571	0.877551	0.0158152
0.428571	0.918367	0.0105786
0.428571	0.959184	0.00529989
0.428571	1	0
0.469388	-1	0.00496551
0.469388	-0.959184	0.00991179
0.469388	-0.918367	0.0148197
0.469388	-0.877551	0.0196702
0.469388	-0.836735	0.0244444
0.469388	-0.795918	0.0291239
0.469388	-0.755102	0.0336904
0.469388	-0.714286	0.0381261
0.469388	-0.673469	0.0424138
0.469388	-0.632653	0.0465366
0.469388	-0.591837	0.0504783
0.469388	-0.55102	0.0542234
0.469388	-0.510204	0.0577572
0.469388	-0.469388	0.0610656
0.469388	-0.428571	0.0641356
0.469388	-0.387755	0.0669548
0.469388	-0.346939	0.0695118
0.469388	-0.306122	0.0717966
0.469388	-0.265306	0.0737996
0.469388	-0.22449	0.0755129
0.469388	-0.183673	0.0769293
0.469388	-0.142857	0.0780429
0.469388	-0.102041	0.078849
0.469388	-0.0612245	0.0793441
0.469388	-0.0204082	0.0795261
0.469388	0.0204082	0.0793937
0.469388	0.0612245	0.0789474
0.469388	0.102041	0.0781885
0.469388	0.142857	0.0771199
0.469388	0.183673	0.0757455
0.469388	0.22449	0.0740705
0.469388	0.265306	0.0721015
0.469388	0.306122	0.069846
0.469388	0.346939	0.0673128
0.469388	0.387755	0.0645119
0.469388	0.428571	0.0614543
0.469388	0.469388	0.0581521
0.469388	0.510204	0.0546183
0.469388	0.55102	0.050867
0.469388	0.591837	0.0469129
0.469388	0.632653	0.0427718
0.469388	0.673469	0.0384603
0.469388	0.714286	0.0339953
0.469388	0.755102	0.0293948
0.469388	0.795918	0.024677
0.469388	0.836735	0.0198608
0.469388	0.877551	0.0149654
0.469388	0.918367	0.0100102
0.469388	0.959184	0.00501511
0.469388	1	0
0.510204	-1	0.00466377
0.510204	-0.959184	0.00930947
0.510204	-0.918367	0.0139191
0.510204	-0.877551	0.0184749
0.510204	-0.836735	0.022959
0.510204	-0.795918	0.0273541
0.510204	-0.755102	0.0316431
0.510204	-0.714286	0.0358093
0.510204	-0.673469	0.0398364
0.510204	-0.632653	0.0437086
0.510204	-0.591837	0.0474108
0.510204	-0.55102	0.0509284
0.510204	-0.510204	0.0542474
0.510204	-0.469388	0.0573548
0.510204	-0.428571	0.0602382
0.510204	-0.387755	0.062886
0.510204	-0.346939	0.0652877
0.510204	-0.306122	0.0674336
0.510204	-0.265306	0.069315
0.510204	-0.22449	0.0709241
0.510204	-0.183673	0.0722544
0.510204	-0.142857	0.0733003
0.510204	-0.102041	0.0740575
0.510204	-0.0612245	0.0745226
0.510204	-0.0204082	0.0746934
0.510204	0.0204082	0.0745691
0.510204	0.0612245	0.0741499
0.510204	0.102041	0.0734372
0.510204	0.142857	0.0724335
0.510204	0.183673	0.0711426
0.510204	0.22449	0.0695694
0.510204	0.265306	0.06772
0.510204	0.306122	0.0656016
0.510204	0.346939	0.0632223
0.510204	0.387755	0.0605917
0.510204	0.428571	0.0577199
0.510204	0.469388	0.0546183
0.510204	0.510204	0.0512993
0.510204	0.55102	0.0477759
0.510204	0.591837	0.0440621
0.510204	0.632653	0.0401727
0.510204	0.673469	0.0361231
0.510204	0.714286	0.0319295
0.510204	0.755102	0.0276085
0.510204	0.795918	0.0231774
0.510204	0.836735	0.0186539
0.510204	0.877551	0.0140559
0.510204	0.918367	0.0094019
0.510204	0.959184	0.00471035
0.510204	1	0
0.55102	-1	0.00434344
0.55102	-0.959184	0.00867007
0.55102	-0.918367	0.0129631
0.55102	-0.877551	0.0172059
0.55102	-0.836735	0.0213821
0.55102	-0.795918	0.0254753
0.55102	-0.755102	0.0294698
0.55102	-0.714286	0.0333498
0.55102	-0.673469	0.0371003
0.55102	-0.632653	0.0407066
0.55102	-0.591837	0.0441545
0.55102	-0.55102	0.0474304
0.55102	-0.510204	0.0505215
0.55102	-0.469388	0.0534155
0.55102	-0.428571	0.0561008
0.55102	-0.387755	0.0585668
0.55102	-0.346939	0.0608036
0.55102	-0.306122	0.0628021
0.55102	-0.265306	0.0645542
0.55102	-0.22449	0.0660528
0.55102	-0.183673	0.0672917
0.55102	-0.142857	0.0682658
0.55102	-0.102041	0.068971
0.55102	-0.0612245	0.0694041
0.55102	-0.0204082	0.0695632
0.55102	0.0204082	0.0694475
0.55102	0.0612245	0.069057
0.55102	0.102041	0.0683932
0.55102	0.142857	0.0674585
0.55102	0.183673	0.0662562
0.55102	0.22449	0.0647911
0.55102	0.265306	0.0630688
0.55102	0.306122	0.0610958
0.55102	0.346939	0.05888
0.55102	0.387755	0.05643
0.55102	0.428571	0.0537555
0.55102	0.469388	0.050867
0.55102	0.510204	0.0477759
0.55102	0.55102	0.0444945
0.55102	0.591837	0.0410358
0.55102	0.632653	0.0374135
0.55102	0.673469	0.033642
0.55102	0.714286	0.0297365
0.55102	0.755102	0.0257123
0.55102	0.795918	0.0215855
0.55102	0.836735	0.0173727
0.55102	0.877551	0.0130905
0.55102	0.918367	0.00875615
0.55102	0.959184	0.00438683
0.55102	1	0
0.591837	-1	0.00400581
0.591837	-0.959184	0.00799611
0.591837	-0.918367	0.0119554
0.591837	-0.877551	0.0158685
0.591837	-0.836735	0.01972
0.591837	-0.795918	0.023495
0.591837	-0.755102	0.027179
0.591837	-0.714286	0.0307574
0.591837	-0.673469	0.0342163
0.591837	-0.632653	0.0375423
0.591837	-0.591837	0.0407222
0.591837	-0.55102	0.0437435
0.591837	-0.510204	0.0465943
0.591837	-0.469388	0.0492633
0.591837	-0.428571	0.0517399
0.591837	-0.387755	0.0540142
0.591837	-0.346939	0.0560771
0.591837	-0.306122	0.0579202
0.591837	-0.265306	0.0595362
0.591837	-0.22449	0.0609183
0.591837	-0.183673	0.0620609
0.591837	-0.142857	0.0629593
0.591837	-0.102041	0.0636096
0.591837	-0.0612245	0.0640091
0.591837	-0.0204082	0.0641558
0.591837	0.0204082	0.0640491
0.591837	0.0612245	0.063689
0.591837	0.102041	0.0630768
0.591837	0.142857	0.0622147
0.591837	0.183673	0.0611059
0.591837	0.22449	0.0597547
0.591837	0.265306	0.0581662
0.591837	0.306122	0.0563466
0.591837	0.346939	0.0543031
0.591837	0.387755	0.0520435
0.591837	0.428571	0.0495769
0.591837	0.469388	0.0469129
0.591837	0.510204	0.0440621
0.591837	0.55102	0.0410358
0.591837	0.591837	0.0378459
0.591837	0.632653	0.0345052
0.591837	0.673469	0.0310269
0.591837	0.714286	0.0274249
0.591837	0.755102	0.0237136
0.591837	0.795918	0.0199076
0.591837	0.836735	0.0160222
0.591837	0.877551	0.012073
0.591837	0.918367	0.0080755
0.591837	0.959184	0.00404582
0.591837	1	0
0.632653	-1	0.00365221
0.632653	-0.959184	0.00729028
0.632653	-0.918367	0.0109001
0.632653	-0.877551	0.0144677
0.632653	-0.836735	0.0179793
0.632653	-0.795918	0.0214211
0.632653	-0.755102	0.0247798
0.632653	-0.714286	0.0280424
0.632653	-0.673469	0.031196
0.632653	-0.632653	0.0342284
0.632653	-0.591837	0.0371276
0.632653	-0.55102	0.0398822
0.632653	-0.510204	0.0424814
0.632653	-0.469388	0.0449148
0.632653	-0.428571	0.0471728
0.632653	-0.387755	0.0492463
0.632653	-0.346939	0.0511271
0.632653	-0.306122	0.0528075
0.632653	-0.265306	0.0542808
0.632653	-0.22449	0.0555409
0.632653	-0.183673	0.0565827
0.632653	-0.142857	0.0574018
0.632653	-0.102041	0.0579947
0.632653	-0.0612245	0.0583589
0.632653	-0.0204082	0.0584927
0.632653	0.0204082	0.0583954
0.632653	0.0612245	0.0580671
0.632653	0.102041	0.0575089
0.632653	0.142857	0.0567229
0.632653	0.183673	0.055712
0.632653	0.22449	0.0544801
0.632653	0.265306	0.0530318
0.632653	0.306122	0.0513728
0.632653	0.346939	0.0495097
0.632653	0.387755	0.0474496
0.632653	0.428571	0.0452007
0.632653	0.469388	0.0427718
0.632653	0.510204	0.0401727
0.632653	0.55102	0.0374135
0.632653	0.591837	0.0345052
0.632653	0.632653	0.0314594
0.632653	0.673469	0.0282881
0.632653	0.714286	0.0250041
0.632653	0.755102	0.0216203
0.632653	0.795918	0.0181503
0.632653	0.836735	0.0146079
0.632653	0.877551	0.0110073
0.632653	0.918367	0.00736267
0.632653	0.959184	0.00368869
0.632653	1	0
0.673469	-1	0.00328405
0.673469	-0.959184	0.00655539
0.673469	-0.918367	0.00980134
0.673469	-0.877551	0.0130093
0.673469	-0.836735	0.0161669
0.673469	-0.795918	0.0192618
0.673469	-0.755102	0.0222819
0.673469	-0.714286	0.0252156
0.673469	-0.673469	0.0280513
0.673469	-0.632653	0.030778
0.673469	-0.591837	0.033385
0.673469	-0.55102	0.0358619
0.673469	-0.510204	0.0381991
0.673469	-0.469388	0.0403872
0.673469	-0.428571	0.0424175
0.673469	-0.387755	0.0442821
0.673469	-0.346939	0.0459733
0.673469	-0.306122	0.0474843
0.673469	-0.265306	0.0488091
0.673469	-0.22449	0.0499422
0.673469	-0.183673	0.0508789
0.673469	-0.142857	0.0516154
0.673469	-0.102041	0.0521486
0.673469	-0.0612245	0.0524761
0.673469	-0.0204082	0.0525964
0.673469	0.0204082	0.0525089
0.673469	0.0612245	0.0522137
0.673469	0.102041	0.0517118
0.673469	0.142857	0.051005
0.673469	0.183673	0.050096
0.673469	0.22449	0.0489882
0.673469	0.265306	0.047686
0.673469	0.306122	0.0461942
0.673469	0.346939	0.0445189
0.673469	0.387755	0.0426664
0.673469	0.428571	0.0406442
0.673469	0.469388	0.0384603
0.673469	0.510204	0.0361231
0.673469	0.55102	0.033642
0.673469	0.591837	0.0310269
0.673469	0.632653	0.0282881
0.673469	0.673469	0.0254366
0.673469	0.714286	0.0224836
0.673469	0.755102	0.0194409
0.673469	0.795918	0.0163207
0.673469	0.836735	0.0131354
0.673469	0.877551	0.00989768
0.673469	0.918367	0.00662048
0.673469	0.959184	0.00331686
0.673469	1	0
0.714286	-1	0.0029028
0.714286	-0.959184	0.00579436
0.714286	-0.918367	0.00866348
0.714286	-0.877551	0.011499
0.714286	-0.836735	0.01429
0.714286	-0.795918	0.0170256
0.714286	-0.755102	0.0196952
0.714286	-0.714286	0.0222883
0.714286	-0.673469	0.0247948
0.714286	-0.632653	0.0272049
0.714286	-0.591837	0.0295092
0.714286	-0.55102	0.0316986
0.714286	-0.510204	0.0337644
0.714286	-0.469388	0.0356985
0.714286	-0.428571	0.0374932
0.714286	-0.387755	0.0391413
0.714286	-0.346939	0.0406361
0.714286	-0.306122	0.0419717
0.714286	-0.265306	0.0431427
0.714286	-0.22449	0.0441443
0.714286	-0.183673	0.0449723
0.714286	-0.142857	0.0456233
0.714286	-0.102041	0.0460945
0.714286	-0.0612245	0.046384
0.714286	-0.0204082	0.0464904
0.714286	0.0204082	0.046413
0.714286	0.0612245	0.0461521
0.714286	0.102041	0.0457084
0.714286	0.142857	0.0450837
0.714286	0.183673	0.0442802
0.714286	0.22449	0.0433011
0.714286	0.265306	0.04215
0.714286	0.306122	0.0408314
0.714286	0.346939	0.0393506
0.714286	0.387755	0.0377132
0.714286	0.428571	0.0359258
0.714286	0.469388	0.0339953
0.714286	0.510204	0.0319295
0.714286	0.55102	0.0297365
0.714286	0.591837	0.0274249
0.714286	0.632653	0.0250041
0.714286	0.673469	0.0224836
0.714286	0.714286	0.0198734
0.714286	0.755102	0.017184
0.714286	0.795918	0.014426
0.714286	0.836735	0.0116105
0.714286	0.877551	0.00874864
0.714286	0.918367	0.00585189
0.714286	0.959184	0.00293179
0.714286	1	0
0.755102	-1	0.00250997
0.755102	-0.959184	0.00501022
0.755102	-0.918367	0.00749107
0.755102	-0.877551	0.00994289
0.755102	-0.836735	0.0123562
0.755102	-0.795918	0.0147216
0.755102	-0.755102	0.0170299
0.755102	-0.714286	0.019272
0.755102	-0.673469	0.0214394
0.755102	-0.632653	0.0235233
0.755102	-0.591837	0.0255158
0.755102	-0.55102	0.0274089
0.755102	-0.510204	0.0291952
0.755102	-0.469388	0.0308675
0.755102	-0.428571	0.0324193
0.755102	-0.387755	0.0338443
0.755102	-0.346939	0.0351369
0.755102	-0.306122	0.0362918
0.755102	-0.265306	0.0373043
0.755102	-0.22449	0.0381703
0.755102	-0.183673	0.0388863
0.755102	-0.142857	0.0394492
0.755102	-0.102041	0.0398566
0.755102	-0.0612245	0.0401069
0.755102	-0.0204082	0.0401989
0.755102	0.0204082	0.040132
0.755102	0.0612245	0.0399064
0.755102	0.102041	0.0395228
0.755102	0.142857	0.0389826
0.755102	0.183673	0.0382879
0.755102	0.22449	0.0374412
0.755102	0.265306	0.0364459
0.755102	0.306122	0.0353058
0.755102	0.346939	0.0340253
0.755102	0.387755	0.0326095
0.755102	0.428571	0.031064
0.755102	0.469388	0.0293948
0.755102	0.510204	0.0276085
0.755102	0.55102	0.0257123
0.755102	0.591837	0.0237136
0.755102	0.632653	0.0216203
0.755102	0.673469	0.0194409
0.755102	0.714286	0.017184
0.755102	0.755102	0.0148585
0.755102	0.795918	0.0124738
0.755102	0.836735	0.0100393
0.755102	0.877551	0.0075647
0.755102	0.918367	0.00505996
0.755102	0.959184	0.00253504
0.755102	1	0
0.795918	-1	0.00210713
0.795918	-0.959184	0.0042061
0.795918	-0.918367	0.00628877
0.795918	-0.877551	0.00834709
0.795918	-0.836735	0.0103731
0.795918	-0.795918	0.0123588
0.795918	-0.755102	0.0142966
0.795918	-0.714286	0.0161789
0.795918	-0.673469	0.0179984
0.795918	-0.632653	0.0197479
0.795918	-0.591837	0.0214206
0.795918	-0.55102	0.0230099
0.795918	-0.510204	0.0245094
0.795918	-0.469388	0.0259134
0.795918	-0.428571	0.0272161
0.795918	-0.387755	0.0284124
0.795918	-0.346939	0.0294975
0.795918	-0.306122	0.0304671
0.795918	-0.265306	0.0313171
0.795918	-0.22449	0.0320441
0.795918	-0.183673	0.0326451
0.795918	-0.142857	0.0331177
0.795918	-0.102041	0.0334598
0.795918	-0.0612245	0.0336699
0.795918	-0.0204082	0.0337471
0.795918	0.0204082	0.0336909
0.795918	0.0612245	0.0335015
0.795918	0.102041	0.0331795
0.795918	0.142857	0.032726
0.795918	0.183673	0.0321428
0.795918	0.22449	0.031432
0.795918	0.265306	0.0305965
0.795918	0.306122	0.0296393
0.795918	0.346939	0.0285644
0.795918	0.387755	0.0273758
0.795918	0.428571	0.0260783
0.795918	0.469388	0.024677
0.795918	0.510204	0.0231774
0.795918	0.55102	0.0215855
0.795918	0.591837	0.0199076
0.795918	0.632653	0.0181503
0.795918	0.673469	0.0163207
0.795918	0.714286	0.014426
0.795918	0.755102	0.0124738
0.795918	0.795918	0.0104718
0.795918	0.836735	0.00842799
0.795918	0.877551	0.00635059
0.795918	0.918367	0.00424786
0.795918	0.959184	0.00212817
0.795918	1	0
0.836735	-1	0.00169588
0.836735	-0.959184	0.00338519
0.836735	-0.918367	0.00506139
0.836735	-0.877551	0.00671799
0.836735	-0.836735	0.00834855
0.836735	-0.795918	0.00994674
0.836735	-0.755102	0.0115063
0.836735	-0.714286	0.0130213
0.836735	-0.673469	0.0144857
0.836735	-0.632653	0.0158937
0.836735	-0.591837	0.0172399
0.836735	-0.55102	0.018519
0.836735	-0.510204	0.0197259
0.836735	-0.469388	0.0208559
0.836735	-0.428571	0.0219043
0.836735	-0.387755	0.0228672
0.836735	-0.346939	0.0237405
0.836735	-0.306122	0.0245208
0.836735	-0.265306	0.0252049
0.836735	-0.22449	0.0257901
0.836735	-0.183673	0.0262738
0.836735	-0.142857	0.0266541
0.836735	-0.102041	0.0269294
0.836735	-0.0612245	0.0270985
0.836735	-0.0204082	0.0271607
0.836735	0.0204082	0.0271155
0.836735	0.0612245	0.026963
0.836735	0.102041	0.0267039
0.836735	0.142857	0.0263389
0.836735	0.183673	0.0258695
0.836735	0.22449	0.0252974
0.836735	0.265306	0.0246249
0.836735	0.306122	0.0238546
0.836735	0.346939	0.0229895
0.836735	0.387755	0.0220329
0.836735	0.428571	0.0209886
0.836735	0.469388	0.0198608
0.836735	0.510204	0.0186539
0.836735	0.55102	0.0173727
0.836735	0.591837	0.0160222
0.836735	0.632653	0.0146079
0.836735	0.673469	0.0131354
0.836735	0.714286	0.0116105
0.836735	0.755102	0.0100393
0.836735	0.795918	0.00842799
0.836735	0.836735	0.0067831
0.836735	0.877551	0.00511115
0.836735	0.918367	0.0034188
0.836735	0.959184	0.00171282
0.836735	1	0
0.877551	-1	0.00127787
0.877551	-0.959184	0.00255078
0.877551	-0.918367	0.00381382
0.877551	-0.877551	0.00506209
0.877551	-0.836735	0.00629073
0.877551	-0.795918	0.00749499
0.877551	-0.755102	0.00867017
0.877551	-0.714286	0.0098117
0.877551	-0.673469	0.0109151
0.877551	-0.632653	0.0119761
0.877551	-0.591837	0.0129905
0.877551	-0.55102	0.0139543
0.877551	-0.510204	0.0148637
0.877551	-0.469388	0.0157151
0.877551	-0.428571	0.0165052
0.877551	-0.387755	0.0172307
0.877551	-0.346939	0.0178888
0.877551	-0.306122	0.0184767
0.877551	-0.265306	0.0189922
0.877551	-0.22449	0.0194331
0.877551	-0.183673	0.0197976
0.877551	-0.142857	0.0200842
0.877551	-0.102041	0.0202917
0.877551	-0.0612245	0.0204191
0.877551	-0.0204082	0.0204659
0.877551	0.0204082	0.0204318
0.877551	0.0612245	0.020317
0.877551	0.102041	0.0201217
0.877551	0.142857	0.0198467
0.877551	0.183673	0.019493
0.877551	0.22449	0.0190619
0.877551	0.265306	0.0185552
0.877551	0.306122	0.0179747
0.877551	0.346939	0.0173228
0.877551	0.387755	0.016602
0.877551	0.428571	0.0158152
0.877551	0.469388	0.0149654
0.877551	0.510204	0.0140559
0.877551	0.55102	0.0130905
0.877551	0.591837	0.012073
0.877551	0.632653	0.0110073
0.877551	0.673469	0.00989768
0.877551	0.714286	0.00874864
0.877551	0.755102	0.0075647
0.877551	0.795918	0.00635059
0.877551	0.836735	0.00511115
0.877551	0.877551	0.00385131
0.877551	0.918367	0.00257611
0.877551	0.959184	0.00129063
0.877551	1	0
0.918367	-1	0.000854754
0.918367	-0.959184	0.0017062
0.918367	-0.918367	0.00255103
0.918367	-0.877551	0.00338599
0.918367	-0.836735	0.00420782
0.918367	-0.795918	0.00501334
0.918367	-0.755102	0.00579941
0.918367	-0.714286	0.00656296
0.918367	-0.673469	0.00730103
0.918367	-0.632653	0.00801072
0.918367	-0.591837	0.00868924
0.918367	-0.55102	0.00933392
0.918367	-0.510204	0.00994222
0.918367	-0.469388	0.0105117
0.918367	-0.428571	0.0110402
0.918367	-0.387755	0.0115255
0.918367	-0.346939	0.0119656
0.918367	-0.306122	0.0123589
0.918367	-0.265306	0.0127037
0.918367	-0.22449	0.0129986
0.918367	-0.183673	0.0132425
0.918367	-0.142857	0.0134342
0.918367	-0.102041	0.0135729
0.918367	-0.0612245	0.0136582
0.918367	-0.0204082	0.0136895
0.918367	0.0204082	0.0136667
0.918367	0.0612245	0.0135899
0.918367	0.102041	0.0134592
0.918367	0.142857	0.0132753
0.918367	0.183673	0.0130387
0.918367	0.22449	0.0127504
0.918367	0.265306	0.0124114
0.918367	0.306122	0.0120232
0.918367	0.346939	0.0115871
0.918367	0.387755	0.011105
0.918367	0.428571	0.0105786
0.918367	0.469388	0.0100102
0.918367	0.510204	0.0094019
0.918367	0.55102	0.00875615
0.918367	0.591837	0.0080755
0.918367	0.632653	0.00736267
0.918367	0.673469	0.00662048
0.918367	0.714286	0.00585189
0.918367	0.755102	0.00505996
0.918367	0.795918	0.00424786
0.918367	0.836735	0.0034188
0.918367	0.877551	0.00257611
0.918367	0.918367	0.00172314
0.918367	0.959184	0.000863291
0.918367	1	0
0.959184	-1	0.000428231
0.959184	-0.959184	0.000854804
0.959184	-0.918367	0.00127807
0.959184	-0.877551	0.00169638
0.959184	-0.836735	0.00210811
0.959184	-0.795918	0.00251168
0.959184	-0.755102	0.0029055
0.959184	-0.714286	0.00328804
0.959184	-0.673469	0.00365781
0.959184	-0.632653	0.00401337
0.959184	-0.591837	0.0043533
0.959184	-0.55102	0.00467629
0.959184	-0.510204	0.00498105
0.959184	-0.469388	0.00526637
0.959184	-0.428571	0.00553113
0.959184	-0.387755	0.00577425
0.959184	-0.346939	0.00599478
0.959184	-0.306122	0.00619182
0.959184	-0.265306	0.00636456
0.959184	-0.22449	0.00651232
0.959184	-0.183673	0.00663447
0.959184	-0.142857	0.0067305
0.959184	-0.102041	0.00680003
0.959184	-0.0612245	0.00684273
0.959184	-0.0204082	0.00685842
0.959184	0.0204082	0.00684701
0.959184	0.0612245	0.00680851
0.959184	0.102041	0.00674307
0.959184	0.142857	0.00665091
0.959184	0.183673	0.00653238
0.959184	0.22449	0.00638793
0.959184	0.265306	0.00621811
0.959184	0.306122	0.00602359
0.959184	0.346939	0.00580513
0.959184	0.387755	0.00556358
0.959184	0.428571	0.00529989
0.959184	0.469388	0.00501511
0.959184	0.510204	0.00471035
0.959184	0.55102	0.00438683
0.959184	0.591837	0.00404582
0.959184	0.632653	0.00368869
0.959184	0.673469	0.00331686
0.959184	0.714286	0.00293179
0.959184	0.755102	0.00253504
0.959184	0.795918	0.00212817
0.959184	0.836735	0.00171282
0.959184	0.877551	0.00129063
0.959184	0.918367	0.000863291
0.959184	0.959184	0.000432508
0.959184	1	0
1	-1	0
1	-0.959184	0
1	-0.918367	0
1	-0.877551	0
1	-0.836735	0
1	-0.795918	0
1	-0.755102	0
1	-0.714286	0
1	-0.673469	0
1	-0.632653	0
1	-0.591837	0
1	-0.55102	0
1	-0.510204	0
1	-0.469388	0
1	-0.428571	0
1	-0.387755	0
1	-0.346939	0
1	-0.306122	0
1	-0.265306	0
1	-0.22449	0
1	-0.183673	0
1	-0.142857	0
1	-0.102041	0
1	-0.0612245	0
1	-0.0204082	0
1	0.0204082	0
1	0.0612245	0
1	0.102041	0
1	0.142857	0
1	0.183673	0
1	0.22449	0
1	0.265306	0
1	0.306122	0
1	0.346939	0
1	0.387755	0
1	0.428571	0
1	0.469388	0
1	0.510204	0
1	0.55102	0
1	0.591837	0
1	0.632653	0
1	0.673469	0
1	0.714286	0
1	0.755102	0
1	0.795918	0
1	0.836735	0
1	0.877551	0
1	0.918367	0
1	0.959184	0
1	1	0
