-1	-1	0.000150803
-1	-0.959184	0.000301013
-1	-0.918367	0.000450038
-1	-0.877551	0.000597294
-1	-0.836735	0.000742199
-1	-0.795918	0.000884183
-1	-0.755102	0.00102269
-1	-0.714286	0.00115717
-1	-0.673469	0.0012871
-1	-0.632653	0.00141196
-1	-0.591837	0.00153126
-1	-0.55102	0.00164454
-1	-0.510204	0.00175134
-1	-0.469388	0.00185124
-1	-0.428571	0.00194385
-1	-0.387755	0.0020288
-1	-0.346939	0.00210576
-1	-0.306122	0.00217443
-1	-0.265306	0.00223452
-1	-0.22449	0.0022858
-1	-0.183673	0.00232807
-1	-0.142857	0.00236116
-1	-0.102041	0.00238494
-1	-0.0612245	0.00239931
-1	-0.0204082	0.00240421
-1	0.0204082	0.00239962
-1	0.0612245	0.00238556
-1	0.102041	0.00236209
-1	0.142857	0.00232928
-1	0.183673	0.00228728
-1	0.22449	0.00223623
-1	0.265306	0.00217636
-1	0.306122	0.00210788
-1	0.346939	0.00203107
-1	0.387755	0.00194623
-1	0.428571	0.0018537
-1	0.469388	0.00175384
-1	0.510204	0.00164704
-1	0.55102	0.00153372
-1	0.591837	0.00141434
-1	0.632653	0.00128937
-1	0.673469	0.00115929
-1	0.714286	0.00102462
-1	0.755102	0.0008859
-1	0.795918	0.000743672
-1	0.836735	0.000598501
-1	0.877551	0.000450962
-1	0.918367	0.000301636
-1	0.959184	0.000151117
-1	1	0
-0.959184	-1	0.000301013
-0.959184	-0.959184	0.000600842
-0.959184	-0.918367	0.000898306
-0.959184	-0.877551	0.00119224
-0.959184	-0.836735	0.00148148
-0.959184	-0.795918	0.00176489
-0.959184	-0.755102	0.00204135
-0.959184	-0.714286	0.00230979
-0.959184	-0.673469	0.00256913
-0.959184	-0.632653	0.00281836
-0.959184	-0.591837	0.0030565
-0.959184	-0.55102	0.0032826
-0.959184	-0.510204	0.00349578
-0.959184	-0.469388	0.00369519
-0.959184	-0.428571	0.00388005
-0.959184	-0.387755	0.00404962
-0.959184	-0.346939	0.00420324
-0.959184	-0.306122	0.0043403
-0.959184	-0.265306	0.00446025
-0.959184	-0.22449	0.00456261
-0.959184	-0.183673	0.00464699
-0.959184	-0.142857	0.00471304
-0.959184	-0.102041	0.0047605
-0.959184	-0.0612245	0.00478918
-0.959184	-0.0204082	0.00479896
-0.959184	0.0204082	0.00478981
-0.959184	0.0612245	0.00476175
-0.959184	0.102041	0.00471488
-0.959184	0.142857	0.0046494
-0.959184	0.183673	0.00456555
-0.959184	0.22449	0.00446367
-0.959184	0.265306	0.00434415
-0.959184	0.306122	0.00420747
-0.959184	0.346939	0.00405415
-0.959184	0.387755	0.00388481
-0.959184	0.428571	0.00370011
-0.959184	0.469388	0.00350078
-0.959184	0.510204	0.0032876
-0.959184	0.55102	0.00306142
-0.959184	0.591837	0.00282312
-0.959184	0.632653	0.00257366
-0.959184	0.673469	0.00231401
-0.959184	0.714286	0.00204521
-0.959184	0.755102	0.00176831
-0.959184	0.795918	0.00148442
-0.959184	0.836735	0.00119465
-0.959184	0.877551	0.000900149
-0.959184	0.918367	0.000602086
-0.959184	0.959184	0.00030164
-0.959184	1	0
-0.918367	-1	0.000450038
-0.918367	-0.959184	0.000898306
-0.918367	-0.918367	0.00134304
-0.918367	-0.877551	0.00178249
-0.918367	-0.836735	0.00221493
-0.918367	-0.795918	0.00263865
-0.918367	-0.755102	0.00305199
-0.918367	-0.714286	0.00345332
-0.918367	-0.673469	0.00384106
-0.918367	-0.632653	0.00421368
-0.918367	-0.591837	0.00456971
-0.918367	-0.55102	0.00490775
-0.918367	-0.510204	0.00522647
-0.918367	-0.469388	0.00552461
-0.918367	-0.428571	0.00580099
-0.918367	-0.387755	0.00605451
-0.918367	-0.346939	0.00628419
-0.918367	-0.306122	0.00648909
-0.918367	-0.265306	0.00666843
-0.918367	-0.22449	0.00682147
-0.918367	-0.183673	0.00694762
-0.918367	-0.142857	0.00704637
-0.918367	-0.102041	0.00711733
-0.918367	-0.0612245	0.00716021
-0.918367	-0.0204082	0.00717484
-0.918367	0.0204082	0.00716115
-0.918367	0.0612245	0.00711919
-0.918367	0.102041	0.00704913
-0.918367	0.142857	0.00695123
-0.918367	0.183673	0.00682587
-0.918367	0.22449	0.00667355
-0.918367	0.265306	0.00649486
-0.918367	0.306122	0.0062905
-0.918367	0.346939	0.00606128
-0.918367	0.387755	0.0058081
-0.918367	0.428571	0.00553196
-0.918367	0.469388	0.00523394
-0.918367	0.510204	0.00491522
-0.918367	0.55102	0.00457706
-0.918367	0.591837	0.0042208
-0.918367	0.632653	0.00384783
-0.918367	0.673469	0.00345964
-0.918367	0.714286	0.00305776
-0.918367	0.755102	0.00264377
-0.918367	0.795918	0.00221933
-0.918367	0.836735	0.0017861
-0.918367	0.877551	0.0013458
-0.918367	0.918367	0.000900167
-0.918367	0.959184	0.000450976
-0.918367	1	0
-0.877551	-1	0.000597294
-0.877551	-0.959184	0.00119224
-0.877551	-0.918367	0.00178249
-0.877551	-0.877551	0.00236573
-0.877551	-0.836735	0.00293966
-0.877551	-0.795918	0.00350203
-0.877551	-0.755102	0.00405062
-0.877551	-0.714286	0.00458326
-0.877551	-0.673469	0.00509787
-0.877551	-0.632653	0.00559242
-0.877551	-0.591837	0.00606495
-0.877551	-0.55102	0.0065136
-0.877551	-0.510204	0.0069366
-0.877551	-0.469388	0.00733229
-0.877551	-0.428571	0.0076991
-0.877551	-0.387755	0.00803558
-0.877551	-0.346939	0.00834041
-0.877551	-0.306122	0.00861236
-0.877551	-0.265306	0.00885037
-0.877551	-0.22449	0.00905349
-0.877551	-0.183673	0.00922092
-0.877551	-0.142857	0.00935198
-0.877551	-0.102041	0.00944616
-0.877551	-0.0612245	0.00950307
-0.877551	-0.0204082	0.00952249
-0.877551	0.0204082	0.00950432
-0.877551	0.0612245	0.00944863
-0.877551	0.102041	0.00935564
-0.877551	0.142857	0.00922571
-0.877551	0.183673	0.00905933
-0.877551	0.22449	0.00885717
-0.877551	0.265306	0.00862001
-0.877551	0.306122	0.00834879
-0.877551	0.346939	0.00804457
-0.877551	0.387755	0.00770855
-0.877551	0.428571	0.00734205
-0.877551	0.469388	0.00694652
-0.877551	0.510204	0.00652351
-0.877551	0.55102	0.0060747
-0.877551	0.591837	0.00560186
-0.877551	0.632653	0.00510686
-0.877551	0.673469	0.00459165
-0.877551	0.714286	0.00405827
-0.877551	0.755102	0.00350883
-0.877551	0.795918	0.0029455
-0.877551	0.836735	0.00237052
-0.877551	0.877551	0.00178615
-0.877551	0.918367	0.00119471
-0.877551	0.959184	0.000598538
-0.877551	1	0
-0.836735	-1	0.000742199
-0.836735	-0.959184	0.00148148
-0.836735	-0.918367	0.00221493
-0.836735	-0.877551	0.00293966
-0.836735	-0.836735	0.00365284
-0.836735	-0.795918	0.00435163
-0.836735	-0.755102	0.00503331
-0.836735	-0.714286	0.00569518
-0.836735	-0.673469	0.00633463
-0.836735	-0.632653	0.00694915
-0.836735	-0.591837	0.00753632
-0.836735	-0.55102	0.00809382
-0.836735	-0.510204	0.00861944
-0.836735	-0.469388	0.00911113
-0.836735	-0.428571	0.00956693
-0.836735	-0.387755	0.00998504
-0.836735	-0.346939	0.0103638
-0.836735	-0.306122	0.0107017
-0.836735	-0.265306	0.0109975
-0.836735	-0.22449	0.0112499
-0.836735	-0.183673	0.0114579
-0.836735	-0.142857	0.0116208
-0.836735	-0.102041	0.0117378
-0.836735	-0.0612245	0.0118085
-0.836735	-0.0204082	0.0118327
-0.836735	0.0204082	0.0118101
-0.836735	0.0612245	0.0117409
-0.836735	0.102041	0.0116253
-0.836735	0.142857	0.0114639
-0.836735	0.183673	0.0112572
-0.836735	0.22449	0.0110059
-0.836735	0.265306	0.0107113
-0.836735	0.306122	0.0103742
-0.836735	0.346939	0.00999621
-0.836735	0.387755	0.00957866
-0.836735	0.428571	0.00912325
-0.836735	0.469388	0.00863176
-0.836735	0.510204	0.00810613
-0.836735	0.55102	0.00754844
-0.836735	0.591837	0.00696089
-0.836735	0.632653	0.0063458
-0.836735	0.673469	0.0057056
-0.836735	0.714286	0.00504282
-0.836735	0.755102	0.00436008
-0.836735	0.795918	0.00366009
-0.836735	0.836735	0.00294561
-0.836735	0.877551	0.00221947
-0.836735	0.918367	0.00148455
-0.836735	0.959184	0.000743745
-0.836735	1	0
-0.795918	-1	0.000884183
-0.795918	-0.959184	0.00176489
-0.795918	-0.918367	0.00263865
-0.795918	-0.877551	0.00350203
-0.795918	-0.836735	0.00435163
-0.795918	-0.795918	0.00518411
-0.795918	-0.755102	0.0059962
-0.795918	-0.714286	0.00678468
-0.795918	-0.673469	0.00754647
-0.795918	-0.632653	0.00827855
-0.795918	-0.591837	0.00897804
-0.795918	-0.55102	0.00964219
-0.795918	-0.510204	0.0102684
-0.795918	-0.469388	0.0108541
-0.795918	-0.428571	0.0113971
-0.795918	-0.387755	0.0118952
-0.795918	-0.346939	0.0123464
-0.795918	-0.306122	0.012749
-0.795918	-0.265306	0.0131014
-0.795918	-0.22449	0.013402
-0.795918	-0.183673	0.0136499
-0.795918	-0.142857	0.0138439
-0.795918	-0.102041	0.0139833
-0.795918	-0.0612245	0.0140676
-0.795918	-0.0204082	0.0140963
-0.795918	0.0204082	0.0140694
-0.795918	0.0612245	0.013987
-0.795918	0.102041	0.0138493
-0.795918	0.142857	0.013657
-0.795918	0.183673	0.0134107
-0.795918	0.22449	0.0131114
-0.795918	0.265306	0.0127603
-0.795918	0.306122	0.0123589
-0.795918	0.346939	0.0119085
-0.795918	0.387755	0.0114111
-0.795918	0.428571	0.0108686
-0.795918	0.469388	0.010283
-0.795918	0.510204	0.00965686
-0.795918	0.55102	0.00899248
-0.795918	0.591837	0.00829253
-0.795918	0.632653	0.00755977
-0.795918	0.673469	0.00679709
-0.795918	0.714286	0.00600752
-0.795918	0.755102	0.00519418
-0.795918	0.795918	0.00436028
-0.795918	0.836735	0.00350911
-0.795918	0.877551	0.00264406
-0.795918	0.918367	0.00176854
-0.795918	0.959184	0.000886026
-0.795918	1	0
-0.755102	-1	0.00102269
-0.755102	-0.959184	0.00204135
-0.755102	-0.918367	0.00305199
-0.755102	-0.877551	0.00405062
-0.755102	-0.836735	0.00503331
-0.755102	-0.795918	0.0059962
-0.755102	-0.755102	0.00693549
-0.755102	-0.714286	0.00784749
-0.755102	-0.673469	0.00872861
-0.755102	-0.632653	0.00957537
-0.755102	-0.591837	0.0103844
-0.755102	-0.55102	0.0111526
-0.755102	-0.510204	0.0118769
-0.755102	-0.469388	0.0125544
-0.755102	-0.428571	0.0131824
-0.755102	-0.387755	0.0137586
-0.755102	-0.346939	0.0142805
-0.755102	-0.306122	0.0147461
-0.755102	-0.265306	0.0151537
-0.755102	-0.22449	0.0155014
-0.755102	-0.183673	0.0157881
-0.755102	-0.142857	0.0160125
-0.755102	-0.102041	0.0161738
-0.755102	-0.0612245	0.0162712
-0.755102	-0.0204082	0.0163044
-0.755102	0.0204082	0.0162733
-0.755102	0.0612245	0.016178
-0.755102	0.102041	0.0160188
-0.755102	0.142857	0.0157963
-0.755102	0.183673	0.0155114
-0.755102	0.22449	0.0151653
-0.755102	0.265306	0.0147592
-0.755102	0.306122	0.0142948
-0.755102	0.346939	0.013774
-0.755102	0.387755	0.0131986
-0.755102	0.428571	0.0125711
-0.755102	0.469388	0.0118939
-0.755102	0.510204	0.0111696
-0.755102	0.55102	0.0104011
-0.755102	0.591837	0.00959154
-0.755102	0.632653	0.00874399
-0.755102	0.673469	0.00786185
-0.755102	0.714286	0.00694859
-0.755102	0.755102	0.00600784
-0.755102	0.795918	0.0050433
-0.755102	0.836735	0.00405881
-0.755102	0.877551	0.00305825
-0.755102	0.918367	0.00204558
-0.755102	0.959184	0.00102482
-0.755102	1	0
-0.714286	-1	0.00115717
-0.714286	-0.959184	0.00230979
-0.714286	-0.918367	0.00345332
-0.714286	-0.877551	0.00458326
-0.714286	-0.836735	0.00569518
-0.714286	-0.795918	0.00678468
-0.714286	-0.755102	0.00784749
-0.714286	-0.714286	0.00887942
-0.714286	-0.673469	0.0098764
-0.714286	-0.632653	0.0108345
-0.714286	-0.591837	0.01175
-0.714286	-0.55102	0.0126192
-0.714286	-0.510204	0.0134387
-0.714286	-0.469388	0.0142053
-0.714286	-0.428571	0.0149159
-0.714286	-0.387755	0.0155678
-0.714286	-0.346939	0.0161583
-0.714286	-0.306122	0.0166852
-0.714286	-0.265306	0.0171463
-0.714286	-0.22449	0.0175398
-0.714286	-0.183673	0.0178642
-0.714286	-0.142857	0.0181181
-0.714286	-0.102041	0.0183006
-0.714286	-0.0612245	0.0184108
-0.714286	-0.0204082	0.0184484
-0.714286	0.0204082	0.0184132
-0.714286	0.0612245	0.0183054
-0.714286	0.102041	0.0181252
-0.714286	0.142857	0.0178735
-0.714286	0.183673	0.0175512
-0.714286	0.22449	0.0171595
-0.714286	0.265306	0.0167
-0.714286	0.306122	0.0161746
-0.714286	0.346939	0.0155852
-0.714286	0.387755	0.0149342
-0.714286	0.428571	0.0142242
-0.714286	0.469388	0.0134579
-0.714286	0.510204	0.0126384
-0.714286	0.55102	0.0117689
-0.714286	0.591837	0.0108528
-0.714286	0.632653	0.00989381
-0.714286	0.673469	0.00889566
-0.714286	0.714286	0.00786231
-0.714286	0.755102	0.00679785
-0.714286	0.795918	0.00570649
-0.714286	0.836735	0.00459253
-0.714286	0.877551	0.0034604
-0.714286	0.918367	0.00231457
-0.714286	0.959184	0.00115958
-0.714286	1	0
-0.673469	-1	0.0012871
-0.673469	-0.959184	0.00256913
-0.673469	-0.918367	0.00384106
-0.673469	-0.877551	0.00509787
-0.673469	-0.836735	0.00633463
-0.673469	-0.795918	0.00754647
-0.673469	-0.755102	0.00872861
-0.673469	-0.714286	0.0098764
-0.673469	-0.673469	0.0109853
-0.673469	-0.632653	0.012051
-0.673469	-0.591837	0.0130692
-0.673469	-0.55102	0.014036
-0.673469	-0.510204	0.0149476
-0.673469	-0.469388	0.0158002
-0.673469	-0.428571	0.0165907
-0.673469	-0.387755	0.0173157
-0.673469	-0.346939	0.0179726
-0.673469	-0.306122	0.0185586
-0.673469	-0.265306	0.0190715
-0.673469	-0.22449	0.0195092
-0.673469	-0.183673	0.01987
-0.673469	-0.142857	0.0201524
-0.673469	-0.102041	0.0203554
-0.673469	-0.0612245	0.020478
-0.673469	-0.0204082	0.0205198
-0.673469	0.0204082	0.0204807
-0.673469	0.0612245	0.0203607
-0.673469	0.102041	0.0201603
-0.673469	0.142857	0.0198803
-0.673469	0.183673	0.0195218
-0.673469	0.22449	0.0190862
-0.673469	0.265306	0.0185751
-0.673469	0.306122	0.0179907
-0.673469	0.346939	0.0173351
-0.673469	0.387755	0.016611
-0.673469	0.428571	0.0158213
-0.673469	0.469388	0.0149689
-0.673469	0.510204	0.0140574
-0.673469	0.55102	0.0130903
-0.673469	0.591837	0.0120714
-0.673469	0.632653	0.0110047
-0.673469	0.673469	0.00989447
-0.673469	0.714286	0.0087451
-0.673469	0.755102	0.00756112
-0.673469	0.795918	0.00634721
-0.673469	0.836735	0.00510818
-0.673469	0.877551	0.00384894
-0.673469	0.918367	0.00257445
-0.673469	0.959184	0.00128978
-0.673469	1	0
-0.632653	-1	0.00141196
-0.632653	-0.959184	0.00281836
-0.632653	-0.918367	0.00421368
-0.632653	-0.877551	0.00559242
-0.632653	-0.836735	0.00694915
-0.632653	-0.795918	0.00827855
-0.632653	-0.755102	0.00957537
-0.632653	-0.714286	0.0108345
-0.632653	-0.673469	0.012051
-0.632653	-0.632653	0.0132201
-0.632653	-0.591837	0.0143371
-0.632653	-0.55102	0.0153977
-0.632653	-0.510204	0.0163976
-0.632653	-0.469388	0.017333
-0.632653	-0.428571	0.0182001
-0.632653	-0.387755	0.0189955
-0.632653	-0.346939	0.0197161
-0.632653	-0.306122	0.020359
-0.632653	-0.265306	0.0209216
-0.632653	-0.22449	0.0214018
-0.632653	-0.183673	0.0217976
-0.632653	-0.142857	0.0221074
-0.632653	-0.102041	0.02233
-0.632653	-0.0612245	0.0224646
-0.632653	-0.0204082	0.0225105
-0.632653	0.0204082	0.0224675
-0.632653	0.0612245	0.0223359
-0.632653	0.102041	0.0221161
-0.632653	0.142857	0.0218089
-0.632653	0.183673	0.0214156
-0.632653	0.22449	0.0209377
-0.632653	0.265306	0.0203771
-0.632653	0.306122	0.0197359
-0.632653	0.346939	0.0190168
-0.632653	0.387755	0.0182224
-0.632653	0.428571	0.0173561
-0.632653	0.469388	0.0164211
-0.632653	0.510204	0.0154211
-0.632653	0.55102	0.0143602
-0.632653	0.591837	0.0132424
-0.632653	0.632653	0.0120722
-0.632653	0.673469	0.0108543
-0.632653	0.714286	0.00959346
-0.632653	0.755102	0.00829462
-0.632653	0.795918	0.00696295
-0.632653	0.836735	0.00560373
-0.632653	0.877551	0.00422232
-0.632653	0.918367	0.0028242
-0.632653	0.959184	0.0014149
-0.632653	1	0
-0.591837	-1	0.00153126
-0.591837	-0.959184	0.0030565
-0.591837	-0.918367	0.00456971
-0.591837	-0.877551	0.00606495
-0.591837	-0.836735	0.00753632
-0.591837	-0.795918	0.00897804
-0.591837	-0.755102	0.0103844
-0.591837	-0.714286	0.01175
-0.591837	-0.673469	0.0130692
-0.591837	-0.632653	0.0143371
-0.591837	-0.591837	0.0155485
-0.591837	-0.55102	0.0166987
-0.591837	-0.510204	0.0177831
-0.591837	-0.469388	0.0187976
-0.591837	-0.428571	0.0197379
-0.591837	-0.387755	0.0206006
-0.591837	-0.346939	0.021382
-0.591837	-0.306122	0.0220792
-0.591837	-0.265306	0.0226894
-0.591837	-0.22449	0.0232101
-0.591837	-0.183673	0.0236394
-0.591837	-0.142857	0.0239754
-0.591837	-0.102041	0.0242168
-0.591837	-0.0612245	0.0243627
-0.591837	-0.0204082	0.0244125
-0.591837	0.0204082	0.0243659
-0.591837	0.0612245	0.0242231
-0.591837	0.102041	0.0239847
-0.591837	0.142857	0.0236516
-0.591837	0.183673	0.0232251
-0.591837	0.22449	0.0227068
-0.591837	0.265306	0.0220988
-0.591837	0.306122	0.0214035
-0.591837	0.346939	0.0206236
-0.591837	0.387755	0.0197621
-0.591837	0.428571	0.0188226
-0.591837	0.469388	0.0178086
-0.591837	0.510204	0.0167241
-0.591837	0.55102	0.0155735
-0.591837	0.591837	0.0143613
-0.591837	0.632653	0.0130923
-0.591837	0.673469	0.0117715
-0.591837	0.714286	0.0104041
-0.591837	0.755102	0.00899547
-0.591837	0.795918	0.00755129
-0.591837	0.836735	0.00607721
-0.591837	0.877551	0.00457908
-0.591837	0.918367	0.00306283
-0.591837	0.959184	0.00153445
-0.591837	1	0
-0.55102	-1	0.00164454
-0.55102	-0.959184	0.0032826
-0.55102	-0.918367	0.00490775
-0.55102	-0.877551	0.0065136
-0.55102	-0.836735	0.00809382
-0.55102	-0.795918	0.00964219
-0.55102	-0.755102	0.0111526
-0.55102	-0.714286	0.0126192
-0.55102	-0.673469	0.014036
-0.55102	-0.632653	0.0153977
-0.55102	-0.591837	0.0166987
-0.55102	-0.55102	0.017934
-0.55102	-0.510204	0.0190986
-0.55102	-0.469388	0.0201881
-0.55102	-0.428571	0.021198
-0.55102	-0.387755	0.0221245
-0.55102	-0.346939	0.0229637
-0.55102	-0.306122	0.0237125
-0.55102	-0.265306	0.0243678
-0.55102	-0.22449	0.0249271
-0.55102	-0.183673	0.0253881
-0.55102	-0.142857	0.0257489
-0.55102	-0.102041	0.0260082
-0.55102	-0.0612245	0.0261649
-0.55102	-0.0204082	0.0262184
-0.55102	0.0204082	0.0261684
-0.55102	0.0612245	0.026015
-0.55102	0.102041	0.025759
-0.55102	0.142857	0.0254013
-0.55102	0.183673	0.0249432
-0.55102	0.22449	0.0243866
-0.55102	0.265306	0.0237336
-0.55102	0.306122	0.0229868
-0.55102	0.346939	0.0221492
-0.55102	0.387755	0.021224
-0.55102	0.428571	0.020215
-0.55102	0.469388	0.0191259
-0.55102	0.510204	0.0179613
-0.55102	0.55102	0.0167256
-0.55102	0.591837	0.0154237
-0.55102	0.632653	0.0140608
-0.55102	0.673469	0.0126422
-0.55102	0.714286	0.0111737
-0.55102	0.755102	0.00966091
-0.55102	0.795918	0.00810989
-0.55102	0.836735	0.00652677
-0.55102	0.877551	0.00491782
-0.55102	0.918367	0.0032894
-0.55102	0.959184	0.00164796
-0.55102	1	0
-0.510204	-1	0.00175134
-0.510204	-0.959184	0.00349578
-0.510204	-0.918367	0.00522647
-0.510204	-0.877551	0.0069366
-0.510204	-0.836735	0.00861944
-0.510204	-0.795918	0.0102684
-0.510204	-0.755102	0.0118769
-0.510204	-0.714286	0.0134387
-0.510204	-0.673469	0.0149476
-0.510204	-0.632653	0.0163976
-0.510204	-0.591837	0.0177831
-0.510204	-0.55102	0.0190986
-0.510204	-0.510204	0.0203389
-0.510204	-0.469388	0.0214992
-0.510204	-0.428571	0.0225747
-0.510204	-0.387755	0.0235613
-0.510204	-0.346939	0.0244551
-0.510204	-0.306122	0.0252525
-0.510204	-0.265306	0.0259503
-0.510204	-0.22449	0.0265459
-0.510204	-0.183673	0.0270368
-0.510204	-0.142857	0.0274211
-0.510204	-0.102041	0.0276973
-0.510204	-0.0612245	0.0278641
-0.510204	-0.0204082	0.0279211
-0.510204	0.0204082	0.0278678
-0.510204	0.0612245	0.0277045
-0.510204	0.102041	0.0274318
-0.510204	0.142857	0.0270509
-0.510204	0.183673	0.026563
-0.510204	0.22449	0.0259703
-0.510204	0.265306	0.0252749
-0.510204	0.306122	0.0244796
-0.510204	0.346939	0.0235876
-0.510204	0.387755	0.0226024
-0.510204	0.428571	0.0215278
-0.510204	0.469388	0.020368
-0.510204	0.510204	0.0191277
-0.510204	0.55102	0.0178117
-0.510204	0.591837	0.0164253
-0.510204	0.632653	0.0149739
-0.510204	0.673469	0.0134633
-0.510204	0.714286	0.0118993
-0.510204	0.755102	0.0102883
-0.510204	0.795918	0.00863656
-0.510204	0.836735	0.00695063
-0.510204	0.877551	0.00523719
-0.510204	0.918367	0.00350302
-0.510204	0.959184	0.00175498
-0.510204	1	0
-0.469388	-1	0.00185124
-0.469388	-0.959184	0.00369519
-0.469388	-0.918367	0.00552461
-0.469388	-0.877551	0.00733229
-0.469388	-0.836735	0.00911113
-0.469388	-0.795918	0.0108541
-0.469388	-0.755102	0.0125544
-0.469388	-0.714286	0.0142053
-0.469388	-0.673469	0.0158002
-0.469388	-0.632653	0.017333
-0.469388	-0.591837	0.0187976
-0.469388	-0.55102	0.0201881
-0.469388	-0.510204	0.0214992
-0.469388	-0.469388	0.0227255
-0.469388	-0.428571	0.0238624
-0.469388	-0.387755	0.0249053
-0.469388	-0.346939	0.0258501
-0.469388	-0.306122	0.026693
-0.469388	-0.265306	0.0274306
-0.469388	-0.22449	0.0280602
-0.469388	-0.183673	0.0285791
-0.469388	-0.142857	0.0289853
-0.469388	-0.102041	0.0292772
-0.469388	-0.0612245	0.0294536
-0.469388	-0.0204082	0.0295138
-0.469388	0.0204082	0.0294575
-0.469388	0.0612245	0.0292849
-0.469388	0.102041	0.0289967
-0.469388	0.142857	0.0285939
-0.469388	0.183673	0.0280783
-0.469388	0.22449	0.0274517
-0.469388	0.265306	0.0267167
-0.469388	0.306122	0.025876
-0.469388	0.346939	0.0249332
-0.469388	0.387755	0.0238917
-0.469388	0.428571	0.0227558
-0.469388	0.469388	0.0215299
-0.469388	0.510204	0.0202188
-0.469388	0.55102	0.0188278
-0.469388	0.591837	0.0173623
-0.469388	0.632653	0.0158281
-0.469388	0.673469	0.0142313
-0.469388	0.714286	0.0125781
-0.469388	0.755102	0.0108752
-0.469388	0.795918	0.00912922
-0.469388	0.836735	0.00734712
-0.469388	0.877551	0.00553594
-0.469388	0.918367	0.00370285
-0.469388	0.959184	0.0018551
-0.469388	1	0
-0.428571	-1	0.00194385
-0.428571	-0.959184	0.00388005
-0.428571	-0.918367	0.00580099
-0.428571	-0.877551	0.0076991
-0.428571	-0.836735	0.00956693
-0.428571	-0.795918	0.0113971
-0.428571	-0.755102	0.0131824
-0.428571	-0.714286	0.0149159
-0.428571	-0.673469	0.0165907
-0.428571	-0.632653	0.0182001
-0.428571	-0.591837	0.0197379
-0.428571	-0.55102	0.021198
-0.428571	-0.510204	0.0225747
-0.428571	-0.469388	0.0238624
-0.428571	-0.428571	0.0250562
-0.428571	-0.387755	0.0261512
-0.428571	-0.346939	0.0271433
-0.428571	-0.306122	0.0280283
-0.428571	-0.265306	0.0288029
-0.428571	-0.22449	0.0294639
-0.428571	-0.183673	0.0300088
-0.428571	-0.142857	0.0304354
-0.428571	-0.102041	0.0307419
-0.428571	-0.0612245	0.0309271
-0.428571	-0.0204082	0.0309902
-0.428571	0.0204082	0.0309311
-0.428571	0.0612245	0.0307499
-0.428571	0.102041	0.0304473
-0.428571	0.142857	0.0300244
-0.428571	0.183673	0.0294829
-0.428571	0.22449	0.028825
-0.428571	0.265306	0.0280532
-0.428571	0.306122	0.0271705
-0.428571	0.346939	0.0261805
-0.428571	0.387755	0.0250869
-0.428571	0.428571	0.0238942
-0.428571	0.469388	0.0226069
-0.428571	0.510204	0.0212303
-0.428571	0.55102	0.0197697
-0.428571	0.591837	0.0182309
-0.428571	0.632653	0.0166199
-0.428571	0.673469	0.0149432
-0.428571	0.714286	0.0132073
-0.428571	0.755102	0.0114192
-0.428571	0.795918	0.00958592
-0.428571	0.836735	0.00771467
-0.428571	0.877551	0.00581289
-0.428571	0.918367	0.00388809
-0.428571	0.959184	0.0019479
-0.428571	1	0
-0.387755	-1	0.0020288
-0.387755	-0.959184	0.00404962
-0.387755	-0.918367	0.00605451
-0.387755	-0.877551	0.00803558
-0.387755	-0.836735	0.00998504
-0.387755	-0.795918	0.0118952
-0.387755	-0.755102	0.0137586
-0.387755	-0.714286	0.0155678
-0.387755	-0.673469	0.0173157
-0.387755	-0.632653	0.0189955
-0.387755	-0.591837	0.0206006
-0.387755	-0.55102	0.0221245
-0.387755	-0.510204	0.0235613
-0.387755	-0.469388	0.0249053
-0.387755	-0.428571	0.0261512
-0.387755	-0.387755	0.0272941
-0.387755	-0.346939	0.0283295
-0.387755	-0.306122	0.0292533
-0.387755	-0.265306	0.0300617
-0.387755	-0.22449	0.0307516
-0.387755	-0.183673	0.0313203
-0.387755	-0.142857	0.0317655
-0.387755	-0.102041	0.0320854
-0.387755	-0.0612245	0.0322787
-0.387755	-0.0204082	0.0323446
-0.387755	0.0204082	0.0322829
-0.387755	0.0612245	0.0320938
-0.387755	0.102041	0.0317779
-0.387755	0.142857	0.0313366
-0.387755	0.183673	0.0307715
-0.387755	0.22449	0.0300848
-0.387755	0.265306	0.0292792
-0.387755	0.306122	0.028358
-0.387755	0.346939	0.0273247
-0.387755	0.387755	0.0261833
-0.387755	0.428571	0.0249384
-0.387755	0.469388	0.023595
-0.387755	0.510204	0.0221581
-0.387755	0.55102	0.0206337
-0.387755	0.591837	0.0190276
-0.387755	0.632653	0.0173463
-0.387755	0.673469	0.0155963
-0.387755	0.714286	0.0137846
-0.387755	0.755102	0.0119183
-0.387755	0.795918	0.0100049
-0.387755	0.836735	0.00805184
-0.387755	0.877551	0.00606693
-0.387755	0.918367	0.00405801
-0.387755	0.959184	0.00203303
-0.387755	1	0
-0.346939	-1	0.00210576
-0.346939	-0.959184	0.00420324
-0.346939	-0.918367	0.00628419
-0.346939	-0.877551	0.00834041
-0.346939	-0.836735	0.0103638
-0.346939	-0.795918	0.0123464
-0.346939	-0.755102	0.0142805
-0.346939	-0.714286	0.0161583
-0.346939	-0.673469	0.0179726
-0.346939	-0.632653	0.0197161
-0.346939	-0.591837	0.021382
-0.346939	-0.55102	0.0229637
-0.346939	-0.510204	0.0244551
-0.346939	-0.469388	0.0258501
-0.346939	-0.428571	0.0271433
-0.346939	-0.387755	0.0283295
-0.346939	-0.346939	0.0294042
-0.346939	-0.306122	0.0303629
-0.346939	-0.265306	0.0312021
-0.346939	-0.22449	0.0319182
-0.346939	-0.183673	0.0325084
-0.346939	-0.142857	0.0329705
-0.346939	-0.102041	0.0333025
-0.346939	-0.0612245	0.0335032
-0.346939	-0.0204082	0.0335716
-0.346939	0.0204082	0.0335075
-0.346939	0.0612245	0.0333112
-0.346939	0.102041	0.0329834
-0.346939	0.142857	0.0325253
-0.346939	0.183673	0.0319387
-0.346939	0.22449	0.031226
-0.346939	0.265306	0.0303899
-0.346939	0.306122	0.0294337
-0.346939	0.346939	0.0283612
-0.346939	0.387755	0.0271766
-0.346939	0.428571	0.0258845
-0.346939	0.469388	0.02449
-0.346939	0.510204	0.0229987
-0.346939	0.55102	0.0214164
-0.346939	0.591837	0.0197494
-0.346939	0.632653	0.0180043
-0.346939	0.673469	0.0161879
-0.346939	0.714286	0.0143075
-0.346939	0.755102	0.0123704
-0.346939	0.795918	0.0103844
-0.346939	0.836735	0.00835727
-0.346939	0.877551	0.00629707
-0.346939	0.918367	0.00421195
-0.346939	0.959184	0.00211015
-0.346939	1	0
-0.306122	-1	0.00217443
-0.306122	-0.959184	0.0043403
-0.306122	-0.918367	0.00648909
-0.306122	-0.877551	0.00861236
-0.306122	-0.836735	0.0107017
-0.306122	-0.795918	0.012749
-0.306122	-0.755102	0.0147461
-0.306122	-0.714286	0.0166852
-0.306122	-0.673469	0.0185586
-0.306122	-0.632653	0.020359
-0.306122	-0.591837	0.0220792
-0.306122	-0.55102	0.0237125
-0.306122	-0.510204	0.0252525
-0.306122	-0.469388	0.026693
-0.306122	-0.428571	0.0280283
-0.306122	-0.387755	0.0292533
-0.306122	-0.346939	0.0303629
-0.306122	-0.306122	0.031353
-0.306122	-0.265306	0.0322195
-0.306122	-0.22449	0.0329589
-0.306122	-0.183673	0.0335684
-0.306122	-0.142857	0.0340456
-0.306122	-0.102041	0.0343884
-0.306122	-0.0612245	0.0345956
-0.306122	-0.0204082	0.0346663
-0.306122	0.0204082	0.0346001
-0.306122	0.0612245	0.0343974
-0.306122	0.102041	0.0340589
-0.306122	0.142857	0.0335858
-0.306122	0.183673	0.0329802
-0.306122	0.22449	0.0322442
-0.306122	0.265306	0.0313808
-0.306122	0.306122	0.0303935
-0.306122	0.346939	0.029286
-0.306122	0.387755	0.0280627
-0.306122	0.428571	0.0267285
-0.306122	0.469388	0.0252885
-0.306122	0.510204	0.0237486
-0.306122	0.55102	0.0221147
-0.306122	0.591837	0.0203934
-0.306122	0.632653	0.0185913
-0.306122	0.673469	0.0167157
-0.306122	0.714286	0.014774
-0.306122	0.755102	0.0127738
-0.306122	0.795918	0.010723
-0.306122	0.836735	0.00862978
-0.306122	0.877551	0.0065024
-0.306122	0.918367	0.00434929
-0.306122	0.959184	0.00217896
-0.306122	1	0
-0.265306	-1	0.00223452
-0.265306	-0.959184	0.00446025
-0.265306	-0.918367	0.00666843
-0.265306	-0.877551	0.00885037
-0.265306	-0.836735	0.0109975
-0.265306	-0.795918	0.0131014
-0.265306	-0.755102	0.0151537
-0.265306	-0.714286	0.0171463
-0.265306	-0.673469	0.0190715
-0.265306	-0.632653	0.0209216
-0.265306	-0.591837	0.0226894
-0.265306	-0.55102	0.0243678
-0.265306	-0.510204	0.0259503
-0.265306	-0.469388	0.0274306
-0.265306	-0.428571	0.0288029
-0.265306	-0.387755	0.0300617
-0.265306	-0.346939	0.0312021
-0.265306	-0.306122	0.0322195
-0.265306	-0.265306	0.0331099
-0.265306	-0.22449	0.0338698
-0.265306	-0.183673	0.0344961
-0.265306	-0.142857	0.0349864
-0.265306	-0.102041	0.0353388
-0.265306	-0.0612245	0.0355517
-0.265306	-0.0204082	0.0356243
-0.265306	0.0204082	0.0355563
-0.265306	0.0612245	0.035348
-0.265306	0.102041	0.0350001
-0.265306	0.142857	0.034514
-0.265306	0.183673	0.0338916
-0.265306	0.22449	0.0331353
-0.265306	0.265306	0.0322481
-0.265306	0.306122	0.0312334
-0.265306	0.346939	0.0300953
-0.265306	0.387755	0.0288382
-0.265306	0.428571	0.0274671
-0.265306	0.469388	0.0259874
-0.265306	0.510204	0.0244049
-0.265306	0.55102	0.0227259
-0.265306	0.591837	0.020957
-0.265306	0.632653	0.0191051
-0.265306	0.673469	0.0171777
-0.265306	0.714286	0.0151823
-0.265306	0.755102	0.0131268
-0.265306	0.795918	0.0110193
-0.265306	0.836735	0.00886827
-0.265306	0.877551	0.0066821
-0.265306	0.918367	0.00446949
-0.265306	0.959184	0.00223917
-0.265306	1	0
-0.22449	-1	0.0022858
-0.22449	-0.959184	0.00456261
-0.22449	-0.918367	0.00682147
-0.22449	-0.877551	0.00905349
-0.22449	-0.836735	0.0112499
-0.22449	-0.795918	0.013402
-0.22449	-0.755102	0.0155014
-0.22449	-0.714286	0.0175398
-0.22449	-0.673469	0.0195092
-0.22449	-0.632653	0.0214018
-0.22449	-0.591837	0.0232101
-0.22449	-0.55102	0.0249271
-0.22449	-0.510204	0.0265459
-0.22449	-0.469388	0.0280602
-0.22449	-0.428571	0.0294639
-0.22449	-0.387755	0.0307516
-0.22449	-0.346939	0.0319182
-0.22449	-0.306122	0.0329589
-0.22449	-0.265306	0.0338698
-0.22449	-0.22449	0.0346471
-0.22449	-0.183673	0.0352878
-0.22449	-0.142857	0.0357894
-0.22449	-0.102041	0.0361498
-0.22449	-0.0612245	0.0363676
-0.22449	-0.0204082	0.0364419
-0.22449	0.0204082	0.0363724
-0.22449	0.0612245	0.0361593
-0.22449	0.102041	0.0358034
-0.22449	0.142857	0.0353061
-0.22449	0.183673	0.0346694
-0.22449	0.22449	0.0338958
-0.22449	0.265306	0.0329882
-0.22449	0.306122	0.0319503
-0.22449	0.346939	0.030786
-0.22449	0.387755	0.0295001
-0.22449	0.428571	0.0280975
-0.22449	0.469388	0.0265838
-0.22449	0.510204	0.024965
-0.22449	0.55102	0.0232475
-0.22449	0.591837	0.0214379
-0.22449	0.632653	0.0195436
-0.22449	0.673469	0.0175719
-0.22449	0.714286	0.0155307
-0.22449	0.755102	0.0134281
-0.22449	0.795918	0.0112722
-0.22449	0.836735	0.0090718
-0.22449	0.877551	0.00683546
-0.22449	0.918367	0.00457206
-0.22449	0.959184	0.00229057
-0.22449	1	0
-0.183673	-1	0.00232807
-0.183673	-0.959184	0.00464699
-0.183673	-0.918367	0.00694762
-0.183673	-0.877551	0.00922092
-0.183673	-0.836735	0.0114579
-0.183673	-0.795918	0.0136499
-0.183673	-0.755102	0.0157881
-0.183673	-0.714286	0.0178642
-0.183673	-0.673469	0.01987
-0.183673	-0.632653	0.0217976
-0.183673	-0.591837	0.0236394
-0.183673	-0.55102	0.0253881
-0.183673	-0.510204	0.0270368
-0.183673	-0.469388	0.0285791
-0.183673	-0.428571	0.0300088
-0.183673	-0.387755	0.0313203
-0.183673	-0.346939	0.0325084
-0.183673	-0.306122	0.0335684
-0.183673	-0.265306	0.0344961
-0.183673	-0.22449	0.0352878
-0.183673	-0.183673	0.0359404
-0.183673	-0.142857	0.0364513
-0.183673	-0.102041	0.0368183
-0.183673	-0.0612245	0.0370402
-0.183673	-0.0204082	0.0371158
-0.183673	0.0204082	0.037045
-0.183673	0.0612245	0.036828
-0.183673	0.102041	0.0364655
-0.183673	0.142857	0.0359591
-0.183673	0.183673	0.0353106
-0.183673	0.22449	0.0345226
-0.183673	0.265306	0.0335983
-0.183673	0.306122	0.0325411
-0.183673	0.346939	0.0313554
-0.183673	0.387755	0.0300456
-0.183673	0.428571	0.0286171
-0.183673	0.469388	0.0270755
-0.183673	0.510204	0.0254267
-0.183673	0.55102	0.0236774
-0.183673	0.591837	0.0218344
-0.183673	0.632653	0.019905
-0.183673	0.673469	0.0178969
-0.183673	0.714286	0.0158179
-0.183673	0.755102	0.0136764
-0.183673	0.795918	0.0114807
-0.183673	0.836735	0.00923957
-0.183673	0.877551	0.00696187
-0.183673	0.918367	0.00465661
-0.183673	0.959184	0.00233292
-0.183673	1	0
-0.142857	-1	0.00236116
-0.142857	-0.959184	0.00471304
-0.142857	-0.918367	0.00704637
-0.142857	-0.877551	0.00935198
-0.142857	-0.836735	0.0116208
-0.142857	-0.795918	0.0138439
-0.142857	-0.755102	0.0160125
-0.142857	-0.714286	0.0181181
-0.142857	-0.673469	0.0201524
-0.142857	-0.632653	0.0221074
-0.142857	-0.591837	0.0239754
-0.142857	-0.55102	0.0257489
-0.142857	-0.510204	0.0274211
-0.142857	-0.469388	0.0289853
-0.142857	-0.428571	0.0304354
-0.142857	-0.387755	0.0317655
-0.142857	-0.346939	0.0329705
-0.142857	-0.306122	0.0340456
-0.142857	-0.265306	0.0349864
-0.142857	-0.22449	0.0357894
-0.142857	-0.183673	0.0364513
-0.142857	-0.142857	0.0369694
-0.142857	-0.102041	0.0373417
-0.142857	-0.0612245	0.0375666
-0.142857	-0.0204082	0.0376434
-0.142857	0.0204082	0.0375716
-0.142857	0.0612245	0.0373514
-0.142857	0.102041	0.0369838
-0.142857	0.142857	0.0364702
-0.142857	0.183673	0.0358125
-0.142857	0.22449	0.0350133
-0.142857	0.265306	0.0340758
-0.142857	0.306122	0.0330036
-0.142857	0.346939	0.031801
-0.142857	0.387755	0.0304727
-0.142857	0.428571	0.0290239
-0.142857	0.469388	0.0274603
-0.142857	0.510204	0.0257881
-0.142857	0.55102	0.0240139
-0.142857	0.591837	0.0221448
-0.142857	0.632653	0.020188
-0.142857	0.673469	0.0181513
-0.142857	0.714286	0.0160428
-0.142857	0.755102	0.0138708
-0.142857	0.795918	0.0116439
-0.142857	0.836735	0.0093709
-0.142857	0.877551	0.00706083
-0.142857	0.918367	0.0047228
-0.142857	0.959184	0.00236608
-0.142857	1	0
-0.102041	-1	0.00238494
-0.102041	-0.959184	0.0047605
-0.102041	-0.918367	0.00711733
-0.102041	-0.877551	0.00944616
-0.102041	-0.836735	0.0117378
-0.102041	-0.795918	0.0139833
-0.102041	-0.755102	0.0161738
-0.102041	-0.714286	0.0183006
-0.102041	-0.673469	0.0203554
-0.102041	-0.632653	0.02233
-0.102041	-0.591837	0.0242168
-0.102041	-0.55102	0.0260082
-0.102041	-0.510204	0.0276973
-0.102041	-0.469388	0.0292772
-0.102041	-0.428571	0.0307419
-0.102041	-0.387755	0.0320854
-0.102041	-0.346939	0.0333025
-0.102041	-0.306122	0.0343884
-0.102041	-0.265306	0.0353388
-0.102041	-0.22449	0.0361498
-0.102041	-0.183673	0.0368183
-0.102041	-0.142857	0.0373417
-0.102041	-0.102041	0.0377177
-0.102041	-0.0612245	0.0379449
-0.102041	-0.0204082	0.0380225
-0.102041	0.0204082	0.0379499
-0.102041	0.0612245	0.0377276
-0.102041	0.102041	0.0373563
-0.102041	0.142857	0.0368374
-0.102041	0.183673	0.0361731
-0.102041	0.22449	0.0353659
-0.102041	0.265306	0.034419
-0.102041	0.306122	0.033336
-0.102041	0.346939	0.0321213
-0.102041	0.387755	0.0307796
-0.102041	0.428571	0.0293162
-0.102041	0.469388	0.0277368
-0.102041	0.510204	0.0260478
-0.102041	0.55102	0.0242558
-0.102041	0.591837	0.0223678
-0.102041	0.632653	0.0203912
-0.102041	0.673469	0.0183341
-0.102041	0.714286	0.0162043
-0.102041	0.755102	0.0140105
-0.102041	0.795918	0.0117611
-0.102041	0.836735	0.00946527
-0.102041	0.877551	0.00713193
-0.102041	0.918367	0.00477036
-0.102041	0.959184	0.00238991
-0.102041	1	0
-0.0612245	-1	0.00239931
-0.0612245	-0.959184	0.00478918
-0.0612245	-0.918367	0.00716021
-0.0612245	-0.877551	0.00950307
-0.0612245	-0.836735	0.0118085
-0.0612245	-0.795918	0.0140676
-0.0612245	-0.755102	0.0162712
-0.0612245	-0.714286	0.0184108
-0.0612245	-0.673469	0.020478
-0.0612245	-0.632653	0.0224646
-0.0612245	-0.591837	0.0243627
-0.0612245	-0.55102	0.0261649
-0.0612245	-0.510204	0.0278641
-0.0612245	-0.469388	0.0294536
-0.0612245	-0.428571	0.0309271
-0.0612245	-0.387755	0.0322787
-0.0612245	-0.346939	0.0335032
-0.0612245	-0.306122	0.0345956
-0.0612245	-0.265306	0.0355517
-0.0612245	-0.22449	0.0363676
-0.0612245	-0.183673	0.0370402
-0.0612245	-0.142857	0.0375666
-0.0612245	-0.102041	0.0379449
-0.0612245	-0.0612245	0.0381736
-0.0612245	-0.0204082	0.0382515
-0.0612245	0.0204082	0.0381786
-0.0612245	0.0612245	0.0379549
-0.0612245	0.102041	0.0375813
-0.0612245	0.142857	0.0370594
-0.0612245	0.183673	0.0363911
-0.0612245	0.22449	0.035579
-0.0612245	0.265306	0.0346263
-0.0612245	0.306122	0.0335368
-0.0612245	0.346939	0.0323148
-0.0612245	0.387755	0.030965
-0.0612245	0.428571	0.0294928
-0.0612245	0.469388	0.0279039
-0.0612245	0.510204	0.0262047
-0.0612245	0.55102	0.0244019
-0.0612245	0.591837	0.0225025
-0.0612245	0.632653	0.0205141
-0.0612245	0.673469	0.0184445
-0.0612245	0.714286	0.0163019
-0.0612245	0.755102	0.0140949
-0.0612245	0.795918	0.011832
-0.0612245	0.836735	0.00952229
-0.0612245	0.877551	0.0071749
-0.0612245	0.918367	0.0047991
-0.0612245	0.959184	0.00240431
-0.0612245	1	0
-0.0204082	-1	0.00240421
-0.0204082	-0.959184	0.00479896
-0.0204082	-0.918367	0.00717484
-0.0204082	-0.877551	0.00952249
-0.0204082	-0.836735	0.0118327
-0.0204082	-0.795918	0.0140963
-0.0204082	-0.755102	0.0163044
-0.0204082	-0.714286	0.0184484
-0.0204082	-0.673469	0.0205198
-0.0204082	-0.632653	0.0225105
-0.0204082	-0.591837	0.0244125
-0.0204082	-0.55102	0.0262184
-0.0204082	-0.510204	0.0279211
-0.0204082	-0.469388	0.0295138
-0.0204082	-0.428571	0.0309902
-0.0204082	-0.387755	0.0323446
-0.0204082	-0.346939	0.0335716
-0.0204082	-0.306122	0.0346663
-0.0204082	-0.265306	0.0356243
-0.0204082	-0.22449	0.0364419
-0.0204082	-0.183673	0.0371158
-0.0204082	-0.142857	0.0376434
-0.0204082	-0.102041	0.0380225
-0.0204082	-0.0612245	0.0382515
-0.0204082	-0.0204082	0.0383297
-0.0204082	0.0204082	0.0382565
-0.0204082	0.0612245	0.0380324
-0.0204082	0.102041	0.0376581
-0.0204082	0.142857	0.0371351
-0.0204082	0.183673	0.0364654
-0.0204082	0.22449	0.0356517
-0.0204082	0.265306	0.0346971
-0.0204082	0.306122	0.0336054
-0.0204082	0.346939	0.0323808
-0.0204082	0.387755	0.0310283
-0.0204082	0.428571	0.029553
-0.0204082	0.469388	0.027961
-0.0204082	0.510204	0.0262583
-0.0204082	0.55102	0.0244517
-0.0204082	0.591837	0.0225485
-0.0204082	0.632653	0.020556
-0.0204082	0.673469	0.0184822
-0.0204082	0.714286	0.0163353
-0.0204082	0.755102	0.0141237
-0.0204082	0.795918	0.0118562
-0.0204082	0.836735	0.00954174
-0.0204082	0.877551	0.00718955
-0.0204082	0.918367	0.00480891
-0.0204082	0.959184	0.00240922
-0.0204082	1	0
0.0204082	-1	0.00239962
0.0204082	-0.959184	0.00478981
0.0204082	-0.918367	0.00716115
0.0204082	-0.877551	0.00950432
0.0204082	-0.836735	0.0118101
0.0204082	-0.795918	0.0140694
0.0204082	-0.755102	0.0162733
0.0204082	-0.714286	0.0184132
0.0204082	-0.673469	0.0204807
0.0204082	-0.632653	0.0224675
0.0204082	-0.591837	0.0243659
0.0204082	-0.55102	0.0261684
0.0204082	-0.510204	0.0278678
0.0204082	-0.469388	0.0294575
0.0204082	-0.428571	0.0309311
0.0204082	-0.387755	0.0322829
0.0204082	-0.346939	0.0335075
0.0204082	-0.306122	0.0346001
0.0204082	-0.265306	0.0355563
0.0204082	-0.22449	0.0363724
0.0204082	-0.183673	0.037045
0.0204082	-0.142857	0.0375716
0.0204082	-0.102041	0.0379499
0.0204082	-0.0612245	0.0381786
0.0204082	-0.0204082	0.0382565
0.0204082	0.0204082	0.0381836
0.0204082	0.0612245	0.0379598
0.0204082	0.102041	0.0375862
0.0204082	0.142857	0.0370642
0.0204082	0.183673	0.0363958
0.0204082	0.22449	0.0355836
0.0204082	0.265306	0.0346309
0.0204082	0.306122	0.0335412
0.0204082	0.346939	0.032319
0.0204082	0.387755	0.0309691
0.0204082	0.428571	0.0294967
0.0204082	0.469388	0.0279076
0.0204082	0.510204	0.0262082
0.0204082	0.55102	0.0244051
0.0204082	0.591837	0.0225055
0.0204082	0.632653	0.0205168
0.0204082	0.673469	0.0184469
0.0204082	0.714286	0.0163041
0.0204082	0.755102	0.0140967
0.0204082	0.795918	0.0118335
0.0204082	0.836735	0.00952354
0.0204082	0.877551	0.00717584
0.0204082	0.918367	0.00479973
0.0204082	0.959184	0.00240462
0.0204082	1	0
0.0612245	-1	0.00238556
0.0612245	-0.959184	0.00476175
0.0612245	-0.918367	0.00711919
0.0612245	-0.877551	0.00944863
0.0612245	-0.836735	0.0117409
0.0612245	-0.795918	0.013987
0.0612245	-0.755102	0.016178
0.0612245	-0.714286	0.0183054
0.0612245	-0.673469	0.0203607
0.0612245	-0.632653	0.0223359
0.0612245	-0.591837	0.0242231
0.0612245	-0.55102	0.026015
0.0612245	-0.510204	0.0277045
0.0612245	-0.469388	0.0292849
0.0612245	-0.428571	0.0307499
0.0612245	-0.387755	0.0320938
0.0612245	-0.346939	0.0333112
0.0612245	-0.306122	0.0343974
0.0612245	-0.265306	0.035348
0.0612245	-0.22449	0.0361593
0.0612245	-0.183673	0.036828
0.0612245	-0.142857	0.0373514
0.0612245	-0.102041	0.0377276
0.0612245	-0.0612245	0.0379549
0.0612245	-0.0204082	0.0380324
0.0612245	0.0204082	0.0379598
0.0612245	0.0612245	0.0377374
0.0612245	0.102041	0.037366
0.0612245	0.142857	0.0368471
0.0612245	0.183673	0.0361826
0.0612245	0.22449	0.0353752
0.0612245	0.265306	0.034428
0.0612245	0.306122	0.0333447
0.0612245	0.346939	0.0321297
0.0612245	0.387755	0.0307876
0.0612245	0.428571	0.0293238
0.0612245	0.469388	0.0277441
0.0612245	0.510204	0.0260546
0.0612245	0.55102	0.0242621
0.0612245	0.591837	0.0223736
0.0612245	0.632653	0.0203966
0.0612245	0.673469	0.0183389
0.0612245	0.714286	0.0162086
0.0612245	0.755102	0.0140141
0.0612245	0.795918	0.0117642
0.0612245	0.836735	0.00946774
0.0612245	0.877551	0.00713379
0.0612245	0.918367	0.00477161
0.0612245	0.959184	0.00239054
0.0612245	1	0
0.102041	-1	0.00236209
0.102041	-0.959184	0.00471488
0.102041	-0.918367	0.00704913
0.102041	-0.877551	0.00935564
0.102041	-0.836735	0.0116253
0.102041	-0.795918	0.0138493
0.102041	-0.755102	0.0160188
0.102041	-0.714286	0.0181252
0.102041	-0.673469	0.0201603
0.102041	-0.632653	0.0221161
0.102041	-0.591837	0.0239847
0.102041	-0.55102	0.025759
0.102041	-0.510204	0.0274318
0.102041	-0.469388	0.0289967
0.102041	-0.428571	0.0304473
0.102041	-0.387755	0.0317779
0.102041	-0.346939	0.0329834
0.102041	-0.306122	0.0340589
0.102041	-0.265306	0.0350001
0.102041	-0.22449	0.0358034
0.102041	-0.183673	0.0364655
0.102041	-0.142857	0.0369838
0.102041	-0.102041	0.0373563
0.102041	-0.0612245	0.0375813
0.102041	-0.0204082	0.0376581
0.102041	0.0204082	0.0375862
0.102041	0.0612245	0.037366
0.102041	0.102041	0.0369983
0.102041	0.142857	0.0364844
0.102041	0.183673	0.0358265
0.102041	0.22449	0.035027
0.102041	0.265306	0.0340891
0.102041	0.306122	0.0330165
0.102041	0.346939	0.0318135
0.102041	0.387755	0.0304846
0.102041	0.428571	0.0290352
0.102041	0.469388	0.027471
0.102041	0.510204	0.0257982
0.102041	0.55102	0.0240233
0.102041	0.591837	0.0221534
0.102041	0.632653	0.0201958
0.102041	0.673469	0.0181584
0.102041	0.714286	0.016049
0.102041	0.755102	0.0138762
0.102041	0.795918	0.0116484
0.102041	0.836735	0.00937456
0.102041	0.877551	0.00706359
0.102041	0.918367	0.00472465
0.102041	0.959184	0.00236701
0.102041	1	0
0.142857	-1	0.00232928
0.142857	-0.959184	0.0046494
0.142857	-0.918367	0.00695123
0.142857	-0.877551	0.00922571
0.142857	-0.836735	0.0114639
0.142857	-0.795918	0.013657
0.142857	-0.755102	0.0157963
0.142857	-0.714286	0.0178735
0.142857	-0.673469	0.0198803
0.142857	-0.632653	0.0218089
0.142857	-0.591837	0.0236516
0.142857	-0.55102	0.0254013
0.142857	-0.510204	0.0270509
0.142857	-0.469388	0.0285939
0.142857	-0.428571	0.0300244
0.142857	-0.387755	0.0313366
0.142857	-0.346939	0.0325253
0.142857	-0.306122	0.0335858
0.142857	-0.265306	0.034514
0.142857	-0.22449	0.0353061
0.142857	-0.183673	0.0359591
0.142857	-0.142857	0.0364702
0.142857	-0.102041	0.0368374
0.142857	-0.0612245	0.0370594
0.142857	-0.0204082	0.0371351
0.142857	0.0204082	0.0370642
0.142857	0.0612245	0.0368471
0.142857	0.102041	0.0364844
0.142857	0.142857	0.0359777
0.142857	0.183673	0.0353289
0.142857	0.22449	0.0345405
0.142857	0.265306	0.0336157
0.142857	0.306122	0.032558
0.142857	0.346939	0.0313716
0.142857	0.387755	0.0300612
0.142857	0.428571	0.028632
0.142857	0.469388	0.0270895
0.142857	0.510204	0.0254399
0.142857	0.55102	0.0236897
0.142857	0.591837	0.0218457
0.142857	0.632653	0.0199154
0.142857	0.673469	0.0179062
0.142857	0.714286	0.0158261
0.142857	0.755102	0.0136835
0.142857	0.795918	0.0114867
0.142857	0.836735	0.00924436
0.142857	0.877551	0.00696548
0.142857	0.918367	0.00465903
0.142857	0.959184	0.00233414
0.142857	1	0
0.183673	-1	0.00228728
0.183673	-0.959184	0.00456555
0.183673	-0.918367	0.00682587
0.183673	-0.877551	0.00905933
0.183673	-0.836735	0.0112572
0.183673	-0.795918	0.0134107
0.183673	-0.755102	0.0155114
0.183673	-0.714286	0.0175512
0.183673	-0.673469	0.0195218
0.183673	-0.632653	0.0214156
0.183673	-0.591837	0.0232251
0.183673	-0.55102	0.0249432
0.183673	-0.510204	0.026563
0.183673	-0.469388	0.0280783
0.183673	-0.428571	0.0294829
0.183673	-0.387755	0.0307715
0.183673	-0.346939	0.0319387
0.183673	-0.306122	0.0329802
0.183673	-0.265306	0.0338916
0.183673	-0.22449	0.0346694
0.183673	-0.183673	0.0353106
0.183673	-0.142857	0.0358125
0.183673	-0.102041	0.0361731
0.183673	-0.0612245	0.0363911
0.183673	-0.0204082	0.0364654
0.183673	0.0204082	0.0363958
0.183673	0.0612245	0.0361826
0.183673	0.102041	0.0358265
0.183673	0.142857	0.0353289
0.183673	0.183673	0.0346918
0.183673	0.22449	0.0339176
0.183673	0.265306	0.0330095
0.183673	0.306122	0.0319709
0.183673	0.346939	0.0308059
0.183673	0.387755	0.0295191
0.183673	0.428571	0.0281156
0.183673	0.469388	0.026601
0.183673	0.510204	0.0249811
0.183673	0.55102	0.0232625
0.183673	0.591837	0.0214518
0.183673	0.632653	0.0195562
0.183673	0.673469	0.0175833
0.183673	0.714286	0.0155407
0.183673	0.755102	0.0134367
0.183673	0.795918	0.0112795
0.183673	0.836735	0.00907765
0.183673	0.877551	0.00683987
0.183673	0.918367	0.00457501
0.183673	0.959184	0.00229204
0.183673	1	0
0.22449	-1	0.00223623
0.22449	-0.959184	0.00446367
0.22449	-0.918367	0.00667355
0.22449	-0.877551	0.00885717
0.22449	-0.836735	0.0110059
0.22449	-0.795918	0.0131114
0.22449	-0.755102	0.0151653
0.22449	-0.714286	0.0171595
0.22449	-0.673469	0.0190862
0.22449	-0.632653	0.0209377
0.22449	-0.591837	0.0227068
0.22449	-0.55102	0.0243866
0.22449	-0.510204	0.0259703
0.22449	-0.469388	0.0274517
0.22449	-0.428571	0.028825
0.22449	-0.387755	0.0300848
0.22449	-0.346939	0.031226
0.22449	-0.306122	0.0322442
0.22449	-0.265306	0.0331353
0.22449	-0.22449	0.0338958
0.22449	-0.183673	0.0345226
0.22449	-0.142857	0.0350133
0.22449	-0.102041	0.0353659
0.22449	-0.0612245	0.035579
0.22449	-0.0204082	0.0356517
0.22449	0.0204082	0.0355836
0.22449	0.0612245	0.0353752
0.22449	0.102041	0.035027
0.22449	0.142857	0.0345405
0.22449	0.183673	0.0339176
0.22449	0.22449	0.0331608
0.22449	0.265306	0.0322729
0.22449	0.306122	0.0312574
0.22449	0.346939	0.0301184
0.22449	0.387755	0.0288604
0.22449	0.428571	0.0274882
0.22449	0.469388	0.0260074
0.22449	0.510204	0.0244237
0.22449	0.55102	0.0227434
0.22449	0.591837	0.0209731
0.22449	0.632653	0.0191198
0.22449	0.673469	0.0171909
0.22449	0.714286	0.0151939
0.22449	0.755102	0.0131369
0.22449	0.795918	0.0110278
0.22449	0.836735	0.00887508
0.22449	0.877551	0.00668724
0.22449	0.918367	0.00447292
0.22449	0.959184	0.00224089
0.22449	1	0
0.265306	-1	0.00217636
0.265306	-0.959184	0.00434415
0.265306	-0.918367	0.00649486
0.265306	-0.877551	0.00862001
0.265306	-0.836735	0.0107113
0.265306	-0.795918	0.0127603
0.265306	-0.755102	0.0147592
0.265306	-0.714286	0.0167
0.265306	-0.673469	0.0185751
0.265306	-0.632653	0.0203771
0.265306	-0.591837	0.0220988
0.265306	-0.55102	0.0237336
0.265306	-0.510204	0.0252749
0.265306	-0.469388	0.0267167
0.265306	-0.428571	0.0280532
0.265306	-0.387755	0.0292792
0.265306	-0.346939	0.0303899
0.265306	-0.306122	0.0313808
0.265306	-0.265306	0.0322481
0.265306	-0.22449	0.0329882
0.265306	-0.183673	0.0335983
0.265306	-0.142857	0.0340758
0.265306	-0.102041	0.034419
0.265306	-0.0612245	0.0346263
0.265306	-0.0204082	0.0346971
0.265306	0.0204082	0.0346309
0.265306	0.0612245	0.034428
0.265306	0.102041	0.0340891
0.265306	0.142857	0.0336157
0.265306	0.183673	0.0330095
0.265306	0.22449	0.0322729
0.265306	0.265306	0.0314087
0.265306	0.306122	0.0304205
0.265306	0.346939	0.029312
0.265306	0.387755	0.0280876
0.265306	0.428571	0.0267522
0.265306	0.469388	0.025311
0.265306	0.510204	0.0237697
0.265306	0.55102	0.0221344
0.265306	0.591837	0.0204115
0.265306	0.632653	0.0186079
0.265306	0.673469	0.0167306
0.265306	0.714286	0.0147871
0.265306	0.755102	0.0127851
0.265306	0.795918	0.0107325
0.265306	0.836735	0.00863745
0.265306	0.877551	0.00650818
0.265306	0.918367	0.00435315
0.265306	0.959184	0.00218089
0.265306	1	0
0.306122	-1	0.00210788
0.306122	-0.959184	0.00420747
0.306122	-0.918367	0.0062905
0.306122	-0.877551	0.00834879
0.306122	-0.836735	0.0103742
0.306122	-0.795918	0.0123589
0.306122	-0.755102	0.0142948
0.306122	-0.714286	0.0161746
0.306122	-0.673469	0.0179907
0.306122	-0.632653	0.0197359
0.306122	-0.591837	0.0214035
0.306122	-0.55102	0.0229868
0.306122	-0.510204	0.0244796
0.306122	-0.469388	0.025876
0.306122	-0.428571	0.0271705
0.306122	-0.387755	0.028358
0.306122	-0.346939	0.0294337
0.306122	-0.306122	0.0303935
0.306122	-0.265306	0.0312334
0.306122	-0.22449	0.0319503
0.306122	-0.183673	0.0325411
0.306122	-0.142857	0.0330036
0.306122	-0.102041	0.033336
0.306122	-0.0612245	0.0335368
0.306122	-0.0204082	0.0336054
0.306122	0.0204082	0.0335412
0.306122	0.0612245	0.0333447
0.306122	0.102041	0.0330165
0.306122	0.142857	0.032558
0.306122	0.183673	0.0319709
0.306122	0.22449	0.0312574
0.306122	0.265306	0.0304205
0.306122	0.306122	0.0294633
0.306122	0.346939	0.0283897
0.306122	0.387755	0.0272039
0.306122	0.428571	0.0259105
0.306122	0.469388	0.0245146
0.306122	0.510204	0.0230218
0.306122	0.55102	0.0214379
0.306122	0.591837	0.0197693
0.306122	0.632653	0.0180224
0.306122	0.673469	0.0162042
0.306122	0.714286	0.0143218
0.306122	0.755102	0.0123828
0.306122	0.795918	0.0103948
0.306122	0.836735	0.00836568
0.306122	0.877551	0.00630341
0.306122	0.918367	0.00421618
0.306122	0.959184	0.00211227
0.306122	1	0
0.346939	-1	0.00203107
0.346939	-0.959184	0.00405415
0.346939	-0.918367	0.00606128
0.346939	-0.877551	0.00804457
0.346939	-0.836735	0.00999621
0.346939	-0.795918	0.0119085
0.346939	-0.755102	0.013774
0.346939	-0.714286	0.0155852
0.346939	-0.673469	0.0173351
0.346939	-0.632653	0.0190168
0.346939	-0.591837	0.0206236
0.346939	-0.55102	0.0221492
0.346939	-0.510204	0.0235876
0.346939	-0.469388	0.0249332
0.346939	-0.428571	0.0261805
0.346939	-0.387755	0.0273247
0.346939	-0.346939	0.0283612
0.346939	-0.306122	0.029286
0.346939	-0.265306	0.0300953
0.346939	-0.22449	0.030786
0.346939	-0.183673	0.0313554
0.346939	-0.142857	0.031801
0.346939	-0.102041	0.0321213
0.346939	-0.0612245	0.0323148
0.346939	-0.0204082	0.0323808
0.346939	0.0204082	0.032319
0.346939	0.0612245	0.0321297
0.346939	0.102041	0.0318135
0.346939	0.142857	0.0313716
0.346939	0.183673	0.0308059
0.346939	0.22449	0.0301184
0.346939	0.265306	0.029312
0.346939	0.306122	0.0283897
0.346939	0.346939	0.0273552
0.346939	0.387755	0.0262126
0.346939	0.428571	0.0249663
0.346939	0.469388	0.0236213
0.346939	0.510204	0.0221829
0.346939	0.55102	0.0206568
0.346939	0.591837	0.0190489
0.346939	0.632653	0.0173657
0.346939	0.673469	0.0156137
0.346939	0.714286	0.0138
0.346939	0.755102	0.0119316
0.346939	0.795918	0.0100161
0.346939	0.836735	0.00806084
0.346939	0.877551	0.00607372
0.346939	0.918367	0.00406255
0.346939	0.959184	0.0020353
0.346939	1	0
0.387755	-1	0.00194623
0.387755	-0.959184	0.00388481
0.387755	-0.918367	0.0058081
0.387755	-0.877551	0.00770855
0.387755	-0.836735	0.00957866
0.387755	-0.795918	0.0114111
0.387755	-0.755102	0.0131986
0.387755	-0.714286	0.0149342
0.387755	-0.673469	0.016611
0.387755	-0.632653	0.0182224
0.387755	-0.591837	0.0197621
0.387755	-0.55102	0.021224
0.387755	-0.510204	0.0226024
0.387755	-0.469388	0.0238917
0.387755	-0.428571	0.0250869
0.387755	-0.387755	0.0261833
0.387755	-0.346939	0.0271766
0.387755	-0.306122	0.0280627
0.387755	-0.265306	0.0288382
0.387755	-0.22449	0.0295001
0.387755	-0.183673	0.0300456
0.387755	-0.142857	0.0304727
0.387755	-0.102041	0.0307796
0.387755	-0.0612245	0.030965
0.387755	-0.0204082	0.0310283
0.387755	0.0204082	0.0309691
0.387755	0.0612245	0.0307876
0.387755	0.102041	0.0304846
0.387755	0.142857	0.0300612
0.387755	0.183673	0.0295191
0.387755	0.22449	0.0288604
0.387755	0.265306	0.0280876
0.387755	0.306122	0.0272039
0.387755	0.346939	0.0262126
0.387755	0.387755	0.0251177
0.387755	0.428571	0.0239235
0.387755	0.469388	0.0226347
0.387755	0.510204	0.0212563
0.387755	0.55102	0.0197939
0.387755	0.591837	0.0182532
0.387755	0.632653	0.0166403
0.387755	0.673469	0.0149615
0.387755	0.714286	0.0132236
0.387755	0.755102	0.0114332
0.387755	0.795918	0.00959768
0.387755	0.836735	0.00772414
0.387755	0.877551	0.00582002
0.387755	0.918367	0.00389286
0.387755	0.959184	0.00195029
0.387755	1	0
0.428571	-1	0.0018537
0.428571	-0.959184	0.00370011
0.428571	-0.918367	0.00553196
0.428571	-0.877551	0.00734205
0.428571	-0.836735	0.00912325
0.428571	-0.795918	0.0108686
0.428571	-0.755102	0.0125711
0.428571	-0.714286	0.0142242
0.428571	-0.673469	0.0158213
0.428571	-0.632653	0.0173561
0.428571	-0.591837	0.0188226
0.428571	-0.55102	0.020215
0.428571	-0.510204	0.0215278
0.428571	-0.469388	0.0227558
0.428571	-0.428571	0.0238942
0.428571	-0.387755	0.0249384
0.428571	-0.346939	0.0258845
0.428571	-0.306122	0.0267285
0.428571	-0.265306	0.0274671
0.428571	-0.22449	0.0280975
0.428571	-0.183673	0.0286171
0.428571	-0.142857	0.0290239
0.428571	-0.102041	0.0293162
0.428571	-0.0612245	0.0294928
0.428571	-0.0204082	0.029553
0.428571	0.0204082	0.0294967
0.428571	0.0612245	0.0293238
0.428571	0.102041	0.0290352
0.428571	0.142857	0.028632
0.428571	0.183673	0.0281156
0.428571	0.22449	0.0274882
0.428571	0.265306	0.0267522
0.428571	0.306122	0.0259105
0.428571	0.346939	0.0249663
0.428571	0.387755	0.0239235
0.428571	0.428571	0.0227861
0.428571	0.469388	0.0215585
0.428571	0.510204	0.0202457
0.428571	0.55102	0.0188528
0.428571	0.591837	0.0173854
0.428571	0.632653	0.0158491
0.428571	0.673469	0.0142502
0.428571	0.714286	0.0125948
0.428571	0.755102	0.0108897
0.428571	0.795918	0.00914137
0.428571	0.836735	0.0073569
0.428571	0.877551	0.00554331
0.428571	0.918367	0.00370777
0.428571	0.959184	0.00185756
0.428571	1	0
0.469388	-1	0.00175384
0.469388	-0.959184	0.00350078
0.469388	-0.918367	0.00523394
0.469388	-0.877551	0.00694652
0.469388	-0.836735	0.00863176
0.469388	-0.795918	0.010283
0.469388	-0.755102	0.0118939
0.469388	-0.714286	0.0134579
0.469388	-0.673469	0.0149689
0.469388	-0.632653	0.0164211
0.469388	-0.591837	0.0178086
0.469388	-0.55102	0.0191259
0.469388	-0.510204	0.020368
0.469388	-0.469388	0.0215299
0.469388	-0.428571	0.0226069
0.469388	-0.387755	0.023595
0.469388	-0.346939	0.02449
0.469388	-0.306122	0.0252885
0.469388	-0.265306	0.0259874
0.469388	-0.22449	0.0265838
0.469388	-0.183673	0.0270755
0.469388	-0.142857	0.0274603
0.469388	-0.102041	0.0277368
0.469388	-0.0612245	0.0279039
0.469388	-0.0204082	0.027961
0.469388	0.0204082	0.0279076
0.469388	0.0612245	0.0277441
0.469388	0.102041	0.027471
0.469388	0.142857	0.0270895
0.469388	0.183673	0.026601
0.469388	0.22449	0.0260074
0.469388	0.265306	0.025311
0.469388	0.306122	0.0245146
0.469388	0.346939	0.0236213
0.469388	0.387755	0.0226347
0.469388	0.428571	0.0215585
0.469388	0.469388	0.0203971
0.469388	0.510204	0.019155
0.469388	0.55102	0.0178372
0.469388	0.591837	0.0164488
0.469388	0.632653	0.0149953
0.469388	0.673469	0.0134825
0.469388	0.714286	0.0119163
0.469388	0.755102	0.010303
0.469388	0.795918	0.0086489
0.469388	0.836735	0.00696057
0.469388	0.877551	0.00524468
0.469388	0.918367	0.00350803
0.469388	0.959184	0.00175749
0.469388	1	0
0.510204	-1	0.00164704
0.510204	-0.959184	0.0032876
0.510204	-0.918367	0.00491522
0.510204	-0.877551	0.00652351
0.510204	-0.836735	0.00810613
0.510204	-0.795918	0.00965686
0.510204	-0.755102	0.0111696
0.510204	-0.714286	0.0126384
0.510204	-0.673469	0.0140574
0.510204	-0.632653	0.0154211
0.510204	-0.591837	0.0167241
0.510204	-0.55102	0.0179613
0.510204	-0.510204	0.0191277
0.510204	-0.469388	0.0202188
0.510204	-0.428571	0.0212303
0.510204	-0.387755	0.0221581
0.510204	-0.346939	0.0229987
0.510204	-0.306122	0.0237486
0.510204	-0.265306	0.0244049
0.510204	-0.22449	0.024965
0.510204	-0.183673	0.0254267
0.510204	-0.142857	0.0257881
0.510204	-0.102041	0.0260478
0.510204	-0.0612245	0.0262047
0.510204	-0.0204082	0.0262583
0.510204	0.0204082	0.0262082
0.510204	0.0612245	0.0260546
0.510204	0.102041	0.0257982
0.510204	0.142857	0.0254399
0.510204	0.183673	0.0249811
0.510204	0.22449	0.0244237
0.510204	0.265306	0.0237697
0.510204	0.306122	0.0230218
0.510204	0.346939	0.0221829
0.510204	0.387755	0.0212563
0.510204	0.428571	0.0202457
0.510204	0.469388	0.019155
0.510204	0.510204	0.0179886
0.510204	0.55102	0.016751
0.510204	0.591837	0.0154472
0.510204	0.632653	0.0140822
0.510204	0.673469	0.0126615
0.510204	0.714286	0.0111907
0.510204	0.755102	0.00967561
0.510204	0.795918	0.00812223
0.510204	0.836735	0.0065367
0.510204	0.877551	0.0049253
0.510204	0.918367	0.00329441
0.510204	0.959184	0.00165047
0.510204	1	0
0.55102	-1	0.00153372
0.55102	-0.959184	0.00306142
0.55102	-0.918367	0.00457706
0.55102	-0.877551	0.0060747
0.55102	-0.836735	0.00754844
0.55102	-0.795918	0.00899248
0.55102	-0.755102	0.0104011
0.55102	-0.714286	0.0117689
0.55102	-0.673469	0.0130903
0.55102	-0.632653	0.0143602
0.55102	-0.591837	0.0155735
0.55102	-0.55102	0.0167256
0.55102	-0.510204	0.0178117
0.55102	-0.469388	0.0188278
0.55102	-0.428571	0.0197697
0.55102	-0.387755	0.0206337
0.55102	-0.346939	0.0214164
0.55102	-0.306122	0.0221147
0.55102	-0.265306	0.0227259
0.55102	-0.22449	0.0232475
0.55102	-0.183673	0.0236774
0.55102	-0.142857	0.0240139
0.55102	-0.102041	0.0242558
0.55102	-0.0612245	0.0244019
0.55102	-0.0204082	0.0244517
0.55102	0.0204082	0.0244051
0.55102	0.0612245	0.0242621
0.55102	0.102041	0.0240233
0.55102	0.142857	0.0236897
0.55102	0.183673	0.0232625
0.55102	0.22449	0.0227434
0.55102	0.265306	0.0221344
0.55102	0.306122	0.0214379
0.55102	0.346939	0.0206568
0.55102	0.387755	0.0197939
0.55102	0.428571	0.0188528
0.55102	0.469388	0.0178372
0.55102	0.510204	0.016751
0.55102	0.55102	0.0155986
0.55102	0.591837	0.0143844
0.55102	0.632653	0.0131133
0.55102	0.673469	0.0117904
0.55102	0.714286	0.0104208
0.55102	0.755102	0.00900994
0.55102	0.795918	0.00756343
0.55102	0.836735	0.00608699
0.55102	0.877551	0.00458645
0.55102	0.918367	0.00306776
0.55102	0.959184	0.00153692
0.55102	1	0
0.591837	-1	0.00141434
0.591837	-0.959184	0.00282312
0.591837	-0.918367	0.0042208
0.591837	-0.877551	0.00560186
0.591837	-0.836735	0.00696089
0.591837	-0.795918	0.00829253
0.591837	-0.755102	0.00959154
0.591837	-0.714286	0.0108528
0.591837	-0.673469	0.0120714
0.591837	-0.632653	0.0132424
0.591837	-0.591837	0.0143613
0.591837	-0.55102	0.0154237
0.591837	-0.510204	0.0164253
0.591837	-0.469388	0.0173623
0.591837	-0.428571	0.0182309
0.591837	-0.387755	0.0190276
0.591837	-0.346939	0.0197494
0.591837	-0.306122	0.0203934
0.591837	-0.265306	0.020957
0.591837	-0.22449	0.0214379
0.591837	-0.183673	0.0218344
0.591837	-0.142857	0.0221448
0.591837	-0.102041	0.0223678
0.591837	-0.0612245	0.0225025
0.591837	-0.0204082	0.0225485
0.591837	0.0204082	0.0225055
0.591837	0.0612245	0.0223736
0.591837	0.102041	0.0221534
0.591837	0.142857	0.0218457
0.591837	0.183673	0.0214518
0.591837	0.22449	0.0209731
0.591837	0.265306	0.0204115
0.591837	0.306122	0.0197693
0.591837	0.346939	0.0190489
0.591837	0.387755	0.0182532
0.591837	0.428571	0.0173854
0.591837	0.469388	0.0164488
0.591837	0.510204	0.0154472
0.591837	0.55102	0.0143844
0.591837	0.591837	0.0132648
0.591837	0.632653	0.0120926
0.591837	0.673469	0.0108727
0.591837	0.714286	0.00960966
0.591837	0.755102	0.00830863
0.591837	0.795918	0.00697471
0.591837	0.836735	0.00561319
0.591837	0.877551	0.00422945
0.591837	0.918367	0.00282897
0.591837	0.959184	0.00141729
0.591837	1	0
0.632653	-1	0.00128937
0.632653	-0.959184	0.00257366
0.632653	-0.918367	0.00384783
0.632653	-0.877551	0.00510686
0.632653	-0.836735	0.0063458
0.632653	-0.795918	0.00755977
0.632653	-0.755102	0.00874399
0.632653	-0.714286	0.00989381
0.632653	-0.673469	0.0110047
0.632653	-0.632653	0.0120722
0.632653	-0.591837	0.0130923
0.632653	-0.55102	0.0140608
0.632653	-0.510204	0.0149739
0.632653	-0.469388	0.0158281
0.632653	-0.428571	0.0166199
0.632653	-0.387755	0.0173463
0.632653	-0.346939	0.0180043
0.632653	-0.306122	0.0185913
0.632653	-0.265306	0.0191051
0.632653	-0.22449	0.0195436
0.632653	-0.183673	0.019905
0.632653	-0.142857	0.020188
0.632653	-0.102041	0.0203912
0.632653	-0.0612245	0.0205141
0.632653	-0.0204082	0.020556
0.632653	0.0204082	0.0205168
0.632653	0.0612245	0.0203966
0.632653	0.102041	0.0201958
0.632653	0.142857	0.0199154
0.632653	0.183673	0.0195562
0.632653	0.22449	0.0191198
0.632653	0.265306	0.0186079
0.632653	0.306122	0.0180224
0.632653	0.346939	0.0173657
0.632653	0.387755	0.0166403
0.632653	0.428571	0.0158491
0.632653	0.469388	0.0149953
0.632653	0.510204	0.0140822
0.632653	0.55102	0.0131133
0.632653	0.591837	0.0120926
0.632653	0.632653	0.0110241
0.632653	0.673469	0.00991191
0.632653	0.714286	0.00876051
0.632653	0.755102	0.00757444
0.632653	0.795918	0.0063584
0.632653	0.836735	0.00511719
0.632653	0.877551	0.00385572
0.632653	0.918367	0.00257899
0.632653	0.959184	0.00129205
0.632653	1	0
0.673469	-1	0.00115929
0.673469	-0.959184	0.00231401
0.673469	-0.918367	0.00345964
0.673469	-0.877551	0.00459165
0.673469	-0.836735	0.0057056
0.673469	-0.795918	0.00679709
0.673469	-0.755102	0.00786185
0.673469	-0.714286	0.00889566
0.673469	-0.673469	0.00989447
0.673469	-0.632653	0.0108543
0.673469	-0.591837	0.0117715
0.673469	-0.55102	0.0126422
0.673469	-0.510204	0.0134633
0.673469	-0.469388	0.0142313
0.673469	-0.428571	0.0149432
0.673469	-0.387755	0.0155963
0.673469	-0.346939	0.0161879
0.673469	-0.306122	0.0167157
0.673469	-0.265306	0.0171777
0.673469	-0.22449	0.0175719
0.673469	-0.183673	0.0178969
0.673469	-0.142857	0.0181513
0.673469	-0.102041	0.0183341
0.673469	-0.0612245	0.0184445
0.673469	-0.0204082	0.0184822
0.673469	0.0204082	0.0184469
0.673469	0.0612245	0.0183389
0.673469	0.102041	0.0181584
0.673469	0.142857	0.0179062
0.673469	0.183673	0.0175833
0.673469	0.22449	0.0171909
0.673469	0.265306	0.0167306
0.673469	0.306122	0.0162042
0.673469	0.346939	0.0156137
0.673469	0.387755	0.0149615
0.673469	0.428571	0.0142502
0.673469	0.469388	0.0134825
0.673469	0.510204	0.0126615
0.673469	0.55102	0.0117904
0.673469	0.591837	0.0108727
0.673469	0.632653	0.00991191
0.673469	0.673469	0.00891194
0.673469	0.714286	0.0078767
0.673469	0.755102	0.00681029
0.673469	0.795918	0.00571693
0.673469	0.836735	0.00460094
0.673469	0.877551	0.00346673
0.673469	0.918367	0.00231881
0.673469	0.959184	0.0011617
0.673469	1	0
0.714286	-1	0.00102462
0.714286	-0.959184	0.00204521
0.714286	-0.918367	0.00305776
0.714286	-0.877551	0.00405827
0.714286	-0.836735	0.00504282
0.714286	-0.795918	0.00600752
0.714286	-0.755102	0.00694859
0.714286	-0.714286	0.00786231
0.714286	-0.673469	0.0087451
0.714286	-0.632653	0.00959346
0.714286	-0.591837	0.0104041
0.714286	-0.55102	0.0111737
0.714286	-0.510204	0.0118993
0.714286	-0.469388	0.0125781
0.714286	-0.428571	0.0132073
0.714286	-0.387755	0.0137846
0.714286	-0.346939	0.0143075
0.714286	-0.306122	0.014774
0.714286	-0.265306	0.0151823
0.714286	-0.22449	0.0155307
0.714286	-0.183673	0.0158179
0.714286	-0.142857	0.0160428
0.714286	-0.102041	0.0162043
0.714286	-0.0612245	0.0163019
0.714286	-0.0204082	0.0163353
0.714286	0.0204082	0.0163041
0.714286	0.0612245	0.0162086
0.714286	0.102041	0.016049
0.714286	0.142857	0.0158261
0.714286	0.183673	0.0155407
0.714286	0.22449	0.0151939
0.714286	0.265306	0.0147871
0.714286	0.306122	0.0143218
0.714286	0.346939	0.0138
0.714286	0.387755	0.0132236
0.714286	0.428571	0.0125948
0.714286	0.469388	0.0119163
0.714286	0.510204	0.0111907
0.714286	0.55102	0.0104208
0.714286	0.591837	0.00960966
0.714286	0.632653	0.00876051
0.714286	0.673469	0.0078767
0.714286	0.714286	0.00696172
0.714286	0.755102	0.00601919
0.714286	0.795918	0.00505283
0.714286	0.836735	0.00406648
0.714286	0.877551	0.00306403
0.714286	0.918367	0.00204945
0.714286	0.959184	0.00102676
0.714286	1	0
0.755102	-1	0.0008859
0.755102	-0.959184	0.00176831
0.755102	-0.918367	0.00264377
0.755102	-0.877551	0.00350883
0.755102	-0.836735	0.00436008
0.755102	-0.795918	0.00519418
0.755102	-0.755102	0.00600784
0.755102	-0.714286	0.00679785
0.755102	-0.673469	0.00756112
0.755102	-0.632653	0.00829462
0.755102	-0.591837	0.00899547
0.755102	-0.55102	0.00966091
0.755102	-0.510204	0.0102883
0.755102	-0.469388	0.0108752
0.755102	-0.428571	0.0114192
0.755102	-0.387755	0.0119183
0.755102	-0.346939	0.0123704
0.755102	-0.306122	0.0127738
0.755102	-0.265306	0.0131268
0.755102	-0.22449	0.0134281
0.755102	-0.183673	0.0136764
0.755102	-0.142857	0.0138708
0.755102	-0.102041	0.0140105
0.755102	-0.0612245	0.0140949
0.755102	-0.0204082	0.0141237
0.755102	0.0204082	0.0140967
0.755102	0.0612245	0.0140141
0.755102	0.102041	0.0138762
0.755102	0.142857	0.0136835
0.755102	0.183673	0.0134367
0.755102	0.22449	0.0131369
0.755102	0.265306	0.0127851
0.755102	0.306122	0.0123828
0.755102	0.346939	0.0119316
0.755102	0.387755	0.0114332
0.755102	0.428571	0.0108897
0.755102	0.469388	0.010303
0.755102	0.510204	0.00967561
0.755102	0.55102	0.00900994
0.755102	0.591837	0.00830863
0.755102	0.632653	0.00757444
0.755102	0.673469	0.00681029
0.755102	0.714286	0.00601919
0.755102	0.755102	0.00520426
0.755102	0.795918	0.00436874
0.755102	0.836735	0.00351593
0.755102	0.877551	0.0026492
0.755102	0.918367	0.00177198
0.755102	0.959184	0.000887746
0.755102	1	0
0.795918	-1	0.000743672
0.795918	-0.959184	0.00148442
0.795918	-0.918367	0.00221933
0.795918	-0.877551	0.0029455
0.795918	-0.836735	0.00366009
0.795918	-0.795918	0.00436028
0.795918	-0.755102	0.0050433
0.795918	-0.714286	0.00570649
0.795918	-0.673469	0.00634721
0.795918	-0.632653	0.00696295
0.795918	-0.591837	0.00755129
0.795918	-0.55102	0.00810989
0.795918	-0.510204	0.00863656
0.795918	-0.469388	0.00912922
0.795918	-0.428571	0.00958592
0.795918	-0.387755	0.0100049
0.795918	-0.346939	0.0103844
0.795918	-0.306122	0.010723
0.795918	-0.265306	0.0110193
0.795918	-0.22449	0.0112722
0.795918	-0.183673	0.0114807
0.795918	-0.142857	0.0116439
0.795918	-0.102041	0.0117611
0.795918	-0.0612245	0.011832
0.795918	-0.0204082	0.0118562
0.795918	0.0204082	0.0118335
0.795918	0.0612245	0.0117642
0.795918	0.102041	0.0116484
0.795918	0.142857	0.0114867
0.795918	0.183673	0.0112795
0.795918	0.22449	0.0110278
0.795918	0.265306	0.0107325
0.795918	0.306122	0.0103948
0.795918	0.346939	0.0100161
0.795918	0.387755	0.00959768
0.795918	0.428571	0.00914137
0.795918	0.469388	0.0086489
0.795918	0.510204	0.00812223
0.795918	0.55102	0.00756343
0.795918	0.591837	0.00697471
0.795918	0.632653	0.0063584
0.795918	0.673469	0.00571693
0.795918	0.714286	0.00505283
0.795918	0.755102	0.00436874
0.795918	0.795918	0.00366736
0.795918	0.836735	0.00295146
0.795918	0.877551	0.00222388
0.795918	0.918367	0.00148749
0.795918	0.959184	0.000745222
0.795918	1	0
0.836735	-1	0.000598501
0.836735	-0.959184	0.00119465
0.836735	-0.918367	0.0017861
0.836735	-0.877551	0.00237052
0.836735	-0.836735	0.00294561
0.836735	-0.795918	0.00350911
0.836735	-0.755102	0.00405881
0.836735	-0.714286	0.00459253
0.836735	-0.673469	0.00510818
0.836735	-0.632653	0.00560373
0.836735	-0.591837	0.00607721
0.836735	-0.55102	0.00652677
0.836735	-0.510204	0.00695063
0.836735	-0.469388	0.00734712
0.836735	-0.428571	0.00771467
0.836735	-0.387755	0.00805184
0.836735	-0.346939	0.00835727
0.836735	-0.306122	0.00862978
0.836735	-0.265306	0.00886827
0.836735	-0.22449	0.0090718
0.836735	-0.183673	0.00923957
0.836735	-0.142857	0.0093709
0.836735	-0.102041	0.00946527
0.836735	-0.0612245	0.00952229
0.836735	-0.0204082	0.00954174
0.836735	0.0204082	0.00952354
0.836735	0.0612245	0.00946774
0.836735	0.102041	0.00937456
0.836735	0.142857	0.00924436
0.836735	0.183673	0.00907765
0.836735	0.22449	0.00887508
0.836735	0.265306	0.00863745
0.836735	0.306122	0.00836568
0.836735	0.346939	0.00806084
0.836735	0.387755	0.00772414
0.836735	0.428571	0.0073569
0.836735	0.469388	0.00696057
0.836735	0.510204	0.0065367
0.836735	0.55102	0.00608699
0.836735	0.591837	0.00561319
0.836735	0.632653	0.00511719
0.836735	0.673469	0.00460094
0.836735	0.714286	0.00406648
0.836735	0.755102	0.00351593
0.836735	0.795918	0.00295146
0.836735	0.836735	0.00237531
0.836735	0.877551	0.00178976
0.836735	0.918367	0.00119712
0.836735	0.959184	0.000599749
0.836735	1	0
0.877551	-1	0.000450962
0.877551	-0.959184	0.000900149
0.877551	-0.918367	0.0013458
0.877551	-0.877551	0.00178615
0.877551	-0.836735	0.00221947
0.877551	-0.795918	0.00264406
0.877551	-0.755102	0.00305825
0.877551	-0.714286	0.0034604
0.877551	-0.673469	0.00384894
0.877551	-0.632653	0.00422232
0.877551	-0.591837	0.00457908
0.877551	-0.55102	0.00491782
0.877551	-0.510204	0.00523719
0.877551	-0.469388	0.00553594
0.877551	-0.428571	0.00581289
0.877551	-0.387755	0.00606693
0.877551	-0.346939	0.00629707
0.877551	-0.306122	0.0065024
0.877551	-0.265306	0.0066821
0.877551	-0.22449	0.00683546
0.877551	-0.183673	0.00696187
0.877551	-0.142857	0.00706083
0.877551	-0.102041	0.00713193
0.877551	-0.0612245	0.0071749
0.877551	-0.0204082	0.00718955
0.877551	0.0204082	0.00717584
0.877551	0.0612245	0.00713379
0.877551	0.102041	0.00706359
0.877551	0.142857	0.00696548
0.877551	0.183673	0.00683987
0.877551	0.22449	0.00668724
0.877551	0.265306	0.00650818
0.877551	0.306122	0.00630341
0.877551	0.346939	0.00607372
0.877551	0.387755	0.00582002
0.877551	0.428571	0.00554331
0.877551	0.469388	0.00524468
0.877551	0.510204	0.0049253
0.877551	0.55102	0.00458645
0.877551	0.591837	0.00422945
0.877551	0.632653	0.00385572
0.877551	0.673469	0.00346673
0.877551	0.714286	0.00306403
0.877551	0.755102	0.0026492
0.877551	0.795918	0.00222388
0.877551	0.836735	0.00178976
0.877551	0.877551	0.00134856
0.877551	0.918367	0.000902014
0.877551	0.959184	0.000451901
0.877551	1	0
0.918367	-1	0.000301636
0.918367	-0.959184	0.000602086
0.918367	-0.918367	0.000900167
0.918367	-0.877551	0.00119471
0.918367	-0.836735	0.00148455
0.918367	-0.795918	0.00176854
0.918367	-0.755102	0.00204558
0.918367	-0.714286	0.00231457
0.918367	-0.673469	0.00257445
0.918367	-0.632653	0.0028242
0.918367	-0.591837	0.00306283
0.918367	-0.55102	0.0032894
0.918367	-0.510204	0.00350302
0.918367	-0.469388	0.00370285
0.918367	-0.428571	0.00388809
0.918367	-0.387755	0.00405801
0.918367	-0.346939	0.00421195
0.918367	-0.306122	0.00434929
0.918367	-0.265306	0.00446949
0.918367	-0.22449	0.00457206
0.918367	-0.183673	0.00465661
0.918367	-0.142857	0.0047228
0.918367	-0.102041	0.00477036
0.918367	-0.0612245	0.0047991
0.918367	-0.0204082	0.00480891
0.918367	0.0204082	0.00479973
0.918367	0.0612245	0.00477161
0.918367	0.102041	0.00472465
0.918367	0.142857	0.00465903
0.918367	0.183673	0.00457501
0.918367	0.22449	0.00447292
0.918367	0.265306	0.00435315
0.918367	0.306122	0.00421618
0.918367	0.346939	0.00406255
0.918367	0.387755	0.00389286
0.918367	0.428571	0.00370777
0.918367	0.469388	0.00350803
0.918367	0.510204	0.00329441
0.918367	0.55102	0.00306776
0.918367	0.591837	0.00282897
0.918367	0.632653	0.00257899
0.918367	0.673469	0.00231881
0.918367	0.714286	0.00204945
0.918367	0.755102	0.00177198
0.918367	0.795918	0.00148749
0.918367	0.836735	0.00119712
0.918367	0.877551	0.000902014
0.918367	0.918367	0.000603333
0.918367	0.959184	0.000302265
0.918367	1	0
0.959184	-1	0.000151117
0.959184	-0.959184	0.00030164
0.959184	-0.918367	0.000450976
0.959184	-0.877551	0.000598538
0.959184	-0.836735	0.000743745
0.959184	-0.795918	0.000886026
0.959184	-0.755102	0.00102482
0.959184	-0.714286	0.00115958
0.959184	-0.673469	0.00128978
0.959184	-0.632653	0.0014149
0.959184	-0.591837	0.00153445
0.959184	-0.55102	0.00164796
0.959184	-0.510204	0.00175498
0.959184	-0.469388	0.0018551
0.959184	-0.428571	0.0019479
0.959184	-0.387755	0.00203303
0.959184	-0.346939	0.00211015
0.959184	-0.306122	0.00217896
0.959184	-0.265306	0.00223917
0.959184	-0.22449	0.00229057
0.959184	-0.183673	0.00233292
0.959184	-0.142857	0.00236608
0.959184	-0.102041	0.00238991
0.959184	-0.0612245	0.00240431
0.959184	-0.0204082	0.00240922
0.959184	0.0204082	0.00240462
0.959184	0.0612245	0.00239054
0.959184	0.102041	0.00236701
0.959184	0.142857	0.00233414
0.959184	0.183673	0.00229204
0.959184	0.22449	0.00224089
0.959184	0.265306	0.00218089
0.959184	0.306122	0.00211227
0.959184	0.346939	0.0020353
0.959184	0.387755	0.00195029
0.959184	0.428571	0.00185756
0.959184	0.469388	0.00175749
0.959184	0.510204	0.00165047
0.959184	0.55102	0.00153692
0.959184	0.591837	0.00141729
0.959184	0.632653	0.00129205
0.959184	0.673469	0.0011617
0.959184	0.714286	0.00102676
0.959184	0.755102	0.000887746
0.959184	0.795918	0.000745222
0.959184	0.836735	0.000599749
0.959184	0.877551	0.000451901
0.959184	0.918367	0.000302265
0.959184	0.959184	0.000151432
0.959184	1	0
1	-1	0
1	-0.959184	0
1	-0.918367	0
1	-0.877551	0
1	-0.836735	0
1	-0.795918	0
1	-0.755102	0
1	-0.714286	0
1	-0.673469	0
1	-0.632653	0
1	-0.591837	0
1	-0.55102	0
1	-0.510204	0
1	-0.469388	0
1	-0.428571	0
1	-0.387755	0
1	-0.346939	0
1	-0.306122	0
1	-0.265306	0
1	-0.22449	0
1	-0.183673	0
1	-0.142857	0
1	-0.102041	0
1	-0.0612245	0
1	-0.0204082	0
1	0.0204082	0
1	0.0612245	0
1	0.102041	0
1	0.142857	0
1	0.183673	0
1	0.22449	0
1	0.265306	0
1	0.306122	0
1	0.346939	0
1	0.387755	0
1	0.428571	0
1	0.469388	0
1	0.510204	0
1	0.55102	0
1	0.591837	0
1	0.632653	0
1	0.673469	0
1	0.714286	0
1	0.755102	0
1	0.795918	0
1	0.836735	0
1	0.877551	0
1	0.918367	0
1	0.959184	0
1	1	0
