-1	-1	0.000351828
-1	-0.959184	0.000702286
-1	-0.918367	0.00105001
-1	-0.877551	0.00139364
-1	-0.836735	0.00173184
-1	-0.795918	0.00206329
-1	-0.755102	0.00238669
-1	-0.714286	0.00270079
-1	-0.673469	0.00300434
-1	-0.632653	0.00329616
-1	-0.591837	0.00357511
-1	-0.55102	0.00384008
-1	-0.510204	0.00409003
-1	-0.469388	0.00432397
-1	-0.428571	0.00454097
-1	-0.387755	0.00474018
-1	-0.346939	0.00492079
-1	-0.306122	0.00508209
-1	-0.265306	0.00522342
-1	-0.22449	0.00534422
-1	-0.183673	0.00544399
-1	-0.142857	0.00552233
-1	-0.102041	0.00557891
-1	-0.0612245	0.00561349
-1	-0.0204082	0.00562592
-1	0.0204082	0.00561613
-1	0.0612245	0.00558415
-1	0.102041	0.00553009
-1	0.142857	0.00545414
-1	0.183673	0.00535661
-1	0.22449	0.00523785
-1	0.265306	0.00509832
-1	0.306122	0.00493858
-1	0.346939	0.00475924
-1	0.387755	0.00456101
-1	0.428571	0.00434467
-1	0.469388	0.00411106
-1	0.510204	0.00386111
-1	0.55102	0.00359581
-1	0.591837	0.0033162
-1	0.632653	0.00302341
-1	0.673469	0.00271858
-1	0.714286	0.00240293
-1	0.755102	0.00207771
-1	0.795918	0.00174423
-1	0.836735	0.00140379
-1	0.877551	0.00105777
-1	0.918367	0.000707527
-1	0.959184	0.000354469
-1	1	0
-0.959184	-1	0.000702286
-0.959184	-0.959184	0.00140184
-0.959184	-0.918367	0.00209593
-0.959184	-0.877551	0.00278185
-0.959184	-0.836735	0.00345694
-0.959184	-0.795918	0.00411854
-0.959184	-0.755102	0.00476409
-0.959184	-0.714286	0.00539106
-0.959184	-0.673469	0.00599698
-0.959184	-0.632653	0.00657949
-0.959184	-0.591837	0.00713629
-0.959184	-0.55102	0.0076652
-0.959184	-0.510204	0.00816412
-0.959184	-0.469388	0.00863109
-0.959184	-0.428571	0.00906426
-0.959184	-0.387755	0.00946189
-0.959184	-0.346939	0.00982241
-0.959184	-0.306122	0.0101444
-0.959184	-0.265306	0.0104265
-0.959184	-0.22449	0.0106676
-0.959184	-0.183673	0.0108668
-0.959184	-0.142857	0.0110232
-0.959184	-0.102041	0.0111361
-0.959184	-0.0612245	0.0112051
-0.959184	-0.0204082	0.0112299
-0.959184	0.0204082	0.0112104
-0.959184	0.0612245	0.0111465
-0.959184	0.102041	0.0110386
-0.959184	0.142857	0.010887
-0.959184	0.183673	0.0106923
-0.959184	0.22449	0.0104553
-0.959184	0.265306	0.0101768
-0.959184	0.306122	0.00985793
-0.959184	0.346939	0.00949995
-0.959184	0.387755	0.00910426
-0.959184	0.428571	0.00867241
-0.959184	0.469388	0.0082061
-0.959184	0.510204	0.00770718
-0.959184	0.55102	0.00717761
-0.959184	0.591837	0.00661949
-0.959184	0.632653	0.00603504
-0.959184	0.673469	0.00542657
-0.959184	0.714286	0.0047965
-0.959184	0.755102	0.00414734
-0.959184	0.795918	0.00348166
-0.959184	0.836735	0.00280212
-0.959184	0.877551	0.00211141
-0.959184	0.918367	0.0014123
-0.959184	0.959184	0.000707558
-0.959184	1	0
-0.918367	-1	0.00105001
-0.918367	-0.959184	0.00209593
-0.918367	-0.918367	0.00313368
-0.918367	-0.877551	0.00415923
-0.918367	-0.836735	0.00516856
-0.918367	-0.795918	0.00615775
-0.918367	-0.755102	0.00712293
-0.918367	-0.714286	0.00806032
-0.918367	-0.673469	0.00896626
-0.918367	-0.632653	0.00983718
-0.918367	-0.591837	0.0106697
-0.918367	-0.55102	0.0114605
-0.918367	-0.510204	0.0122064
-0.918367	-0.469388	0.0129046
-0.918367	-0.428571	0.0135522
-0.918367	-0.387755	0.0141467
-0.918367	-0.346939	0.0146858
-0.918367	-0.306122	0.0151672
-0.918367	-0.265306	0.015589
-0.918367	-0.22449	0.0159495
-0.918367	-0.183673	0.0162472
-0.918367	-0.142857	0.016481
-0.918367	-0.102041	0.0166499
-0.918367	-0.0612245	0.0167531
-0.918367	-0.0204082	0.0167902
-0.918367	0.0204082	0.016761
-0.918367	0.0612245	0.0166655
-0.918367	0.102041	0.0165042
-0.918367	0.142857	0.0162775
-0.918367	0.183673	0.0159864
-0.918367	0.22449	0.015632
-0.918367	0.265306	0.0152156
-0.918367	0.306122	0.0147389
-0.918367	0.346939	0.0142037
-0.918367	0.387755	0.013612
-0.918367	0.428571	0.0129664
-0.918367	0.469388	0.0122692
-0.918367	0.510204	0.0115232
-0.918367	0.55102	0.0107314
-0.918367	0.591837	0.00989699
-0.918367	0.632653	0.00902316
-0.918367	0.673469	0.00811342
-0.918367	0.714286	0.00717139
-0.918367	0.755102	0.0062008
-0.918367	0.795918	0.00520553
-0.918367	0.836735	0.00418952
-0.918367	0.877551	0.00315683
-0.918367	0.918367	0.00211157
-0.918367	0.959184	0.00105789
-0.918367	1	0
-0.877551	-1	0.00139364
-0.877551	-0.959184	0.00278185
-0.877551	-0.918367	0.00415923
-0.877551	-0.877551	0.0055204
-0.877551	-0.836735	0.00686005
-0.877551	-0.795918	0.00817297
-0.877551	-0.755102	0.00945402
-0.877551	-0.714286	0.0106982
-0.877551	-0.673469	0.0119006
-0.877551	-0.632653	0.0130565
-0.877551	-0.591837	0.0141615
-0.877551	-0.55102	0.0152111
-0.877551	-0.510204	0.0162012
-0.877551	-0.469388	0.0171278
-0.877551	-0.428571	0.0179874
-0.877551	-0.387755	0.0187765
-0.877551	-0.346939	0.0194919
-0.877551	-0.306122	0.0201308
-0.877551	-0.265306	0.0206907
-0.877551	-0.22449	0.0211692
-0.877551	-0.183673	0.0215644
-0.877551	-0.142857	0.0218747
-0.877551	-0.102041	0.0220988
-0.877551	-0.0612245	0.0222358
-0.877551	-0.0204082	0.022285
-0.877551	0.0204082	0.0222463
-0.877551	0.0612245	0.0221196
-0.877551	0.102041	0.0219054
-0.877551	0.142857	0.0216046
-0.877551	0.183673	0.0212182
-0.877551	0.22449	0.0207478
-0.877551	0.265306	0.0201952
-0.877551	0.306122	0.0195624
-0.877551	0.346939	0.018852
-0.877551	0.387755	0.0180668
-0.877551	0.428571	0.0172098
-0.877551	0.469388	0.0162845
-0.877551	0.510204	0.0152944
-0.877551	0.55102	0.0142435
-0.877551	0.591837	0.0131359
-0.877551	0.632653	0.0119761
-0.877551	0.673469	0.0107687
-0.877551	0.714286	0.00951833
-0.877551	0.755102	0.00823011
-0.877551	0.795918	0.00690912
-0.877551	0.836735	0.00556061
-0.877551	0.877551	0.00418995
-0.877551	0.918367	0.00280261
-0.877551	0.959184	0.0014041
-0.877551	1	0
-0.836735	-1	0.00173184
-0.836735	-0.959184	0.00345694
-0.836735	-0.918367	0.00516856
-0.836735	-0.877551	0.00686005
-0.836735	-0.836735	0.00852481
-0.836735	-0.795918	0.0101563
-0.836735	-0.755102	0.0117483
-0.836735	-0.714286	0.0132944
-0.836735	-0.673469	0.0147886
-0.836735	-0.632653	0.016225
-0.836735	-0.591837	0.0175981
-0.836735	-0.55102	0.0189024
-0.836735	-0.510204	0.0201328
-0.836735	-0.469388	0.0212843
-0.836735	-0.428571	0.0223525
-0.836735	-0.387755	0.0233331
-0.836735	-0.346939	0.0242221
-0.836735	-0.306122	0.0250161
-0.836735	-0.265306	0.0257118
-0.836735	-0.22449	0.0263064
-0.836735	-0.183673	0.0267975
-0.836735	-0.142857	0.0271831
-0.836735	-0.102041	0.0274616
-0.836735	-0.0612245	0.0276318
-0.836735	-0.0204082	0.027693
-0.836735	0.0204082	0.0276448
-0.836735	0.0612245	0.0274874
-0.836735	0.102041	0.0272213
-0.836735	0.142857	0.0268475
-0.836735	0.183673	0.0263674
-0.836735	0.22449	0.0257828
-0.836735	0.265306	0.025096
-0.836735	0.306122	0.0243097
-0.836735	0.346939	0.0234269
-0.836735	0.387755	0.0224511
-0.836735	0.428571	0.0213862
-0.836735	0.469388	0.0202363
-0.836735	0.510204	0.0190059
-0.836735	0.55102	0.0177
-0.836735	0.591837	0.0163237
-0.836735	0.632653	0.0148824
-0.836735	0.673469	0.0133819
-0.836735	0.714286	0.0118282
-0.836735	0.755102	0.0102273
-0.836735	0.795918	0.00858578
-0.836735	0.836735	0.00691002
-0.836735	0.877551	0.00520675
-0.836735	0.918367	0.00348273
-0.836735	0.959184	0.00174484
-0.836735	1	0
-0.795918	-1	0.00206329
-0.795918	-0.959184	0.00411854
-0.795918	-0.918367	0.00615775
-0.795918	-0.877551	0.00817297
-0.795918	-0.836735	0.0101563
-0.795918	-0.795918	0.0121001
-0.795918	-0.755102	0.0139967
-0.795918	-0.714286	0.0158387
-0.795918	-0.673469	0.0176189
-0.795918	-0.632653	0.0193303
-0.795918	-0.591837	0.0209661
-0.795918	-0.55102	0.02252
-0.795918	-0.510204	0.0239859
-0.795918	-0.469388	0.0253578
-0.795918	-0.428571	0.0266304
-0.795918	-0.387755	0.0277987
-0.795918	-0.346939	0.0288579
-0.795918	-0.306122	0.0298038
-0.795918	-0.265306	0.0306326
-0.795918	-0.22449	0.0313411
-0.795918	-0.183673	0.0319262
-0.795918	-0.142857	0.0323856
-0.795918	-0.102041	0.0327174
-0.795918	-0.0612245	0.0329202
-0.795918	-0.0204082	0.0329931
-0.795918	0.0204082	0.0329357
-0.795918	0.0612245	0.0327481
-0.795918	0.102041	0.0324311
-0.795918	0.142857	0.0319857
-0.795918	0.183673	0.0314137
-0.795918	0.22449	0.0307172
-0.795918	0.265306	0.029899
-0.795918	0.306122	0.0289622
-0.795918	0.346939	0.0279105
-0.795918	0.387755	0.026748
-0.795918	0.428571	0.0254792
-0.795918	0.469388	0.0241092
-0.795918	0.510204	0.0226434
-0.795918	0.55102	0.0210875
-0.795918	0.591837	0.0194478
-0.795918	0.632653	0.0177307
-0.795918	0.673469	0.015943
-0.795918	0.714286	0.0140919
-0.795918	0.755102	0.0121847
-0.795918	0.795918	0.010229
-0.795918	0.836735	0.0082325
-0.795918	0.877551	0.00620324
-0.795918	0.918367	0.00414928
-0.795918	0.959184	0.00207878
-0.795918	1	0
-0.755102	-1	0.00238669
-0.755102	-0.959184	0.00476409
-0.755102	-0.918367	0.00712293
-0.755102	-0.877551	0.00945402
-0.755102	-0.836735	0.0117483
-0.755102	-0.795918	0.0139967
-0.755102	-0.755102	0.0161906
-0.755102	-0.714286	0.0183213
-0.755102	-0.673469	0.0203805
-0.755102	-0.632653	0.0223601
-0.755102	-0.591837	0.0242524
-0.755102	-0.55102	0.0260499
-0.755102	-0.510204	0.0277455
-0.755102	-0.469388	0.0293324
-0.755102	-0.428571	0.0308045
-0.755102	-0.387755	0.0321559
-0.755102	-0.346939	0.0333811
-0.755102	-0.306122	0.0344753
-0.755102	-0.265306	0.0354341
-0.755102	-0.22449	0.0362535
-0.755102	-0.183673	0.0369303
-0.755102	-0.142857	0.0374618
-0.755102	-0.102041	0.0378456
-0.755102	-0.0612245	0.0380802
-0.755102	-0.0204082	0.0381645
-0.755102	0.0204082	0.0380981
-0.755102	0.0612245	0.0378811
-0.755102	0.102041	0.0375144
-0.755102	0.142857	0.0369992
-0.755102	0.183673	0.0363375
-0.755102	0.22449	0.0355319
-0.755102	0.265306	0.0345854
-0.755102	0.306122	0.0335018
-0.755102	0.346939	0.0322852
-0.755102	0.387755	0.0309405
-0.755102	0.428571	0.0294729
-0.755102	0.469388	0.0278881
-0.755102	0.510204	0.0261925
-0.755102	0.55102	0.0243928
-0.755102	0.591837	0.0224961
-0.755102	0.632653	0.0205098
-0.755102	0.673469	0.018442
-0.755102	0.714286	0.0163007
-0.755102	0.755102	0.0140946
-0.755102	0.795918	0.0118323
-0.755102	0.836735	0.00952288
-0.755102	0.877551	0.00717555
-0.755102	0.918367	0.00479964
-0.755102	0.959184	0.00240461
-0.755102	1	0
-0.714286	-1	0.00270079
-0.714286	-0.959184	0.00539106
-0.714286	-0.918367	0.00806032
-0.714286	-0.877551	0.0106982
-0.714286	-0.836735	0.0132944
-0.714286	-0.795918	0.0158387
-0.714286	-0.755102	0.0183213
-0.714286	-0.714286	0.0207324
-0.714286	-0.673469	0.0230626
-0.714286	-0.632653	0.0253028
-0.714286	-0.591837	0.0274441
-0.714286	-0.55102	0.0294781
-0.714286	-0.510204	0.0313968
-0.714286	-0.469388	0.0331926
-0.714286	-0.428571	0.0348585
-0.714286	-0.387755	0.0363877
-0.714286	-0.346939	0.0377741
-0.714286	-0.306122	0.0390123
-0.714286	-0.265306	0.0400972
-0.714286	-0.22449	0.0410245
-0.714286	-0.183673	0.0417904
-0.714286	-0.142857	0.0423918
-0.714286	-0.102041	0.0428261
-0.714286	-0.0612245	0.0430916
-0.714286	-0.0204082	0.043187
-0.714286	0.0204082	0.0431118
-0.714286	0.0612245	0.0428664
-0.714286	0.102041	0.0424514
-0.714286	0.142857	0.0418684
-0.714286	0.183673	0.0411196
-0.714286	0.22449	0.040208
-0.714286	0.265306	0.0391369
-0.714286	0.306122	0.0379107
-0.714286	0.346939	0.036534
-0.714286	0.387755	0.0350123
-0.714286	0.428571	0.0333515
-0.714286	0.469388	0.0315583
-0.714286	0.510204	0.0296395
-0.714286	0.55102	0.027603
-0.714286	0.591837	0.0254566
-0.714286	0.632653	0.023209
-0.714286	0.673469	0.020869
-0.714286	0.714286	0.0184459
-0.714286	0.755102	0.0159494
-0.714286	0.795918	0.0133894
-0.714286	0.836735	0.0107761
-0.714286	0.877551	0.00811987
-0.714286	0.918367	0.00543128
-0.714286	0.959184	0.00272106
-0.714286	1	0
-0.673469	-1	0.00300434
-0.673469	-0.959184	0.00599698
-0.673469	-0.918367	0.00896626
-0.673469	-0.877551	0.0119006
-0.673469	-0.836735	0.0147886
-0.673469	-0.795918	0.0176189
-0.673469	-0.755102	0.0203805
-0.673469	-0.714286	0.0230626
-0.673469	-0.673469	0.0256547
-0.673469	-0.632653	0.0281467
-0.673469	-0.591837	0.0305286
-0.673469	-0.55102	0.0327913
-0.673469	-0.510204	0.0349256
-0.673469	-0.469388	0.0369233
-0.673469	-0.428571	0.0387764
-0.673469	-0.387755	0.0404774
-0.673469	-0.346939	0.0420197
-0.673469	-0.306122	0.0433971
-0.673469	-0.265306	0.0446039
-0.673469	-0.22449	0.0456355
-0.673469	-0.183673	0.0464875
-0.673469	-0.142857	0.0471564
-0.673469	-0.102041	0.0476395
-0.673469	-0.0612245	0.0479348
-0.673469	-0.0204082	0.048041
-0.673469	0.0204082	0.0479574
-0.673469	0.0612245	0.0476843
-0.673469	0.102041	0.0472226
-0.673469	0.142857	0.0465741
-0.673469	0.183673	0.0457412
-0.673469	0.22449	0.0447271
-0.673469	0.265306	0.0435357
-0.673469	0.306122	0.0421716
-0.673469	0.346939	0.0406402
-0.673469	0.387755	0.0389475
-0.673469	0.428571	0.0371001
-0.673469	0.469388	0.0351052
-0.673469	0.510204	0.0329709
-0.673469	0.55102	0.0307054
-0.673469	0.591837	0.0283178
-0.673469	0.632653	0.0258175
-0.673469	0.673469	0.0232145
-0.673469	0.714286	0.0205192
-0.673469	0.755102	0.0177421
-0.673469	0.795918	0.0148943
-0.673469	0.836735	0.0119873
-0.673469	0.877551	0.0090325
-0.673469	0.918367	0.00604173
-0.673469	0.959184	0.00302689
-0.673469	1	0
-0.632653	-1	0.00329616
-0.632653	-0.959184	0.00657949
-0.632653	-0.918367	0.00983718
-0.632653	-0.877551	0.0130565
-0.632653	-0.836735	0.016225
-0.632653	-0.795918	0.0193303
-0.632653	-0.755102	0.0223601
-0.632653	-0.714286	0.0253028
-0.632653	-0.673469	0.0281467
-0.632653	-0.632653	0.0308807
-0.632653	-0.591837	0.033494
-0.632653	-0.55102	0.0359764
-0.632653	-0.510204	0.0383181
-0.632653	-0.469388	0.0405098
-0.632653	-0.428571	0.0425428
-0.632653	-0.387755	0.0444091
-0.632653	-0.346939	0.0461012
-0.632653	-0.306122	0.0476124
-0.632653	-0.265306	0.0489365
-0.632653	-0.22449	0.0500682
-0.632653	-0.183673	0.0510029
-0.632653	-0.142857	0.0517369
-0.632653	-0.102041	0.0522669
-0.632653	-0.0612245	0.0525909
-0.632653	-0.0204082	0.0527073
-0.632653	0.0204082	0.0526156
-0.632653	0.0612245	0.052316
-0.632653	0.102041	0.0518095
-0.632653	0.142857	0.0510981
-0.632653	0.183673	0.0501843
-0.632653	0.22449	0.0490716
-0.632653	0.265306	0.0477645
-0.632653	0.306122	0.0462679
-0.632653	0.346939	0.0445878
-0.632653	0.387755	0.0427306
-0.632653	0.428571	0.0407037
-0.632653	0.469388	0.0385151
-0.632653	0.510204	0.0361734
-0.632653	0.55102	0.0336879
-0.632653	0.591837	0.0310684
-0.632653	0.632653	0.0283253
-0.632653	0.673469	0.0254695
-0.632653	0.714286	0.0225123
-0.632653	0.755102	0.0194654
-0.632653	0.795918	0.0163411
-0.632653	0.836735	0.0131517
-0.632653	0.877551	0.00990985
-0.632653	0.918367	0.00662858
-0.632653	0.959184	0.00332091
-0.632653	1	0
-0.591837	-1	0.00357511
-0.591837	-0.959184	0.00713629
-0.591837	-0.918367	0.0106697
-0.591837	-0.877551	0.0141615
-0.591837	-0.836735	0.0175981
-0.591837	-0.795918	0.0209661
-0.591837	-0.755102	0.0242524
-0.591837	-0.714286	0.0274441
-0.591837	-0.673469	0.0305286
-0.591837	-0.632653	0.033494
-0.591837	-0.591837	0.0363285
-0.591837	-0.55102	0.039021
-0.591837	-0.510204	0.0415608
-0.591837	-0.469388	0.043938
-0.591837	-0.428571	0.0461431
-0.591837	-0.387755	0.0481674
-0.591837	-0.346939	0.0500027
-0.591837	-0.306122	0.0516417
-0.591837	-0.265306	0.0530778
-0.591837	-0.22449	0.0543053
-0.591837	-0.183673	0.0553192
-0.591837	-0.142857	0.0561152
-0.591837	-0.102041	0.0566901
-0.591837	-0.0612245	0.0570415
-0.591837	-0.0204082	0.0571678
-0.591837	0.0204082	0.0570684
-0.591837	0.0612245	0.0567434
-0.591837	0.102041	0.056194
-0.591837	0.142857	0.0554223
-0.591837	0.183673	0.0544312
-0.591837	0.22449	0.0532244
-0.591837	0.265306	0.0518067
-0.591837	0.306122	0.0501835
-0.591837	0.346939	0.0483611
-0.591837	0.387755	0.0463468
-0.591837	0.428571	0.0441484
-0.591837	0.469388	0.0417745
-0.591837	0.510204	0.0392347
-0.591837	0.55102	0.0365388
-0.591837	0.591837	0.0336976
-0.591837	0.632653	0.0307224
-0.591837	0.673469	0.0276249
-0.591837	0.714286	0.0244174
-0.591837	0.755102	0.0211127
-0.591837	0.795918	0.017724
-0.591837	0.836735	0.0142646
-0.591837	0.877551	0.0107485
-0.591837	0.918367	0.00718954
-0.591837	0.959184	0.00360194
-0.591837	1	0
-0.55102	-1	0.00384008
-0.55102	-0.959184	0.0076652
-0.55102	-0.918367	0.0114605
-0.55102	-0.877551	0.0152111
-0.55102	-0.836735	0.0189024
-0.55102	-0.795918	0.02252
-0.55102	-0.755102	0.0260499
-0.55102	-0.714286	0.0294781
-0.55102	-0.673469	0.0327913
-0.55102	-0.632653	0.0359764
-0.55102	-0.591837	0.039021
-0.55102	-0.55102	0.041913
-0.55102	-0.510204	0.0446411
-0.55102	-0.469388	0.0471945
-0.55102	-0.428571	0.049563
-0.55102	-0.387755	0.0517373
-0.55102	-0.346939	0.0537086
-0.55102	-0.306122	0.0554691
-0.55102	-0.265306	0.0570117
-0.55102	-0.22449	0.0583302
-0.55102	-0.183673	0.0594192
-0.55102	-0.142857	0.0602742
-0.55102	-0.102041	0.0608917
-0.55102	-0.0612245	0.0612692
-0.55102	-0.0204082	0.0614048
-0.55102	0.0204082	0.061298
-0.55102	0.0612245	0.0609489
-0.55102	0.102041	0.0603589
-0.55102	0.142857	0.05953
-0.55102	0.183673	0.0584654
-0.55102	0.22449	0.0571692
-0.55102	0.265306	0.0556463
-0.55102	0.306122	0.0539028
-0.55102	0.346939	0.0519454
-0.55102	0.387755	0.0497818
-0.55102	0.428571	0.0474204
-0.55102	0.469388	0.0448707
-0.55102	0.510204	0.0421426
-0.55102	0.55102	0.0392469
-0.55102	0.591837	0.0361951
-0.55102	0.632653	0.0329994
-0.55102	0.673469	0.0296723
-0.55102	0.714286	0.0262271
-0.55102	0.755102	0.0226775
-0.55102	0.795918	0.0190376
-0.55102	0.836735	0.0153219
-0.55102	0.877551	0.0115451
-0.55102	0.918367	0.00772239
-0.55102	0.959184	0.0038689
-0.55102	1	0
-0.510204	-1	0.00409003
-0.510204	-0.959184	0.00816412
-0.510204	-0.918367	0.0122064
-0.510204	-0.877551	0.0162012
-0.510204	-0.836735	0.0201328
-0.510204	-0.795918	0.0239859
-0.510204	-0.755102	0.0277455
-0.510204	-0.714286	0.0313968
-0.510204	-0.673469	0.0349256
-0.510204	-0.632653	0.0383181
-0.510204	-0.591837	0.0415608
-0.510204	-0.55102	0.0446411
-0.510204	-0.510204	0.0475468
-0.510204	-0.469388	0.0502664
-0.510204	-0.428571	0.0527891
-0.510204	-0.387755	0.0551049
-0.510204	-0.346939	0.0572045
-0.510204	-0.306122	0.0590796
-0.510204	-0.265306	0.0607226
-0.510204	-0.22449	0.0621269
-0.510204	-0.183673	0.0632867
-0.510204	-0.142857	0.0641974
-0.510204	-0.102041	0.0648552
-0.510204	-0.0612245	0.0652572
-0.510204	-0.0204082	0.0654016
-0.510204	0.0204082	0.0652879
-0.510204	0.0612245	0.0649161
-0.510204	0.102041	0.0642876
-0.510204	0.142857	0.0634048
-0.510204	0.183673	0.0622709
-0.510204	0.22449	0.0608903
-0.510204	0.265306	0.0592683
-0.510204	0.306122	0.0574113
-0.510204	0.346939	0.0553265
-0.510204	0.387755	0.053022
-0.510204	0.428571	0.050507
-0.510204	0.469388	0.0477913
-0.510204	0.510204	0.0448856
-0.510204	0.55102	0.0418015
-0.510204	0.591837	0.0385511
-0.510204	0.632653	0.0351473
-0.510204	0.673469	0.0316036
-0.510204	0.714286	0.0279342
-0.510204	0.755102	0.0241536
-0.510204	0.795918	0.0202767
-0.510204	0.836735	0.0163192
-0.510204	0.877551	0.0122966
-0.510204	0.918367	0.00822504
-0.510204	0.959184	0.00412073
-0.510204	1	0
-0.469388	-1	0.00432397
-0.469388	-0.959184	0.00863109
-0.469388	-0.918367	0.0129046
-0.469388	-0.877551	0.0171278
-0.469388	-0.836735	0.0212843
-0.469388	-0.795918	0.0253578
-0.469388	-0.755102	0.0293324
-0.469388	-0.714286	0.0331926
-0.469388	-0.673469	0.0369233
-0.469388	-0.632653	0.0405098
-0.469388	-0.591837	0.043938
-0.469388	-0.55102	0.0471945
-0.469388	-0.510204	0.0502664
-0.469388	-0.469388	0.0531415
-0.469388	-0.428571	0.0558085
-0.469388	-0.387755	0.0582567
-0.469388	-0.346939	0.0604765
-0.469388	-0.306122	0.0624588
-0.469388	-0.265306	0.0641958
-0.469388	-0.22449	0.0656804
-0.469388	-0.183673	0.0669066
-0.469388	-0.142857	0.0678694
-0.469388	-0.102041	0.0685647
-0.469388	-0.0612245	0.0689897
-0.469388	-0.0204082	0.0691425
-0.469388	0.0204082	0.0690222
-0.469388	0.0612245	0.0686291
-0.469388	0.102041	0.0679647
-0.469388	0.142857	0.0670314
-0.469388	0.183673	0.0658326
-0.469388	0.22449	0.0643731
-0.469388	0.265306	0.0626583
-0.469388	0.306122	0.0606951
-0.469388	0.346939	0.0584911
-0.469388	0.387755	0.0560548
-0.469388	0.428571	0.0533959
-0.469388	0.469388	0.0505248
-0.469388	0.510204	0.047453
-0.469388	0.55102	0.0441924
-0.469388	0.591837	0.0407561
-0.469388	0.632653	0.0371576
-0.469388	0.673469	0.0334113
-0.469388	0.714286	0.029532
-0.469388	0.755102	0.0255351
-0.469388	0.795918	0.0214365
-0.469388	0.836735	0.0172526
-0.469388	0.877551	0.0129999
-0.469388	0.918367	0.0086955
-0.469388	0.959184	0.00435643
-0.469388	1	0
-0.428571	-1	0.00454097
-0.428571	-0.959184	0.00906426
-0.428571	-0.918367	0.0135522
-0.428571	-0.877551	0.0179874
-0.428571	-0.836735	0.0223525
-0.428571	-0.795918	0.0266304
-0.428571	-0.755102	0.0308045
-0.428571	-0.714286	0.0348585
-0.428571	-0.673469	0.0387764
-0.428571	-0.632653	0.0425428
-0.428571	-0.591837	0.0461431
-0.428571	-0.55102	0.049563
-0.428571	-0.510204	0.0527891
-0.428571	-0.469388	0.0558085
-0.428571	-0.428571	0.0586093
-0.428571	-0.387755	0.0611804
-0.428571	-0.346939	0.0635116
-0.428571	-0.306122	0.0655934
-0.428571	-0.265306	0.0674175
-0.428571	-0.22449	0.0689767
-0.428571	-0.183673	0.0702644
-0.428571	-0.142857	0.0712755
-0.428571	-0.102041	0.0720058
-0.428571	-0.0612245	0.0724521
-0.428571	-0.0204082	0.0726125
-0.428571	0.0204082	0.0724862
-0.428571	0.0612245	0.0720734
-0.428571	0.102041	0.0713756
-0.428571	0.142857	0.0703954
-0.428571	0.183673	0.0691365
-0.428571	0.22449	0.0676037
-0.428571	0.265306	0.0658029
-0.428571	0.306122	0.0637412
-0.428571	0.346939	0.0614265
-0.428571	0.387755	0.058868
-0.428571	0.428571	0.0560756
-0.428571	0.469388	0.0530605
-0.428571	0.510204	0.0498345
-0.428571	0.55102	0.0464103
-0.428571	0.591837	0.0428015
-0.428571	0.632653	0.0390224
-0.428571	0.673469	0.0350881
-0.428571	0.714286	0.0310141
-0.428571	0.755102	0.0268166
-0.428571	0.795918	0.0225123
-0.428571	0.836735	0.0181184
-0.428571	0.877551	0.0136524
-0.428571	0.918367	0.00913189
-0.428571	0.959184	0.00457506
-0.428571	1	0
-0.387755	-1	0.00474018
-0.387755	-0.959184	0.00946189
-0.387755	-0.918367	0.0141467
-0.387755	-0.877551	0.0187765
-0.387755	-0.836735	0.0233331
-0.387755	-0.795918	0.0277987
-0.387755	-0.755102	0.0321559
-0.387755	-0.714286	0.0363877
-0.387755	-0.673469	0.0404774
-0.387755	-0.632653	0.0444091
-0.387755	-0.591837	0.0481674
-0.387755	-0.55102	0.0517373
-0.387755	-0.510204	0.0551049
-0.387755	-0.469388	0.0582567
-0.387755	-0.428571	0.0611804
-0.387755	-0.387755	0.0638643
-0.387755	-0.346939	0.0662977
-0.387755	-0.306122	0.0684709
-0.387755	-0.265306	0.0703751
-0.387755	-0.22449	0.0720026
-0.387755	-0.183673	0.0733468
-0.387755	-0.142857	0.0744023
-0.387755	-0.102041	0.0751645
-0.387755	-0.0612245	0.0756304
-0.387755	-0.0204082	0.0757979
-0.387755	0.0204082	0.075666
-0.387755	0.0612245	0.0752351
-0.387755	0.102041	0.0745068
-0.387755	0.142857	0.0734836
-0.387755	0.183673	0.0721694
-0.387755	0.22449	0.0705694
-0.387755	0.265306	0.0686896
-0.387755	0.306122	0.0665374
-0.387755	0.346939	0.0641212
-0.387755	0.387755	0.0614504
-0.387755	0.428571	0.0585356
-0.387755	0.469388	0.0553882
-0.387755	0.510204	0.0520206
-0.387755	0.55102	0.0484462
-0.387755	0.591837	0.0446792
-0.387755	0.632653	0.0407343
-0.387755	0.673469	0.0366274
-0.387755	0.714286	0.0323746
-0.387755	0.755102	0.027993
-0.387755	0.795918	0.0234999
-0.387755	0.836735	0.0189133
-0.387755	0.877551	0.0142513
-0.387755	0.918367	0.0095325
-0.387755	0.959184	0.00477576
-0.387755	1	0
-0.346939	-1	0.00492079
-0.346939	-0.959184	0.00982241
-0.346939	-0.918367	0.0146858
-0.346939	-0.877551	0.0194919
-0.346939	-0.836735	0.0242221
-0.346939	-0.795918	0.0288579
-0.346939	-0.755102	0.0333811
-0.346939	-0.714286	0.0377741
-0.346939	-0.673469	0.0420197
-0.346939	-0.632653	0.0461012
-0.346939	-0.591837	0.0500027
-0.346939	-0.55102	0.0537086
-0.346939	-0.510204	0.0572045
-0.346939	-0.469388	0.0604765
-0.346939	-0.428571	0.0635116
-0.346939	-0.387755	0.0662977
-0.346939	-0.346939	0.0688238
-0.346939	-0.306122	0.0710798
-0.346939	-0.265306	0.0730565
-0.346939	-0.22449	0.0747461
-0.346939	-0.183673	0.0761415
-0.346939	-0.142857	0.0772372
-0.346939	-0.102041	0.0780285
-0.346939	-0.0612245	0.0785121
-0.346939	-0.0204082	0.078686
-0.346939	0.0204082	0.0785491
-0.346939	0.0612245	0.0781018
-0.346939	0.102041	0.0773457
-0.346939	0.142857	0.0762835
-0.346939	0.183673	0.0749193
-0.346939	0.22449	0.0732583
-0.346939	0.265306	0.0713069
-0.346939	0.306122	0.0690727
-0.346939	0.346939	0.0665644
-0.346939	0.387755	0.0637919
-0.346939	0.428571	0.060766
-0.346939	0.469388	0.0574986
-0.346939	0.510204	0.0540028
-0.346939	0.55102	0.0502922
-0.346939	0.591837	0.0463815
-0.346939	0.632653	0.0422864
-0.346939	0.673469	0.038023
-0.346939	0.714286	0.0336082
-0.346939	0.755102	0.0290596
-0.346939	0.795918	0.0243953
-0.346939	0.836735	0.0196339
-0.346939	0.877551	0.0147943
-0.346939	0.918367	0.00989571
-0.346939	0.959184	0.00495773
-0.346939	1	0
-0.306122	-1	0.00508209
-0.306122	-0.959184	0.0101444
-0.306122	-0.918367	0.0151672
-0.306122	-0.877551	0.0201308
-0.306122	-0.836735	0.0250161
-0.306122	-0.795918	0.0298038
-0.306122	-0.755102	0.0344753
-0.306122	-0.714286	0.0390123
-0.306122	-0.673469	0.0433971
-0.306122	-0.632653	0.0476124
-0.306122	-0.591837	0.0516417
-0.306122	-0.55102	0.0554691
-0.306122	-0.510204	0.0590796
-0.306122	-0.469388	0.0624588
-0.306122	-0.428571	0.0655934
-0.306122	-0.387755	0.0684709
-0.306122	-0.346939	0.0710798
-0.306122	-0.306122	0.0734097
-0.306122	-0.265306	0.0754512
-0.306122	-0.22449	0.0771961
-0.306122	-0.183673	0.0786373
-0.306122	-0.142857	0.0797689
-0.306122	-0.102041	0.0805862
-0.306122	-0.0612245	0.0810857
-0.306122	-0.0204082	0.0812652
-0.306122	0.0204082	0.0811238
-0.306122	0.0612245	0.0806619
-0.306122	0.102041	0.079881
-0.306122	0.142857	0.078784
-0.306122	0.183673	0.077375
-0.306122	0.22449	0.0756596
-0.306122	0.265306	0.0736442
-0.306122	0.306122	0.0713368
-0.306122	0.346939	0.0687463
-0.306122	0.387755	0.0658829
-0.306122	0.428571	0.0627578
-0.306122	0.469388	0.0593834
-0.306122	0.510204	0.0557729
-0.306122	0.55102	0.0519407
-0.306122	0.591837	0.0479019
-0.306122	0.632653	0.0436725
-0.306122	0.673469	0.0392693
-0.306122	0.714286	0.0347098
-0.306122	0.755102	0.0300122
-0.306122	0.795918	0.025195
-0.306122	0.836735	0.0202775
-0.306122	0.877551	0.0152792
-0.306122	0.918367	0.0102201
-0.306122	0.959184	0.00512024
-0.306122	1	0
-0.265306	-1	0.00522342
-0.265306	-0.959184	0.0104265
-0.265306	-0.918367	0.015589
-0.265306	-0.877551	0.0206907
-0.265306	-0.836735	0.0257118
-0.265306	-0.795918	0.0306326
-0.265306	-0.755102	0.0354341
-0.265306	-0.714286	0.0400972
-0.265306	-0.673469	0.0446039
-0.265306	-0.632653	0.0489365
-0.265306	-0.591837	0.0530778
-0.265306	-0.55102	0.0570117
-0.265306	-0.510204	0.0607226
-0.265306	-0.469388	0.0641958
-0.265306	-0.428571	0.0674175
-0.265306	-0.387755	0.0703751
-0.265306	-0.346939	0.0730565
-0.265306	-0.306122	0.0754512
-0.265306	-0.265306	0.0775495
-0.265306	-0.22449	0.079343
-0.265306	-0.183673	0.0808242
-0.265306	-0.142857	0.0819873
-0.265306	-0.102041	0.0828273
-0.265306	-0.0612245	0.0833407
-0.265306	-0.0204082	0.0835252
-0.265306	0.0204082	0.0833799
-0.265306	0.0612245	0.0829051
-0.265306	0.102041	0.0821025
-0.265306	0.142857	0.080975
-0.265306	0.183673	0.0795269
-0.265306	0.22449	0.0777637
-0.265306	0.265306	0.0756923
-0.265306	0.306122	0.0733207
-0.265306	0.346939	0.0706581
-0.265306	0.387755	0.0677151
-0.265306	0.428571	0.0645031
-0.265306	0.469388	0.0610348
-0.265306	0.510204	0.0573239
-0.265306	0.55102	0.0533852
-0.265306	0.591837	0.049234
-0.265306	0.632653	0.044887
-0.265306	0.673469	0.0403614
-0.265306	0.714286	0.0356751
-0.265306	0.755102	0.0308468
-0.265306	0.795918	0.0258957
-0.265306	0.836735	0.0208414
-0.265306	0.877551	0.0157041
-0.265306	0.918367	0.0105043
-0.265306	0.959184	0.00526263
-0.265306	1	0
-0.22449	-1	0.00534422
-0.22449	-0.959184	0.0106676
-0.22449	-0.918367	0.0159495
-0.22449	-0.877551	0.0211692
-0.22449	-0.836735	0.0263064
-0.22449	-0.795918	0.0313411
-0.22449	-0.755102	0.0362535
-0.22449	-0.714286	0.0410245
-0.22449	-0.673469	0.0456355
-0.22449	-0.632653	0.0500682
-0.22449	-0.591837	0.0543053
-0.22449	-0.55102	0.0583302
-0.22449	-0.510204	0.0621269
-0.22449	-0.469388	0.0656804
-0.22449	-0.428571	0.0689767
-0.22449	-0.387755	0.0720026
-0.22449	-0.346939	0.0747461
-0.22449	-0.306122	0.0771961
-0.22449	-0.265306	0.079343
-0.22449	-0.22449	0.0811779
-0.22449	-0.183673	0.0826934
-0.22449	-0.142857	0.0838834
-0.22449	-0.102041	0.0847428
-0.22449	-0.0612245	0.085268
-0.22449	-0.0204082	0.0854568
-0.22449	0.0204082	0.0853082
-0.22449	0.0612245	0.0848224
-0.22449	0.102041	0.0840012
-0.22449	0.142857	0.0828476
-0.22449	0.183673	0.081366
-0.22449	0.22449	0.0795621
-0.22449	0.265306	0.0774428
-0.22449	0.306122	0.0750163
-0.22449	0.346939	0.0722922
-0.22449	0.387755	0.0692811
-0.22449	0.428571	0.0659948
-0.22449	0.469388	0.0624463
-0.22449	0.510204	0.0586496
-0.22449	0.55102	0.0546198
-0.22449	0.591837	0.0503726
-0.22449	0.632653	0.0459251
-0.22449	0.673469	0.0412948
-0.22449	0.714286	0.0365001
-0.22449	0.755102	0.0315602
-0.22449	0.795918	0.0264945
-0.22449	0.836735	0.0213234
-0.22449	0.877551	0.0160673
-0.22449	0.918367	0.0107472
-0.22449	0.959184	0.00538434
-0.22449	1	0
-0.183673	-1	0.00544399
-0.183673	-0.959184	0.0108668
-0.183673	-0.918367	0.0162472
-0.183673	-0.877551	0.0215644
-0.183673	-0.836735	0.0267975
-0.183673	-0.795918	0.0319262
-0.183673	-0.755102	0.0369303
-0.183673	-0.714286	0.0417904
-0.183673	-0.673469	0.0464875
-0.183673	-0.632653	0.0510029
-0.183673	-0.591837	0.0553192
-0.183673	-0.55102	0.0594192
-0.183673	-0.510204	0.0632867
-0.183673	-0.469388	0.0669066
-0.183673	-0.428571	0.0702644
-0.183673	-0.387755	0.0733468
-0.183673	-0.346939	0.0761415
-0.183673	-0.306122	0.0786373
-0.183673	-0.265306	0.0808242
-0.183673	-0.22449	0.0826934
-0.183673	-0.183673	0.0842372
-0.183673	-0.142857	0.0854494
-0.183673	-0.102041	0.0863249
-0.183673	-0.0612245	0.0868599
-0.183673	-0.0204082	0.0870522
-0.183673	0.0204082	0.0869008
-0.183673	0.0612245	0.0864059
-0.183673	0.102041	0.0855694
-0.183673	0.142857	0.0843943
-0.183673	0.183673	0.0828851
-0.183673	0.22449	0.0810474
-0.183673	0.265306	0.0788886
-0.183673	0.306122	0.0764168
-0.183673	0.346939	0.0736418
-0.183673	0.387755	0.0705745
-0.183673	0.428571	0.0672269
-0.183673	0.469388	0.0636122
-0.183673	0.510204	0.0597446
-0.183673	0.55102	0.0556395
-0.183673	0.591837	0.051313
-0.183673	0.632653	0.0467825
-0.183673	0.673469	0.0420657
-0.183673	0.714286	0.0371816
-0.183673	0.755102	0.0321494
-0.183673	0.795918	0.0269892
-0.183673	0.836735	0.0217215
-0.183673	0.877551	0.0163673
-0.183673	0.918367	0.0109479
-0.183673	0.959184	0.00548486
-0.183673	1	0
-0.142857	-1	0.00552233
-0.142857	-0.959184	0.0110232
-0.142857	-0.918367	0.016481
-0.142857	-0.877551	0.0218747
-0.142857	-0.836735	0.0271831
-0.142857	-0.795918	0.0323856
-0.142857	-0.755102	0.0374618
-0.142857	-0.714286	0.0423918
-0.142857	-0.673469	0.0471564
-0.142857	-0.632653	0.0517369
-0.142857	-0.591837	0.0561152
-0.142857	-0.55102	0.0602742
-0.142857	-0.510204	0.0641974
-0.142857	-0.469388	0.0678694
-0.142857	-0.428571	0.0712755
-0.142857	-0.387755	0.0744023
-0.142857	-0.346939	0.0772372
-0.142857	-0.306122	0.0797689
-0.142857	-0.265306	0.0819873
-0.142857	-0.22449	0.0838834
-0.142857	-0.183673	0.0854494
-0.142857	-0.142857	0.086679
-0.142857	-0.102041	0.0875671
-0.142857	-0.0612245	0.0881098
-0.142857	-0.0204082	0.0883049
-0.142857	0.0204082	0.0881513
-0.142857	0.0612245	0.0876493
-0.142857	0.102041	0.0868008
-0.142857	0.142857	0.0856087
-0.142857	0.183673	0.0840778
-0.142857	0.22449	0.0822137
-0.142857	0.265306	0.0800238
-0.142857	0.306122	0.0775164
-0.142857	0.346939	0.0747015
-0.142857	0.387755	0.0715901
-0.142857	0.428571	0.0681943
-0.142857	0.469388	0.0645275
-0.142857	0.510204	0.0606043
-0.142857	0.55102	0.0564401
-0.142857	0.591837	0.0520514
-0.142857	0.632653	0.0474557
-0.142857	0.673469	0.0426711
-0.142857	0.714286	0.0377166
-0.142857	0.755102	0.032612
-0.142857	0.795918	0.0273775
-0.142857	0.836735	0.022034
-0.142857	0.877551	0.0166028
-0.142857	0.918367	0.0111054
-0.142857	0.959184	0.00556378
-0.142857	1	0
-0.102041	-1	0.00557891
-0.102041	-0.959184	0.0111361
-0.102041	-0.918367	0.0166499
-0.102041	-0.877551	0.0220988
-0.102041	-0.836735	0.0274616
-0.102041	-0.795918	0.0327174
-0.102041	-0.755102	0.0378456
-0.102041	-0.714286	0.0428261
-0.102041	-0.673469	0.0476395
-0.102041	-0.632653	0.0522669
-0.102041	-0.591837	0.0566901
-0.102041	-0.55102	0.0608917
-0.102041	-0.510204	0.0648552
-0.102041	-0.469388	0.0685647
-0.102041	-0.428571	0.0720058
-0.102041	-0.387755	0.0751645
-0.102041	-0.346939	0.0780285
-0.102041	-0.306122	0.0805862
-0.102041	-0.265306	0.0828273
-0.102041	-0.22449	0.0847428
-0.102041	-0.183673	0.0863249
-0.102041	-0.142857	0.0875671
-0.102041	-0.102041	0.0884642
-0.102041	-0.0612245	0.0890126
-0.102041	-0.0204082	0.0892096
-0.102041	0.0204082	0.0890544
-0.102041	0.0612245	0.0885473
-0.102041	0.102041	0.0876901
-0.102041	0.142857	0.0864858
-0.102041	0.183673	0.0849392
-0.102041	0.22449	0.083056
-0.102041	0.265306	0.0808436
-0.102041	0.306122	0.0783106
-0.102041	0.346939	0.0754669
-0.102041	0.387755	0.0723235
-0.102041	0.428571	0.0688929
-0.102041	0.469388	0.0651886
-0.102041	0.510204	0.0612252
-0.102041	0.55102	0.0570184
-0.102041	0.591837	0.0525847
-0.102041	0.632653	0.0479419
-0.102041	0.673469	0.0431082
-0.102041	0.714286	0.038103
-0.102041	0.755102	0.0329461
-0.102041	0.795918	0.027658
-0.102041	0.836735	0.0222598
-0.102041	0.877551	0.0167729
-0.102041	0.918367	0.0112192
-0.102041	0.959184	0.00562079
-0.102041	1	0
-0.0612245	-1	0.00561349
-0.0612245	-0.959184	0.0112051
-0.0612245	-0.918367	0.0167531
-0.0612245	-0.877551	0.0222358
-0.0612245	-0.836735	0.0276318
-0.0612245	-0.795918	0.0329202
-0.0612245	-0.755102	0.0380802
-0.0612245	-0.714286	0.0430916
-0.0612245	-0.673469	0.0479348
-0.0612245	-0.632653	0.0525909
-0.0612245	-0.591837	0.0570415
-0.0612245	-0.55102	0.0612692
-0.0612245	-0.510204	0.0652572
-0.0612245	-0.469388	0.0689897
-0.0612245	-0.428571	0.0724521
-0.0612245	-0.387755	0.0756304
-0.0612245	-0.346939	0.0785121
-0.0612245	-0.306122	0.0810857
-0.0612245	-0.265306	0.0833407
-0.0612245	-0.22449	0.085268
-0.0612245	-0.183673	0.0868599
-0.0612245	-0.142857	0.0881098
-0.0612245	-0.102041	0.0890126
-0.0612245	-0.0612245	0.0895643
-0.0612245	-0.0204082	0.0897626
-0.0612245	0.0204082	0.0896064
-0.0612245	0.0612245	0.0890962
-0.0612245	0.102041	0.0882336
-0.0612245	0.142857	0.0870219
-0.0612245	0.183673	0.0854657
-0.0612245	0.22449	0.0835708
-0.0612245	0.265306	0.0813447
-0.0612245	0.306122	0.078796
-0.0612245	0.346939	0.0759346
-0.0612245	0.387755	0.0727718
-0.0612245	0.428571	0.06932
-0.0612245	0.469388	0.0655927
-0.0612245	0.510204	0.0616047
-0.0612245	0.55102	0.0573718
-0.0612245	0.591837	0.0529107
-0.0612245	0.632653	0.048239
-0.0612245	0.673469	0.0433754
-0.0612245	0.714286	0.0383392
-0.0612245	0.755102	0.0331503
-0.0612245	0.795918	0.0278295
-0.0612245	0.836735	0.0223978
-0.0612245	0.877551	0.0168769
-0.0612245	0.918367	0.0112887
-0.0612245	0.959184	0.00565563
-0.0612245	1	0
-0.0204082	-1	0.00562592
-0.0204082	-0.959184	0.0112299
-0.0204082	-0.918367	0.0167902
-0.0204082	-0.877551	0.022285
-0.0204082	-0.836735	0.027693
-0.0204082	-0.795918	0.0329931
-0.0204082	-0.755102	0.0381645
-0.0204082	-0.714286	0.043187
-0.0204082	-0.673469	0.048041
-0.0204082	-0.632653	0.0527073
-0.0204082	-0.591837	0.0571678
-0.0204082	-0.55102	0.0614048
-0.0204082	-0.510204	0.0654016
-0.0204082	-0.469388	0.0691425
-0.0204082	-0.428571	0.0726125
-0.0204082	-0.387755	0.0757979
-0.0204082	-0.346939	0.078686
-0.0204082	-0.306122	0.0812652
-0.0204082	-0.265306	0.0835252
-0.0204082	-0.22449	0.0854568
-0.0204082	-0.183673	0.0870522
-0.0204082	-0.142857	0.0883049
-0.0204082	-0.102041	0.0892096
-0.0204082	-0.0612245	0.0897626
-0.0204082	-0.0204082	0.0899613
-0.0204082	0.0204082	0.0898048
-0.0204082	0.0612245	0.0892934
-0.0204082	0.102041	0.0884289
-0.0204082	0.142857	0.0872146
-0.0204082	0.183673	0.0856549
-0.0204082	0.22449	0.0837559
-0.0204082	0.265306	0.0815248
-0.0204082	0.306122	0.0789705
-0.0204082	0.346939	0.0761028
-0.0204082	0.387755	0.0729329
-0.0204082	0.428571	0.0694734
-0.0204082	0.469388	0.0657379
-0.0204082	0.510204	0.0617411
-0.0204082	0.55102	0.0574988
-0.0204082	0.591837	0.0530278
-0.0204082	0.632653	0.0483458
-0.0204082	0.673469	0.0434715
-0.0204082	0.714286	0.0384241
-0.0204082	0.755102	0.0332237
-0.0204082	0.795918	0.0278911
-0.0204082	0.836735	0.0224473
-0.0204082	0.877551	0.0169142
-0.0204082	0.918367	0.0113137
-0.0204082	0.959184	0.00566815
-0.0204082	1	0
0.0204082	-1	0.00561613
0.0204082	-0.959184	0.0112104
0.0204082	-0.918367	0.016761
0.0204082	-0.877551	0.0222463
0.0204082	-0.836735	0.0276448
0.0204082	-0.795918	0.0329357
0.0204082	-0.755102	0.0380981
0.0204082	-0.714286	0.0431118
0.0204082	-0.673469	0.0479574
0.0204082	-0.632653	0.0526156
0.0204082	-0.591837	0.0570684
0.0204082	-0.55102	0.061298
0.0204082	-0.510204	0.0652879
0.0204082	-0.469388	0.0690222
0.0204082	-0.428571	0.0724862
0.0204082	-0.387755	0.075666
0.0204082	-0.346939	0.0785491
0.0204082	-0.306122	0.0811238
0.0204082	-0.265306	0.0833799
0.0204082	-0.22449	0.0853082
0.0204082	-0.183673	0.0869008
0.0204082	-0.142857	0.0881513
0.0204082	-0.102041	0.0890544
0.0204082	-0.0612245	0.0896064
0.0204082	-0.0204082	0.0898048
0.0204082	0.0204082	0.0896486
0.0204082	0.0612245	0.0891381
0.0204082	0.102041	0.0882751
0.0204082	0.142857	0.0870628
0.0204082	0.183673	0.0855059
0.0204082	0.22449	0.0836101
0.0204082	0.265306	0.081383
0.0204082	0.306122	0.0788331
0.0204082	0.346939	0.0759704
0.0204082	0.387755	0.0728061
0.0204082	0.428571	0.0693526
0.0204082	0.469388	0.0656236
0.0204082	0.510204	0.0616337
0.0204082	0.55102	0.0573988
0.0204082	0.591837	0.0529355
0.0204082	0.632653	0.0482617
0.0204082	0.673469	0.0433959
0.0204082	0.714286	0.0383572
0.0204082	0.755102	0.0331659
0.0204082	0.795918	0.0278426
0.0204082	0.836735	0.0224083
0.0204082	0.877551	0.0168848
0.0204082	0.918367	0.011294
0.0204082	0.959184	0.00565829
0.0204082	1	0
0.0612245	-1	0.00558415
0.0612245	-0.959184	0.0111465
0.0612245	-0.918367	0.0166655
0.0612245	-0.877551	0.0221196
0.0612245	-0.836735	0.0274874
0.0612245	-0.795918	0.0327481
0.0612245	-0.755102	0.0378811
0.0612245	-0.714286	0.0428664
0.0612245	-0.673469	0.0476843
0.0612245	-0.632653	0.052316
0.0612245	-0.591837	0.0567434
0.0612245	-0.55102	0.0609489
0.0612245	-0.510204	0.0649161
0.0612245	-0.469388	0.0686291
0.0612245	-0.428571	0.0720734
0.0612245	-0.387755	0.0752351
0.0612245	-0.346939	0.0781018
0.0612245	-0.306122	0.0806619
0.0612245	-0.265306	0.0829051
0.0612245	-0.22449	0.0848224
0.0612245	-0.183673	0.0864059
0.0612245	-0.142857	0.0876493
0.0612245	-0.102041	0.0885473
0.0612245	-0.0612245	0.0890962
0.0612245	-0.0204082	0.0892934
0.0612245	0.0204082	0.0891381
0.0612245	0.0612245	0.0886305
0.0612245	0.102041	0.0877724
0.0612245	0.142857	0.0865671
0.0612245	0.183673	0.085019
0.0612245	0.22449	0.083134
0.0612245	0.265306	0.0809196
0.0612245	0.306122	0.0783842
0.0612245	0.346939	0.0755378
0.0612245	0.387755	0.0723915
0.0612245	0.428571	0.0689577
0.0612245	0.469388	0.0652499
0.0612245	0.510204	0.0612827
0.0612245	0.55102	0.0570719
0.0612245	0.591837	0.0526341
0.0612245	0.632653	0.0479869
0.0612245	0.673469	0.0431487
0.0612245	0.714286	0.0381388
0.0612245	0.755102	0.0329771
0.0612245	0.795918	0.027684
0.0612245	0.836735	0.0222807
0.0612245	0.877551	0.0167886
0.0612245	0.918367	0.0112297
0.0612245	0.959184	0.00562607
0.0612245	1	0
0.102041	-1	0.00553009
0.102041	-0.959184	0.0110386
0.102041	-0.918367	0.0165042
0.102041	-0.877551	0.0219054
0.102041	-0.836735	0.0272213
0.102041	-0.795918	0.0324311
0.102041	-0.755102	0.0375144
0.102041	-0.714286	0.0424514
0.102041	-0.673469	0.0472226
0.102041	-0.632653	0.0518095
0.102041	-0.591837	0.056194
0.102041	-0.55102	0.0603589
0.102041	-0.510204	0.0642876
0.102041	-0.469388	0.0679647
0.102041	-0.428571	0.0713756
0.102041	-0.387755	0.0745068
0.102041	-0.346939	0.0773457
0.102041	-0.306122	0.079881
0.102041	-0.265306	0.0821025
0.102041	-0.22449	0.0840012
0.102041	-0.183673	0.0855694
0.102041	-0.142857	0.0868008
0.102041	-0.102041	0.0876901
0.102041	-0.0612245	0.0882336
0.102041	-0.0204082	0.0884289
0.102041	0.0204082	0.0882751
0.102041	0.0612245	0.0877724
0.102041	0.102041	0.0869227
0.102041	0.142857	0.085729
0.102041	0.183673	0.0841959
0.102041	0.22449	0.0823292
0.102041	0.265306	0.0801362
0.102041	0.306122	0.0776253
0.102041	0.346939	0.0748065
0.102041	0.387755	0.0716906
0.102041	0.428571	0.0682901
0.102041	0.469388	0.0646182
0.102041	0.510204	0.0606894
0.102041	0.55102	0.0565194
0.102041	0.591837	0.0521245
0.102041	0.632653	0.0475223
0.102041	0.673469	0.042731
0.102041	0.714286	0.0377696
0.102041	0.755102	0.0326578
0.102041	0.795918	0.027416
0.102041	0.836735	0.022065
0.102041	0.877551	0.0166261
0.102041	0.918367	0.011121
0.102041	0.959184	0.0055716
0.102041	1	0
0.142857	-1	0.00545414
0.142857	-0.959184	0.010887
0.142857	-0.918367	0.0162775
0.142857	-0.877551	0.0216046
0.142857	-0.836735	0.0268475
0.142857	-0.795918	0.0319857
0.142857	-0.755102	0.0369992
0.142857	-0.714286	0.0418684
0.142857	-0.673469	0.0465741
0.142857	-0.632653	0.0510981
0.142857	-0.591837	0.0554223
0.142857	-0.55102	0.05953
0.142857	-0.510204	0.0634048
0.142857	-0.469388	0.0670314
0.142857	-0.428571	0.0703954
0.142857	-0.387755	0.0734836
0.142857	-0.346939	0.0762835
0.142857	-0.306122	0.078784
0.142857	-0.265306	0.080975
0.142857	-0.22449	0.0828476
0.142857	-0.183673	0.0843943
0.142857	-0.142857	0.0856087
0.142857	-0.102041	0.0864858
0.142857	-0.0612245	0.0870219
0.142857	-0.0204082	0.0872146
0.142857	0.0204082	0.0870628
0.142857	0.0612245	0.0865671
0.142857	0.102041	0.085729
0.142857	0.142857	0.0845517
0.142857	0.183673	0.0830396
0.142857	0.22449	0.0811986
0.142857	0.265306	0.0790357
0.142857	0.306122	0.0765593
0.142857	0.346939	0.0737792
0.142857	0.387755	0.0707061
0.142857	0.428571	0.0673522
0.142857	0.469388	0.0637308
0.142857	0.510204	0.059856
0.142857	0.55102	0.0557432
0.142857	0.591837	0.0514087
0.142857	0.632653	0.0468697
0.142857	0.673469	0.0421442
0.142857	0.714286	0.0372509
0.142857	0.755102	0.0322093
0.142857	0.795918	0.0270395
0.142857	0.836735	0.021762
0.142857	0.877551	0.0163978
0.142857	0.918367	0.0109683
0.142857	0.959184	0.00549509
0.142857	1	0
0.183673	-1	0.00535661
0.183673	-0.959184	0.0106923
0.183673	-0.918367	0.0159864
0.183673	-0.877551	0.0212182
0.183673	-0.836735	0.0263674
0.183673	-0.795918	0.0314137
0.183673	-0.755102	0.0363375
0.183673	-0.714286	0.0411196
0.183673	-0.673469	0.0457412
0.183673	-0.632653	0.0501843
0.183673	-0.591837	0.0544312
0.183673	-0.55102	0.0584654
0.183673	-0.510204	0.0622709
0.183673	-0.469388	0.0658326
0.183673	-0.428571	0.0691365
0.183673	-0.387755	0.0721694
0.183673	-0.346939	0.0749193
0.183673	-0.306122	0.077375
0.183673	-0.265306	0.0795269
0.183673	-0.22449	0.081366
0.183673	-0.183673	0.0828851
0.183673	-0.142857	0.0840778
0.183673	-0.102041	0.0849392
0.183673	-0.0612245	0.0854657
0.183673	-0.0204082	0.0856549
0.183673	0.0204082	0.0855059
0.183673	0.0612245	0.085019
0.183673	0.102041	0.0841959
0.183673	0.142857	0.0830396
0.183673	0.183673	0.0815546
0.183673	0.22449	0.0797465
0.183673	0.265306	0.0776222
0.183673	0.306122	0.0751902
0.183673	0.346939	0.0724597
0.183673	0.387755	0.0694416
0.183673	0.428571	0.0661478
0.183673	0.469388	0.0625911
0.183673	0.510204	0.0587856
0.183673	0.55102	0.0547463
0.183673	0.591837	0.0504894
0.183673	0.632653	0.0460315
0.183673	0.673469	0.0413905
0.183673	0.714286	0.0365847
0.183673	0.755102	0.0316333
0.183673	0.795918	0.0265559
0.183673	0.836735	0.0213728
0.183673	0.877551	0.0161045
0.183673	0.918367	0.0107721
0.183673	0.959184	0.00539681
0.183673	1	0
0.22449	-1	0.00523785
0.22449	-0.959184	0.0104553
0.22449	-0.918367	0.015632
0.22449	-0.877551	0.0207478
0.22449	-0.836735	0.0257828
0.22449	-0.795918	0.0307172
0.22449	-0.755102	0.0355319
0.22449	-0.714286	0.040208
0.22449	-0.673469	0.0447271
0.22449	-0.632653	0.0490716
0.22449	-0.591837	0.0532244
0.22449	-0.55102	0.0571692
0.22449	-0.510204	0.0608903
0.22449	-0.469388	0.0643731
0.22449	-0.428571	0.0676037
0.22449	-0.387755	0.0705694
0.22449	-0.346939	0.0732583
0.22449	-0.306122	0.0756596
0.22449	-0.265306	0.0777637
0.22449	-0.22449	0.0795621
0.22449	-0.183673	0.0810474
0.22449	-0.142857	0.0822137
0.22449	-0.102041	0.083056
0.22449	-0.0612245	0.0835708
0.22449	-0.0204082	0.0837559
0.22449	0.0204082	0.0836101
0.22449	0.0612245	0.083134
0.22449	0.102041	0.0823292
0.22449	0.142857	0.0811986
0.22449	0.183673	0.0797465
0.22449	0.22449	0.0779784
0.22449	0.265306	0.0759013
0.22449	0.306122	0.0735232
0.22449	0.346939	0.0708533
0.22449	0.387755	0.0679021
0.22449	0.428571	0.0646812
0.22449	0.469388	0.0612034
0.22449	0.510204	0.0574822
0.22449	0.55102	0.0535326
0.22449	0.591837	0.04937
0.22449	0.632653	0.045011
0.22449	0.673469	0.0404728
0.22449	0.714286	0.0357736
0.22449	0.755102	0.030932
0.22449	0.795918	0.0259672
0.22449	0.836735	0.0208989
0.22449	0.877551	0.0157475
0.22449	0.918367	0.0105333
0.22449	0.959184	0.00527716
0.22449	1	0
0.265306	-1	0.00509832
0.265306	-0.959184	0.0101768
0.265306	-0.918367	0.0152156
0.265306	-0.877551	0.0201952
0.265306	-0.836735	0.025096
0.265306	-0.795918	0.029899
0.265306	-0.755102	0.0345854
0.265306	-0.714286	0.0391369
0.265306	-0.673469	0.0435357
0.265306	-0.632653	0.0477645
0.265306	-0.591837	0.0518067
0.265306	-0.55102	0.0556463
0.265306	-0.510204	0.0592683
0.265306	-0.469388	0.0626583
0.265306	-0.428571	0.0658029
0.265306	-0.387755	0.0686896
0.265306	-0.346939	0.0713069
0.265306	-0.306122	0.0736442
0.265306	-0.265306	0.0756923
0.265306	-0.22449	0.0774428
0.265306	-0.183673	0.0788886
0.265306	-0.142857	0.0800238
0.265306	-0.102041	0.0808436
0.265306	-0.0612245	0.0813447
0.265306	-0.0204082	0.0815248
0.265306	0.0204082	0.081383
0.265306	0.0612245	0.0809196
0.265306	0.102041	0.0801362
0.265306	0.142857	0.0790357
0.265306	0.183673	0.0776222
0.265306	0.22449	0.0759013
0.265306	0.265306	0.0738795
0.265306	0.306122	0.0715647
0.265306	0.346939	0.0689659
0.265306	0.387755	0.0660934
0.265306	0.428571	0.0629583
0.265306	0.469388	0.0595731
0.265306	0.510204	0.0559511
0.265306	0.55102	0.0521066
0.265306	0.591837	0.0480549
0.265306	0.632653	0.043812
0.265306	0.673469	0.0393948
0.265306	0.714286	0.0348207
0.265306	0.755102	0.030108
0.265306	0.795918	0.0252755
0.265306	0.836735	0.0203423
0.265306	0.877551	0.015328
0.265306	0.918367	0.0102527
0.265306	0.959184	0.00513659
0.265306	1	0
0.306122	-1	0.00493858
0.306122	-0.959184	0.00985793
0.306122	-0.918367	0.0147389
0.306122	-0.877551	0.0195624
0.306122	-0.836735	0.0243097
0.306122	-0.795918	0.0289622
0.306122	-0.755102	0.0335018
0.306122	-0.714286	0.0379107
0.306122	-0.673469	0.0421716
0.306122	-0.632653	0.0462679
0.306122	-0.591837	0.0501835
0.306122	-0.55102	0.0539028
0.306122	-0.510204	0.0574113
0.306122	-0.469388	0.0606951
0.306122	-0.428571	0.0637412
0.306122	-0.387755	0.0665374
0.306122	-0.346939	0.0690727
0.306122	-0.306122	0.0713368
0.306122	-0.265306	0.0733207
0.306122	-0.22449	0.0750163
0.306122	-0.183673	0.0764168
0.306122	-0.142857	0.0775164
0.306122	-0.102041	0.0783106
0.306122	-0.0612245	0.078796
0.306122	-0.0204082	0.0789705
0.306122	0.0204082	0.0788331
0.306122	0.0612245	0.0783842
0.306122	0.102041	0.0776253
0.306122	0.142857	0.0765593
0.306122	0.183673	0.0751902
0.306122	0.22449	0.0735232
0.306122	0.265306	0.0715647
0.306122	0.306122	0.0693224
0.306122	0.346939	0.0668051
0.306122	0.387755	0.0640225
0.306122	0.428571	0.0609857
0.306122	0.469388	0.0577065
0.306122	0.510204	0.054198
0.306122	0.55102	0.050474
0.306122	0.591837	0.0465492
0.306122	0.632653	0.0424393
0.306122	0.673469	0.0381604
0.306122	0.714286	0.0337297
0.306122	0.755102	0.0291647
0.306122	0.795918	0.0244835
0.306122	0.836735	0.0197049
0.306122	0.877551	0.0148478
0.306122	0.918367	0.00993149
0.306122	0.959184	0.00497565
0.306122	1	0
0.346939	-1	0.00475924
0.346939	-0.959184	0.00949995
0.346939	-0.918367	0.0142037
0.346939	-0.877551	0.018852
0.346939	-0.836735	0.0234269
0.346939	-0.795918	0.0279105
0.346939	-0.755102	0.0322852
0.346939	-0.714286	0.036534
0.346939	-0.673469	0.0406402
0.346939	-0.632653	0.0445878
0.346939	-0.591837	0.0483611
0.346939	-0.55102	0.0519454
0.346939	-0.510204	0.0553265
0.346939	-0.469388	0.0584911
0.346939	-0.428571	0.0614265
0.346939	-0.387755	0.0641212
0.346939	-0.346939	0.0665644
0.346939	-0.306122	0.0687463
0.346939	-0.265306	0.0706581
0.346939	-0.22449	0.0722922
0.346939	-0.183673	0.0736418
0.346939	-0.142857	0.0747015
0.346939	-0.102041	0.0754669
0.346939	-0.0612245	0.0759346
0.346939	-0.0204082	0.0761028
0.346939	0.0204082	0.0759704
0.346939	0.0612245	0.0755378
0.346939	0.102041	0.0748065
0.346939	0.142857	0.0737792
0.346939	0.183673	0.0724597
0.346939	0.22449	0.0708533
0.346939	0.265306	0.0689659
0.346939	0.306122	0.0668051
0.346939	0.346939	0.0643791
0.346939	0.387755	0.0616976
0.346939	0.428571	0.0587711
0.346939	0.469388	0.055611
0.346939	0.510204	0.0522299
0.346939	0.55102	0.0486411
0.346939	0.591837	0.0448589
0.346939	0.632653	0.0408982
0.346939	0.673469	0.0367747
0.346939	0.714286	0.0325049
0.346939	0.755102	0.0281056
0.346939	0.795918	0.0235945
0.346939	0.836735	0.0189893
0.346939	0.877551	0.0143086
0.346939	0.918367	0.00957084
0.346939	0.959184	0.00479497
0.346939	1	0
0.387755	-1	0.00456101
0.387755	-0.959184	0.00910426
0.387755	-0.918367	0.013612
0.387755	-0.877551	0.0180668
0.387755	-0.836735	0.0224511
0.387755	-0.795918	0.026748
0.387755	-0.755102	0.0309405
0.387755	-0.714286	0.0350123
0.387755	-0.673469	0.0389475
0.387755	-0.632653	0.0427306
0.387755	-0.591837	0.0463468
0.387755	-0.55102	0.0497818
0.387755	-0.510204	0.053022
0.387755	-0.469388	0.0560548
0.387755	-0.428571	0.058868
0.387755	-0.387755	0.0614504
0.387755	-0.346939	0.0637919
0.387755	-0.306122	0.0658829
0.387755	-0.265306	0.0677151
0.387755	-0.22449	0.0692811
0.387755	-0.183673	0.0705745
0.387755	-0.142857	0.0715901
0.387755	-0.102041	0.0723235
0.387755	-0.0612245	0.0727718
0.387755	-0.0204082	0.0729329
0.387755	0.0204082	0.0728061
0.387755	0.0612245	0.0723915
0.387755	0.102041	0.0716906
0.387755	0.142857	0.0707061
0.387755	0.183673	0.0694416
0.387755	0.22449	0.0679021
0.387755	0.265306	0.0660934
0.387755	0.306122	0.0640225
0.387755	0.346939	0.0616976
0.387755	0.387755	0.0591278
0.387755	0.428571	0.0563231
0.387755	0.469388	0.0532947
0.387755	0.510204	0.0500544
0.387755	0.55102	0.0466151
0.387755	0.591837	0.0429904
0.387755	0.632653	0.0391947
0.387755	0.673469	0.035243
0.387755	0.714286	0.031151
0.387755	0.755102	0.026935
0.387755	0.795918	0.0226117
0.387755	0.836735	0.0181984
0.387755	0.877551	0.0137126
0.387755	0.918367	0.00917219
0.387755	0.959184	0.00459525
0.387755	1	0
0.428571	-1	0.00434467
0.428571	-0.959184	0.00867241
0.428571	-0.918367	0.0129664
0.428571	-0.877551	0.0172098
0.428571	-0.836735	0.0213862
0.428571	-0.795918	0.0254792
0.428571	-0.755102	0.0294729
0.428571	-0.714286	0.0333515
0.428571	-0.673469	0.0371001
0.428571	-0.632653	0.0407037
0.428571	-0.591837	0.0441484
0.428571	-0.55102	0.0474204
0.428571	-0.510204	0.050507
0.428571	-0.469388	0.0533959
0.428571	-0.428571	0.0560756
0.428571	-0.387755	0.0585356
0.428571	-0.346939	0.060766
0.428571	-0.306122	0.0627578
0.428571	-0.265306	0.0645031
0.428571	-0.22449	0.0659948
0.428571	-0.183673	0.0672269
0.428571	-0.142857	0.0681943
0.428571	-0.102041	0.0688929
0.428571	-0.0612245	0.06932
0.428571	-0.0204082	0.0694734
0.428571	0.0204082	0.0693526
0.428571	0.0612245	0.0689577
0.428571	0.102041	0.0682901
0.428571	0.142857	0.0673522
0.428571	0.183673	0.0661478
0.428571	0.22449	0.0646812
0.428571	0.265306	0.0629583
0.428571	0.306122	0.0609857
0.428571	0.346939	0.0587711
0.428571	0.387755	0.0563231
0.428571	0.428571	0.0536515
0.428571	0.469388	0.0507667
0.428571	0.510204	0.0476801
0.428571	0.55102	0.044404
0.428571	0.591837	0.0409512
0.428571	0.632653	0.0373355
0.428571	0.673469	0.0335712
0.428571	0.714286	0.0296734
0.428571	0.755102	0.0256573
0.428571	0.795918	0.0215391
0.428571	0.836735	0.0173352
0.428571	0.877551	0.0130622
0.428571	0.918367	0.00873712
0.428571	0.959184	0.00437728
0.428571	1	0
0.469388	-1	0.00411106
0.469388	-0.959184	0.0082061
0.469388	-0.918367	0.0122692
0.469388	-0.877551	0.0162845
0.469388	-0.836735	0.0202363
0.469388	-0.795918	0.0241092
0.469388	-0.755102	0.0278881
0.469388	-0.714286	0.0315583
0.469388	-0.673469	0.0351052
0.469388	-0.632653	0.0385151
0.469388	-0.591837	0.0417745
0.469388	-0.55102	0.0448707
0.469388	-0.510204	0.0477913
0.469388	-0.469388	0.0505248
0.469388	-0.428571	0.0530605
0.469388	-0.387755	0.0553882
0.469388	-0.346939	0.0574986
0.469388	-0.306122	0.0593834
0.469388	-0.265306	0.0610348
0.469388	-0.22449	0.0624463
0.469388	-0.183673	0.0636122
0.469388	-0.142857	0.0645275
0.469388	-0.102041	0.0651886
0.469388	-0.0612245	0.0655927
0.469388	-0.0204082	0.0657379
0.469388	0.0204082	0.0656236
0.469388	0.0612245	0.0652499
0.469388	0.102041	0.0646182
0.469388	0.142857	0.0637308
0.469388	0.183673	0.0625911
0.469388	0.22449	0.0612034
0.469388	0.265306	0.0595731
0.469388	0.306122	0.0577065
0.469388	0.346939	0.055611
0.469388	0.387755	0.0532947
0.469388	0.428571	0.0507667
0.469388	0.469388	0.048037
0.469388	0.510204	0.0451164
0.469388	0.55102	0.0420164
0.469388	0.591837	0.0387493
0.469388	0.632653	0.035328
0.469388	0.673469	0.0317661
0.469388	0.714286	0.0280778
0.469388	0.755102	0.0242778
0.469388	0.795918	0.020381
0.469388	0.836735	0.0164031
0.469388	0.877551	0.0123598
0.469388	0.918367	0.00826733
0.469388	0.959184	0.00414192
0.469388	1	0
0.510204	-1	0.00386111
0.510204	-0.959184	0.00770718
0.510204	-0.918367	0.0115232
0.510204	-0.877551	0.0152944
0.510204	-0.836735	0.0190059
0.510204	-0.795918	0.0226434
0.510204	-0.755102	0.0261925
0.510204	-0.714286	0.0296395
0.510204	-0.673469	0.0329709
0.510204	-0.632653	0.0361734
0.510204	-0.591837	0.0392347
0.510204	-0.55102	0.0421426
0.510204	-0.510204	0.0448856
0.510204	-0.469388	0.047453
0.510204	-0.428571	0.0498345
0.510204	-0.387755	0.0520206
0.510204	-0.346939	0.0540028
0.510204	-0.306122	0.0557729
0.510204	-0.265306	0.0573239
0.510204	-0.22449	0.0586496
0.510204	-0.183673	0.0597446
0.510204	-0.142857	0.0606043
0.510204	-0.102041	0.0612252
0.510204	-0.0612245	0.0616047
0.510204	-0.0204082	0.0617411
0.510204	0.0204082	0.0616337
0.510204	0.0612245	0.0612827
0.510204	0.102041	0.0606894
0.510204	0.142857	0.059856
0.510204	0.183673	0.0587856
0.510204	0.22449	0.0574822
0.510204	0.265306	0.0559511
0.510204	0.306122	0.054198
0.510204	0.346939	0.0522299
0.510204	0.387755	0.0500544
0.510204	0.428571	0.0476801
0.510204	0.469388	0.0451164
0.510204	0.510204	0.0423734
0.510204	0.55102	0.0394618
0.510204	0.591837	0.0363934
0.510204	0.632653	0.0331801
0.510204	0.673469	0.0298348
0.510204	0.714286	0.0263707
0.510204	0.755102	0.0228017
0.510204	0.795918	0.0191418
0.510204	0.836735	0.0154058
0.510204	0.877551	0.0116084
0.510204	0.918367	0.00776469
0.510204	0.959184	0.00389009
0.510204	1	0
0.55102	-1	0.00359581
0.55102	-0.959184	0.00717761
0.55102	-0.918367	0.0107314
0.55102	-0.877551	0.0142435
0.55102	-0.836735	0.0177
0.55102	-0.795918	0.0210875
0.55102	-0.755102	0.0243928
0.55102	-0.714286	0.027603
0.55102	-0.673469	0.0307054
0.55102	-0.632653	0.0336879
0.55102	-0.591837	0.0365388
0.55102	-0.55102	0.0392469
0.55102	-0.510204	0.0418015
0.55102	-0.469388	0.0441924
0.55102	-0.428571	0.0464103
0.55102	-0.387755	0.0484462
0.55102	-0.346939	0.0502922
0.55102	-0.306122	0.0519407
0.55102	-0.265306	0.0533852
0.55102	-0.22449	0.0546198
0.55102	-0.183673	0.0556395
0.55102	-0.142857	0.0564401
0.55102	-0.102041	0.0570184
0.55102	-0.0612245	0.0573718
0.55102	-0.0204082	0.0574988
0.55102	0.0204082	0.0573988
0.55102	0.0612245	0.0570719
0.55102	0.102041	0.0565194
0.55102	0.142857	0.0557432
0.55102	0.183673	0.0547463
0.55102	0.22449	0.0535326
0.55102	0.265306	0.0521066
0.55102	0.306122	0.050474
0.55102	0.346939	0.0486411
0.55102	0.387755	0.0466151
0.55102	0.428571	0.044404
0.55102	0.469388	0.0420164
0.55102	0.510204	0.0394618
0.55102	0.55102	0.0367504
0.55102	0.591837	0.0338927
0.55102	0.632653	0.0309003
0.55102	0.673469	0.0277848
0.55102	0.714286	0.0245588
0.55102	0.755102	0.021235
0.55102	0.795918	0.0178266
0.55102	0.836735	0.0143472
0.55102	0.877551	0.0108107
0.55102	0.918367	0.00723117
0.55102	0.959184	0.0036228
0.55102	1	0
0.591837	-1	0.0033162
0.591837	-0.959184	0.00661949
0.591837	-0.918367	0.00989699
0.591837	-0.877551	0.0131359
0.591837	-0.836735	0.0163237
0.591837	-0.795918	0.0194478
0.591837	-0.755102	0.0224961
0.591837	-0.714286	0.0254566
0.591837	-0.673469	0.0283178
0.591837	-0.632653	0.0310684
0.591837	-0.591837	0.0336976
0.591837	-0.55102	0.0361951
0.591837	-0.510204	0.0385511
0.591837	-0.469388	0.0407561
0.591837	-0.428571	0.0428015
0.591837	-0.387755	0.0446792
0.591837	-0.346939	0.0463815
0.591837	-0.306122	0.0479019
0.591837	-0.265306	0.049234
0.591837	-0.22449	0.0503726
0.591837	-0.183673	0.051313
0.591837	-0.142857	0.0520514
0.591837	-0.102041	0.0525847
0.591837	-0.0612245	0.0529107
0.591837	-0.0204082	0.0530278
0.591837	0.0204082	0.0529355
0.591837	0.0612245	0.0526341
0.591837	0.102041	0.0521245
0.591837	0.142857	0.0514087
0.591837	0.183673	0.0504894
0.591837	0.22449	0.04937
0.591837	0.265306	0.0480549
0.591837	0.306122	0.0465492
0.591837	0.346939	0.0448589
0.591837	0.387755	0.0429904
0.591837	0.428571	0.0409512
0.591837	0.469388	0.0387493
0.591837	0.510204	0.0363934
0.591837	0.55102	0.0338927
0.591837	0.591837	0.0312573
0.591837	0.632653	0.0284975
0.591837	0.673469	0.0256243
0.591837	0.714286	0.0226491
0.591837	0.755102	0.0195838
0.591837	0.795918	0.0164404
0.591837	0.836735	0.0132316
0.591837	0.877551	0.00997011
0.591837	0.918367	0.00666888
0.591837	0.959184	0.0033411
0.591837	1	0
0.632653	-1	0.00302341
0.632653	-0.959184	0.00603504
0.632653	-0.918367	0.00902316
0.632653	-0.877551	0.0119761
0.632653	-0.836735	0.0148824
0.632653	-0.795918	0.0177307
0.632653	-0.755102	0.0205098
0.632653	-0.714286	0.023209
0.632653	-0.673469	0.0258175
0.632653	-0.632653	0.0283253
0.632653	-0.591837	0.0307224
0.632653	-0.55102	0.0329994
0.632653	-0.510204	0.0351473
0.632653	-0.469388	0.0371576
0.632653	-0.428571	0.0390224
0.632653	-0.387755	0.0407343
0.632653	-0.346939	0.0422864
0.632653	-0.306122	0.0436725
0.632653	-0.265306	0.044887
0.632653	-0.22449	0.0459251
0.632653	-0.183673	0.0467825
0.632653	-0.142857	0.0474557
0.632653	-0.102041	0.0479419
0.632653	-0.0612245	0.048239
0.632653	-0.0204082	0.0483458
0.632653	0.0204082	0.0482617
0.632653	0.0612245	0.0479869
0.632653	0.102041	0.0475223
0.632653	0.142857	0.0468697
0.632653	0.183673	0.0460315
0.632653	0.22449	0.045011
0.632653	0.265306	0.043812
0.632653	0.306122	0.0424393
0.632653	0.346939	0.0408982
0.632653	0.387755	0.0391947
0.632653	0.428571	0.0373355
0.632653	0.469388	0.035328
0.632653	0.510204	0.0331801
0.632653	0.55102	0.0309003
0.632653	0.591837	0.0284975
0.632653	0.632653	0.0259814
0.632653	0.673469	0.0233619
0.632653	0.714286	0.0206494
0.632653	0.755102	0.0178547
0.632653	0.795918	0.0149889
0.632653	0.836735	0.0120634
0.632653	0.877551	0.00908982
0.632653	0.918367	0.00608007
0.632653	0.959184	0.0030461
0.632653	1	0
0.673469	-1	0.00271858
0.673469	-0.959184	0.00542657
0.673469	-0.918367	0.00811342
0.673469	-0.877551	0.0107687
0.673469	-0.836735	0.0133819
0.673469	-0.795918	0.015943
0.673469	-0.755102	0.018442
0.673469	-0.714286	0.020869
0.673469	-0.673469	0.0232145
0.673469	-0.632653	0.0254695
0.673469	-0.591837	0.0276249
0.673469	-0.55102	0.0296723
0.673469	-0.510204	0.0316036
0.673469	-0.469388	0.0334113
0.673469	-0.428571	0.0350881
0.673469	-0.387755	0.0366274
0.673469	-0.346939	0.038023
0.673469	-0.306122	0.0392693
0.673469	-0.265306	0.0403614
0.673469	-0.22449	0.0412948
0.673469	-0.183673	0.0420657
0.673469	-0.142857	0.0426711
0.673469	-0.102041	0.0431082
0.673469	-0.0612245	0.0433754
0.673469	-0.0204082	0.0434715
0.673469	0.0204082	0.0433959
0.673469	0.0612245	0.0431487
0.673469	0.102041	0.042731
0.673469	0.142857	0.0421442
0.673469	0.183673	0.0413905
0.673469	0.22449	0.0404728
0.673469	0.265306	0.0393948
0.673469	0.306122	0.0381604
0.673469	0.346939	0.0367747
0.673469	0.387755	0.035243
0.673469	0.428571	0.0335712
0.673469	0.469388	0.0317661
0.673469	0.510204	0.0298348
0.673469	0.55102	0.0277848
0.673469	0.591837	0.0256243
0.673469	0.632653	0.0233619
0.673469	0.673469	0.0210065
0.673469	0.714286	0.0185674
0.673469	0.755102	0.0160545
0.673469	0.795918	0.0134776
0.673469	0.836735	0.0108471
0.673469	0.877551	0.00817336
0.673469	0.918367	0.00546706
0.673469	0.959184	0.00273899
0.673469	1	0
0.714286	-1	0.00240293
0.714286	-0.959184	0.0047965
0.714286	-0.918367	0.00717139
0.714286	-0.877551	0.00951833
0.714286	-0.836735	0.0118282
0.714286	-0.795918	0.0140919
0.714286	-0.755102	0.0163007
0.714286	-0.714286	0.0184459
0.714286	-0.673469	0.0205192
0.714286	-0.632653	0.0225123
0.714286	-0.591837	0.0244174
0.714286	-0.55102	0.0262271
0.714286	-0.510204	0.0279342
0.714286	-0.469388	0.029532
0.714286	-0.428571	0.0310141
0.714286	-0.387755	0.0323746
0.714286	-0.346939	0.0336082
0.714286	-0.306122	0.0347098
0.714286	-0.265306	0.0356751
0.714286	-0.22449	0.0365001
0.714286	-0.183673	0.0371816
0.714286	-0.142857	0.0377166
0.714286	-0.102041	0.038103
0.714286	-0.0612245	0.0383392
0.714286	-0.0204082	0.0384241
0.714286	0.0204082	0.0383572
0.714286	0.0612245	0.0381388
0.714286	0.102041	0.0377696
0.714286	0.142857	0.0372509
0.714286	0.183673	0.0365847
0.714286	0.22449	0.0357736
0.714286	0.265306	0.0348207
0.714286	0.306122	0.0337297
0.714286	0.346939	0.0325049
0.714286	0.387755	0.031151
0.714286	0.428571	0.0296734
0.714286	0.469388	0.0280778
0.714286	0.510204	0.0263707
0.714286	0.55102	0.0245588
0.714286	0.591837	0.0226491
0.714286	0.632653	0.0206494
0.714286	0.673469	0.0185674
0.714286	0.714286	0.0164116
0.714286	0.755102	0.0141904
0.714286	0.795918	0.0119128
0.714286	0.836735	0.00958766
0.714286	0.877551	0.00722437
0.714286	0.918367	0.00483229
0.714286	0.959184	0.00242097
0.714286	1	0
0.755102	-1	0.00207771
0.755102	-0.959184	0.00414734
0.755102	-0.918367	0.0062008
0.755102	-0.877551	0.00823011
0.755102	-0.836735	0.0102273
0.755102	-0.795918	0.0121847
0.755102	-0.755102	0.0140946
0.755102	-0.714286	0.0159494
0.755102	-0.673469	0.0177421
0.755102	-0.632653	0.0194654
0.755102	-0.591837	0.0211127
0.755102	-0.55102	0.0226775
0.755102	-0.510204	0.0241536
0.755102	-0.469388	0.0255351
0.755102	-0.428571	0.0268166
0.755102	-0.387755	0.027993
0.755102	-0.346939	0.0290596
0.755102	-0.306122	0.0300122
0.755102	-0.265306	0.0308468
0.755102	-0.22449	0.0315602
0.755102	-0.183673	0.0321494
0.755102	-0.142857	0.032612
0.755102	-0.102041	0.0329461
0.755102	-0.0612245	0.0331503
0.755102	-0.0204082	0.0332237
0.755102	0.0204082	0.0331659
0.755102	0.0612245	0.0329771
0.755102	0.102041	0.0326578
0.755102	0.142857	0.0322093
0.755102	0.183673	0.0316333
0.755102	0.22449	0.030932
0.755102	0.265306	0.030108
0.755102	0.306122	0.0291647
0.755102	0.346939	0.0281056
0.755102	0.387755	0.026935
0.755102	0.428571	0.0256573
0.755102	0.469388	0.0242778
0.755102	0.510204	0.0228017
0.755102	0.55102	0.021235
0.755102	0.591837	0.0195838
0.755102	0.632653	0.0178547
0.755102	0.673469	0.0160545
0.755102	0.714286	0.0141904
0.755102	0.755102	0.0122699
0.755102	0.795918	0.0103005
0.755102	0.836735	0.00829006
0.755102	0.877551	0.00624661
0.755102	0.918367	0.00417828
0.755102	0.959184	0.00209331
0.755102	1	0
0.795918	-1	0.00174423
0.795918	-0.959184	0.00348166
0.795918	-0.918367	0.00520553
0.795918	-0.877551	0.00690912
0.795918	-0.836735	0.00858578
0.795918	-0.795918	0.010229
0.795918	-0.755102	0.0118323
0.795918	-0.714286	0.0133894
0.795918	-0.673469	0.0148943
0.795918	-0.632653	0.0163411
0.795918	-0.591837	0.017724
0.795918	-0.55102	0.0190376
0.795918	-0.510204	0.0202767
0.795918	-0.469388	0.0214365
0.795918	-0.428571	0.0225123
0.795918	-0.387755	0.0234999
0.795918	-0.346939	0.0243953
0.795918	-0.306122	0.025195
0.795918	-0.265306	0.0258957
0.795918	-0.22449	0.0264945
0.795918	-0.183673	0.0269892
0.795918	-0.142857	0.0273775
0.795918	-0.102041	0.027658
0.795918	-0.0612245	0.0278295
0.795918	-0.0204082	0.0278911
0.795918	0.0204082	0.0278426
0.795918	0.0612245	0.027684
0.795918	0.102041	0.027416
0.795918	0.142857	0.0270395
0.795918	0.183673	0.0265559
0.795918	0.22449	0.0259672
0.795918	0.265306	0.0252755
0.795918	0.306122	0.0244835
0.795918	0.346939	0.0235945
0.795918	0.387755	0.0226117
0.795918	0.428571	0.0215391
0.795918	0.469388	0.020381
0.795918	0.510204	0.0191418
0.795918	0.55102	0.0178266
0.795918	0.591837	0.0164404
0.795918	0.632653	0.0149889
0.795918	0.673469	0.0134776
0.795918	0.714286	0.0119128
0.795918	0.755102	0.0103005
0.795918	0.795918	0.00864718
0.795918	0.836735	0.00695944
0.795918	0.877551	0.00524398
0.795918	0.918367	0.00350764
0.795918	0.959184	0.00175732
0.795918	1	0
0.836735	-1	0.00140379
0.836735	-0.959184	0.00280212
0.836735	-0.918367	0.00418952
0.836735	-0.877551	0.00556061
0.836735	-0.836735	0.00691002
0.836735	-0.795918	0.0082325
0.836735	-0.755102	0.00952288
0.836735	-0.714286	0.0107761
0.836735	-0.673469	0.0119873
0.836735	-0.632653	0.0131517
0.836735	-0.591837	0.0142646
0.836735	-0.55102	0.0153219
0.836735	-0.510204	0.0163192
0.836735	-0.469388	0.0172526
0.836735	-0.428571	0.0181184
0.836735	-0.387755	0.0189133
0.836735	-0.346939	0.0196339
0.836735	-0.306122	0.0202775
0.836735	-0.265306	0.0208414
0.836735	-0.22449	0.0213234
0.836735	-0.183673	0.0217215
0.836735	-0.142857	0.022034
0.836735	-0.102041	0.0222598
0.836735	-0.0612245	0.0223978
0.836735	-0.0204082	0.0224473
0.836735	0.0204082	0.0224083
0.836735	0.0612245	0.0222807
0.836735	0.102041	0.022065
0.836735	0.142857	0.021762
0.836735	0.183673	0.0213728
0.836735	0.22449	0.0208989
0.836735	0.265306	0.0203423
0.836735	0.306122	0.0197049
0.836735	0.346939	0.0189893
0.836735	0.387755	0.0181984
0.836735	0.428571	0.0173352
0.836735	0.469388	0.0164031
0.836735	0.510204	0.0154058
0.836735	0.55102	0.0143472
0.836735	0.591837	0.0132316
0.836735	0.632653	0.0120634
0.836735	0.673469	0.0108471
0.836735	0.714286	0.00958766
0.836735	0.755102	0.00829006
0.836735	0.795918	0.00695944
0.836735	0.836735	0.00560111
0.836735	0.877551	0.00422047
0.836735	0.918367	0.00282302
0.836735	0.959184	0.00141433
0.836735	1	0
0.877551	-1	0.00105777
0.877551	-0.959184	0.00211141
0.877551	-0.918367	0.00315683
0.877551	-0.877551	0.00418995
0.877551	-0.836735	0.00520675
0.877551	-0.795918	0.00620324
0.877551	-0.755102	0.00717555
0.877551	-0.714286	0.00811987
0.877551	-0.673469	0.0090325
0.877551	-0.632653	0.00990985
0.877551	-0.591837	0.0107485
0.877551	-0.55102	0.0115451
0.877551	-0.510204	0.0122966
0.877551	-0.469388	0.0129999
0.877551	-0.428571	0.0136524
0.877551	-0.387755	0.0142513
0.877551	-0.346939	0.0147943
0.877551	-0.306122	0.0152792
0.877551	-0.265306	0.0157041
0.877551	-0.22449	0.0160673
0.877551	-0.183673	0.0163673
0.877551	-0.142857	0.0166028
0.877551	-0.102041	0.0167729
0.877551	-0.0612245	0.0168769
0.877551	-0.0204082	0.0169142
0.877551	0.0204082	0.0168848
0.877551	0.0612245	0.0167886
0.877551	0.102041	0.0166261
0.877551	0.142857	0.0163978
0.877551	0.183673	0.0161045
0.877551	0.22449	0.0157475
0.877551	0.265306	0.015328
0.877551	0.306122	0.0148478
0.877551	0.346939	0.0143086
0.877551	0.387755	0.0137126
0.877551	0.428571	0.0130622
0.877551	0.469388	0.0123598
0.877551	0.510204	0.0116084
0.877551	0.55102	0.0108107
0.877551	0.591837	0.00997011
0.877551	0.632653	0.00908982
0.877551	0.673469	0.00817336
0.877551	0.714286	0.00722437
0.877551	0.755102	0.00624661
0.877551	0.795918	0.00524398
0.877551	0.836735	0.00422047
0.877551	0.877551	0.00318015
0.877551	0.918367	0.00212717
0.877551	0.959184	0.00106571
0.877551	1	0
0.918367	-1	0.000707527
0.918367	-0.959184	0.0014123
0.918367	-0.918367	0.00211157
0.918367	-0.877551	0.00280261
0.918367	-0.836735	0.00348273
0.918367	-0.795918	0.00414928
0.918367	-0.755102	0.00479964
0.918367	-0.714286	0.00543128
0.918367	-0.673469	0.00604173
0.918367	-0.632653	0.00662858
0.918367	-0.591837	0.00718954
0.918367	-0.55102	0.00772239
0.918367	-0.510204	0.00822504
0.918367	-0.469388	0.0086955
0.918367	-0.428571	0.00913189
0.918367	-0.387755	0.0095325
0.918367	-0.346939	0.00989571
0.918367	-0.306122	0.0102201
0.918367	-0.265306	0.0105043
0.918367	-0.22449	0.0107472
0.918367	-0.183673	0.0109479
0.918367	-0.142857	0.0111054
0.918367	-0.102041	0.0112192
0.918367	-0.0612245	0.0112887
0.918367	-0.0204082	0.0113137
0.918367	0.0204082	0.011294
0.918367	0.0612245	0.0112297
0.918367	0.102041	0.011121
0.918367	0.142857	0.0109683
0.918367	0.183673	0.0107721
0.918367	0.22449	0.0105333
0.918367	0.265306	0.0102527
0.918367	0.306122	0.00993149
0.918367	0.346939	0.00957084
0.918367	0.387755	0.00917219
0.918367	0.428571	0.00873712
0.918367	0.469388	0.00826733
0.918367	0.510204	0.00776469
0.918367	0.55102	0.00723117
0.918367	0.591837	0.00666888
0.918367	0.632653	0.00608007
0.918367	0.673469	0.00546706
0.918367	0.714286	0.00483229
0.918367	0.755102	0.00417828
0.918367	0.795918	0.00350764
0.918367	0.836735	0.00282302
0.918367	0.877551	0.00212717
0.918367	0.918367	0.00142284
0.918367	0.959184	0.000712838
0.918367	1	0
0.959184	-1	0.000354469
0.959184	-0.959184	0.000707558
0.959184	-0.918367	0.00105789
0.959184	-0.877551	0.0014041
0.959184	-0.836735	0.00174484
0.959184	-0.795918	0.00207878
0.959184	-0.755102	0.00240461
0.959184	-0.714286	0.00272106
0.959184	-0.673469	0.00302689
0.959184	-0.632653	0.00332091
0.959184	-0.591837	0.00360194
0.959184	-0.55102	0.0038689
0.959184	-0.510204	0.00412073
0.959184	-0.469388	0.00435643
0.959184	-0.428571	0.00457506
0.959184	-0.387755	0.00477576
0.959184	-0.346939	0.00495773
0.959184	-0.306122	0.00512024
0.959184	-0.265306	0.00526263
0.959184	-0.22449	0.00538434
0.959184	-0.183673	0.00548486
0.959184	-0.142857	0.00556378
0.959184	-0.102041	0.00562079
0.959184	-0.0612245	0.00565563
0.959184	-0.0204082	0.00566815
0.959184	0.0204082	0.00565829
0.959184	0.0612245	0.00562607
0.959184	0.102041	0.0055716
0.959184	0.142857	0.00549509
0.959184	0.183673	0.00539681
0.959184	0.22449	0.00527716
0.959184	0.265306	0.00513659
0.959184	0.306122	0.00497565
0.959184	0.346939	0.00479497
0.959184	0.387755	0.00459525
0.959184	0.428571	0.00437728
0.959184	0.469388	0.00414192
0.959184	0.510204	0.00389009
0.959184	0.55102	0.0036228
0.959184	0.591837	0.0033411
0.959184	0.632653	0.0030461
0.959184	0.673469	0.00273899
0.959184	0.714286	0.00242097
0.959184	0.755102	0.00209331
0.959184	0.795918	0.00175732
0.959184	0.836735	0.00141433
0.959184	0.877551	0.00106571
0.959184	0.918367	0.000712838
0.959184	0.959184	0.00035713
0.959184	1	0
1	-1	0
1	-0.959184	0
1	-0.918367	0
1	-0.877551	0
1	-0.836735	0
1	-0.795918	0
1	-0.755102	0
1	-0.714286	0
1	-0.673469	0
1	-0.632653	0
1	-0.591837	0
1	-0.55102	0
1	-0.510204	0
1	-0.469388	0
1	-0.428571	0
1	-0.387755	0
1	-0.346939	0
1	-0.306122	0
1	-0.265306	0
1	-0.22449	0
1	-0.183673	0
1	-0.142857	0
1	-0.102041	0
1	-0.0612245	0
1	-0.0204082	0
1	0.0204082	0
1	0.0612245	0
1	0.102041	0
1	0.142857	0
1	0.183673	0
1	0.22449	0
1	0.265306	0
1	0.306122	0
1	0.346939	0
1	0.387755	0
1	0.428571	0
1	0.469388	0
1	0.510204	0
1	0.55102	0
1	0.591837	0
1	0.632653	0
1	0.673469	0
1	0.714286	0
1	0.755102	0
1	0.795918	0
1	0.836735	0
1	0.877551	0
1	0.918367	0
1	0.959184	0
1	1	0
