-1	-1	0.00108741
-1	-0.959184	0.00217195
-1	-0.918367	0.00325075
-1	-0.877551	0.00432082
-1	-0.836735	0.00537913
-1	-0.795918	0.00642251
-1	-0.755102	0.00744765
-1	-0.714286	0.0084511
-1	-0.673469	0.00942927
-1	-0.632653	0.0103784
-1	-0.591837	0.0112947
-1	-0.55102	0.012174
-1	-0.510204	0.0130125
-1	-0.469388	0.0138059
-1	-0.428571	0.0145502
-1	-0.387755	0.0152414
-1	-0.346939	0.0158755
-1	-0.306122	0.0164487
-1	-0.265306	0.0169575
-1	-0.22449	0.0173987
-1	-0.183673	0.0177692
-1	-0.142857	0.0180665
-1	-0.102041	0.0182885
-1	-0.0612245	0.0184335
-1	-0.0204082	0.0185002
-1	0.0204082	0.0184881
-1	0.0612245	0.0183968
-1	0.102041	0.0182268
-1	0.142857	0.0179789
-1	0.183673	0.0176545
-1	0.22449	0.0172555
-1	0.265306	0.0167841
-1	0.306122	0.0162429
-1	0.346939	0.0156351
-1	0.387755	0.014964
-1	0.428571	0.0142332
-1	0.469388	0.0134466
-1	0.510204	0.0126081
-1	0.55102	0.0117218
-1	0.591837	0.0107919
-1	0.632653	0.00982261
-1	0.673469	0.00881809
-1	0.714286	0.00778252
-1	0.755102	0.00671999
-1	0.795918	0.00563454
-1	0.836735	0.00453014
-1	0.877551	0.00341068
-1	0.918367	0.00227999
-1	0.959184	0.00114186
-1	1	0
-0.959184	-1	0.00217195
-0.959184	-0.959184	0.00433819
-0.959184	-0.918367	0.00649294
-0.959184	-0.877551	0.00863028
-0.959184	-0.836735	0.0107441
-0.959184	-0.795918	0.0128281
-0.959184	-0.755102	0.0148757
-0.959184	-0.714286	0.01688
-0.959184	-0.673469	0.0188337
-0.959184	-0.632653	0.0207295
-0.959184	-0.591837	0.0225596
-0.959184	-0.55102	0.0243161
-0.959184	-0.510204	0.0259907
-0.959184	-0.469388	0.0275755
-0.959184	-0.428571	0.0290622
-0.959184	-0.387755	0.0304427
-0.959184	-0.346939	0.0317092
-0.959184	-0.306122	0.0328541
-0.959184	-0.265306	0.0338704
-0.959184	-0.22449	0.0347516
-0.959184	-0.183673	0.0354916
-0.959184	-0.142857	0.0360855
-0.959184	-0.102041	0.0365289
-0.959184	-0.0612245	0.0368185
-0.959184	-0.0204082	0.0369518
-0.959184	0.0204082	0.0369275
-0.959184	0.0612245	0.0367452
-0.959184	0.102041	0.0364057
-0.959184	0.142857	0.0359106
-0.959184	0.183673	0.0352626
-0.959184	0.22449	0.0344656
-0.959184	0.265306	0.0335239
-0.959184	0.306122	0.0324431
-0.959184	0.346939	0.0312291
-0.959184	0.387755	0.0298887
-0.959184	0.428571	0.028429
-0.959184	0.469388	0.0268578
-0.959184	0.510204	0.025183
-0.959184	0.55102	0.0234127
-0.959184	0.591837	0.0215554
-0.959184	0.632653	0.0196194
-0.959184	0.673469	0.017613
-0.959184	0.714286	0.0155446
-0.959184	0.755102	0.0134223
-0.959184	0.795918	0.0112542
-0.959184	0.836735	0.00904835
-0.959184	0.877551	0.00681239
-0.959184	0.918367	0.00455399
-0.959184	0.959184	0.00228071
-0.959184	1	0
-0.918367	-1	0.00325075
-0.918367	-0.959184	0.00649294
-0.918367	-0.918367	0.00971793
-0.918367	-0.877551	0.0129169
-0.918367	-0.836735	0.0160806
-0.918367	-0.795918	0.0191997
-0.918367	-0.755102	0.0222643
-0.918367	-0.714286	0.0252641
-0.918367	-0.673469	0.0281883
-0.918367	-0.632653	0.0310257
-0.918367	-0.591837	0.0337648
-0.918367	-0.55102	0.0363936
-0.918367	-0.510204	0.0389001
-0.918367	-0.469388	0.041272
-0.918367	-0.428571	0.0434971
-0.918367	-0.387755	0.0455633
-0.918367	-0.346939	0.0474588
-0.918367	-0.306122	0.0491724
-0.918367	-0.265306	0.0506935
-0.918367	-0.22449	0.0520123
-0.918367	-0.183673	0.05312
-0.918367	-0.142857	0.0540089
-0.918367	-0.102041	0.0546725
-0.918367	-0.0612245	0.0551059
-0.918367	-0.0204082	0.0553054
-0.918367	0.0204082	0.055269
-0.918367	0.0612245	0.0549962
-0.918367	0.102041	0.054488
-0.918367	0.142857	0.053747
-0.918367	0.183673	0.0527773
-0.918367	0.22449	0.0515843
-0.918367	0.265306	0.050175
-0.918367	0.306122	0.0485573
-0.918367	0.346939	0.0467403
-0.918367	0.387755	0.0447341
-0.918367	0.428571	0.0425494
-0.918367	0.469388	0.0401978
-0.918367	0.510204	0.0376911
-0.918367	0.55102	0.0350416
-0.918367	0.591837	0.0322618
-0.918367	0.632653	0.0293641
-0.918367	0.673469	0.0263612
-0.918367	0.714286	0.0232654
-0.918367	0.755102	0.020089
-0.918367	0.795918	0.0168441
-0.918367	0.836735	0.0135426
-0.918367	0.877551	0.010196
-0.918367	0.918367	0.00681592
-0.918367	0.959184	0.00341351
-0.918367	1	0
-0.877551	-1	0.00432082
-0.877551	-0.959184	0.00863028
-0.877551	-0.918367	0.0129169
-0.877551	-0.877551	0.0171688
-0.877551	-0.836735	0.021374
-0.877551	-0.795918	0.0255199
-0.877551	-0.755102	0.0295933
-0.877551	-0.714286	0.0335805
-0.877551	-0.673469	0.0374673
-0.877551	-0.632653	0.0412387
-0.877551	-0.591837	0.0448794
-0.877551	-0.55102	0.0483736
-0.877551	-0.510204	0.0517052
-0.877551	-0.469388	0.0548579
-0.877551	-0.428571	0.0578154
-0.877551	-0.387755	0.0605617
-0.877551	-0.346939	0.0630812
-0.877551	-0.306122	0.065359
-0.877551	-0.265306	0.0673808
-0.877551	-0.22449	0.0691337
-0.877551	-0.183673	0.070606
-0.877551	-0.142857	0.0717874
-0.877551	-0.102041	0.0726695
-0.877551	-0.0612245	0.0732456
-0.877551	-0.0204082	0.0735108
-0.877551	0.0204082	0.0734624
-0.877551	0.0612245	0.0730998
-0.877551	0.102041	0.0724243
-0.877551	0.142857	0.0714393
-0.877551	0.183673	0.0701504
-0.877551	0.22449	0.0685648
-0.877551	0.265306	0.0666915
-0.877551	0.306122	0.0645413
-0.877551	0.346939	0.0621262
-0.877551	0.387755	0.0594596
-0.877551	0.428571	0.0565558
-0.877551	0.469388	0.0534301
-0.877551	0.510204	0.0500982
-0.877551	0.55102	0.0465766
-0.877551	0.591837	0.0428817
-0.877551	0.632653	0.0390302
-0.877551	0.673469	0.0350387
-0.877551	0.714286	0.0309239
-0.877551	0.755102	0.0267019
-0.877551	0.795918	0.0223889
-0.877551	0.836735	0.0180005
-0.877551	0.877551	0.0135524
-0.877551	0.918367	0.00905957
-0.877551	0.959184	0.00453717
-0.877551	1	0
-0.836735	-1	0.00537913
-0.836735	-0.959184	0.0107441
-0.836735	-0.918367	0.0160806
-0.836735	-0.877551	0.021374
-0.836735	-0.836735	0.0266092
-0.836735	-0.795918	0.0317705
-0.836735	-0.755102	0.0368416
-0.836735	-0.714286	0.0418055
-0.836735	-0.673469	0.0466442
-0.836735	-0.632653	0.0513394
-0.836735	-0.591837	0.0558718
-0.836735	-0.55102	0.0602219
-0.836735	-0.510204	0.0643695
-0.836735	-0.469388	0.0682944
-0.836735	-0.428571	0.0719763
-0.836735	-0.387755	0.0753953
-0.836735	-0.346939	0.0785319
-0.836735	-0.306122	0.0813675
-0.836735	-0.265306	0.0838845
-0.836735	-0.22449	0.0860667
-0.836735	-0.183673	0.0878996
-0.836735	-0.142857	0.0893705
-0.836735	-0.102041	0.0904686
-0.836735	-0.0612245	0.0911858
-0.836735	-0.0204082	0.0915159
-0.836735	0.0204082	0.0914557
-0.836735	0.0612245	0.0910043
-0.836735	0.102041	0.0901633
-0.836735	0.142857	0.0889371
-0.836735	0.183673	0.0873325
-0.836735	0.22449	0.0853585
-0.836735	0.265306	0.0830264
-0.836735	0.306122	0.0803495
-0.836735	0.346939	0.0773429
-0.836735	0.387755	0.0740231
-0.836735	0.428571	0.0704081
-0.836735	0.469388	0.0665168
-0.836735	0.510204	0.0623689
-0.836735	0.55102	0.0579847
-0.836735	0.591837	0.0533848
-0.836735	0.632653	0.0485899
-0.836735	0.673469	0.0436208
-0.836735	0.714286	0.0384981
-0.836735	0.755102	0.0332421
-0.836735	0.795918	0.0278726
-0.836735	0.836735	0.0224094
-0.836735	0.877551	0.0168718
-0.836735	0.918367	0.0112786
-0.836735	0.959184	0.00564847
-0.836735	1	0
-0.795918	-1	0.00642251
-0.795918	-0.959184	0.0128281
-0.795918	-0.918367	0.0191997
-0.795918	-0.877551	0.0255199
-0.795918	-0.836735	0.0317705
-0.795918	-0.795918	0.037933
-0.795918	-0.755102	0.0439877
-0.795918	-0.714286	0.0499143
-0.795918	-0.673469	0.0556916
-0.795918	-0.632653	0.0612975
-0.795918	-0.591837	0.0667091
-0.795918	-0.55102	0.0719029
-0.795918	-0.510204	0.076855
-0.795918	-0.469388	0.0815412
-0.795918	-0.428571	0.0859373
-0.795918	-0.387755	0.0900194
-0.795918	-0.346939	0.0937644
-0.795918	-0.306122	0.09715
-0.795918	-0.265306	0.100155
-0.795918	-0.22449	0.102761
-0.795918	-0.183673	0.104949
-0.795918	-0.142857	0.106705
-0.795918	-0.102041	0.108016
-0.795918	-0.0612245	0.108873
-0.795918	-0.0204082	0.109267
-0.795918	0.0204082	0.109195
-0.795918	0.0612245	0.108656
-0.795918	0.102041	0.107652
-0.795918	0.142857	0.106188
-0.795918	0.183673	0.104272
-0.795918	0.22449	0.101915
-0.795918	0.265306	0.0991307
-0.795918	0.306122	0.0959346
-0.795918	0.346939	0.0923448
-0.795918	0.387755	0.0883812
-0.795918	0.428571	0.084065
-0.795918	0.469388	0.0794189
-0.795918	0.510204	0.0744664
-0.795918	0.55102	0.0692318
-0.795918	0.591837	0.0637397
-0.795918	0.632653	0.0580148
-0.795918	0.673469	0.0520818
-0.795918	0.714286	0.0459655
-0.795918	0.755102	0.0396899
-0.795918	0.795918	0.033279
-0.795918	0.836735	0.0267561
-0.795918	0.877551	0.0201443
-0.795918	0.918367	0.0134662
-0.795918	0.959184	0.00674409
-0.795918	1	0
-0.755102	-1	0.00744765
-0.755102	-0.959184	0.0148757
-0.755102	-0.918367	0.0222643
-0.755102	-0.877551	0.0295933
-0.755102	-0.836735	0.0368416
-0.755102	-0.795918	0.0439877
-0.755102	-0.755102	0.0510089
-0.755102	-0.714286	0.0578815
-0.755102	-0.673469	0.0645809
-0.755102	-0.632653	0.0710816
-0.755102	-0.591837	0.077357
-0.755102	-0.55102	0.0833798
-0.755102	-0.510204	0.0891223
-0.755102	-0.469388	0.0945565
-0.755102	-0.428571	0.0996542
-0.755102	-0.387755	0.104388
-0.755102	-0.346939	0.108731
-0.755102	-0.306122	0.112657
-0.755102	-0.265306	0.116142
-0.755102	-0.22449	0.119163
-0.755102	-0.183673	0.121701
-0.755102	-0.142857	0.123737
-0.755102	-0.102041	0.125258
-0.755102	-0.0612245	0.126251
-0.755102	-0.0204082	0.126708
-0.755102	0.0204082	0.126624
-0.755102	0.0612245	0.125999
-0.755102	0.102041	0.124835
-0.755102	0.142857	0.123137
-0.755102	0.183673	0.120915
-0.755102	0.22449	0.118182
-0.755102	0.265306	0.114954
-0.755102	0.306122	0.111247
-0.755102	0.346939	0.107085
-0.755102	0.387755	0.102488
-0.755102	0.428571	0.0974831
-0.755102	0.469388	0.0920954
-0.755102	0.510204	0.0863524
-0.755102	0.55102	0.0802823
-0.755102	0.591837	0.0739135
-0.755102	0.632653	0.0672748
-0.755102	0.673469	0.0603949
-0.755102	0.714286	0.0533023
-0.755102	0.755102	0.0460251
-0.755102	0.795918	0.0385908
-0.755102	0.836735	0.0310268
-0.755102	0.877551	0.0233597
-0.755102	0.918367	0.0156156
-0.755102	0.959184	0.00782055
-0.755102	1	0
-0.714286	-1	0.0084511
-0.714286	-0.959184	0.01688
-0.714286	-0.918367	0.0252641
-0.714286	-0.877551	0.0335805
-0.714286	-0.836735	0.0418055
-0.714286	-0.795918	0.0499143
-0.714286	-0.755102	0.0578815
-0.714286	-0.714286	0.0656801
-0.714286	-0.673469	0.0732822
-0.714286	-0.632653	0.0806587
-0.714286	-0.591837	0.0877796
-0.714286	-0.55102	0.0946139
-0.714286	-0.510204	0.10113
-0.714286	-0.469388	0.107296
-0.714286	-0.428571	0.113081
-0.714286	-0.387755	0.118453
-0.714286	-0.346939	0.12338
-0.714286	-0.306122	0.127835
-0.714286	-0.265306	0.13179
-0.714286	-0.22449	0.135218
-0.714286	-0.183673	0.138098
-0.714286	-0.142857	0.140409
-0.714286	-0.102041	0.142134
-0.714286	-0.0612245	0.143261
-0.714286	-0.0204082	0.143779
-0.714286	0.0204082	0.143685
-0.714286	0.0612245	0.142975
-0.714286	0.102041	0.141654
-0.714286	0.142857	0.139728
-0.714286	0.183673	0.137207
-0.714286	0.22449	0.134105
-0.714286	0.265306	0.130442
-0.714286	0.306122	0.126236
-0.714286	0.346939	0.121512
-0.714286	0.387755	0.116297
-0.714286	0.428571	0.110617
-0.714286	0.469388	0.104504
-0.714286	0.510204	0.097987
-0.714286	0.55102	0.091099
-0.714286	0.591837	0.0838721
-0.714286	0.632653	0.076339
-0.714286	0.673469	0.0685322
-0.714286	0.714286	0.0604839
-0.714286	0.755102	0.0522262
-0.714286	0.795918	0.0437903
-0.714286	0.836735	0.0352072
-0.714286	0.877551	0.026507
-0.714286	0.918367	0.0177196
-0.714286	0.959184	0.00887424
-0.714286	1	0
-0.673469	-1	0.00942927
-0.673469	-0.959184	0.0188337
-0.673469	-0.918367	0.0281883
-0.673469	-0.877551	0.0374673
-0.673469	-0.836735	0.0466442
-0.673469	-0.795918	0.0556916
-0.673469	-0.755102	0.0645809
-0.673469	-0.714286	0.0732822
-0.673469	-0.673469	0.0817642
-0.673469	-0.632653	0.0899945
-0.673469	-0.591837	0.0979395
-0.673469	-0.55102	0.105565
-0.673469	-0.510204	0.112835
-0.673469	-0.469388	0.119715
-0.673469	-0.428571	0.126169
-0.673469	-0.387755	0.132163
-0.673469	-0.346939	0.137661
-0.673469	-0.306122	0.142631
-0.673469	-0.265306	0.147044
-0.673469	-0.22449	0.150869
-0.673469	-0.183673	0.154082
-0.673469	-0.142857	0.15666
-0.673469	-0.102041	0.158585
-0.673469	-0.0612245	0.159842
-0.673469	-0.0204082	0.160421
-0.673469	0.0204082	0.160315
-0.673469	0.0612245	0.159524
-0.673469	0.102041	0.15805
-0.673469	0.142857	0.1559
-0.673469	0.183673	0.153088
-0.673469	0.22449	0.149627
-0.673469	0.265306	0.145539
-0.673469	0.306122	0.140847
-0.673469	0.346939	0.135577
-0.673469	0.387755	0.129757
-0.673469	0.428571	0.123421
-0.673469	0.469388	0.116599
-0.673469	0.510204	0.109328
-0.673469	0.55102	0.101643
-0.673469	0.591837	0.0935798
-0.673469	0.632653	0.0851748
-0.673469	0.673469	0.0764643
-0.673469	0.714286	0.0674846
-0.673469	0.755102	0.058271
-0.673469	0.795918	0.0488588
-0.673469	0.836735	0.0392822
-0.673469	0.877551	0.0295751
-0.673469	0.918367	0.0197705
-0.673469	0.959184	0.00990139
-0.673469	1	0
-0.632653	-1	0.0103784
-0.632653	-0.959184	0.0207295
-0.632653	-0.918367	0.0310257
-0.632653	-0.877551	0.0412387
-0.632653	-0.836735	0.0513394
-0.632653	-0.795918	0.0612975
-0.632653	-0.755102	0.0710816
-0.632653	-0.714286	0.0806587
-0.632653	-0.673469	0.0899945
-0.632653	-0.632653	0.0990532
-0.632653	-0.591837	0.107798
-0.632653	-0.55102	0.116191
-0.632653	-0.510204	0.124193
-0.632653	-0.469388	0.131766
-0.632653	-0.428571	0.138869
-0.632653	-0.387755	0.145466
-0.632653	-0.346939	0.151518
-0.632653	-0.306122	0.156989
-0.632653	-0.265306	0.161845
-0.632653	-0.22449	0.166055
-0.632653	-0.183673	0.169591
-0.632653	-0.142857	0.172429
-0.632653	-0.102041	0.174548
-0.632653	-0.0612245	0.175932
-0.632653	-0.0204082	0.176569
-0.632653	0.0204082	0.176452
-0.632653	0.0612245	0.175581
-0.632653	0.102041	0.173959
-0.632653	0.142857	0.171593
-0.632653	0.183673	0.168497
-0.632653	0.22449	0.164689
-0.632653	0.265306	0.160189
-0.632653	0.306122	0.155024
-0.632653	0.346939	0.149224
-0.632653	0.387755	0.142819
-0.632653	0.428571	0.135844
-0.632653	0.469388	0.128336
-0.632653	0.510204	0.120333
-0.632653	0.55102	0.111874
-0.632653	0.591837	0.102999
-0.632653	0.632653	0.0937484
-0.632653	0.673469	0.0841611
-0.632653	0.714286	0.0742775
-0.632653	0.755102	0.0641365
-0.632653	0.795918	0.0537769
-0.632653	0.836735	0.0432363
-0.632653	0.877551	0.0325521
-0.632653	0.918367	0.0217606
-0.632653	0.959184	0.010898
-0.632653	1	0
-0.591837	-1	0.0112947
-0.591837	-0.959184	0.0225596
-0.591837	-0.918367	0.0337648
-0.591837	-0.877551	0.0448794
-0.591837	-0.836735	0.0558718
-0.591837	-0.795918	0.0667091
-0.591837	-0.755102	0.077357
-0.591837	-0.714286	0.0877796
-0.591837	-0.673469	0.0979395
-0.591837	-0.632653	0.107798
-0.591837	-0.591837	0.117315
-0.591837	-0.55102	0.126449
-0.591837	-0.510204	0.135157
-0.591837	-0.469388	0.143398
-0.591837	-0.428571	0.151129
-0.591837	-0.387755	0.158308
-0.591837	-0.346939	0.164894
-0.591837	-0.306122	0.170848
-0.591837	-0.265306	0.176133
-0.591837	-0.22449	0.180715
-0.591837	-0.183673	0.184563
-0.591837	-0.142857	0.187652
-0.591837	-0.102041	0.189958
-0.591837	-0.0612245	0.191463
-0.591837	-0.0204082	0.192157
-0.591837	0.0204082	0.19203
-0.591837	0.0612245	0.191082
-0.591837	0.102041	0.189316
-0.591837	0.142857	0.186742
-0.591837	0.183673	0.183373
-0.591837	0.22449	0.179228
-0.591837	0.265306	0.174331
-0.591837	0.306122	0.16871
-0.591837	0.346939	0.162397
-0.591837	0.387755	0.155427
-0.591837	0.428571	0.147837
-0.591837	0.469388	0.139666
-0.591837	0.510204	0.130957
-0.591837	0.55102	0.121751
-0.591837	0.591837	0.112093
-0.591837	0.632653	0.102025
-0.591837	0.673469	0.0915912
-0.591837	0.714286	0.080835
-0.591837	0.755102	0.0697988
-0.591837	0.795918	0.0585245
-0.591837	0.836735	0.0470534
-0.591837	0.877551	0.0354259
-0.591837	0.918367	0.0236817
-0.591837	0.959184	0.0118602
-0.591837	1	0
-0.55102	-1	0.012174
-0.55102	-0.959184	0.0243161
-0.55102	-0.918367	0.0363936
-0.55102	-0.877551	0.0483736
-0.55102	-0.836735	0.0602219
-0.55102	-0.795918	0.0719029
-0.55102	-0.755102	0.0833798
-0.55102	-0.714286	0.0946139
-0.55102	-0.673469	0.105565
-0.55102	-0.632653	0.116191
-0.55102	-0.591837	0.126449
-0.55102	-0.55102	0.136294
-0.55102	-0.510204	0.14568
-0.55102	-0.469388	0.154563
-0.55102	-0.428571	0.162896
-0.55102	-0.387755	0.170634
-0.55102	-0.346939	0.177732
-0.55102	-0.306122	0.18415
-0.55102	-0.265306	0.189846
-0.55102	-0.22449	0.194785
-0.55102	-0.183673	0.198933
-0.55102	-0.142857	0.202262
-0.55102	-0.102041	0.204747
-0.55102	-0.0612245	0.20637
-0.55102	-0.0204082	0.207117
-0.55102	0.0204082	0.206981
-0.55102	0.0612245	0.205959
-0.55102	0.102041	0.204056
-0.55102	0.142857	0.201281
-0.55102	0.183673	0.197649
-0.55102	0.22449	0.193182
-0.55102	0.265306	0.187904
-0.55102	0.306122	0.181846
-0.55102	0.346939	0.175041
-0.55102	0.387755	0.167528
-0.55102	0.428571	0.159347
-0.55102	0.469388	0.15054
-0.55102	0.510204	0.141153
-0.55102	0.55102	0.13123
-0.55102	0.591837	0.12082
-0.55102	0.632653	0.109968
-0.55102	0.673469	0.0987222
-0.55102	0.714286	0.0871286
-0.55102	0.755102	0.0752331
-0.55102	0.795918	0.0630811
-0.55102	0.836735	0.0507168
-0.55102	0.877551	0.038184
-0.55102	0.918367	0.0255255
-0.55102	0.959184	0.0127836
-0.55102	1	0
-0.510204	-1	0.0130125
-0.510204	-0.959184	0.0259907
-0.510204	-0.918367	0.0389001
-0.510204	-0.877551	0.0517052
-0.510204	-0.836735	0.0643695
-0.510204	-0.795918	0.076855
-0.510204	-0.755102	0.0891223
-0.510204	-0.714286	0.10113
-0.510204	-0.673469	0.112835
-0.510204	-0.632653	0.124193
-0.510204	-0.591837	0.135157
-0.510204	-0.55102	0.14568
-0.510204	-0.510204	0.155714
-0.510204	-0.469388	0.165208
-0.510204	-0.428571	0.174115
-0.510204	-0.387755	0.182385
-0.510204	-0.346939	0.189973
-0.510204	-0.306122	0.196832
-0.510204	-0.265306	0.202921
-0.510204	-0.22449	0.2082
-0.510204	-0.183673	0.212634
-0.510204	-0.142857	0.216192
-0.510204	-0.102041	0.218848
-0.510204	-0.0612245	0.220583
-0.510204	-0.0204082	0.221382
-0.510204	0.0204082	0.221236
-0.510204	0.0612245	0.220144
-0.510204	0.102041	0.21811
-0.510204	0.142857	0.215143
-0.510204	0.183673	0.211262
-0.510204	0.22449	0.206486
-0.510204	0.265306	0.200845
-0.510204	0.306122	0.19437
-0.510204	0.346939	0.187097
-0.510204	0.387755	0.179066
-0.510204	0.428571	0.170321
-0.510204	0.469388	0.160908
-0.510204	0.510204	0.150874
-0.510204	0.55102	0.140268
-0.510204	0.591837	0.129141
-0.510204	0.632653	0.117542
-0.510204	0.673469	0.105521
-0.510204	0.714286	0.0931292
-0.510204	0.755102	0.0804145
-0.510204	0.795918	0.0674255
-0.510204	0.836735	0.0542098
-0.510204	0.877551	0.0408138
-0.510204	0.918367	0.0272835
-0.510204	0.959184	0.013664
-0.510204	1	0
-0.469388	-1	0.0138059
-0.469388	-0.959184	0.0275755
-0.469388	-0.918367	0.041272
-0.469388	-0.877551	0.0548579
-0.469388	-0.836735	0.0682944
-0.469388	-0.795918	0.0815412
-0.469388	-0.755102	0.0945565
-0.469388	-0.714286	0.107296
-0.469388	-0.673469	0.119715
-0.469388	-0.632653	0.131766
-0.469388	-0.591837	0.143398
-0.469388	-0.55102	0.154563
-0.469388	-0.510204	0.165208
-0.469388	-0.469388	0.175281
-0.469388	-0.428571	0.184731
-0.469388	-0.387755	0.193506
-0.469388	-0.346939	0.201556
-0.469388	-0.306122	0.208834
-0.469388	-0.265306	0.215294
-0.469388	-0.22449	0.220895
-0.469388	-0.183673	0.225599
-0.469388	-0.142857	0.229374
-0.469388	-0.102041	0.232192
-0.469388	-0.0612245	0.234033
-0.469388	-0.0204082	0.23488
-0.469388	0.0204082	0.234725
-0.469388	0.0612245	0.233567
-0.469388	0.102041	0.231408
-0.469388	0.142857	0.228261
-0.469388	0.183673	0.224143
-0.469388	0.22449	0.219077
-0.469388	0.265306	0.213091
-0.469388	0.306122	0.206221
-0.469388	0.346939	0.198504
-0.469388	0.387755	0.189984
-0.469388	0.428571	0.180706
-0.469388	0.469388	0.170719
-0.469388	0.510204	0.160073
-0.469388	0.55102	0.148821
-0.469388	0.591837	0.137015
-0.469388	0.632653	0.124709
-0.469388	0.673469	0.111955
-0.469388	0.714286	0.0988077
-0.469388	0.755102	0.0853177
-0.469388	0.795918	0.0715367
-0.469388	0.836735	0.0575152
-0.469388	0.877551	0.0433024
-0.469388	0.918367	0.0289471
-0.469388	0.959184	0.0144971
-0.469388	1	0
-0.428571	-1	0.0145502
-0.428571	-0.959184	0.0290622
-0.428571	-0.918367	0.0434971
-0.428571	-0.877551	0.0578154
-0.428571	-0.836735	0.0719763
-0.428571	-0.795918	0.0859373
-0.428571	-0.755102	0.0996542
-0.428571	-0.714286	0.113081
-0.428571	-0.673469	0.126169
-0.428571	-0.632653	0.138869
-0.428571	-0.591837	0.151129
-0.428571	-0.55102	0.162896
-0.428571	-0.510204	0.174115
-0.428571	-0.469388	0.184731
-0.428571	-0.428571	0.19469
-0.428571	-0.387755	0.203938
-0.428571	-0.346939	0.212422
-0.428571	-0.306122	0.220092
-0.428571	-0.265306	0.226901
-0.428571	-0.22449	0.232803
-0.428571	-0.183673	0.237761
-0.428571	-0.142857	0.241739
-0.428571	-0.102041	0.24471
-0.428571	-0.0612245	0.24665
-0.428571	-0.0204082	0.247543
-0.428571	0.0204082	0.24738
-0.428571	0.0612245	0.246159
-0.428571	0.102041	0.243884
-0.428571	0.142857	0.240567
-0.428571	0.183673	0.236227
-0.428571	0.22449	0.230887
-0.428571	0.265306	0.224579
-0.428571	0.306122	0.217339
-0.428571	0.346939	0.209206
-0.428571	0.387755	0.200227
-0.428571	0.428571	0.190448
-0.428571	0.469388	0.179923
-0.428571	0.510204	0.168703
-0.428571	0.55102	0.156844
-0.428571	0.591837	0.144402
-0.428571	0.632653	0.131432
-0.428571	0.673469	0.117991
-0.428571	0.714286	0.104135
-0.428571	0.755102	0.0899173
-0.428571	0.795918	0.0753934
-0.428571	0.836735	0.0606159
-0.428571	0.877551	0.0456369
-0.428571	0.918367	0.0305077
-0.428571	0.959184	0.0152787
-0.428571	1	0
-0.387755	-1	0.0152414
-0.387755	-0.959184	0.0304427
-0.387755	-0.918367	0.0455633
-0.387755	-0.877551	0.0605617
-0.387755	-0.836735	0.0753953
-0.387755	-0.795918	0.0900194
-0.387755	-0.755102	0.104388
-0.387755	-0.714286	0.118453
-0.387755	-0.673469	0.132163
-0.387755	-0.632653	0.145466
-0.387755	-0.591837	0.158308
-0.387755	-0.55102	0.170634
-0.387755	-0.510204	0.182385
-0.387755	-0.469388	0.193506
-0.387755	-0.428571	0.203938
-0.387755	-0.387755	0.213626
-0.387755	-0.346939	0.222513
-0.387755	-0.306122	0.230547
-0.387755	-0.265306	0.237679
-0.387755	-0.22449	0.243862
-0.387755	-0.183673	0.249055
-0.387755	-0.142857	0.253222
-0.387755	-0.102041	0.256334
-0.387755	-0.0612245	0.258366
-0.387755	-0.0204082	0.259301
-0.387755	0.0204082	0.25913
-0.387755	0.0612245	0.257851
-0.387755	0.102041	0.255469
-0.387755	0.142857	0.251994
-0.387755	0.183673	0.247448
-0.387755	0.22449	0.241855
-0.387755	0.265306	0.235247
-0.387755	0.306122	0.227662
-0.387755	0.346939	0.219144
-0.387755	0.387755	0.209737
-0.387755	0.428571	0.199495
-0.387755	0.469388	0.188469
-0.387755	0.510204	0.176717
-0.387755	0.55102	0.164294
-0.387755	0.591837	0.151261
-0.387755	0.632653	0.137675
-0.387755	0.673469	0.123596
-0.387755	0.714286	0.109081
-0.387755	0.755102	0.0941885
-0.387755	0.795918	0.0789747
-0.387755	0.836735	0.0634953
-0.387755	0.877551	0.0478047
-0.387755	0.918367	0.0319568
-0.387755	0.959184	0.0160045
-0.387755	1	0
-0.346939	-1	0.0158755
-0.346939	-0.959184	0.0317092
-0.346939	-0.918367	0.0474588
-0.346939	-0.877551	0.0630812
-0.346939	-0.836735	0.0785319
-0.346939	-0.795918	0.0937644
-0.346939	-0.755102	0.108731
-0.346939	-0.714286	0.12338
-0.346939	-0.673469	0.137661
-0.346939	-0.632653	0.151518
-0.346939	-0.591837	0.164894
-0.346939	-0.55102	0.177732
-0.346939	-0.510204	0.189973
-0.346939	-0.469388	0.201556
-0.346939	-0.428571	0.212422
-0.346939	-0.387755	0.222513
-0.346939	-0.346939	0.23177
-0.346939	-0.306122	0.240138
-0.346939	-0.265306	0.247566
-0.346939	-0.22449	0.254007
-0.346939	-0.183673	0.259416
-0.346939	-0.142857	0.263757
-0.346939	-0.102041	0.266998
-0.346939	-0.0612245	0.269114
-0.346939	-0.0204082	0.270088
-0.346939	0.0204082	0.269911
-0.346939	0.0612245	0.268578
-0.346939	0.102041	0.266096
-0.346939	0.142857	0.262478
-0.346939	0.183673	0.257742
-0.346939	0.22449	0.251916
-0.346939	0.265306	0.245034
-0.346939	0.306122	0.237133
-0.346939	0.346939	0.22826
-0.346939	0.387755	0.218463
-0.346939	0.428571	0.207794
-0.346939	0.469388	0.19631
-0.346939	0.510204	0.184068
-0.346939	0.55102	0.171129
-0.346939	0.591837	0.157554
-0.346939	0.632653	0.143403
-0.346939	0.673469	0.128738
-0.346939	0.714286	0.113619
-0.346939	0.755102	0.0981069
-0.346939	0.795918	0.0822602
-0.346939	0.836735	0.0661368
-0.346939	0.877551	0.0497935
-0.346939	0.918367	0.0332863
-0.346939	0.959184	0.0166703
-0.346939	1	0
-0.306122	-1	0.0164487
-0.306122	-0.959184	0.0328541
-0.306122	-0.918367	0.0491724
-0.306122	-0.877551	0.065359
-0.306122	-0.836735	0.0813675
-0.306122	-0.795918	0.09715
-0.306122	-0.755102	0.112657
-0.306122	-0.714286	0.127835
-0.306122	-0.673469	0.142631
-0.306122	-0.632653	0.156989
-0.306122	-0.591837	0.170848
-0.306122	-0.55102	0.18415
-0.306122	-0.510204	0.196832
-0.306122	-0.469388	0.208834
-0.306122	-0.428571	0.220092
-0.306122	-0.387755	0.230547
-0.306122	-0.346939	0.240138
-0.306122	-0.306122	0.248809
-0.306122	-0.265306	0.256505
-0.306122	-0.22449	0.263178
-0.306122	-0.183673	0.268783
-0.306122	-0.142857	0.27328
-0.306122	-0.102041	0.276638
-0.306122	-0.0612245	0.278831
-0.306122	-0.0204082	0.27984
-0.306122	0.0204082	0.279656
-0.306122	0.0612245	0.278276
-0.306122	0.102041	0.275704
-0.306122	0.142857	0.271955
-0.306122	0.183673	0.267048
-0.306122	0.22449	0.261012
-0.306122	0.265306	0.253881
-0.306122	0.306122	0.245696
-0.306122	0.346939	0.236502
-0.306122	0.387755	0.226351
-0.306122	0.428571	0.215297
-0.306122	0.469388	0.203398
-0.306122	0.510204	0.190714
-0.306122	0.55102	0.177308
-0.306122	0.591837	0.163242
-0.306122	0.632653	0.148581
-0.306122	0.673469	0.133386
-0.306122	0.714286	0.117722
-0.306122	0.755102	0.101649
-0.306122	0.795918	0.0852304
-0.306122	0.836735	0.0685248
-0.306122	0.877551	0.0515914
-0.306122	0.918367	0.0344882
-0.306122	0.959184	0.0172722
-0.306122	1	0
-0.265306	-1	0.0169575
-0.265306	-0.959184	0.0338704
-0.265306	-0.918367	0.0506935
-0.265306	-0.877551	0.0673808
-0.265306	-0.836735	0.0838845
-0.265306	-0.795918	0.100155
-0.265306	-0.755102	0.116142
-0.265306	-0.714286	0.13179
-0.265306	-0.673469	0.147044
-0.265306	-0.632653	0.161845
-0.265306	-0.591837	0.176133
-0.265306	-0.55102	0.189846
-0.265306	-0.510204	0.202921
-0.265306	-0.469388	0.215294
-0.265306	-0.428571	0.226901
-0.265306	-0.387755	0.237679
-0.265306	-0.346939	0.247566
-0.265306	-0.306122	0.256505
-0.265306	-0.265306	0.26444
-0.265306	-0.22449	0.271319
-0.265306	-0.183673	0.277097
-0.265306	-0.142857	0.281733
-0.265306	-0.102041	0.285195
-0.265306	-0.0612245	0.287456
-0.265306	-0.0204082	0.288497
-0.265306	0.0204082	0.288307
-0.265306	0.0612245	0.286884
-0.265306	0.102041	0.284233
-0.265306	0.142857	0.280367
-0.265306	0.183673	0.275309
-0.265306	0.22449	0.269086
-0.265306	0.265306	0.261734
-0.265306	0.306122	0.253296
-0.265306	0.346939	0.243818
-0.265306	0.387755	0.233353
-0.265306	0.428571	0.221957
-0.265306	0.469388	0.20969
-0.265306	0.510204	0.196614
-0.265306	0.55102	0.182793
-0.265306	0.591837	0.168292
-0.265306	0.632653	0.153177
-0.265306	0.673469	0.137512
-0.265306	0.714286	0.121363
-0.265306	0.755102	0.104794
-0.265306	0.795918	0.0878669
-0.265306	0.836735	0.0706445
-0.265306	0.877551	0.0531873
-0.265306	0.918367	0.035555
-0.265306	0.959184	0.0178065
-0.265306	1	0
-0.22449	-1	0.0173987
-0.22449	-0.959184	0.0347516
-0.22449	-0.918367	0.0520123
-0.22449	-0.877551	0.0691337
-0.22449	-0.836735	0.0860667
-0.22449	-0.795918	0.102761
-0.22449	-0.755102	0.119163
-0.22449	-0.714286	0.135218
-0.22449	-0.673469	0.150869
-0.22449	-0.632653	0.166055
-0.22449	-0.591837	0.180715
-0.22449	-0.55102	0.194785
-0.22449	-0.510204	0.2082
-0.22449	-0.469388	0.220895
-0.22449	-0.428571	0.232803
-0.22449	-0.387755	0.243862
-0.22449	-0.346939	0.254007
-0.22449	-0.306122	0.263178
-0.22449	-0.265306	0.271319
-0.22449	-0.22449	0.278377
-0.22449	-0.183673	0.284305
-0.22449	-0.142857	0.289062
-0.22449	-0.102041	0.292614
-0.22449	-0.0612245	0.294934
-0.22449	-0.0204082	0.296002
-0.22449	0.0204082	0.295807
-0.22449	0.0612245	0.294347
-0.22449	0.102041	0.291627
-0.22449	0.142857	0.287661
-0.22449	0.183673	0.282471
-0.22449	0.22449	0.276086
-0.22449	0.265306	0.268543
-0.22449	0.306122	0.259885
-0.22449	0.346939	0.25016
-0.22449	0.387755	0.239423
-0.22449	0.428571	0.227731
-0.22449	0.469388	0.215145
-0.22449	0.510204	0.201729
-0.22449	0.55102	0.187548
-0.22449	0.591837	0.17267
-0.22449	0.632653	0.157162
-0.22449	0.673469	0.141089
-0.22449	0.714286	0.12452
-0.22449	0.755102	0.10752
-0.22449	0.795918	0.0901527
-0.22449	0.836735	0.0724823
-0.22449	0.877551	0.054571
-0.22449	0.918367	0.03648
-0.22449	0.959184	0.0182697
-0.22449	1	0
-0.183673	-1	0.0177692
-0.183673	-0.959184	0.0354916
-0.183673	-0.918367	0.05312
-0.183673	-0.877551	0.070606
-0.183673	-0.836735	0.0878996
-0.183673	-0.795918	0.104949
-0.183673	-0.755102	0.121701
-0.183673	-0.714286	0.138098
-0.183673	-0.673469	0.154082
-0.183673	-0.632653	0.169591
-0.183673	-0.591837	0.184563
-0.183673	-0.55102	0.198933
-0.183673	-0.510204	0.212634
-0.183673	-0.469388	0.225599
-0.183673	-0.428571	0.237761
-0.183673	-0.387755	0.249055
-0.183673	-0.346939	0.259416
-0.183673	-0.306122	0.268783
-0.183673	-0.265306	0.277097
-0.183673	-0.22449	0.284305
-0.183673	-0.183673	0.29036
-0.183673	-0.142857	0.295218
-0.183673	-0.102041	0.298846
-0.183673	-0.0612245	0.301215
-0.183673	-0.0204082	0.302305
-0.183673	0.0204082	0.302106
-0.183673	0.0612245	0.300615
-0.183673	0.102041	0.297837
-0.183673	0.142857	0.293787
-0.183673	0.183673	0.288486
-0.183673	0.22449	0.281965
-0.183673	0.265306	0.274262
-0.183673	0.306122	0.265419
-0.183673	0.346939	0.255488
-0.183673	0.387755	0.244522
-0.183673	0.428571	0.23258
-0.183673	0.469388	0.219726
-0.183673	0.510204	0.206025
-0.183673	0.55102	0.191542
-0.183673	0.591837	0.176347
-0.183673	0.632653	0.160508
-0.183673	0.673469	0.144094
-0.183673	0.714286	0.127172
-0.183673	0.755102	0.10981
-0.183673	0.795918	0.0920726
-0.183673	0.836735	0.0740259
-0.183673	0.877551	0.0557331
-0.183673	0.918367	0.0372569
-0.183673	0.959184	0.0186588
-0.183673	1	0
-0.142857	-1	0.0180665
-0.142857	-0.959184	0.0360855
-0.142857	-0.918367	0.0540089
-0.142857	-0.877551	0.0717874
-0.142857	-0.836735	0.0893705
-0.142857	-0.795918	0.106705
-0.142857	-0.755102	0.123737
-0.142857	-0.714286	0.140409
-0.142857	-0.673469	0.15666
-0.142857	-0.632653	0.172429
-0.142857	-0.591837	0.187652
-0.142857	-0.55102	0.202262
-0.142857	-0.510204	0.216192
-0.142857	-0.469388	0.229374
-0.142857	-0.428571	0.241739
-0.142857	-0.387755	0.253222
-0.142857	-0.346939	0.263757
-0.142857	-0.306122	0.27328
-0.142857	-0.265306	0.281733
-0.142857	-0.22449	0.289062
-0.142857	-0.183673	0.295218
-0.142857	-0.142857	0.300158
-0.142857	-0.102041	0.303846
-0.142857	-0.0612245	0.306255
-0.142857	-0.0204082	0.307364
-0.142857	0.0204082	0.307161
-0.142857	0.0612245	0.305645
-0.142857	0.102041	0.302821
-0.142857	0.142857	0.298702
-0.142857	0.183673	0.293313
-0.142857	0.22449	0.286683
-0.142857	0.265306	0.278851
-0.142857	0.306122	0.269861
-0.142857	0.346939	0.259763
-0.142857	0.387755	0.248613
-0.142857	0.428571	0.236472
-0.142857	0.469388	0.223403
-0.142857	0.510204	0.209472
-0.142857	0.55102	0.194747
-0.142857	0.591837	0.179298
-0.142857	0.632653	0.163194
-0.142857	0.673469	0.146505
-0.142857	0.714286	0.1293
-0.142857	0.755102	0.111647
-0.142857	0.795918	0.0936132
-0.142857	0.836735	0.0752645
-0.142857	0.877551	0.0566657
-0.142857	0.918367	0.0378803
-0.142857	0.959184	0.018971
-0.142857	1	0
-0.102041	-1	0.0182885
-0.102041	-0.959184	0.0365289
-0.102041	-0.918367	0.0546725
-0.102041	-0.877551	0.0726695
-0.102041	-0.836735	0.0904686
-0.102041	-0.795918	0.108016
-0.102041	-0.755102	0.125258
-0.102041	-0.714286	0.142134
-0.102041	-0.673469	0.158585
-0.102041	-0.632653	0.174548
-0.102041	-0.591837	0.189958
-0.102041	-0.55102	0.204747
-0.102041	-0.510204	0.218848
-0.102041	-0.469388	0.232192
-0.102041	-0.428571	0.24471
-0.102041	-0.387755	0.256334
-0.102041	-0.346939	0.266998
-0.102041	-0.306122	0.276638
-0.102041	-0.265306	0.285195
-0.102041	-0.22449	0.292614
-0.102041	-0.183673	0.298846
-0.102041	-0.142857	0.303846
-0.102041	-0.102041	0.30758
-0.102041	-0.0612245	0.310018
-0.102041	-0.0204082	0.31114
-0.102041	0.0204082	0.310935
-0.102041	0.0612245	0.309401
-0.102041	0.102041	0.306541
-0.102041	0.142857	0.302373
-0.102041	0.183673	0.296917
-0.102041	0.22449	0.290206
-0.102041	0.265306	0.282277
-0.102041	0.306122	0.273177
-0.102041	0.346939	0.262955
-0.102041	0.387755	0.251668
-0.102041	0.428571	0.239378
-0.102041	0.469388	0.226148
-0.102041	0.510204	0.212046
-0.102041	0.55102	0.19714
-0.102041	0.591837	0.181501
-0.102041	0.632653	0.165199
-0.102041	0.673469	0.148305
-0.102041	0.714286	0.130889
-0.102041	0.755102	0.113019
-0.102041	0.795918	0.0947635
-0.102041	0.836735	0.0761894
-0.102041	0.877551	0.057362
-0.102041	0.918367	0.0383457
-0.102041	0.959184	0.0192041
-0.102041	1	0
-0.0612245	-1	0.0184335
-0.0612245	-0.959184	0.0368185
-0.0612245	-0.918367	0.0551059
-0.0612245	-0.877551	0.0732456
-0.0612245	-0.836735	0.0911858
-0.0612245	-0.795918	0.108873
-0.0612245	-0.755102	0.126251
-0.0612245	-0.714286	0.143261
-0.0612245	-0.673469	0.159842
-0.0612245	-0.632653	0.175932
-0.0612245	-0.591837	0.191463
-0.0612245	-0.55102	0.20637
-0.0612245	-0.510204	0.220583
-0.0612245	-0.469388	0.234033
-0.0612245	-0.428571	0.24665
-0.0612245	-0.387755	0.258366
-0.0612245	-0.346939	0.269114
-0.0612245	-0.306122	0.278831
-0.0612245	-0.265306	0.287456
-0.0612245	-0.22449	0.294934
-0.0612245	-0.183673	0.301215
-0.0612245	-0.142857	0.306255
-0.0612245	-0.102041	0.310018
-0.0612245	-0.0612245	0.312475
-0.0612245	-0.0204082	0.313607
-0.0612245	0.0204082	0.3134
-0.0612245	0.0612245	0.311853
-0.0612245	0.102041	0.308971
-0.0612245	0.142857	0.304769
-0.0612245	0.183673	0.299271
-0.0612245	0.22449	0.292506
-0.0612245	0.265306	0.284515
-0.0612245	0.306122	0.275342
-0.0612245	0.346939	0.265039
-0.0612245	0.387755	0.253663
-0.0612245	0.428571	0.241275
-0.0612245	0.469388	0.227941
-0.0612245	0.510204	0.213727
-0.0612245	0.55102	0.198703
-0.0612245	0.591837	0.18294
-0.0612245	0.632653	0.166509
-0.0612245	0.673469	0.149481
-0.0612245	0.714286	0.131926
-0.0612245	0.755102	0.113915
-0.0612245	0.795918	0.0955147
-0.0612245	0.836735	0.0767933
-0.0612245	0.877551	0.0578167
-0.0612245	0.918367	0.0386497
-0.0612245	0.959184	0.0193564
-0.0612245	1	0
-0.0204082	-1	0.0185002
-0.0204082	-0.959184	0.0369518
-0.0204082	-0.918367	0.0553054
-0.0204082	-0.877551	0.0735108
-0.0204082	-0.836735	0.0915159
-0.0204082	-0.795918	0.109267
-0.0204082	-0.755102	0.126708
-0.0204082	-0.714286	0.143779
-0.0204082	-0.673469	0.160421
-0.0204082	-0.632653	0.176569
-0.0204082	-0.591837	0.192157
-0.0204082	-0.55102	0.207117
-0.0204082	-0.510204	0.221382
-0.0204082	-0.469388	0.23488
-0.0204082	-0.428571	0.247543
-0.0204082	-0.387755	0.259301
-0.0204082	-0.346939	0.270088
-0.0204082	-0.306122	0.27984
-0.0204082	-0.265306	0.288497
-0.0204082	-0.22449	0.296002
-0.0204082	-0.183673	0.302305
-0.0204082	-0.142857	0.307364
-0.0204082	-0.102041	0.31114
-0.0204082	-0.0612245	0.313607
-0.0204082	-0.0204082	0.314742
-0.0204082	0.0204082	0.314535
-0.0204082	0.0612245	0.312982
-0.0204082	0.102041	0.31009
-0.0204082	0.142857	0.305873
-0.0204082	0.183673	0.300354
-0.0204082	0.22449	0.293565
-0.0204082	0.265306	0.285545
-0.0204082	0.306122	0.276339
-0.0204082	0.346939	0.265999
-0.0204082	0.387755	0.254581
-0.0204082	0.428571	0.242149
-0.0204082	0.469388	0.228766
-0.0204082	0.510204	0.2145
-0.0204082	0.55102	0.199422
-0.0204082	0.591837	0.183602
-0.0204082	0.632653	0.167112
-0.0204082	0.673469	0.150022
-0.0204082	0.714286	0.132404
-0.0204082	0.755102	0.114327
-0.0204082	0.795918	0.0958605
-0.0204082	0.836735	0.0770714
-0.0204082	0.877551	0.058026
-0.0204082	0.918367	0.0387896
-0.0204082	0.959184	0.0194264
-0.0204082	1	0
0.0204082	-1	0.0184881
0.0204082	-0.959184	0.0369275
0.0204082	-0.918367	0.055269
0.0204082	-0.877551	0.0734624
0.0204082	-0.836735	0.0914557
0.0204082	-0.795918	0.109195
0.0204082	-0.755102	0.126624
0.0204082	-0.714286	0.143685
0.0204082	-0.673469	0.160315
0.0204082	-0.632653	0.176452
0.0204082	-0.591837	0.19203
0.0204082	-0.55102	0.206981
0.0204082	-0.510204	0.221236
0.0204082	-0.469388	0.234725
0.0204082	-0.428571	0.24738
0.0204082	-0.387755	0.25913
0.0204082	-0.346939	0.269911
0.0204082	-0.306122	0.279656
0.0204082	-0.265306	0.288307
0.0204082	-0.22449	0.295807
0.0204082	-0.183673	0.302106
0.0204082	-0.142857	0.307161
0.0204082	-0.102041	0.310935
0.0204082	-0.0612245	0.3134
0.0204082	-0.0204082	0.314535
0.0204082	0.0204082	0.314328
0.0204082	0.0612245	0.312776
0.0204082	0.102041	0.309886
0.0204082	0.142857	0.305672
0.0204082	0.183673	0.300157
0.0204082	0.22449	0.293372
0.0204082	0.265306	0.285357
0.0204082	0.306122	0.276157
0.0204082	0.346939	0.265824
0.0204082	0.387755	0.254414
0.0204082	0.428571	0.241989
0.0204082	0.469388	0.228615
0.0204082	0.510204	0.214359
0.0204082	0.55102	0.199291
0.0204082	0.591837	0.183481
0.0204082	0.632653	0.167002
0.0204082	0.673469	0.149923
0.0204082	0.714286	0.132317
0.0204082	0.755102	0.114252
0.0204082	0.795918	0.0957974
0.0204082	0.836735	0.0770206
0.0204082	0.877551	0.0579878
0.0204082	0.918367	0.0387641
0.0204082	0.959184	0.0194137
0.0204082	1	0
0.0612245	-1	0.0183968
0.0612245	-0.959184	0.0367452
0.0612245	-0.918367	0.0549962
0.0612245	-0.877551	0.0730998
0.0612245	-0.836735	0.0910043
0.0612245	-0.795918	0.108656
0.0612245	-0.755102	0.125999
0.0612245	-0.714286	0.142975
0.0612245	-0.673469	0.159524
0.0612245	-0.632653	0.175581
0.0612245	-0.591837	0.191082
0.0612245	-0.55102	0.205959
0.0612245	-0.510204	0.220144
0.0612245	-0.469388	0.233567
0.0612245	-0.428571	0.246159
0.0612245	-0.387755	0.257851
0.0612245	-0.346939	0.268578
0.0612245	-0.306122	0.278276
0.0612245	-0.265306	0.286884
0.0612245	-0.22449	0.294347
0.0612245	-0.183673	0.300615
0.0612245	-0.142857	0.305645
0.0612245	-0.102041	0.309401
0.0612245	-0.0612245	0.311853
0.0612245	-0.0204082	0.312982
0.0612245	0.0204082	0.312776
0.0612245	0.0612245	0.311232
0.0612245	0.102041	0.308356
0.0612245	0.142857	0.304163
0.0612245	0.183673	0.298675
0.0612245	0.22449	0.291924
0.0612245	0.265306	0.283948
0.0612245	0.306122	0.274794
0.0612245	0.346939	0.264511
0.0612245	0.387755	0.253158
0.0612245	0.428571	0.240795
0.0612245	0.469388	0.227487
0.0612245	0.510204	0.213301
0.0612245	0.55102	0.198307
0.0612245	0.591837	0.182576
0.0612245	0.632653	0.166177
0.0612245	0.673469	0.149183
0.0612245	0.714286	0.131664
0.0612245	0.755102	0.113688
0.0612245	0.795918	0.0953245
0.0612245	0.836735	0.0766404
0.0612245	0.877551	0.0577016
0.0612245	0.918367	0.0385728
0.0612245	0.959184	0.0193178
0.0612245	1	0
0.102041	-1	0.0182268
0.102041	-0.959184	0.0364057
0.102041	-0.918367	0.054488
0.102041	-0.877551	0.0724243
0.102041	-0.836735	0.0901633
0.102041	-0.795918	0.107652
0.102041	-0.755102	0.124835
0.102041	-0.714286	0.141654
0.102041	-0.673469	0.15805
0.102041	-0.632653	0.173959
0.102041	-0.591837	0.189316
0.102041	-0.55102	0.204056
0.102041	-0.510204	0.21811
0.102041	-0.469388	0.231408
0.102041	-0.428571	0.243884
0.102041	-0.387755	0.255469
0.102041	-0.346939	0.266096
0.102041	-0.306122	0.275704
0.102041	-0.265306	0.284233
0.102041	-0.22449	0.291627
0.102041	-0.183673	0.297837
0.102041	-0.142857	0.302821
0.102041	-0.102041	0.306541
0.102041	-0.0612245	0.308971
0.102041	-0.0204082	0.31009
0.102041	0.0204082	0.309886
0.102041	0.0612245	0.308356
0.102041	0.102041	0.305507
0.102041	0.142857	0.301352
0.102041	0.183673	0.295915
0.102041	0.22449	0.289226
0.102041	0.265306	0.281325
0.102041	0.306122	0.272254
0.102041	0.346939	0.262067
0.102041	0.387755	0.250819
0.102041	0.428571	0.23857
0.102041	0.469388	0.225385
0.102041	0.510204	0.21133
0.102041	0.55102	0.196475
0.102041	0.591837	0.180889
0.102041	0.632653	0.164642
0.102041	0.673469	0.147805
0.102041	0.714286	0.130447
0.102041	0.755102	0.112637
0.102041	0.795918	0.0944437
0.102041	0.836735	0.0759322
0.102041	0.877551	0.0571684
0.102041	0.918367	0.0382163
0.102041	0.959184	0.0191393
0.102041	1	0
0.142857	-1	0.0179789
0.142857	-0.959184	0.0359106
0.142857	-0.918367	0.053747
0.142857	-0.877551	0.0714393
0.142857	-0.836735	0.0889371
0.142857	-0.795918	0.106188
0.142857	-0.755102	0.123137
0.142857	-0.714286	0.139728
0.142857	-0.673469	0.1559
0.142857	-0.632653	0.171593
0.142857	-0.591837	0.186742
0.142857	-0.55102	0.201281
0.142857	-0.510204	0.215143
0.142857	-0.469388	0.228261
0.142857	-0.428571	0.240567
0.142857	-0.387755	0.251994
0.142857	-0.346939	0.262478
0.142857	-0.306122	0.271955
0.142857	-0.265306	0.280367
0.142857	-0.22449	0.287661
0.142857	-0.183673	0.293787
0.142857	-0.142857	0.298702
0.142857	-0.102041	0.302373
0.142857	-0.0612245	0.304769
0.142857	-0.0204082	0.305873
0.142857	0.0204082	0.305672
0.142857	0.0612245	0.304163
0.142857	0.102041	0.301352
0.142857	0.142857	0.297254
0.142857	0.183673	0.291891
0.142857	0.22449	0.285293
0.142857	0.265306	0.277499
0.142857	0.306122	0.268552
0.142857	0.346939	0.258503
0.142857	0.387755	0.247408
0.142857	0.428571	0.235325
0.142857	0.469388	0.22232
0.142857	0.510204	0.208456
0.142857	0.55102	0.193803
0.142857	0.591837	0.178429
0.142857	0.632653	0.162403
0.142857	0.673469	0.145795
0.142857	0.714286	0.128673
0.142857	0.755102	0.111106
0.142857	0.795918	0.0931593
0.142857	0.836735	0.0748996
0.142857	0.877551	0.0563909
0.142857	0.918367	0.0376966
0.142857	0.959184	0.018879
0.142857	1	0
0.183673	-1	0.0176545
0.183673	-0.959184	0.0352626
0.183673	-0.918367	0.0527773
0.183673	-0.877551	0.0701504
0.183673	-0.836735	0.0873325
0.183673	-0.795918	0.104272
0.183673	-0.755102	0.120915
0.183673	-0.714286	0.137207
0.183673	-0.673469	0.153088
0.183673	-0.632653	0.168497
0.183673	-0.591837	0.183373
0.183673	-0.55102	0.197649
0.183673	-0.510204	0.211262
0.183673	-0.469388	0.224143
0.183673	-0.428571	0.236227
0.183673	-0.387755	0.247448
0.183673	-0.346939	0.257742
0.183673	-0.306122	0.267048
0.183673	-0.265306	0.275309
0.183673	-0.22449	0.282471
0.183673	-0.183673	0.288486
0.183673	-0.142857	0.293313
0.183673	-0.102041	0.296917
0.183673	-0.0612245	0.299271
0.183673	-0.0204082	0.300354
0.183673	0.0204082	0.300157
0.183673	0.0612245	0.298675
0.183673	0.102041	0.295915
0.183673	0.142857	0.291891
0.183673	0.183673	0.286624
0.183673	0.22449	0.280146
0.183673	0.265306	0.272492
0.183673	0.306122	0.263707
0.183673	0.346939	0.253839
0.183673	0.387755	0.242944
0.183673	0.428571	0.23108
0.183673	0.469388	0.218308
0.183673	0.510204	0.204695
0.183673	0.55102	0.190306
0.183673	0.591837	0.175209
0.183673	0.632653	0.159473
0.183673	0.673469	0.143164
0.183673	0.714286	0.126351
0.183673	0.755102	0.109101
0.183673	0.795918	0.0914785
0.183673	0.836735	0.0735482
0.183673	0.877551	0.0553735
0.183673	0.918367	0.0370165
0.183673	0.959184	0.0185384
0.183673	1	0
0.22449	-1	0.0172555
0.22449	-0.959184	0.0344656
0.22449	-0.918367	0.0515843
0.22449	-0.877551	0.0685648
0.22449	-0.836735	0.0853585
0.22449	-0.795918	0.101915
0.22449	-0.755102	0.118182
0.22449	-0.714286	0.134105
0.22449	-0.673469	0.149627
0.22449	-0.632653	0.164689
0.22449	-0.591837	0.179228
0.22449	-0.55102	0.193182
0.22449	-0.510204	0.206486
0.22449	-0.469388	0.219077
0.22449	-0.428571	0.230887
0.22449	-0.387755	0.241855
0.22449	-0.346939	0.251916
0.22449	-0.306122	0.261012
0.22449	-0.265306	0.269086
0.22449	-0.22449	0.276086
0.22449	-0.183673	0.281965
0.22449	-0.142857	0.286683
0.22449	-0.102041	0.290206
0.22449	-0.0612245	0.292506
0.22449	-0.0204082	0.293565
0.22449	0.0204082	0.293372
0.22449	0.0612245	0.291924
0.22449	0.102041	0.289226
0.22449	0.142857	0.285293
0.22449	0.183673	0.280146
0.22449	0.22449	0.273814
0.22449	0.265306	0.266333
0.22449	0.306122	0.257746
0.22449	0.346939	0.248102
0.22449	0.387755	0.237453
0.22449	0.428571	0.225856
0.22449	0.469388	0.213374
0.22449	0.510204	0.200068
0.22449	0.55102	0.186005
0.22449	0.591837	0.171249
0.22449	0.632653	0.155868
0.22449	0.673469	0.139928
0.22449	0.714286	0.123495
0.22449	0.755102	0.106635
0.22449	0.795918	0.0894108
0.22449	0.836735	0.0718858
0.22449	0.877551	0.0541219
0.22449	0.918367	0.0361798
0.22449	0.959184	0.0181194
0.22449	1	0
0.265306	-1	0.0167841
0.265306	-0.959184	0.0335239
0.265306	-0.918367	0.050175
0.265306	-0.877551	0.0666915
0.265306	-0.836735	0.0830264
0.265306	-0.795918	0.0991307
0.265306	-0.755102	0.114954
0.265306	-0.714286	0.130442
0.265306	-0.673469	0.145539
0.265306	-0.632653	0.160189
0.265306	-0.591837	0.174331
0.265306	-0.55102	0.187904
0.265306	-0.510204	0.200845
0.265306	-0.469388	0.213091
0.265306	-0.428571	0.224579
0.265306	-0.387755	0.235247
0.265306	-0.346939	0.245034
0.265306	-0.306122	0.253881
0.265306	-0.265306	0.261734
0.265306	-0.22449	0.268543
0.265306	-0.183673	0.274262
0.265306	-0.142857	0.278851
0.265306	-0.102041	0.282277
0.265306	-0.0612245	0.284515
0.265306	-0.0204082	0.285545
0.265306	0.0204082	0.285357
0.265306	0.0612245	0.283948
0.265306	0.102041	0.281325
0.265306	0.142857	0.277499
0.265306	0.183673	0.272492
0.265306	0.22449	0.266333
0.265306	0.265306	0.259057
0.265306	0.306122	0.250704
0.265306	0.346939	0.241323
0.265306	0.387755	0.230965
0.265306	0.428571	0.219686
0.265306	0.469388	0.207544
0.265306	0.510204	0.194602
0.265306	0.55102	0.180923
0.265306	0.591837	0.16657
0.265306	0.632653	0.15161
0.265306	0.673469	0.136105
0.265306	0.714286	0.120121
0.265306	0.755102	0.103722
0.265306	0.795918	0.086968
0.265306	0.836735	0.0699218
0.265306	0.877551	0.0526432
0.265306	0.918367	0.0351913
0.265306	0.959184	0.0176243
0.265306	1	0
0.306122	-1	0.0162429
0.306122	-0.959184	0.0324431
0.306122	-0.918367	0.0485573
0.306122	-0.877551	0.0645413
0.306122	-0.836735	0.0803495
0.306122	-0.795918	0.0959346
0.306122	-0.755102	0.111247
0.306122	-0.714286	0.126236
0.306122	-0.673469	0.140847
0.306122	-0.632653	0.155024
0.306122	-0.591837	0.16871
0.306122	-0.55102	0.181846
0.306122	-0.510204	0.19437
0.306122	-0.469388	0.206221
0.306122	-0.428571	0.217339
0.306122	-0.387755	0.227662
0.306122	-0.346939	0.237133
0.306122	-0.306122	0.245696
0.306122	-0.265306	0.253296
0.306122	-0.22449	0.259885
0.306122	-0.183673	0.265419
0.306122	-0.142857	0.269861
0.306122	-0.102041	0.273177
0.306122	-0.0612245	0.275342
0.306122	-0.0204082	0.276339
0.306122	0.0204082	0.276157
0.306122	0.0612245	0.274794
0.306122	0.102041	0.272254
0.306122	0.142857	0.268552
0.306122	0.183673	0.263707
0.306122	0.22449	0.257746
0.306122	0.265306	0.250704
0.306122	0.306122	0.242621
0.306122	0.346939	0.233543
0.306122	0.387755	0.223519
0.306122	0.428571	0.212603
0.306122	0.469388	0.200853
0.306122	0.510204	0.188328
0.306122	0.55102	0.17509
0.306122	0.591837	0.1612
0.306122	0.632653	0.146722
0.306122	0.673469	0.131717
0.306122	0.714286	0.116249
0.306122	0.755102	0.100378
0.306122	0.795918	0.084164
0.306122	0.836735	0.0676675
0.306122	0.877551	0.0509459
0.306122	0.918367	0.0340567
0.306122	0.959184	0.0170561
0.306122	1	0
0.346939	-1	0.0156351
0.346939	-0.959184	0.0312291
0.346939	-0.918367	0.0467403
0.346939	-0.877551	0.0621262
0.346939	-0.836735	0.0773429
0.346939	-0.795918	0.0923448
0.346939	-0.755102	0.107085
0.346939	-0.714286	0.121512
0.346939	-0.673469	0.135577
0.346939	-0.632653	0.149224
0.346939	-0.591837	0.162397
0.346939	-0.55102	0.175041
0.346939	-0.510204	0.187097
0.346939	-0.469388	0.198504
0.346939	-0.428571	0.209206
0.346939	-0.387755	0.219144
0.346939	-0.346939	0.22826
0.346939	-0.306122	0.236502
0.346939	-0.265306	0.243818
0.346939	-0.22449	0.25016
0.346939	-0.183673	0.255488
0.346939	-0.142857	0.259763
0.346939	-0.102041	0.262955
0.346939	-0.0612245	0.265039
0.346939	-0.0204082	0.265999
0.346939	0.0204082	0.265824
0.346939	0.0612245	0.264511
0.346939	0.102041	0.262067
0.346939	0.142857	0.258503
0.346939	0.183673	0.253839
0.346939	0.22449	0.248102
0.346939	0.265306	0.241323
0.346939	0.306122	0.233543
0.346939	0.346939	0.224804
0.346939	0.387755	0.215155
0.346939	0.428571	0.204648
0.346939	0.469388	0.193337
0.346939	0.510204	0.181281
0.346939	0.55102	0.168538
0.346939	0.591837	0.155168
0.346939	0.632653	0.141231
0.346939	0.673469	0.126788
0.346939	0.714286	0.111899
0.346939	0.755102	0.0966215
0.346939	0.795918	0.0810147
0.346939	0.836735	0.0651354
0.346939	0.877551	0.0490396
0.346939	0.918367	0.0327823
0.346939	0.959184	0.0164179
0.346939	1	0
0.387755	-1	0.014964
0.387755	-0.959184	0.0298887
0.387755	-0.918367	0.0447341
0.387755	-0.877551	0.0594596
0.387755	-0.836735	0.0740231
0.387755	-0.795918	0.0883812
0.387755	-0.755102	0.102488
0.387755	-0.714286	0.116297
0.387755	-0.673469	0.129757
0.387755	-0.632653	0.142819
0.387755	-0.591837	0.155427
0.387755	-0.55102	0.167528
0.387755	-0.510204	0.179066
0.387755	-0.469388	0.189984
0.387755	-0.428571	0.200227
0.387755	-0.387755	0.209737
0.387755	-0.346939	0.218463
0.387755	-0.306122	0.226351
0.387755	-0.265306	0.233353
0.387755	-0.22449	0.239423
0.387755	-0.183673	0.244522
0.387755	-0.142857	0.248613
0.387755	-0.102041	0.251668
0.387755	-0.0612245	0.253663
0.387755	-0.0204082	0.254581
0.387755	0.0204082	0.254414
0.387755	0.0612245	0.253158
0.387755	0.102041	0.250819
0.387755	0.142857	0.247408
0.387755	0.183673	0.242944
0.387755	0.22449	0.237453
0.387755	0.265306	0.230965
0.387755	0.306122	0.223519
0.387755	0.346939	0.215155
0.387755	0.387755	0.20592
0.387755	0.428571	0.195864
0.387755	0.469388	0.185039
0.387755	0.510204	0.1735
0.387755	0.55102	0.161304
0.387755	0.591837	0.148508
0.387755	0.632653	0.135169
0.387755	0.673469	0.121346
0.387755	0.714286	0.107096
0.387755	0.755102	0.0924743
0.387755	0.795918	0.0775374
0.387755	0.836735	0.0623396
0.387755	0.877551	0.0469347
0.387755	0.918367	0.0313752
0.387755	0.959184	0.0157132
0.387755	1	0
0.428571	-1	0.0142332
0.428571	-0.959184	0.028429
0.428571	-0.918367	0.0425494
0.428571	-0.877551	0.0565558
0.428571	-0.836735	0.0704081
0.428571	-0.795918	0.084065
0.428571	-0.755102	0.0974831
0.428571	-0.714286	0.110617
0.428571	-0.673469	0.123421
0.428571	-0.632653	0.135844
0.428571	-0.591837	0.147837
0.428571	-0.55102	0.159347
0.428571	-0.510204	0.170321
0.428571	-0.469388	0.180706
0.428571	-0.428571	0.190448
0.428571	-0.387755	0.199495
0.428571	-0.346939	0.207794
0.428571	-0.306122	0.215297
0.428571	-0.265306	0.221957
0.428571	-0.22449	0.227731
0.428571	-0.183673	0.23258
0.428571	-0.142857	0.236472
0.428571	-0.102041	0.239378
0.428571	-0.0612245	0.241275
0.428571	-0.0204082	0.242149
0.428571	0.0204082	0.241989
0.428571	0.0612245	0.240795
0.428571	0.102041	0.23857
0.428571	0.142857	0.235325
0.428571	0.183673	0.23108
0.428571	0.22449	0.225856
0.428571	0.265306	0.219686
0.428571	0.306122	0.212603
0.428571	0.346939	0.204648
0.428571	0.387755	0.195864
0.428571	0.428571	0.186299
0.428571	0.469388	0.176002
0.428571	0.510204	0.165027
0.428571	0.55102	0.153427
0.428571	0.591837	0.141255
0.428571	0.632653	0.128568
0.428571	0.673469	0.11542
0.428571	0.714286	0.101866
0.428571	0.755102	0.0879582
0.428571	0.795918	0.0737508
0.428571	0.836735	0.0592952
0.428571	0.877551	0.0446426
0.428571	0.918367	0.029843
0.428571	0.959184	0.0149458
0.428571	1	0
0.469388	-1	0.0134466
0.469388	-0.959184	0.0268578
0.469388	-0.918367	0.0401978
0.469388	-0.877551	0.0534301
0.469388	-0.836735	0.0665168
0.469388	-0.795918	0.0794189
0.469388	-0.755102	0.0920954
0.469388	-0.714286	0.104504
0.469388	-0.673469	0.116599
0.469388	-0.632653	0.128336
0.469388	-0.591837	0.139666
0.469388	-0.55102	0.15054
0.469388	-0.510204	0.160908
0.469388	-0.469388	0.170719
0.469388	-0.428571	0.179923
0.469388	-0.387755	0.188469
0.469388	-0.346939	0.19631
0.469388	-0.306122	0.203398
0.469388	-0.265306	0.20969
0.469388	-0.22449	0.215145
0.469388	-0.183673	0.219726
0.469388	-0.142857	0.223403
0.469388	-0.102041	0.226148
0.469388	-0.0612245	0.227941
0.469388	-0.0204082	0.228766
0.469388	0.0204082	0.228615
0.469388	0.0612245	0.227487
0.469388	0.102041	0.225385
0.469388	0.142857	0.22232
0.469388	0.183673	0.218308
0.469388	0.22449	0.213374
0.469388	0.265306	0.207544
0.469388	0.306122	0.200853
0.469388	0.346939	0.193337
0.469388	0.387755	0.185039
0.469388	0.428571	0.176002
0.469388	0.469388	0.166275
0.469388	0.510204	0.155907
0.469388	0.55102	0.144947
0.469388	0.591837	0.133449
0.469388	0.632653	0.121463
0.469388	0.673469	0.109041
0.469388	0.714286	0.0962358
0.469388	0.755102	0.083097
0.469388	0.795918	0.0696747
0.469388	0.836735	0.0560181
0.469388	0.877551	0.0421753
0.469388	0.918367	0.0281936
0.469388	0.959184	0.0141198
0.469388	1	0
0.510204	-1	0.0126081
0.510204	-0.959184	0.025183
0.510204	-0.918367	0.0376911
0.510204	-0.877551	0.0500982
0.510204	-0.836735	0.0623689
0.510204	-0.795918	0.0744664
0.510204	-0.755102	0.0863524
0.510204	-0.714286	0.097987
0.510204	-0.673469	0.109328
0.510204	-0.632653	0.120333
0.510204	-0.591837	0.130957
0.510204	-0.55102	0.141153
0.510204	-0.510204	0.150874
0.510204	-0.469388	0.160073
0.510204	-0.428571	0.168703
0.510204	-0.387755	0.176717
0.510204	-0.346939	0.184068
0.510204	-0.306122	0.190714
0.510204	-0.265306	0.196614
0.510204	-0.22449	0.201729
0.510204	-0.183673	0.206025
0.510204	-0.142857	0.209472
0.510204	-0.102041	0.212046
0.510204	-0.0612245	0.213727
0.510204	-0.0204082	0.2145
0.510204	0.0204082	0.214359
0.510204	0.0612245	0.213301
0.510204	0.102041	0.21133
0.510204	0.142857	0.208456
0.510204	0.183673	0.204695
0.510204	0.22449	0.200068
0.510204	0.265306	0.194602
0.510204	0.306122	0.188328
0.510204	0.346939	0.181281
0.510204	0.387755	0.1735
0.510204	0.428571	0.165027
0.510204	0.469388	0.155907
0.510204	0.510204	0.146184
0.510204	0.55102	0.135909
0.510204	0.591837	0.125127
0.510204	0.632653	0.113888
0.510204	0.673469	0.102242
0.510204	0.714286	0.0902347
0.510204	0.755102	0.0779152
0.510204	0.795918	0.0653299
0.510204	0.836735	0.0525249
0.510204	0.877551	0.0395453
0.510204	0.918367	0.0264355
0.510204	0.959184	0.0132393
0.510204	1	0
0.55102	-1	0.0117218
0.55102	-0.959184	0.0234127
0.55102	-0.918367	0.0350416
0.55102	-0.877551	0.0465766
0.55102	-0.836735	0.0579847
0.55102	-0.795918	0.0692318
0.55102	-0.755102	0.0802823
0.55102	-0.714286	0.091099
0.55102	-0.673469	0.101643
0.55102	-0.632653	0.111874
0.55102	-0.591837	0.121751
0.55102	-0.55102	0.13123
0.55102	-0.510204	0.140268
0.55102	-0.469388	0.148821
0.55102	-0.428571	0.156844
0.55102	-0.387755	0.164294
0.55102	-0.346939	0.171129
0.55102	-0.306122	0.177308
0.55102	-0.265306	0.182793
0.55102	-0.22449	0.187548
0.55102	-0.183673	0.191542
0.55102	-0.142857	0.194747
0.55102	-0.102041	0.19714
0.55102	-0.0612245	0.198703
0.55102	-0.0204082	0.199422
0.55102	0.0204082	0.199291
0.55102	0.0612245	0.198307
0.55102	0.102041	0.196475
0.55102	0.142857	0.193803
0.55102	0.183673	0.190306
0.55102	0.22449	0.186005
0.55102	0.265306	0.180923
0.55102	0.306122	0.17509
0.55102	0.346939	0.168538
0.55102	0.387755	0.161304
0.55102	0.428571	0.153427
0.55102	0.469388	0.144947
0.55102	0.510204	0.135909
0.55102	0.55102	0.126355
0.55102	0.591837	0.116331
0.55102	0.632653	0.105883
0.55102	0.673469	0.0950546
0.55102	0.714286	0.0838917
0.55102	0.755102	0.0724381
0.55102	0.795918	0.0607376
0.55102	0.836735	0.0488327
0.55102	0.877551	0.0367655
0.55102	0.918367	0.0245773
0.55102	0.959184	0.0123087
0.55102	1	0
0.591837	-1	0.0107919
0.591837	-0.959184	0.0215554
0.591837	-0.918367	0.0322618
0.591837	-0.877551	0.0428817
0.591837	-0.836735	0.0533848
0.591837	-0.795918	0.0637397
0.591837	-0.755102	0.0739135
0.591837	-0.714286	0.0838721
0.591837	-0.673469	0.0935798
0.591837	-0.632653	0.102999
0.591837	-0.591837	0.112093
0.591837	-0.55102	0.12082
0.591837	-0.510204	0.129141
0.591837	-0.469388	0.137015
0.591837	-0.428571	0.144402
0.591837	-0.387755	0.151261
0.591837	-0.346939	0.157554
0.591837	-0.306122	0.163242
0.591837	-0.265306	0.168292
0.591837	-0.22449	0.17267
0.591837	-0.183673	0.176347
0.591837	-0.142857	0.179298
0.591837	-0.102041	0.181501
0.591837	-0.0612245	0.18294
0.591837	-0.0204082	0.183602
0.591837	0.0204082	0.183481
0.591837	0.0612245	0.182576
0.591837	0.102041	0.180889
0.591837	0.142857	0.178429
0.591837	0.183673	0.175209
0.591837	0.22449	0.171249
0.591837	0.265306	0.16657
0.591837	0.306122	0.1612
0.591837	0.346939	0.155168
0.591837	0.387755	0.148508
0.591837	0.428571	0.141255
0.591837	0.469388	0.133449
0.591837	0.510204	0.125127
0.591837	0.55102	0.116331
0.591837	0.591837	0.107103
0.591837	0.632653	0.0974831
0.591837	0.673469	0.087514
0.591837	0.714286	0.0772366
0.591837	0.755102	0.0666917
0.591837	0.795918	0.0559193
0.591837	0.836735	0.0449588
0.591837	0.877551	0.0338489
0.591837	0.918367	0.0226275
0.591837	0.959184	0.0113322
0.591837	1	0
0.632653	-1	0.00982261
0.632653	-0.959184	0.0196194
0.632653	-0.918367	0.0293641
0.632653	-0.877551	0.0390302
0.632653	-0.836735	0.0485899
0.632653	-0.795918	0.0580148
0.632653	-0.755102	0.0672748
0.632653	-0.714286	0.076339
0.632653	-0.673469	0.0851748
0.632653	-0.632653	0.0937484
0.632653	-0.591837	0.102025
0.632653	-0.55102	0.109968
0.632653	-0.510204	0.117542
0.632653	-0.469388	0.124709
0.632653	-0.428571	0.131432
0.632653	-0.387755	0.137675
0.632653	-0.346939	0.143403
0.632653	-0.306122	0.148581
0.632653	-0.265306	0.153177
0.632653	-0.22449	0.157162
0.632653	-0.183673	0.160508
0.632653	-0.142857	0.163194
0.632653	-0.102041	0.165199
0.632653	-0.0612245	0.166509
0.632653	-0.0204082	0.167112
0.632653	0.0204082	0.167002
0.632653	0.0612245	0.166177
0.632653	0.102041	0.164642
0.632653	0.142857	0.162403
0.632653	0.183673	0.159473
0.632653	0.22449	0.155868
0.632653	0.265306	0.15161
0.632653	0.306122	0.146722
0.632653	0.346939	0.141231
0.632653	0.387755	0.135169
0.632653	0.428571	0.128568
0.632653	0.469388	0.121463
0.632653	0.510204	0.113888
0.632653	0.55102	0.105883
0.632653	0.591837	0.0974831
0.632653	0.632653	0.0887275
0.632653	0.673469	0.0796538
0.632653	0.714286	0.0702994
0.632653	0.755102	0.0607016
0.632653	0.795918	0.0508968
0.632653	0.836735	0.0409208
0.632653	0.877551	0.0308087
0.632653	0.918367	0.0205952
0.632653	0.959184	0.0103144
0.632653	1	0
0.673469	-1	0.00881809
0.673469	-0.959184	0.017613
0.673469	-0.918367	0.0263612
0.673469	-0.877551	0.0350387
0.673469	-0.836735	0.0436208
0.673469	-0.795918	0.0520818
0.673469	-0.755102	0.0603949
0.673469	-0.714286	0.0685322
0.673469	-0.673469	0.0764643
0.673469	-0.632653	0.0841611
0.673469	-0.591837	0.0915912
0.673469	-0.55102	0.0987222
0.673469	-0.510204	0.105521
0.673469	-0.469388	0.111955
0.673469	-0.428571	0.117991
0.673469	-0.387755	0.123596
0.673469	-0.346939	0.128738
0.673469	-0.306122	0.133386
0.673469	-0.265306	0.137512
0.673469	-0.22449	0.141089
0.673469	-0.183673	0.144094
0.673469	-0.142857	0.146505
0.673469	-0.102041	0.148305
0.673469	-0.0612245	0.149481
0.673469	-0.0204082	0.150022
0.673469	0.0204082	0.149923
0.673469	0.0612245	0.149183
0.673469	0.102041	0.147805
0.673469	0.142857	0.145795
0.673469	0.183673	0.143164
0.673469	0.22449	0.139928
0.673469	0.265306	0.136105
0.673469	0.306122	0.131717
0.673469	0.346939	0.126788
0.673469	0.387755	0.121346
0.673469	0.428571	0.11542
0.673469	0.469388	0.109041
0.673469	0.510204	0.102242
0.673469	0.55102	0.0950546
0.673469	0.591837	0.087514
0.673469	0.632653	0.0796538
0.673469	0.673469	0.071508
0.673469	0.714286	0.0631103
0.673469	0.755102	0.054494
0.673469	0.795918	0.0456918
0.673469	0.836735	0.036736
0.673469	0.877551	0.027658
0.673469	0.918367	0.018489
0.673469	0.959184	0.00925959
0.673469	1	0
0.714286	-1	0.00778252
0.714286	-0.959184	0.0155446
0.714286	-0.918367	0.0232654
0.714286	-0.877551	0.0309239
0.714286	-0.836735	0.0384981
0.714286	-0.795918	0.0459655
0.714286	-0.755102	0.0533023
0.714286	-0.714286	0.0604839
0.714286	-0.673469	0.0674846
0.714286	-0.632653	0.0742775
0.714286	-0.591837	0.080835
0.714286	-0.55102	0.0871286
0.714286	-0.510204	0.0931292
0.714286	-0.469388	0.0988077
0.714286	-0.428571	0.104135
0.714286	-0.387755	0.109081
0.714286	-0.346939	0.113619
0.714286	-0.306122	0.117722
0.714286	-0.265306	0.121363
0.714286	-0.22449	0.12452
0.714286	-0.183673	0.127172
0.714286	-0.142857	0.1293
0.714286	-0.102041	0.130889
0.714286	-0.0612245	0.131926
0.714286	-0.0204082	0.132404
0.714286	0.0204082	0.132317
0.714286	0.0612245	0.131664
0.714286	0.102041	0.130447
0.714286	0.142857	0.128673
0.714286	0.183673	0.126351
0.714286	0.22449	0.123495
0.714286	0.265306	0.120121
0.714286	0.306122	0.116249
0.714286	0.346939	0.111899
0.714286	0.387755	0.107096
0.714286	0.428571	0.101866
0.714286	0.469388	0.0962358
0.714286	0.510204	0.0902347
0.714286	0.55102	0.0838917
0.714286	0.591837	0.0772366
0.714286	0.632653	0.0702994
0.714286	0.673469	0.0631103
0.714286	0.714286	0.0556988
0.714286	0.755102	0.0480943
0.714286	0.795918	0.0403259
0.714286	0.836735	0.0324218
0.714286	0.877551	0.02441
0.714286	0.918367	0.0163177
0.714286	0.959184	0.00817217
0.714286	1	0
0.755102	-1	0.00671999
0.755102	-0.959184	0.0134223
0.755102	-0.918367	0.020089
0.755102	-0.877551	0.0267019
0.755102	-0.836735	0.0332421
0.755102	-0.795918	0.0396899
0.755102	-0.755102	0.0460251
0.755102	-0.714286	0.0522262
0.755102	-0.673469	0.058271
0.755102	-0.632653	0.0641365
0.755102	-0.591837	0.0697988
0.755102	-0.55102	0.0752331
0.755102	-0.510204	0.0804145
0.755102	-0.469388	0.0853177
0.755102	-0.428571	0.0899173
0.755102	-0.387755	0.0941885
0.755102	-0.346939	0.0981069
0.755102	-0.306122	0.101649
0.755102	-0.265306	0.104794
0.755102	-0.22449	0.10752
0.755102	-0.183673	0.10981
0.755102	-0.142857	0.111647
0.755102	-0.102041	0.113019
0.755102	-0.0612245	0.113915
0.755102	-0.0204082	0.114327
0.755102	0.0204082	0.114252
0.755102	0.0612245	0.113688
0.755102	0.102041	0.112637
0.755102	0.142857	0.111106
0.755102	0.183673	0.109101
0.755102	0.22449	0.106635
0.755102	0.265306	0.103722
0.755102	0.306122	0.100378
0.755102	0.346939	0.0966215
0.755102	0.387755	0.0924743
0.755102	0.428571	0.0879582
0.755102	0.469388	0.083097
0.755102	0.510204	0.0779152
0.755102	0.55102	0.0724381
0.755102	0.591837	0.0666917
0.755102	0.632653	0.0607016
0.755102	0.673469	0.054494
0.755102	0.714286	0.0480943
0.755102	0.755102	0.0415281
0.755102	0.795918	0.0348203
0.755102	0.836735	0.0279953
0.755102	0.877551	0.0210773
0.755102	0.918367	0.0140899
0.755102	0.959184	0.00705644
0.755102	1	0
0.795918	-1	0.00563454
0.795918	-0.959184	0.0112542
0.795918	-0.918367	0.0168441
0.795918	-0.877551	0.0223889
0.795918	-0.836735	0.0278726
0.795918	-0.795918	0.033279
0.795918	-0.755102	0.0385908
0.795918	-0.714286	0.0437903
0.795918	-0.673469	0.0488588
0.795918	-0.632653	0.0537769
0.795918	-0.591837	0.0585245
0.795918	-0.55102	0.0630811
0.795918	-0.510204	0.0674255
0.795918	-0.469388	0.0715367
0.795918	-0.428571	0.0753934
0.795918	-0.387755	0.0789747
0.795918	-0.346939	0.0822602
0.795918	-0.306122	0.0852304
0.795918	-0.265306	0.0878669
0.795918	-0.22449	0.0901527
0.795918	-0.183673	0.0920726
0.795918	-0.142857	0.0936132
0.795918	-0.102041	0.0947635
0.795918	-0.0612245	0.0955147
0.795918	-0.0204082	0.0958605
0.795918	0.0204082	0.0957974
0.795918	0.0612245	0.0953245
0.795918	0.102041	0.0944437
0.795918	0.142857	0.0931593
0.795918	0.183673	0.0914785
0.795918	0.22449	0.0894108
0.795918	0.265306	0.086968
0.795918	0.306122	0.084164
0.795918	0.346939	0.0810147
0.795918	0.387755	0.0775374
0.795918	0.428571	0.0737508
0.795918	0.469388	0.0696747
0.795918	0.510204	0.0653299
0.795918	0.55102	0.0607376
0.795918	0.591837	0.0559193
0.795918	0.632653	0.0508968
0.795918	0.673469	0.0456918
0.795918	0.714286	0.0403259
0.795918	0.755102	0.0348203
0.795918	0.795918	0.0291959
0.795918	0.836735	0.0234734
0.795918	0.877551	0.0176728
0.795918	0.918367	0.011814
0.795918	0.959184	0.00591665
0.795918	1	0
0.836735	-1	0.00453014
0.836735	-0.959184	0.00904835
0.836735	-0.918367	0.0135426
0.836735	-0.877551	0.0180005
0.836735	-0.836735	0.0224094
0.836735	-0.795918	0.0267561
0.836735	-0.755102	0.0310268
0.836735	-0.714286	0.0352072
0.836735	-0.673469	0.0392822
0.836735	-0.632653	0.0432363
0.836735	-0.591837	0.0470534
0.836735	-0.55102	0.0507168
0.836735	-0.510204	0.0542098
0.836735	-0.469388	0.0575152
0.836735	-0.428571	0.0606159
0.836735	-0.387755	0.0634953
0.836735	-0.346939	0.0661368
0.836735	-0.306122	0.0685248
0.836735	-0.265306	0.0706445
0.836735	-0.22449	0.0724823
0.836735	-0.183673	0.0740259
0.836735	-0.142857	0.0752645
0.836735	-0.102041	0.0761894
0.836735	-0.0612245	0.0767933
0.836735	-0.0204082	0.0770714
0.836735	0.0204082	0.0770206
0.836735	0.0612245	0.0766404
0.836735	0.102041	0.0759322
0.836735	0.142857	0.0748996
0.836735	0.183673	0.0735482
0.836735	0.22449	0.0718858
0.836735	0.265306	0.0699218
0.836735	0.306122	0.0676675
0.836735	0.346939	0.0651354
0.836735	0.387755	0.0623396
0.836735	0.428571	0.0592952
0.836735	0.469388	0.0560181
0.836735	0.510204	0.0525249
0.836735	0.55102	0.0488327
0.836735	0.591837	0.0449588
0.836735	0.632653	0.0409208
0.836735	0.673469	0.036736
0.836735	0.714286	0.0324218
0.836735	0.755102	0.0279953
0.836735	0.795918	0.0234734
0.836735	0.836735	0.0188725
0.836735	0.877551	0.0142088
0.836735	0.918367	0.00949842
0.836735	0.959184	0.00475695
0.836735	1	0
0.877551	-1	0.00341068
0.877551	-0.959184	0.00681239
0.877551	-0.918367	0.010196
0.877551	-0.877551	0.0135524
0.877551	-0.836735	0.0168718
0.877551	-0.795918	0.0201443
0.877551	-0.755102	0.0233597
0.877551	-0.714286	0.026507
0.877551	-0.673469	0.0295751
0.877551	-0.632653	0.0325521
0.877551	-0.591837	0.0354259
0.877551	-0.55102	0.038184
0.877551	-0.510204	0.0408138
0.877551	-0.469388	0.0433024
0.877551	-0.428571	0.0456369
0.877551	-0.387755	0.0478047
0.877551	-0.346939	0.0497935
0.877551	-0.306122	0.0515914
0.877551	-0.265306	0.0531873
0.877551	-0.22449	0.054571
0.877551	-0.183673	0.0557331
0.877551	-0.142857	0.0566657
0.877551	-0.102041	0.057362
0.877551	-0.0612245	0.0578167
0.877551	-0.0204082	0.058026
0.877551	0.0204082	0.0579878
0.877551	0.0612245	0.0577016
0.877551	0.102041	0.0571684
0.877551	0.142857	0.0563909
0.877551	0.183673	0.0553735
0.877551	0.22449	0.0541219
0.877551	0.265306	0.0526432
0.877551	0.306122	0.0509459
0.877551	0.346939	0.0490396
0.877551	0.387755	0.0469347
0.877551	0.428571	0.0446426
0.877551	0.469388	0.0421753
0.877551	0.510204	0.0395453
0.877551	0.55102	0.0367655
0.877551	0.591837	0.0338489
0.877551	0.632653	0.0308087
0.877551	0.673469	0.027658
0.877551	0.714286	0.02441
0.877551	0.755102	0.0210773
0.877551	0.795918	0.0176728
0.877551	0.836735	0.0142088
0.877551	0.877551	0.0106976
0.877551	0.918367	0.00715124
0.877551	0.959184	0.00358145
0.877551	1	0
0.918367	-1	0.00227999
0.918367	-0.959184	0.00455399
0.918367	-0.918367	0.00681592
0.918367	-0.877551	0.00905957
0.918367	-0.836735	0.0112786
0.918367	-0.795918	0.0134662
0.918367	-0.755102	0.0156156
0.918367	-0.714286	0.0177196
0.918367	-0.673469	0.0197705
0.918367	-0.632653	0.0217606
0.918367	-0.591837	0.0236817
0.918367	-0.55102	0.0255255
0.918367	-0.510204	0.0272835
0.918367	-0.469388	0.0289471
0.918367	-0.428571	0.0305077
0.918367	-0.387755	0.0319568
0.918367	-0.346939	0.0332863
0.918367	-0.306122	0.0344882
0.918367	-0.265306	0.035555
0.918367	-0.22449	0.03648
0.918367	-0.183673	0.0372569
0.918367	-0.142857	0.0378803
0.918367	-0.102041	0.0383457
0.918367	-0.0612245	0.0386497
0.918367	-0.0204082	0.0387896
0.918367	0.0204082	0.0387641
0.918367	0.0612245	0.0385728
0.918367	0.102041	0.0382163
0.918367	0.142857	0.0376966
0.918367	0.183673	0.0370165
0.918367	0.22449	0.0361798
0.918367	0.265306	0.0351913
0.918367	0.306122	0.0340567
0.918367	0.346939	0.0327823
0.918367	0.387755	0.0313752
0.918367	0.428571	0.029843
0.918367	0.469388	0.0281936
0.918367	0.510204	0.0264355
0.918367	0.55102	0.0245773
0.918367	0.591837	0.0226275
0.918367	0.632653	0.0205952
0.918367	0.673469	0.018489
0.918367	0.714286	0.0163177
0.918367	0.755102	0.0140899
0.918367	0.795918	0.011814
0.918367	0.836735	0.00949842
0.918367	0.877551	0.00715124
0.918367	0.918367	0.00478051
0.918367	0.959184	0.00239415
0.918367	1	0
0.959184	-1	0.00114186
0.959184	-0.959184	0.00228071
0.959184	-0.918367	0.00341351
0.959184	-0.877551	0.00453717
0.959184	-0.836735	0.00564847
0.959184	-0.795918	0.00674409
0.959184	-0.755102	0.00782055
0.959184	-0.714286	0.00887424
0.959184	-0.673469	0.00990139
0.959184	-0.632653	0.010898
0.959184	-0.591837	0.0118602
0.959184	-0.55102	0.0127836
0.959184	-0.510204	0.013664
0.959184	-0.469388	0.0144971
0.959184	-0.428571	0.0152787
0.959184	-0.387755	0.0160045
0.959184	-0.346939	0.0166703
0.959184	-0.306122	0.0172722
0.959184	-0.265306	0.0178065
0.959184	-0.22449	0.0182697
0.959184	-0.183673	0.0186588
0.959184	-0.142857	0.018971
0.959184	-0.102041	0.0192041
0.959184	-0.0612245	0.0193564
0.959184	-0.0204082	0.0194264
0.959184	0.0204082	0.0194137
0.959184	0.0612245	0.0193178
0.959184	0.102041	0.0191393
0.959184	0.142857	0.018879
0.959184	0.183673	0.0185384
0.959184	0.22449	0.0181194
0.959184	0.265306	0.0176243
0.959184	0.306122	0.0170561
0.959184	0.346939	0.0164179
0.959184	0.387755	0.0157132
0.959184	0.428571	0.0149458
0.959184	0.469388	0.0141198
0.959184	0.510204	0.0132393
0.959184	0.55102	0.0123087
0.959184	0.591837	0.0113322
0.959184	0.632653	0.0103144
0.959184	0.673469	0.00925959
0.959184	0.714286	0.00817217
0.959184	0.755102	0.00705644
0.959184	0.795918	0.00591665
0.959184	0.836735	0.00475695
0.959184	0.877551	0.00358145
0.959184	0.918367	0.00239415
0.959184	0.959184	0.00119903
0.959184	1	0
1	-1	0
1	-0.959184	0
1	-0.918367	0
1	-0.877551	0
1	-0.836735	0
1	-0.795918	0
1	-0.755102	0
1	-0.714286	0
1	-0.673469	0
1	-0.632653	0
1	-0.591837	0
1	-0.55102	0
1	-0.510204	0
1	-0.469388	0
1	-0.428571	0
1	-0.387755	0
1	-0.346939	0
1	-0.306122	0
1	-0.265306	0
1	-0.22449	0
1	-0.183673	0
1	-0.142857	0
1	-0.102041	0
1	-0.0612245	0
1	-0.0204082	0
1	0.0204082	0
1	0.0612245	0
1	0.102041	0
1	0.142857	0
1	0.183673	0
1	0.22449	0
1	0.265306	0
1	0.306122	0
1	0.346939	0
1	0.387755	0
1	0.428571	0
1	0.469388	0
1	0.510204	0
1	0.55102	0
1	0.591837	0
1	0.632653	0
1	0.673469	0
1	0.714286	0
1	0.755102	0
1	0.795918	0
1	0.836735	0
1	0.877551	0
1	0.918367	0
1	0.959184	0
1	1	0
