-1	-1	0.000559318
-1	-0.959184	0.00111651
-1	-0.918367	0.00166944
-1	-0.877551	0.00221601
-1	-0.836735	0.00275412
-1	-0.795918	0.00328172
-1	-0.755102	0.00379677
-1	-0.714286	0.00429729
-1	-0.673469	0.00478132
-1	-0.632653	0.005247
-1	-0.591837	0.00569248
-1	-0.55102	0.00611602
-1	-0.510204	0.00651594
-1	-0.469388	0.00689063
-1	-0.428571	0.0072386
-1	-0.387755	0.00755843
-1	-0.346939	0.00784881
-1	-0.306122	0.00810855
-1	-0.265306	0.00833656
-1	-0.22449	0.0085319
-1	-0.183673	0.00869371
-1	-0.142857	0.00882131
-1	-0.102041	0.00891413
-1	-0.0612245	0.00897173
-1	-0.0204082	0.00899384
-1	0.0204082	0.00898032
-1	0.0612245	0.00893117
-1	0.102041	0.00884653
-1	0.142857	0.00872672
-1	0.183673	0.00857217
-1	0.22449	0.00838346
-1	0.265306	0.00816134
-1	0.306122	0.00790666
-1	0.346939	0.00762042
-1	0.387755	0.00730376
-1	0.428571	0.00695793
-1	0.469388	0.00658432
-1	0.510204	0.0061844
-1	0.55102	0.00575978
-1	0.591837	0.00531216
-1	0.632653	0.00484332
-1	0.673469	0.00435513
-1	0.714286	0.00384956
-1	0.755102	0.00332862
-1	0.795918	0.00279439
-1	0.836735	0.00224901
-1	0.877551	0.00169466
-1	0.918367	0.00113354
-1	0.959184	0.000567904
-1	1	0
-0.959184	-1	0.00111651
-0.959184	-0.959184	0.00222876
-0.959184	-0.918367	0.00333252
-0.959184	-0.877551	0.00442358
-0.959184	-0.836735	0.00549776
-0.959184	-0.795918	0.00655094
-0.959184	-0.755102	0.00757908
-0.959184	-0.714286	0.00857821
-0.959184	-0.673469	0.00954444
-0.959184	-0.632653	0.010474
-0.959184	-0.591837	0.0113633
-0.959184	-0.55102	0.0122088
-0.959184	-0.510204	0.0130071
-0.959184	-0.469388	0.013755
-0.959184	-0.428571	0.0144496
-0.959184	-0.387755	0.0150881
-0.959184	-0.346939	0.0156677
-0.959184	-0.306122	0.0161862
-0.959184	-0.265306	0.0166414
-0.959184	-0.22449	0.0170313
-0.959184	-0.183673	0.0173543
-0.959184	-0.142857	0.017609
-0.959184	-0.102041	0.0177943
-0.959184	-0.0612245	0.0179093
-0.959184	-0.0204082	0.0179534
-0.959184	0.0204082	0.0179264
-0.959184	0.0612245	0.0178283
-0.959184	0.102041	0.0176594
-0.959184	0.142857	0.0174202
-0.959184	0.183673	0.0171117
-0.959184	0.22449	0.016735
-0.959184	0.265306	0.0162916
-0.959184	0.306122	0.0157832
-0.959184	0.346939	0.0152118
-0.959184	0.387755	0.0145797
-0.959184	0.428571	0.0138894
-0.959184	0.469388	0.0131436
-0.959184	0.510204	0.0123452
-0.959184	0.55102	0.0114976
-0.959184	0.591837	0.0106041
-0.959184	0.632653	0.00966819
-0.959184	0.673469	0.00869368
-0.959184	0.714286	0.00768446
-0.959184	0.755102	0.00664456
-0.959184	0.795918	0.00557814
-0.959184	0.836735	0.00448946
-0.959184	0.877551	0.00338286
-0.959184	0.918367	0.00226277
-0.959184	0.959184	0.00113365
-0.959184	1	0
-0.918367	-1	0.00166944
-0.918367	-0.959184	0.00333252
-0.918367	-0.918367	0.0049829
-0.918367	-0.877551	0.00661429
-0.918367	-0.836735	0.00822044
-0.918367	-0.795918	0.00979521
-0.918367	-0.755102	0.0113325
-0.918367	-0.714286	0.0128264
-0.918367	-0.673469	0.0142712
-0.918367	-0.632653	0.0156611
-0.918367	-0.591837	0.0169908
-0.918367	-0.55102	0.018255
-0.918367	-0.510204	0.0194486
-0.918367	-0.469388	0.020567
-0.918367	-0.428571	0.0216056
-0.918367	-0.387755	0.0225602
-0.918367	-0.346939	0.0234269
-0.918367	-0.306122	0.0242022
-0.918367	-0.265306	0.0248828
-0.918367	-0.22449	0.0254658
-0.918367	-0.183673	0.0259488
-0.918367	-0.142857	0.0263296
-0.918367	-0.102041	0.0266067
-0.918367	-0.0612245	0.0267786
-0.918367	-0.0204082	0.0268446
-0.918367	0.0204082	0.0268043
-0.918367	0.0612245	0.0266575
-0.918367	0.102041	0.0264049
-0.918367	0.142857	0.0260473
-0.918367	0.183673	0.025586
-0.918367	0.22449	0.0250228
-0.918367	0.265306	0.0243598
-0.918367	0.306122	0.0235996
-0.918367	0.346939	0.0227453
-0.918367	0.387755	0.0218001
-0.918367	0.428571	0.0207679
-0.918367	0.469388	0.0196527
-0.918367	0.510204	0.0184591
-0.918367	0.55102	0.0171917
-0.918367	0.591837	0.0158556
-0.918367	0.632653	0.0144562
-0.918367	0.673469	0.0129991
-0.918367	0.714286	0.0114901
-0.918367	0.755102	0.00993519
-0.918367	0.795918	0.00834064
-0.918367	0.836735	0.00671281
-0.918367	0.877551	0.00505818
-0.918367	0.918367	0.00338337
-0.918367	0.959184	0.00169507
-0.918367	1	0
-0.877551	-1	0.00221601
-0.877551	-0.959184	0.00442358
-0.877551	-0.918367	0.00661429
-0.877551	-0.877551	0.00877979
-0.877551	-0.836735	0.0109118
-0.877551	-0.795918	0.0130021
-0.877551	-0.755102	0.0150428
-0.877551	-0.714286	0.0170258
-0.877551	-0.673469	0.0189435
-0.877551	-0.632653	0.0207885
-0.877551	-0.591837	0.0225535
-0.877551	-0.55102	0.0242316
-0.877551	-0.510204	0.0258161
-0.877551	-0.469388	0.0273006
-0.877551	-0.428571	0.0286792
-0.877551	-0.387755	0.0299464
-0.877551	-0.346939	0.0310969
-0.877551	-0.306122	0.0321259
-0.877551	-0.265306	0.0330293
-0.877551	-0.22449	0.0338032
-0.877551	-0.183673	0.0344444
-0.877551	-0.142857	0.0349499
-0.877551	-0.102041	0.0353176
-0.877551	-0.0612245	0.0355459
-0.877551	-0.0204082	0.0356335
-0.877551	0.0204082	0.0355799
-0.877551	0.0612245	0.0353851
-0.877551	0.102041	0.0350498
-0.877551	0.142857	0.0345751
-0.877551	0.183673	0.0339628
-0.877551	0.22449	0.0332152
-0.877551	0.265306	0.0323351
-0.877551	0.306122	0.0313261
-0.877551	0.346939	0.030192
-0.877551	0.387755	0.0289374
-0.877551	0.428571	0.0275672
-0.877551	0.469388	0.026087
-0.877551	0.510204	0.0245025
-0.877551	0.55102	0.0228202
-0.877551	0.591837	0.0210467
-0.877551	0.632653	0.0191891
-0.877551	0.673469	0.017255
-0.877551	0.714286	0.0152519
-0.877551	0.755102	0.0131879
-0.877551	0.795918	0.0110713
-0.877551	0.836735	0.00891056
-0.877551	0.877551	0.00671421
-0.877551	0.918367	0.00449108
-0.877551	0.959184	0.00225003
-0.877551	1	0
-0.836735	-1	0.00275412
-0.836735	-0.959184	0.00549776
-0.836735	-0.918367	0.00822044
-0.836735	-0.877551	0.0109118
-0.836735	-0.836735	0.0135615
-0.836735	-0.795918	0.0161594
-0.836735	-0.755102	0.0186956
-0.836735	-0.714286	0.0211602
-0.836735	-0.673469	0.0235436
-0.836735	-0.632653	0.0258366
-0.836735	-0.591837	0.0280302
-0.836735	-0.55102	0.0301158
-0.836735	-0.510204	0.032085
-0.836735	-0.469388	0.03393
-0.836735	-0.428571	0.0356434
-0.836735	-0.387755	0.0372183
-0.836735	-0.346939	0.0386481
-0.836735	-0.306122	0.0399271
-0.836735	-0.265306	0.0410499
-0.836735	-0.22449	0.0420117
-0.836735	-0.183673	0.0428085
-0.836735	-0.142857	0.0434368
-0.836735	-0.102041	0.0438938
-0.836735	-0.0612245	0.0441775
-0.836735	-0.0204082	0.0442864
-0.836735	0.0204082	0.0442198
-0.836735	0.0612245	0.0439777
-0.836735	0.102041	0.043561
-0.836735	0.142857	0.042971
-0.836735	0.183673	0.04221
-0.836735	0.22449	0.0412808
-0.836735	0.265306	0.0401871
-0.836735	0.306122	0.038933
-0.836735	0.346939	0.0375235
-0.836735	0.387755	0.0359643
-0.836735	0.428571	0.0342614
-0.836735	0.469388	0.0324217
-0.836735	0.510204	0.0304525
-0.836735	0.55102	0.0283616
-0.836735	0.591837	0.0261575
-0.836735	0.632653	0.0238489
-0.836735	0.673469	0.021445
-0.836735	0.714286	0.0189555
-0.836735	0.755102	0.0163904
-0.836735	0.795918	0.0137598
-0.836735	0.836735	0.0110743
-0.836735	0.877551	0.00834463
-0.836735	0.918367	0.00558165
-0.836735	0.959184	0.00279641
-0.836735	1	0
-0.795918	-1	0.00328172
-0.795918	-0.959184	0.00655094
-0.795918	-0.918367	0.00979521
-0.795918	-0.877551	0.0130021
-0.795918	-0.836735	0.0161594
-0.795918	-0.795918	0.0192551
-0.795918	-0.755102	0.022277
-0.795918	-0.714286	0.0252137
-0.795918	-0.673469	0.0280538
-0.795918	-0.632653	0.0307861
-0.795918	-0.591837	0.0333999
-0.795918	-0.55102	0.0358849
-0.795918	-0.510204	0.0382314
-0.795918	-0.469388	0.0404299
-0.795918	-0.428571	0.0424715
-0.795918	-0.387755	0.0443481
-0.795918	-0.346939	0.0460518
-0.795918	-0.306122	0.0475758
-0.795918	-0.265306	0.0489137
-0.795918	-0.22449	0.0500597
-0.795918	-0.183673	0.0510092
-0.795918	-0.142857	0.0517578
-0.795918	-0.102041	0.0523024
-0.795918	-0.0612245	0.0526404
-0.795918	-0.0204082	0.0527702
-0.795918	0.0204082	0.0526908
-0.795918	0.0612245	0.0524024
-0.795918	0.102041	0.0519058
-0.795918	0.142857	0.0512028
-0.795918	0.183673	0.050296
-0.795918	0.22449	0.0491888
-0.795918	0.265306	0.0478855
-0.795918	0.306122	0.0463912
-0.795918	0.346939	0.0447118
-0.795918	0.387755	0.0428538
-0.795918	0.428571	0.0408247
-0.795918	0.469388	0.0386326
-0.795918	0.510204	0.0362861
-0.795918	0.55102	0.0337947
-0.795918	0.591837	0.0311684
-0.795918	0.632653	0.0284175
-0.795918	0.673469	0.0255532
-0.795918	0.714286	0.0225868
-0.795918	0.755102	0.0195302
-0.795918	0.795918	0.0163957
-0.795918	0.836735	0.0131958
-0.795918	0.877551	0.00994319
-0.795918	0.918367	0.00665091
-0.795918	0.959184	0.0033321
-0.795918	1	0
-0.755102	-1	0.00379677
-0.755102	-0.959184	0.00757908
-0.755102	-0.918367	0.0113325
-0.755102	-0.877551	0.0150428
-0.755102	-0.836735	0.0186956
-0.755102	-0.795918	0.022277
-0.755102	-0.755102	0.0257733
-0.755102	-0.714286	0.0291709
-0.755102	-0.673469	0.0324567
-0.755102	-0.632653	0.0356178
-0.755102	-0.591837	0.0386418
-0.755102	-0.55102	0.0415169
-0.755102	-0.510204	0.0442316
-0.755102	-0.469388	0.0467751
-0.755102	-0.428571	0.0491372
-0.755102	-0.387755	0.0513083
-0.755102	-0.346939	0.0532794
-0.755102	-0.306122	0.0550426
-0.755102	-0.265306	0.0565904
-0.755102	-0.22449	0.0579164
-0.755102	-0.183673	0.0590148
-0.755102	-0.142857	0.059881
-0.755102	-0.102041	0.0605111
-0.755102	-0.0612245	0.0609021
-0.755102	-0.0204082	0.0610522
-0.755102	0.0204082	0.0609604
-0.755102	0.0612245	0.0606267
-0.755102	0.102041	0.0600522
-0.755102	0.142857	0.0592389
-0.755102	0.183673	0.0581898
-0.755102	0.22449	0.0569088
-0.755102	0.265306	0.055401
-0.755102	0.306122	0.0536721
-0.755102	0.346939	0.0517291
-0.755102	0.387755	0.0495795
-0.755102	0.428571	0.047232
-0.755102	0.469388	0.0446958
-0.755102	0.510204	0.0419811
-0.755102	0.55102	0.0390987
-0.755102	0.591837	0.0360601
-0.755102	0.632653	0.0328775
-0.755102	0.673469	0.0295636
-0.755102	0.714286	0.0261317
-0.755102	0.755102	0.0225954
-0.755102	0.795918	0.018969
-0.755102	0.836735	0.0152668
-0.755102	0.877551	0.0115037
-0.755102	0.918367	0.00769474
-0.755102	0.959184	0.00385506
-0.755102	1	0
-0.714286	-1	0.00429729
-0.714286	-0.959184	0.00857821
-0.714286	-0.918367	0.0128264
-0.714286	-0.877551	0.0170258
-0.714286	-0.836735	0.0211602
-0.714286	-0.795918	0.0252137
-0.714286	-0.755102	0.0291709
-0.714286	-0.714286	0.0330164
-0.714286	-0.673469	0.0367353
-0.714286	-0.632653	0.0403131
-0.714286	-0.591837	0.0437358
-0.714286	-0.55102	0.0469899
-0.714286	-0.510204	0.0500625
-0.714286	-0.469388	0.0529413
-0.714286	-0.428571	0.0556148
-0.714286	-0.387755	0.0580721
-0.714286	-0.346939	0.0603031
-0.714286	-0.306122	0.0622987
-0.714286	-0.265306	0.0640505
-0.714286	-0.22449	0.0655513
-0.714286	-0.183673	0.0667945
-0.714286	-0.142857	0.0677749
-0.714286	-0.102041	0.068488
-0.714286	-0.0612245	0.0689306
-0.714286	-0.0204082	0.0691005
-0.714286	0.0204082	0.0689966
-0.714286	0.0612245	0.0686189
-0.714286	0.102041	0.0679687
-0.714286	0.142857	0.0670481
-0.714286	0.183673	0.0658607
-0.714286	0.22449	0.0644109
-0.714286	0.265306	0.0627043
-0.714286	0.306122	0.0607475
-0.714286	0.346939	0.0585483
-0.714286	0.387755	0.0561154
-0.714286	0.428571	0.0534584
-0.714286	0.469388	0.0505879
-0.714286	0.510204	0.0475153
-0.714286	0.55102	0.0442529
-0.714286	0.591837	0.0408138
-0.714286	0.632653	0.0372116
-0.714286	0.673469	0.0334609
-0.714286	0.714286	0.0295765
-0.714286	0.755102	0.0255741
-0.714286	0.795918	0.0214696
-0.714286	0.836735	0.0172794
-0.714286	0.877551	0.0130202
-0.714286	0.918367	0.00870911
-0.714286	0.959184	0.00436326
-0.714286	1	0
-0.673469	-1	0.00478132
-0.673469	-0.959184	0.00954444
-0.673469	-0.918367	0.0142712
-0.673469	-0.877551	0.0189435
-0.673469	-0.836735	0.0235436
-0.673469	-0.795918	0.0280538
-0.673469	-0.755102	0.0324567
-0.673469	-0.714286	0.0367353
-0.673469	-0.673469	0.0408731
-0.673469	-0.632653	0.0448539
-0.673469	-0.591837	0.0486622
-0.673469	-0.55102	0.0522828
-0.673469	-0.510204	0.0557015
-0.673469	-0.469388	0.0589045
-0.673469	-0.428571	0.0618791
-0.673469	-0.387755	0.0646132
-0.673469	-0.346939	0.0670955
-0.673469	-0.306122	0.0693159
-0.673469	-0.265306	0.0712651
-0.673469	-0.22449	0.0729349
-0.673469	-0.183673	0.0743181
-0.673469	-0.142857	0.0754089
-0.673469	-0.102041	0.0762024
-0.673469	-0.0612245	0.0766948
-0.673469	-0.0204082	0.0768838
-0.673469	0.0204082	0.0767682
-0.673469	0.0612245	0.076348
-0.673469	0.102041	0.0756245
-0.673469	0.142857	0.0746003
-0.673469	0.183673	0.0732791
-0.673469	0.22449	0.071666
-0.673469	0.265306	0.0697672
-0.673469	0.306122	0.06759
-0.673469	0.346939	0.0651431
-0.673469	0.387755	0.0624361
-0.673469	0.428571	0.0594799
-0.673469	0.469388	0.056286
-0.673469	0.510204	0.0528673
-0.673469	0.55102	0.0492375
-0.673469	0.591837	0.0454109
-0.673469	0.632653	0.0414031
-0.673469	0.673469	0.0372298
-0.673469	0.714286	0.032908
-0.673469	0.755102	0.0284547
-0.673469	0.795918	0.0238879
-0.673469	0.836735	0.0192257
-0.673469	0.877551	0.0144868
-0.673469	0.918367	0.00969009
-0.673469	0.959184	0.00485473
-0.673469	1	0
-0.632653	-1	0.005247
-0.632653	-0.959184	0.010474
-0.632653	-0.918367	0.0156611
-0.632653	-0.877551	0.0207885
-0.632653	-0.836735	0.0258366
-0.632653	-0.795918	0.0307861
-0.632653	-0.755102	0.0356178
-0.632653	-0.714286	0.0403131
-0.632653	-0.673469	0.0448539
-0.632653	-0.632653	0.0492225
-0.632653	-0.591837	0.0534016
-0.632653	-0.55102	0.0573748
-0.632653	-0.510204	0.0611265
-0.632653	-0.469388	0.0646415
-0.632653	-0.428571	0.0679058
-0.632653	-0.387755	0.0709061
-0.632653	-0.346939	0.0736302
-0.632653	-0.306122	0.0760668
-0.632653	-0.265306	0.0782059
-0.632653	-0.22449	0.0800383
-0.632653	-0.183673	0.0815563
-0.632653	-0.142857	0.0827533
-0.632653	-0.102041	0.083624
-0.632653	-0.0612245	0.0841644
-0.632653	-0.0204082	0.0843719
-0.632653	0.0204082	0.084245
-0.632653	0.0612245	0.0837839
-0.632653	0.102041	0.0829899
-0.632653	0.142857	0.0818659
-0.632653	0.183673	0.0804161
-0.632653	0.22449	0.0786459
-0.632653	0.265306	0.0765621
-0.632653	0.306122	0.0741729
-0.632653	0.346939	0.0714877
-0.632653	0.387755	0.0685171
-0.632653	0.428571	0.0652729
-0.632653	0.469388	0.0617679
-0.632653	0.510204	0.0580163
-0.632653	0.55102	0.0540329
-0.632653	0.591837	0.0498337
-0.632653	0.632653	0.0454355
-0.632653	0.673469	0.0408558
-0.632653	0.714286	0.036113
-0.632653	0.755102	0.031226
-0.632653	0.795918	0.0262144
-0.632653	0.836735	0.0210982
-0.632653	0.877551	0.0158977
-0.632653	0.918367	0.0106338
-0.632653	0.959184	0.00532755
-0.632653	1	0
-0.591837	-1	0.00569248
-0.591837	-0.959184	0.0113633
-0.591837	-0.918367	0.0169908
-0.591837	-0.877551	0.0225535
-0.591837	-0.836735	0.0280302
-0.591837	-0.795918	0.0333999
-0.591837	-0.755102	0.0386418
-0.591837	-0.714286	0.0437358
-0.591837	-0.673469	0.0486622
-0.591837	-0.632653	0.0534016
-0.591837	-0.591837	0.0579355
-0.591837	-0.55102	0.0622461
-0.591837	-0.510204	0.0663163
-0.591837	-0.469388	0.0701298
-0.591837	-0.428571	0.0736712
-0.591837	-0.387755	0.0769263
-0.591837	-0.346939	0.0798816
-0.591837	-0.306122	0.0825251
-0.591837	-0.265306	0.0848458
-0.591837	-0.22449	0.0868338
-0.591837	-0.183673	0.0884807
-0.591837	-0.142857	0.0897793
-0.591837	-0.102041	0.090724
-0.591837	-0.0612245	0.0913102
-0.591837	-0.0204082	0.0915353
-0.591837	0.0204082	0.0913976
-0.591837	0.0612245	0.0908974
-0.591837	0.102041	0.090036
-0.591837	0.142857	0.0888166
-0.591837	0.183673	0.0872436
-0.591837	0.22449	0.0853231
-0.591837	0.265306	0.0830624
-0.591837	0.306122	0.0804704
-0.591837	0.346939	0.0775572
-0.591837	0.387755	0.0743344
-0.591837	0.428571	0.0708147
-0.591837	0.469388	0.0670122
-0.591837	0.510204	0.062942
-0.591837	0.55102	0.0586205
-0.591837	0.591837	0.0540647
-0.591837	0.632653	0.0492931
-0.591837	0.673469	0.0443246
-0.591837	0.714286	0.0391791
-0.591837	0.755102	0.0338772
-0.591837	0.795918	0.0284401
-0.591837	0.836735	0.0228894
-0.591837	0.877551	0.0172475
-0.591837	0.918367	0.0115367
-0.591837	0.959184	0.00577988
-0.591837	1	0
-0.55102	-1	0.00611602
-0.55102	-0.959184	0.0122088
-0.55102	-0.918367	0.018255
-0.55102	-0.877551	0.0242316
-0.55102	-0.836735	0.0301158
-0.55102	-0.795918	0.0358849
-0.55102	-0.755102	0.0415169
-0.55102	-0.714286	0.0469899
-0.55102	-0.673469	0.0522828
-0.55102	-0.632653	0.0573748
-0.55102	-0.591837	0.0622461
-0.55102	-0.55102	0.0668775
-0.55102	-0.510204	0.0712505
-0.55102	-0.469388	0.0753477
-0.55102	-0.428571	0.0791526
-0.55102	-0.387755	0.0826498
-0.55102	-0.346939	0.0858251
-0.55102	-0.306122	0.0886653
-0.55102	-0.265306	0.0911586
-0.55102	-0.22449	0.0932945
-0.55102	-0.183673	0.0950639
-0.55102	-0.142857	0.0964592
-0.55102	-0.102041	0.0974741
-0.55102	-0.0612245	0.098104
-0.55102	-0.0204082	0.0983458
-0.55102	0.0204082	0.0981979
-0.55102	0.0612245	0.0976604
-0.55102	0.102041	0.096735
-0.55102	0.142857	0.0954249
-0.55102	0.183673	0.0937349
-0.55102	0.22449	0.0916714
-0.55102	0.265306	0.0892425
-0.55102	0.306122	0.0864577
-0.55102	0.346939	0.0833277
-0.55102	0.387755	0.0798651
-0.55102	0.428571	0.0760836
-0.55102	0.469388	0.0719982
-0.55102	0.510204	0.0676252
-0.55102	0.55102	0.062982
-0.55102	0.591837	0.0580873
-0.55102	0.632653	0.0529607
-0.55102	0.673469	0.0476225
-0.55102	0.714286	0.0420942
-0.55102	0.755102	0.0363978
-0.55102	0.795918	0.0305561
-0.55102	0.836735	0.0245925
-0.55102	0.877551	0.0185308
-0.55102	0.918367	0.0123951
-0.55102	0.959184	0.00620992
-0.55102	1	0
-0.510204	-1	0.00651594
-0.510204	-0.959184	0.0130071
-0.510204	-0.918367	0.0194486
-0.510204	-0.877551	0.0258161
-0.510204	-0.836735	0.032085
-0.510204	-0.795918	0.0382314
-0.510204	-0.755102	0.0442316
-0.510204	-0.714286	0.0500625
-0.510204	-0.673469	0.0557015
-0.510204	-0.632653	0.0611265
-0.510204	-0.591837	0.0663163
-0.510204	-0.55102	0.0712505
-0.510204	-0.510204	0.0759094
-0.510204	-0.469388	0.0802745
-0.510204	-0.428571	0.0843283
-0.510204	-0.387755	0.0880542
-0.510204	-0.346939	0.0914371
-0.510204	-0.306122	0.094463
-0.510204	-0.265306	0.0971193
-0.510204	-0.22449	0.0993949
-0.510204	-0.183673	0.10128
-0.510204	-0.142857	0.102767
-0.510204	-0.102041	0.103848
-0.510204	-0.0612245	0.104519
-0.510204	-0.0204082	0.104776
-0.510204	0.0204082	0.104619
-0.510204	0.0612245	0.104046
-0.510204	0.102041	0.10306
-0.510204	0.142857	0.101665
-0.510204	0.183673	0.099864
-0.510204	0.22449	0.0976657
-0.510204	0.265306	0.095078
-0.510204	0.306122	0.092111
-0.510204	0.346939	0.0887764
-0.510204	0.387755	0.0850873
-0.510204	0.428571	0.0810585
-0.510204	0.469388	0.076706
-0.510204	0.510204	0.072047
-0.510204	0.55102	0.0671003
-0.510204	0.591837	0.0618856
-0.510204	0.632653	0.0564237
-0.510204	0.673469	0.0507364
-0.510204	0.714286	0.0448466
-0.510204	0.755102	0.0387778
-0.510204	0.795918	0.0325541
-0.510204	0.836735	0.0262006
-0.510204	0.877551	0.0197424
-0.510204	0.918367	0.0132056
-0.510204	0.959184	0.00661597
-0.510204	1	0
-0.469388	-1	0.00689063
-0.469388	-0.959184	0.013755
-0.469388	-0.918367	0.020567
-0.469388	-0.877551	0.0273006
-0.469388	-0.836735	0.03393
-0.469388	-0.795918	0.0404299
-0.469388	-0.755102	0.0467751
-0.469388	-0.714286	0.0529413
-0.469388	-0.673469	0.0589045
-0.469388	-0.632653	0.0646415
-0.469388	-0.591837	0.0701298
-0.469388	-0.55102	0.0753477
-0.469388	-0.510204	0.0802745
-0.469388	-0.469388	0.0848906
-0.469388	-0.428571	0.0891775
-0.469388	-0.387755	0.0931177
-0.469388	-0.346939	0.0966951
-0.469388	-0.306122	0.099895
-0.469388	-0.265306	0.102704
-0.469388	-0.22449	0.105111
-0.469388	-0.183673	0.107104
-0.469388	-0.142857	0.108676
-0.469388	-0.102041	0.109819
-0.469388	-0.0612245	0.110529
-0.469388	-0.0204082	0.110802
-0.469388	0.0204082	0.110635
-0.469388	0.0612245	0.110029
-0.469388	0.102041	0.108987
-0.469388	0.142857	0.107511
-0.469388	0.183673	0.105607
-0.469388	0.22449	0.103282
-0.469388	0.265306	0.100545
-0.469388	0.306122	0.0974077
-0.469388	0.346939	0.0938814
-0.469388	0.387755	0.0899802
-0.469388	0.428571	0.0857197
-0.469388	0.469388	0.0811169
-0.469388	0.510204	0.0761901
-0.469388	0.55102	0.0709589
-0.469388	0.591837	0.0654443
-0.469388	0.632653	0.0596683
-0.469388	0.673469	0.053654
-0.469388	0.714286	0.0474255
-0.469388	0.755102	0.0410077
-0.469388	0.795918	0.0344261
-0.469388	0.836735	0.0277072
-0.469388	0.877551	0.0208777
-0.469388	0.918367	0.0139649
-0.469388	0.959184	0.00699642
-0.469388	1	0
-0.428571	-1	0.0072386
-0.428571	-0.959184	0.0144496
-0.428571	-0.918367	0.0216056
-0.428571	-0.877551	0.0286792
-0.428571	-0.836735	0.0356434
-0.428571	-0.795918	0.0424715
-0.428571	-0.755102	0.0491372
-0.428571	-0.714286	0.0556148
-0.428571	-0.673469	0.0618791
-0.428571	-0.632653	0.0679058
-0.428571	-0.591837	0.0736712
-0.428571	-0.55102	0.0791526
-0.428571	-0.510204	0.0843283
-0.428571	-0.469388	0.0891775
-0.428571	-0.428571	0.0936808
-0.428571	-0.387755	0.09782
-0.428571	-0.346939	0.101578
-0.428571	-0.306122	0.10494
-0.428571	-0.265306	0.10789
-0.428571	-0.22449	0.110418
-0.428571	-0.183673	0.112513
-0.428571	-0.142857	0.114164
-0.428571	-0.102041	0.115365
-0.428571	-0.0612245	0.116111
-0.428571	-0.0204082	0.116397
-0.428571	0.0204082	0.116222
-0.428571	0.0612245	0.115586
-0.428571	0.102041	0.11449
-0.428571	0.142857	0.11294
-0.428571	0.183673	0.11094
-0.428571	0.22449	0.108497
-0.428571	0.265306	0.105623
-0.428571	0.306122	0.102327
-0.428571	0.346939	0.0986222
-0.428571	0.387755	0.0945241
-0.428571	0.428571	0.0900485
-0.428571	0.469388	0.0852132
-0.428571	0.510204	0.0800375
-0.428571	0.55102	0.0745422
-0.428571	0.591837	0.0687491
-0.428571	0.632653	0.0626814
-0.428571	0.673469	0.0563634
-0.428571	0.714286	0.0498204
-0.428571	0.755102	0.0430785
-0.428571	0.795918	0.0361646
-0.428571	0.836735	0.0291064
-0.428571	0.877551	0.021932
-0.428571	0.918367	0.0146701
-0.428571	0.959184	0.00734973
-0.428571	1	0
-0.387755	-1	0.00755843
-0.387755	-0.959184	0.0150881
-0.387755	-0.918367	0.0225602
-0.387755	-0.877551	0.0299464
-0.387755	-0.836735	0.0372183
-0.387755	-0.795918	0.0443481
-0.387755	-0.755102	0.0513083
-0.387755	-0.714286	0.0580721
-0.387755	-0.673469	0.0646132
-0.387755	-0.632653	0.0709061
-0.387755	-0.591837	0.0769263
-0.387755	-0.55102	0.0826498
-0.387755	-0.510204	0.0880542
-0.387755	-0.469388	0.0931177
-0.387755	-0.428571	0.09782
-0.387755	-0.387755	0.102142
-0.387755	-0.346939	0.106066
-0.387755	-0.306122	0.109576
-0.387755	-0.265306	0.112657
-0.387755	-0.22449	0.115297
-0.387755	-0.183673	0.117484
-0.387755	-0.142857	0.119208
-0.387755	-0.102041	0.120462
-0.387755	-0.0612245	0.121241
-0.387755	-0.0204082	0.12154
-0.387755	0.0204082	0.121357
-0.387755	0.0612245	0.120693
-0.387755	0.102041	0.119549
-0.387755	0.142857	0.11793
-0.387755	0.183673	0.115841
-0.387755	0.22449	0.113291
-0.387755	0.265306	0.11029
-0.387755	0.306122	0.106848
-0.387755	0.346939	0.10298
-0.387755	0.387755	0.0987005
-0.387755	0.428571	0.0940271
-0.387755	0.469388	0.0889782
-0.387755	0.510204	0.0835739
-0.387755	0.55102	0.0778357
-0.387755	0.591837	0.0717867
-0.387755	0.632653	0.0654509
-0.387755	0.673469	0.0588538
-0.387755	0.714286	0.0520216
-0.387755	0.755102	0.0449818
-0.387755	0.795918	0.0377625
-0.387755	0.836735	0.0303924
-0.387755	0.877551	0.022901
-0.387755	0.918367	0.0153183
-0.387755	0.959184	0.00767447
-0.387755	1	0
-0.346939	-1	0.00784881
-0.346939	-0.959184	0.0156677
-0.346939	-0.918367	0.0234269
-0.346939	-0.877551	0.0310969
-0.346939	-0.836735	0.0386481
-0.346939	-0.795918	0.0460518
-0.346939	-0.755102	0.0532794
-0.346939	-0.714286	0.0603031
-0.346939	-0.673469	0.0670955
-0.346939	-0.632653	0.0736302
-0.346939	-0.591837	0.0798816
-0.346939	-0.55102	0.0858251
-0.346939	-0.510204	0.0914371
-0.346939	-0.469388	0.0966951
-0.346939	-0.428571	0.101578
-0.346939	-0.387755	0.106066
-0.346939	-0.346939	0.110141
-0.346939	-0.306122	0.113786
-0.346939	-0.265306	0.116986
-0.346939	-0.22449	0.119727
-0.346939	-0.183673	0.121997
-0.346939	-0.142857	0.123788
-0.346939	-0.102041	0.12509
-0.346939	-0.0612245	0.125899
-0.346939	-0.0204082	0.126209
-0.346939	0.0204082	0.126019
-0.346939	0.0612245	0.125329
-0.346939	0.102041	0.124142
-0.346939	0.142857	0.122461
-0.346939	0.183673	0.120292
-0.346939	0.22449	0.117644
-0.346939	0.265306	0.114527
-0.346939	0.306122	0.110953
-0.346939	0.346939	0.106936
-0.346939	0.387755	0.102492
-0.346939	0.428571	0.0976395
-0.346939	0.469388	0.0923966
-0.346939	0.510204	0.0867846
-0.346939	0.55102	0.080826
-0.346939	0.591837	0.0745446
-0.346939	0.632653	0.0679654
-0.346939	0.673469	0.0611148
-0.346939	0.714286	0.0540202
-0.346939	0.755102	0.04671
-0.346939	0.795918	0.0392132
-0.346939	0.836735	0.03156
-0.346939	0.877551	0.0237809
-0.346939	0.918367	0.0159068
-0.346939	0.959184	0.0079693
-0.346939	1	0
-0.306122	-1	0.00810855
-0.306122	-0.959184	0.0161862
-0.306122	-0.918367	0.0242022
-0.306122	-0.877551	0.0321259
-0.306122	-0.836735	0.0399271
-0.306122	-0.795918	0.0475758
-0.306122	-0.755102	0.0550426
-0.306122	-0.714286	0.0622987
-0.306122	-0.673469	0.0693159
-0.306122	-0.632653	0.0760668
-0.306122	-0.591837	0.0825251
-0.306122	-0.55102	0.0886653
-0.306122	-0.510204	0.094463
-0.306122	-0.469388	0.099895
-0.306122	-0.428571	0.10494
-0.306122	-0.387755	0.109576
-0.306122	-0.346939	0.113786
-0.306122	-0.306122	0.117551
-0.306122	-0.265306	0.120857
-0.306122	-0.22449	0.123689
-0.306122	-0.183673	0.126035
-0.306122	-0.142857	0.127884
-0.306122	-0.102041	0.12923
-0.306122	-0.0612245	0.130065
-0.306122	-0.0204082	0.130386
-0.306122	0.0204082	0.13019
-0.306122	0.0612245	0.129477
-0.306122	0.102041	0.12825
-0.306122	0.142857	0.126513
-0.306122	0.183673	0.124273
-0.306122	0.22449	0.121537
-0.306122	0.265306	0.118317
-0.306122	0.306122	0.114624
-0.306122	0.346939	0.110475
-0.306122	0.387755	0.105884
-0.306122	0.428571	0.100871
-0.306122	0.469388	0.0954542
-0.306122	0.510204	0.0896566
-0.306122	0.55102	0.0835008
-0.306122	0.591837	0.0770115
-0.306122	0.632653	0.0702146
-0.306122	0.673469	0.0631373
-0.306122	0.714286	0.0558079
-0.306122	0.755102	0.0482557
-0.306122	0.795918	0.0405109
-0.306122	0.836735	0.0326044
-0.306122	0.877551	0.0245678
-0.306122	0.918367	0.0164332
-0.306122	0.959184	0.00823303
-0.306122	1	0
-0.265306	-1	0.00833656
-0.265306	-0.959184	0.0166414
-0.265306	-0.918367	0.0248828
-0.265306	-0.877551	0.0330293
-0.265306	-0.836735	0.0410499
-0.265306	-0.795918	0.0489137
-0.265306	-0.755102	0.0565904
-0.265306	-0.714286	0.0640505
-0.265306	-0.673469	0.0712651
-0.265306	-0.632653	0.0782059
-0.265306	-0.591837	0.0848458
-0.265306	-0.55102	0.0911586
-0.265306	-0.510204	0.0971193
-0.265306	-0.469388	0.102704
-0.265306	-0.428571	0.10789
-0.265306	-0.387755	0.112657
-0.265306	-0.346939	0.116986
-0.265306	-0.306122	0.120857
-0.265306	-0.265306	0.124255
-0.265306	-0.22449	0.127167
-0.265306	-0.183673	0.129579
-0.265306	-0.142857	0.131481
-0.265306	-0.102041	0.132864
-0.265306	-0.0612245	0.133723
-0.265306	-0.0204082	0.134052
-0.265306	0.0204082	0.133851
-0.265306	0.0612245	0.133118
-0.265306	0.102041	0.131856
-0.265306	0.142857	0.130071
-0.265306	0.183673	0.127767
-0.265306	0.22449	0.124955
-0.265306	0.265306	0.121644
-0.265306	0.306122	0.117848
-0.265306	0.346939	0.113581
-0.265306	0.387755	0.108862
-0.265306	0.428571	0.103707
-0.265306	0.469388	0.0981384
-0.265306	0.510204	0.0921777
-0.265306	0.55102	0.0858488
-0.265306	0.591837	0.0791771
-0.265306	0.632653	0.072189
-0.265306	0.673469	0.0649127
-0.265306	0.714286	0.0573772
-0.265306	0.755102	0.0496127
-0.265306	0.795918	0.0416501
-0.265306	0.836735	0.0335213
-0.265306	0.877551	0.0252587
-0.265306	0.918367	0.0168953
-0.265306	0.959184	0.00846455
-0.265306	1	0
-0.22449	-1	0.0085319
-0.22449	-0.959184	0.0170313
-0.22449	-0.918367	0.0254658
-0.22449	-0.877551	0.0338032
-0.22449	-0.836735	0.0420117
-0.22449	-0.795918	0.0500597
-0.22449	-0.755102	0.0579164
-0.22449	-0.714286	0.0655513
-0.22449	-0.673469	0.0729349
-0.22449	-0.632653	0.0800383
-0.22449	-0.591837	0.0868338
-0.22449	-0.55102	0.0932945
-0.22449	-0.510204	0.0993949
-0.22449	-0.469388	0.105111
-0.22449	-0.428571	0.110418
-0.22449	-0.387755	0.115297
-0.22449	-0.346939	0.119727
-0.22449	-0.306122	0.123689
-0.22449	-0.265306	0.127167
-0.22449	-0.22449	0.130146
-0.22449	-0.183673	0.132615
-0.22449	-0.142857	0.134561
-0.22449	-0.102041	0.135977
-0.22449	-0.0612245	0.136856
-0.22449	-0.0204082	0.137193
-0.22449	0.0204082	0.136987
-0.22449	0.0612245	0.136237
-0.22449	0.102041	0.134946
-0.22449	0.142857	0.133118
-0.22449	0.183673	0.130761
-0.22449	0.22449	0.127882
-0.22449	0.265306	0.124494
-0.22449	0.306122	0.120609
-0.22449	0.346939	0.116243
-0.22449	0.387755	0.111412
-0.22449	0.428571	0.106137
-0.22449	0.469388	0.100438
-0.22449	0.510204	0.0943375
-0.22449	0.55102	0.0878604
-0.22449	0.591837	0.0810322
-0.22449	0.632653	0.0738805
-0.22449	0.673469	0.0664337
-0.22449	0.714286	0.0587216
-0.22449	0.755102	0.0507751
-0.22449	0.795918	0.042626
-0.22449	0.836735	0.0343067
-0.22449	0.877551	0.0258505
-0.22449	0.918367	0.0172912
-0.22449	0.959184	0.00866288
-0.22449	1	0
-0.183673	-1	0.00869371
-0.183673	-0.959184	0.0173543
-0.183673	-0.918367	0.0259488
-0.183673	-0.877551	0.0344444
-0.183673	-0.836735	0.0428085
-0.183673	-0.795918	0.0510092
-0.183673	-0.755102	0.0590148
-0.183673	-0.714286	0.0667945
-0.183673	-0.673469	0.0743181
-0.183673	-0.632653	0.0815563
-0.183673	-0.591837	0.0884807
-0.183673	-0.55102	0.0950639
-0.183673	-0.510204	0.10128
-0.183673	-0.469388	0.107104
-0.183673	-0.428571	0.112513
-0.183673	-0.387755	0.117484
-0.183673	-0.346939	0.121997
-0.183673	-0.306122	0.126035
-0.183673	-0.265306	0.129579
-0.183673	-0.22449	0.132615
-0.183673	-0.183673	0.13513
-0.183673	-0.142857	0.137113
-0.183673	-0.102041	0.138556
-0.183673	-0.0612245	0.139451
-0.183673	-0.0204082	0.139795
-0.183673	0.0204082	0.139585
-0.183673	0.0612245	0.138821
-0.183673	0.102041	0.137505
-0.183673	0.142857	0.135643
-0.183673	0.183673	0.133241
-0.183673	0.22449	0.130308
-0.183673	0.265306	0.126855
-0.183673	0.306122	0.122896
-0.183673	0.346939	0.118447
-0.183673	0.387755	0.113525
-0.183673	0.428571	0.10815
-0.183673	0.469388	0.102343
-0.183673	0.510204	0.0961267
-0.183673	0.55102	0.0895267
-0.183673	0.591837	0.0825691
-0.183673	0.632653	0.0752817
-0.183673	0.673469	0.0676937
-0.183673	0.714286	0.0598353
-0.183673	0.755102	0.0517382
-0.183673	0.795918	0.0434344
-0.183673	0.836735	0.0349574
-0.183673	0.877551	0.0263408
-0.183673	0.918367	0.0176191
-0.183673	0.959184	0.00882718
-0.183673	1	0
-0.142857	-1	0.00882131
-0.142857	-0.959184	0.017609
-0.142857	-0.918367	0.0263296
-0.142857	-0.877551	0.0349499
-0.142857	-0.836735	0.0434368
-0.142857	-0.795918	0.0517578
-0.142857	-0.755102	0.059881
-0.142857	-0.714286	0.0677749
-0.142857	-0.673469	0.0754089
-0.142857	-0.632653	0.0827533
-0.142857	-0.591837	0.0897793
-0.142857	-0.55102	0.0964592
-0.142857	-0.510204	0.102767
-0.142857	-0.469388	0.108676
-0.142857	-0.428571	0.114164
-0.142857	-0.387755	0.119208
-0.142857	-0.346939	0.123788
-0.142857	-0.306122	0.127884
-0.142857	-0.265306	0.131481
-0.142857	-0.22449	0.134561
-0.142857	-0.183673	0.137113
-0.142857	-0.142857	0.139126
-0.142857	-0.102041	0.14059
-0.142857	-0.0612245	0.141498
-0.142857	-0.0204082	0.141847
-0.142857	0.0204082	0.141634
-0.142857	0.0612245	0.140858
-0.142857	0.102041	0.139524
-0.142857	0.142857	0.137634
-0.142857	0.183673	0.135196
-0.142857	0.22449	0.13222
-0.142857	0.265306	0.128717
-0.142857	0.306122	0.1247
-0.142857	0.346939	0.120186
-0.142857	0.387755	0.115192
-0.142857	0.428571	0.109737
-0.142857	0.469388	0.103845
-0.142857	0.510204	0.0975376
-0.142857	0.55102	0.0908407
-0.142857	0.591837	0.083781
-0.142857	0.632653	0.0763866
-0.142857	0.673469	0.0686872
-0.142857	0.714286	0.0607136
-0.142857	0.755102	0.0524975
-0.142857	0.795918	0.0440719
-0.142857	0.836735	0.0354704
-0.142857	0.877551	0.0267274
-0.142857	0.918367	0.0178777
-0.142857	0.959184	0.00895674
-0.142857	1	0
-0.102041	-1	0.00891413
-0.102041	-0.959184	0.0177943
-0.102041	-0.918367	0.0266067
-0.102041	-0.877551	0.0353176
-0.102041	-0.836735	0.0438938
-0.102041	-0.795918	0.0523024
-0.102041	-0.755102	0.0605111
-0.102041	-0.714286	0.068488
-0.102041	-0.673469	0.0762024
-0.102041	-0.632653	0.083624
-0.102041	-0.591837	0.090724
-0.102041	-0.55102	0.0974741
-0.102041	-0.510204	0.103848
-0.102041	-0.469388	0.109819
-0.102041	-0.428571	0.115365
-0.102041	-0.387755	0.120462
-0.102041	-0.346939	0.12509
-0.102041	-0.306122	0.12923
-0.102041	-0.265306	0.132864
-0.102041	-0.22449	0.135977
-0.102041	-0.183673	0.138556
-0.102041	-0.142857	0.14059
-0.102041	-0.102041	0.142069
-0.102041	-0.0612245	0.142987
-0.102041	-0.0204082	0.143339
-0.102041	0.0204082	0.143124
-0.102041	0.0612245	0.14234
-0.102041	0.102041	0.140992
-0.102041	0.142857	0.139082
-0.102041	0.183673	0.136619
-0.102041	0.22449	0.133611
-0.102041	0.265306	0.130071
-0.102041	0.306122	0.126012
-0.102041	0.346939	0.12145
-0.102041	0.387755	0.116404
-0.102041	0.428571	0.110892
-0.102041	0.469388	0.104938
-0.102041	0.510204	0.0985639
-0.102041	0.55102	0.0917965
-0.102041	0.591837	0.0846625
-0.102041	0.632653	0.0771903
-0.102041	0.673469	0.0694099
-0.102041	0.714286	0.0613524
-0.102041	0.755102	0.0530499
-0.102041	0.795918	0.0445356
-0.102041	0.836735	0.0358437
-0.102041	0.877551	0.0270086
-0.102041	0.918367	0.0180658
-0.102041	0.959184	0.00905098
-0.102041	1	0
-0.0612245	-1	0.00897173
-0.0612245	-0.959184	0.0179093
-0.0612245	-0.918367	0.0267786
-0.0612245	-0.877551	0.0355459
-0.0612245	-0.836735	0.0441775
-0.0612245	-0.795918	0.0526404
-0.0612245	-0.755102	0.0609021
-0.0612245	-0.714286	0.0689306
-0.0612245	-0.673469	0.0766948
-0.0612245	-0.632653	0.0841644
-0.0612245	-0.591837	0.0913102
-0.0612245	-0.55102	0.098104
-0.0612245	-0.510204	0.104519
-0.0612245	-0.469388	0.110529
-0.0612245	-0.428571	0.116111
-0.0612245	-0.387755	0.121241
-0.0612245	-0.346939	0.125899
-0.0612245	-0.306122	0.130065
-0.0612245	-0.265306	0.133723
-0.0612245	-0.22449	0.136856
-0.0612245	-0.183673	0.139451
-0.0612245	-0.142857	0.141498
-0.0612245	-0.102041	0.142987
-0.0612245	-0.0612245	0.143911
-0.0612245	-0.0204082	0.144266
-0.0612245	0.0204082	0.144049
-0.0612245	0.0612245	0.14326
-0.0612245	0.102041	0.141903
-0.0612245	0.142857	0.139981
-0.0612245	0.183673	0.137502
-0.0612245	0.22449	0.134475
-0.0612245	0.265306	0.130912
-0.0612245	0.306122	0.126827
-0.0612245	0.346939	0.122235
-0.0612245	0.387755	0.117156
-0.0612245	0.428571	0.111609
-0.0612245	0.469388	0.105616
-0.0612245	0.510204	0.0992008
-0.0612245	0.55102	0.0923897
-0.0612245	0.591837	0.0852096
-0.0612245	0.632653	0.0776892
-0.0612245	0.673469	0.0698585
-0.0612245	0.714286	0.0617488
-0.0612245	0.755102	0.0533927
-0.0612245	0.795918	0.0448234
-0.0612245	0.836735	0.0360753
-0.0612245	0.877551	0.0271832
-0.0612245	0.918367	0.0181826
-0.0612245	0.959184	0.00910947
-0.0612245	1	0
-0.0204082	-1	0.00899384
-0.0204082	-0.959184	0.0179534
-0.0204082	-0.918367	0.0268446
-0.0204082	-0.877551	0.0356335
-0.0204082	-0.836735	0.0442864
-0.0204082	-0.795918	0.0527702
-0.0204082	-0.755102	0.0610522
-0.0204082	-0.714286	0.0691005
-0.0204082	-0.673469	0.0768838
-0.0204082	-0.632653	0.0843719
-0.0204082	-0.591837	0.0915353
-0.0204082	-0.55102	0.0983458
-0.0204082	-0.510204	0.104776
-0.0204082	-0.469388	0.110802
-0.0204082	-0.428571	0.116397
-0.0204082	-0.387755	0.12154
-0.0204082	-0.346939	0.126209
-0.0204082	-0.306122	0.130386
-0.0204082	-0.265306	0.134052
-0.0204082	-0.22449	0.137193
-0.0204082	-0.183673	0.139795
-0.0204082	-0.142857	0.141847
-0.0204082	-0.102041	0.143339
-0.0204082	-0.0612245	0.144266
-0.0204082	-0.0204082	0.144621
-0.0204082	0.0204082	0.144404
-0.0204082	0.0612245	0.143613
-0.0204082	0.102041	0.142252
-0.0204082	0.142857	0.140326
-0.0204082	0.183673	0.137841
-0.0204082	0.22449	0.134806
-0.0204082	0.265306	0.131235
-0.0204082	0.306122	0.127139
-0.0204082	0.346939	0.122537
-0.0204082	0.387755	0.117445
-0.0204082	0.428571	0.111884
-0.0204082	0.469388	0.105876
-0.0204082	0.510204	0.0994453
-0.0204082	0.55102	0.0926174
-0.0204082	0.591837	0.0854196
-0.0204082	0.632653	0.0778806
-0.0204082	0.673469	0.0700306
-0.0204082	0.714286	0.061901
-0.0204082	0.755102	0.0535243
-0.0204082	0.795918	0.0449339
-0.0204082	0.836735	0.0361642
-0.0204082	0.877551	0.0272502
-0.0204082	0.918367	0.0182274
-0.0204082	0.959184	0.00913192
-0.0204082	1	0
0.0204082	-1	0.00898032
0.0204082	-0.959184	0.0179264
0.0204082	-0.918367	0.0268043
0.0204082	-0.877551	0.0355799
0.0204082	-0.836735	0.0442198
0.0204082	-0.795918	0.0526908
0.0204082	-0.755102	0.0609604
0.0204082	-0.714286	0.0689966
0.0204082	-0.673469	0.0767682
0.0204082	-0.632653	0.084245
0.0204082	-0.591837	0.0913976
0.0204082	-0.55102	0.0981979
0.0204082	-0.510204	0.104619
0.0204082	-0.469388	0.110635
0.0204082	-0.428571	0.116222
0.0204082	-0.387755	0.121357
0.0204082	-0.346939	0.126019
0.0204082	-0.306122	0.13019
0.0204082	-0.265306	0.133851
0.0204082	-0.22449	0.136987
0.0204082	-0.183673	0.139585
0.0204082	-0.142857	0.141634
0.0204082	-0.102041	0.143124
0.0204082	-0.0612245	0.144049
0.0204082	-0.0204082	0.144404
0.0204082	0.0204082	0.144187
0.0204082	0.0612245	0.143397
0.0204082	0.102041	0.142039
0.0204082	0.142857	0.140115
0.0204082	0.183673	0.137633
0.0204082	0.22449	0.134604
0.0204082	0.265306	0.131037
0.0204082	0.306122	0.126948
0.0204082	0.346939	0.122352
0.0204082	0.387755	0.117268
0.0204082	0.428571	0.111715
0.0204082	0.469388	0.105717
0.0204082	0.510204	0.0992958
0.0204082	0.55102	0.0924782
0.0204082	0.591837	0.0852912
0.0204082	0.632653	0.0777635
0.0204082	0.673469	0.0699253
0.0204082	0.714286	0.0618079
0.0204082	0.755102	0.0534438
0.0204082	0.795918	0.0448663
0.0204082	0.836735	0.0361098
0.0204082	0.877551	0.0272092
0.0204082	0.918367	0.0182
0.0204082	0.959184	0.00911818
0.0204082	1	0
0.0612245	-1	0.00893117
0.0612245	-0.959184	0.0178283
0.0612245	-0.918367	0.0266575
0.0612245	-0.877551	0.0353851
0.0612245	-0.836735	0.0439777
0.0612245	-0.795918	0.0524024
0.0612245	-0.755102	0.0606267
0.0612245	-0.714286	0.0686189
0.0612245	-0.673469	0.076348
0.0612245	-0.632653	0.0837839
0.0612245	-0.591837	0.0908974
0.0612245	-0.55102	0.0976604
0.0612245	-0.510204	0.104046
0.0612245	-0.469388	0.110029
0.0612245	-0.428571	0.115586
0.0612245	-0.387755	0.120693
0.0612245	-0.346939	0.125329
0.0612245	-0.306122	0.129477
0.0612245	-0.265306	0.133118
0.0612245	-0.22449	0.136237
0.0612245	-0.183673	0.138821
0.0612245	-0.142857	0.140858
0.0612245	-0.102041	0.14234
0.0612245	-0.0612245	0.14326
0.0612245	-0.0204082	0.143613
0.0612245	0.0204082	0.143397
0.0612245	0.0612245	0.142612
0.0612245	0.102041	0.141261
0.0612245	0.142857	0.139348
0.0612245	0.183673	0.13688
0.0612245	0.22449	0.133867
0.0612245	0.265306	0.13032
0.0612245	0.306122	0.126253
0.0612245	0.346939	0.121683
0.0612245	0.387755	0.116626
0.0612245	0.428571	0.111104
0.0612245	0.469388	0.105138
0.0612245	0.510204	0.0987523
0.0612245	0.55102	0.091972
0.0612245	0.591837	0.0848243
0.0612245	0.632653	0.0773379
0.0612245	0.673469	0.0695426
0.0612245	0.714286	0.0614696
0.0612245	0.755102	0.0531513
0.0612245	0.795918	0.0446208
0.0612245	0.836735	0.0359122
0.0612245	0.877551	0.0270603
0.0612245	0.918367	0.0181004
0.0612245	0.959184	0.00906828
0.0612245	1	0
0.102041	-1	0.00884653
0.102041	-0.959184	0.0176594
0.102041	-0.918367	0.0264049
0.102041	-0.877551	0.0350498
0.102041	-0.836735	0.043561
0.102041	-0.795918	0.0519058
0.102041	-0.755102	0.0600522
0.102041	-0.714286	0.0679687
0.102041	-0.673469	0.0756245
0.102041	-0.632653	0.0829899
0.102041	-0.591837	0.090036
0.102041	-0.55102	0.096735
0.102041	-0.510204	0.10306
0.102041	-0.469388	0.108987
0.102041	-0.428571	0.11449
0.102041	-0.387755	0.119549
0.102041	-0.346939	0.124142
0.102041	-0.306122	0.12825
0.102041	-0.265306	0.131856
0.102041	-0.22449	0.134946
0.102041	-0.183673	0.137505
0.102041	-0.142857	0.139524
0.102041	-0.102041	0.140992
0.102041	-0.0612245	0.141903
0.102041	-0.0204082	0.142252
0.102041	0.0204082	0.142039
0.102041	0.0612245	0.141261
0.102041	0.102041	0.139922
0.102041	0.142857	0.138027
0.102041	0.183673	0.135583
0.102041	0.22449	0.132598
0.102041	0.265306	0.129085
0.102041	0.306122	0.125057
0.102041	0.346939	0.120529
0.102041	0.387755	0.115521
0.102041	0.428571	0.110051
0.102041	0.469388	0.104142
0.102041	0.510204	0.0978165
0.102041	0.55102	0.0911004
0.102041	0.591837	0.0840205
0.102041	0.632653	0.076605
0.102041	0.673469	0.0688836
0.102041	0.714286	0.0608871
0.102041	0.755102	0.0526476
0.102041	0.795918	0.0441979
0.102041	0.836735	0.0355719
0.102041	0.877551	0.0268038
0.102041	0.918367	0.0179289
0.102041	0.959184	0.00898234
0.102041	1	0
0.142857	-1	0.00872672
0.142857	-0.959184	0.0174202
0.142857	-0.918367	0.0260473
0.142857	-0.877551	0.0345751
0.142857	-0.836735	0.042971
0.142857	-0.795918	0.0512028
0.142857	-0.755102	0.0592389
0.142857	-0.714286	0.0670481
0.142857	-0.673469	0.0746003
0.142857	-0.632653	0.0818659
0.142857	-0.591837	0.0888166
0.142857	-0.55102	0.0954249
0.142857	-0.510204	0.101665
0.142857	-0.469388	0.107511
0.142857	-0.428571	0.11294
0.142857	-0.387755	0.11793
0.142857	-0.346939	0.122461
0.142857	-0.306122	0.126513
0.142857	-0.265306	0.130071
0.142857	-0.22449	0.133118
0.142857	-0.183673	0.135643
0.142857	-0.142857	0.137634
0.142857	-0.102041	0.139082
0.142857	-0.0612245	0.139981
0.142857	-0.0204082	0.140326
0.142857	0.0204082	0.140115
0.142857	0.0612245	0.139348
0.142857	0.102041	0.138027
0.142857	0.142857	0.136158
0.142857	0.183673	0.133747
0.142857	0.22449	0.130802
0.142857	0.265306	0.127337
0.142857	0.306122	0.123363
0.142857	0.346939	0.118897
0.142857	0.387755	0.113956
0.142857	0.428571	0.108561
0.142857	0.469388	0.102731
0.142857	0.510204	0.0964917
0.142857	0.55102	0.0898666
0.142857	0.591837	0.0828826
0.142857	0.632653	0.0755675
0.142857	0.673469	0.0679507
0.142857	0.714286	0.0600625
0.142857	0.755102	0.0519346
0.142857	0.795918	0.0435993
0.142857	0.836735	0.0350901
0.142857	0.877551	0.0264408
0.142857	0.918367	0.017686
0.142857	0.959184	0.00886069
0.142857	1	0
0.183673	-1	0.00857217
0.183673	-0.959184	0.0171117
0.183673	-0.918367	0.025586
0.183673	-0.877551	0.0339628
0.183673	-0.836735	0.04221
0.183673	-0.795918	0.050296
0.183673	-0.755102	0.0581898
0.183673	-0.714286	0.0658607
0.183673	-0.673469	0.0732791
0.183673	-0.632653	0.0804161
0.183673	-0.591837	0.0872436
0.183673	-0.55102	0.0937349
0.183673	-0.510204	0.099864
0.183673	-0.469388	0.105607
0.183673	-0.428571	0.11094
0.183673	-0.387755	0.115841
0.183673	-0.346939	0.120292
0.183673	-0.306122	0.124273
0.183673	-0.265306	0.127767
0.183673	-0.22449	0.130761
0.183673	-0.183673	0.133241
0.183673	-0.142857	0.135196
0.183673	-0.102041	0.136619
0.183673	-0.0612245	0.137502
0.183673	-0.0204082	0.137841
0.183673	0.0204082	0.137633
0.183673	0.0612245	0.13688
0.183673	0.102041	0.135583
0.183673	0.142857	0.133747
0.183673	0.183673	0.131378
0.183673	0.22449	0.128486
0.183673	0.265306	0.125082
0.183673	0.306122	0.121178
0.183673	0.346939	0.116791
0.183673	0.387755	0.111938
0.183673	0.428571	0.106638
0.183673	0.469388	0.100912
0.183673	0.510204	0.0947828
0.183673	0.55102	0.0882751
0.183673	0.591837	0.0814147
0.183673	0.632653	0.0742292
0.183673	0.673469	0.0667472
0.183673	0.714286	0.0589988
0.183673	0.755102	0.0510148
0.183673	0.795918	0.0428272
0.183673	0.836735	0.0344686
0.183673	0.877551	0.0259725
0.183673	0.918367	0.0173728
0.183673	0.959184	0.00870377
0.183673	1	0
0.22449	-1	0.00838346
0.22449	-0.959184	0.016735
0.22449	-0.918367	0.0250228
0.22449	-0.877551	0.0332152
0.22449	-0.836735	0.0412808
0.22449	-0.795918	0.0491888
0.22449	-0.755102	0.0569088
0.22449	-0.714286	0.0644109
0.22449	-0.673469	0.071666
0.22449	-0.632653	0.0786459
0.22449	-0.591837	0.0853231
0.22449	-0.55102	0.0916714
0.22449	-0.510204	0.0976657
0.22449	-0.469388	0.103282
0.22449	-0.428571	0.108497
0.22449	-0.387755	0.113291
0.22449	-0.346939	0.117644
0.22449	-0.306122	0.121537
0.22449	-0.265306	0.124955
0.22449	-0.22449	0.127882
0.22449	-0.183673	0.130308
0.22449	-0.142857	0.13222
0.22449	-0.102041	0.133611
0.22449	-0.0612245	0.134475
0.22449	-0.0204082	0.134806
0.22449	0.0204082	0.134604
0.22449	0.0612245	0.133867
0.22449	0.102041	0.132598
0.22449	0.142857	0.130802
0.22449	0.183673	0.128486
0.22449	0.22449	0.125657
0.22449	0.265306	0.122328
0.22449	0.306122	0.118511
0.22449	0.346939	0.11422
0.22449	0.387755	0.109474
0.22449	0.428571	0.104291
0.22449	0.469388	0.0986905
0.22449	0.510204	0.0926963
0.22449	0.55102	0.0863318
0.22449	0.591837	0.0796225
0.22449	0.632653	0.0725951
0.22449	0.673469	0.0652779
0.22449	0.714286	0.0577
0.22449	0.755102	0.0498918
0.22449	0.795918	0.0418844
0.22449	0.836735	0.0337099
0.22449	0.877551	0.0254008
0.22449	0.918367	0.0169904
0.22449	0.959184	0.00851217
0.22449	1	0
0.265306	-1	0.00816134
0.265306	-0.959184	0.0162916
0.265306	-0.918367	0.0243598
0.265306	-0.877551	0.0323351
0.265306	-0.836735	0.0401871
0.265306	-0.795918	0.0478855
0.265306	-0.755102	0.055401
0.265306	-0.714286	0.0627043
0.265306	-0.673469	0.0697672
0.265306	-0.632653	0.0765621
0.265306	-0.591837	0.0830624
0.265306	-0.55102	0.0892425
0.265306	-0.510204	0.095078
0.265306	-0.469388	0.100545
0.265306	-0.428571	0.105623
0.265306	-0.387755	0.11029
0.265306	-0.346939	0.114527
0.265306	-0.306122	0.118317
0.265306	-0.265306	0.121644
0.265306	-0.22449	0.124494
0.265306	-0.183673	0.126855
0.265306	-0.142857	0.128717
0.265306	-0.102041	0.130071
0.265306	-0.0612245	0.130912
0.265306	-0.0204082	0.131235
0.265306	0.0204082	0.131037
0.265306	0.0612245	0.13032
0.265306	0.102041	0.129085
0.265306	0.142857	0.127337
0.265306	0.183673	0.125082
0.265306	0.22449	0.122328
0.265306	0.265306	0.119087
0.265306	0.306122	0.115371
0.265306	0.346939	0.111194
0.265306	0.387755	0.106573
0.265306	0.428571	0.101527
0.265306	0.469388	0.0960757
0.265306	0.510204	0.0902403
0.265306	0.55102	0.0840444
0.265306	0.591837	0.0775128
0.265306	0.632653	0.0706717
0.265306	0.673469	0.0635483
0.265306	0.714286	0.0561712
0.265306	0.755102	0.0485699
0.265306	0.795918	0.0407747
0.265306	0.836735	0.0328167
0.265306	0.877551	0.0247278
0.265306	0.918367	0.0165402
0.265306	0.959184	0.00828663
0.265306	1	0
0.306122	-1	0.00790666
0.306122	-0.959184	0.0157832
0.306122	-0.918367	0.0235996
0.306122	-0.877551	0.0313261
0.306122	-0.836735	0.038933
0.306122	-0.795918	0.0463912
0.306122	-0.755102	0.0536721
0.306122	-0.714286	0.0607475
0.306122	-0.673469	0.06759
0.306122	-0.632653	0.0741729
0.306122	-0.591837	0.0804704
0.306122	-0.55102	0.0864577
0.306122	-0.510204	0.092111
0.306122	-0.469388	0.0974077
0.306122	-0.428571	0.102327
0.306122	-0.387755	0.106848
0.306122	-0.346939	0.110953
0.306122	-0.306122	0.114624
0.306122	-0.265306	0.117848
0.306122	-0.22449	0.120609
0.306122	-0.183673	0.122896
0.306122	-0.142857	0.1247
0.306122	-0.102041	0.126012
0.306122	-0.0612245	0.126827
0.306122	-0.0204082	0.127139
0.306122	0.0204082	0.126948
0.306122	0.0612245	0.126253
0.306122	0.102041	0.125057
0.306122	0.142857	0.123363
0.306122	0.183673	0.121178
0.306122	0.22449	0.118511
0.306122	0.265306	0.115371
0.306122	0.306122	0.11177
0.306122	0.346939	0.107724
0.306122	0.387755	0.103248
0.306122	0.428571	0.0983591
0.306122	0.469388	0.0930775
0.306122	0.510204	0.0874242
0.306122	0.55102	0.0814217
0.306122	0.591837	0.075094
0.306122	0.632653	0.0684663
0.306122	0.673469	0.0615652
0.306122	0.714286	0.0544184
0.306122	0.755102	0.0470542
0.306122	0.795918	0.0395022
0.306122	0.836735	0.0317926
0.306122	0.877551	0.0239561
0.306122	0.918367	0.016024
0.306122	0.959184	0.00802804
0.306122	1	0
0.346939	-1	0.00762042
0.346939	-0.959184	0.0152118
0.346939	-0.918367	0.0227453
0.346939	-0.877551	0.030192
0.346939	-0.836735	0.0375235
0.346939	-0.795918	0.0447118
0.346939	-0.755102	0.0517291
0.346939	-0.714286	0.0585483
0.346939	-0.673469	0.0651431
0.346939	-0.632653	0.0714877
0.346939	-0.591837	0.0775572
0.346939	-0.55102	0.0833277
0.346939	-0.510204	0.0887764
0.346939	-0.469388	0.0938814
0.346939	-0.428571	0.0986222
0.346939	-0.387755	0.10298
0.346939	-0.346939	0.106936
0.346939	-0.306122	0.110475
0.346939	-0.265306	0.113581
0.346939	-0.22449	0.116243
0.346939	-0.183673	0.118447
0.346939	-0.142857	0.120186
0.346939	-0.102041	0.12145
0.346939	-0.0612245	0.122235
0.346939	-0.0204082	0.122537
0.346939	0.0204082	0.122352
0.346939	0.0612245	0.121683
0.346939	0.102041	0.120529
0.346939	0.142857	0.118897
0.346939	0.183673	0.116791
0.346939	0.22449	0.11422
0.346939	0.265306	0.111194
0.346939	0.306122	0.107724
0.346939	0.346939	0.103824
0.346939	0.387755	0.09951
0.346939	0.428571	0.0947983
0.346939	0.469388	0.089708
0.346939	0.510204	0.0842593
0.346939	0.55102	0.0784741
0.346939	0.591837	0.0723754
0.346939	0.632653	0.0659877
0.346939	0.673469	0.0593365
0.346939	0.714286	0.0524483
0.346939	0.755102	0.0453508
0.346939	0.795918	0.0380722
0.346939	0.836735	0.0306417
0.346939	0.877551	0.0230889
0.346939	0.918367	0.0154439
0.346939	0.959184	0.00773741
0.346939	1	0
0.387755	-1	0.00730376
0.387755	-0.959184	0.0145797
0.387755	-0.918367	0.0218001
0.387755	-0.877551	0.0289374
0.387755	-0.836735	0.0359643
0.387755	-0.795918	0.0428538
0.387755	-0.755102	0.0495795
0.387755	-0.714286	0.0561154
0.387755	-0.673469	0.0624361
0.387755	-0.632653	0.0685171
0.387755	-0.591837	0.0743344
0.387755	-0.55102	0.0798651
0.387755	-0.510204	0.0850873
0.387755	-0.469388	0.0899802
0.387755	-0.428571	0.0945241
0.387755	-0.387755	0.0987005
0.387755	-0.346939	0.102492
0.387755	-0.306122	0.105884
0.387755	-0.265306	0.108862
0.387755	-0.22449	0.111412
0.387755	-0.183673	0.113525
0.387755	-0.142857	0.115192
0.387755	-0.102041	0.116404
0.387755	-0.0612245	0.117156
0.387755	-0.0204082	0.117445
0.387755	0.0204082	0.117268
0.387755	0.0612245	0.116626
0.387755	0.102041	0.115521
0.387755	0.142857	0.113956
0.387755	0.183673	0.111938
0.387755	0.22449	0.109474
0.387755	0.265306	0.106573
0.387755	0.306122	0.103248
0.387755	0.346939	0.09951
0.387755	0.387755	0.0953749
0.387755	0.428571	0.090859
0.387755	0.469388	0.0859802
0.387755	0.510204	0.080758
0.387755	0.55102	0.0752132
0.387755	0.591837	0.0693679
0.387755	0.632653	0.0632456
0.387755	0.673469	0.0568708
0.387755	0.714286	0.0502689
0.387755	0.755102	0.0434662
0.387755	0.795918	0.0364901
0.387755	0.836735	0.0293684
0.387755	0.877551	0.0221294
0.387755	0.918367	0.0148022
0.387755	0.959184	0.00741589
0.387755	1	0
0.428571	-1	0.00695793
0.428571	-0.959184	0.0138894
0.428571	-0.918367	0.0207679
0.428571	-0.877551	0.0275672
0.428571	-0.836735	0.0342614
0.428571	-0.795918	0.0408247
0.428571	-0.755102	0.047232
0.428571	-0.714286	0.0534584
0.428571	-0.673469	0.0594799
0.428571	-0.632653	0.0652729
0.428571	-0.591837	0.0708147
0.428571	-0.55102	0.0760836
0.428571	-0.510204	0.0810585
0.428571	-0.469388	0.0857197
0.428571	-0.428571	0.0900485
0.428571	-0.387755	0.0940271
0.428571	-0.346939	0.0976395
0.428571	-0.306122	0.100871
0.428571	-0.265306	0.103707
0.428571	-0.22449	0.106137
0.428571	-0.183673	0.10815
0.428571	-0.142857	0.109737
0.428571	-0.102041	0.110892
0.428571	-0.0612245	0.111609
0.428571	-0.0204082	0.111884
0.428571	0.0204082	0.111715
0.428571	0.0612245	0.111104
0.428571	0.102041	0.110051
0.428571	0.142857	0.108561
0.428571	0.183673	0.106638
0.428571	0.22449	0.104291
0.428571	0.265306	0.101527
0.428571	0.306122	0.0983591
0.428571	0.346939	0.0947983
0.428571	0.387755	0.090859
0.428571	0.428571	0.0865569
0.428571	0.469388	0.0819091
0.428571	0.510204	0.0769342
0.428571	0.55102	0.0716519
0.428571	0.591837	0.0660834
0.428571	0.632653	0.060251
0.428571	0.673469	0.054178
0.428571	0.714286	0.0478887
0.428571	0.755102	0.0414082
0.428571	0.795918	0.0347624
0.428571	0.836735	0.0279778
0.428571	0.877551	0.0210816
0.428571	0.918367	0.0141013
0.428571	0.959184	0.00706475
0.428571	1	0
0.469388	-1	0.00658432
0.469388	-0.959184	0.0131436
0.469388	-0.918367	0.0196527
0.469388	-0.877551	0.026087
0.469388	-0.836735	0.0324217
0.469388	-0.795918	0.0386326
0.469388	-0.755102	0.0446958
0.469388	-0.714286	0.0505879
0.469388	-0.673469	0.056286
0.469388	-0.632653	0.0617679
0.469388	-0.591837	0.0670122
0.469388	-0.55102	0.0719982
0.469388	-0.510204	0.076706
0.469388	-0.469388	0.0811169
0.469388	-0.428571	0.0852132
0.469388	-0.387755	0.0889782
0.469388	-0.346939	0.0923966
0.469388	-0.306122	0.0954542
0.469388	-0.265306	0.0981384
0.469388	-0.22449	0.100438
0.469388	-0.183673	0.102343
0.469388	-0.142857	0.103845
0.469388	-0.102041	0.104938
0.469388	-0.0612245	0.105616
0.469388	-0.0204082	0.105876
0.469388	0.0204082	0.105717
0.469388	0.0612245	0.105138
0.469388	0.102041	0.104142
0.469388	0.142857	0.102731
0.469388	0.183673	0.100912
0.469388	0.22449	0.0986905
0.469388	0.265306	0.0960757
0.469388	0.306122	0.0930775
0.469388	0.346939	0.089708
0.469388	0.387755	0.0859802
0.469388	0.428571	0.0819091
0.469388	0.469388	0.0775109
0.469388	0.510204	0.0728031
0.469388	0.55102	0.0678044
0.469388	0.591837	0.062535
0.469388	0.632653	0.0570158
0.469388	0.673469	0.0512688
0.469388	0.714286	0.0453172
0.469388	0.755102	0.0391847
0.469388	0.795918	0.0328957
0.469388	0.836735	0.0264755
0.469388	0.877551	0.0199496
0.469388	0.918367	0.0133441
0.469388	0.959184	0.0066854
0.469388	1	0
0.510204	-1	0.0061844
0.510204	-0.959184	0.0123452
0.510204	-0.918367	0.0184591
0.510204	-0.877551	0.0245025
0.510204	-0.836735	0.0304525
0.510204	-0.795918	0.0362861
0.510204	-0.755102	0.0419811
0.510204	-0.714286	0.0475153
0.510204	-0.673469	0.0528673
0.510204	-0.632653	0.0580163
0.510204	-0.591837	0.062942
0.510204	-0.55102	0.0676252
0.510204	-0.510204	0.072047
0.510204	-0.469388	0.0761901
0.510204	-0.428571	0.0800375
0.510204	-0.387755	0.0835739
0.510204	-0.346939	0.0867846
0.510204	-0.306122	0.0896566
0.510204	-0.265306	0.0921777
0.510204	-0.22449	0.0943375
0.510204	-0.183673	0.0961267
0.510204	-0.142857	0.0975376
0.510204	-0.102041	0.0985639
0.510204	-0.0612245	0.0992008
0.510204	-0.0204082	0.0994453
0.510204	0.0204082	0.0992958
0.510204	0.0612245	0.0987523
0.510204	0.102041	0.0978165
0.510204	0.142857	0.0964917
0.510204	0.183673	0.0947828
0.510204	0.22449	0.0926963
0.510204	0.265306	0.0902403
0.510204	0.306122	0.0874242
0.510204	0.346939	0.0842593
0.510204	0.387755	0.080758
0.510204	0.428571	0.0769342
0.510204	0.469388	0.0728031
0.510204	0.510204	0.0683812
0.510204	0.55102	0.0636862
0.510204	0.591837	0.0587367
0.510204	0.632653	0.0535527
0.510204	0.673469	0.0481549
0.510204	0.714286	0.0425648
0.510204	0.755102	0.0368047
0.510204	0.795918	0.0308977
0.510204	0.836735	0.0248674
0.510204	0.877551	0.0187379
0.510204	0.918367	0.0125336
0.510204	0.959184	0.00627934
0.510204	1	0
0.55102	-1	0.00575978
0.55102	-0.959184	0.0114976
0.55102	-0.918367	0.0171917
0.55102	-0.877551	0.0228202
0.55102	-0.836735	0.0283616
0.55102	-0.795918	0.0337947
0.55102	-0.755102	0.0390987
0.55102	-0.714286	0.0442529
0.55102	-0.673469	0.0492375
0.55102	-0.632653	0.0540329
0.55102	-0.591837	0.0586205
0.55102	-0.55102	0.062982
0.55102	-0.510204	0.0671003
0.55102	-0.469388	0.0709589
0.55102	-0.428571	0.0745422
0.55102	-0.387755	0.0778357
0.55102	-0.346939	0.080826
0.55102	-0.306122	0.0835008
0.55102	-0.265306	0.0858488
0.55102	-0.22449	0.0878604
0.55102	-0.183673	0.0895267
0.55102	-0.142857	0.0908407
0.55102	-0.102041	0.0917965
0.55102	-0.0612245	0.0923897
0.55102	-0.0204082	0.0926174
0.55102	0.0204082	0.0924782
0.55102	0.0612245	0.091972
0.55102	0.102041	0.0911004
0.55102	0.142857	0.0898666
0.55102	0.183673	0.0882751
0.55102	0.22449	0.0863318
0.55102	0.265306	0.0840444
0.55102	0.306122	0.0814217
0.55102	0.346939	0.0784741
0.55102	0.387755	0.0752132
0.55102	0.428571	0.0716519
0.55102	0.469388	0.0678044
0.55102	0.510204	0.0636862
0.55102	0.55102	0.0593135
0.55102	0.591837	0.0547039
0.55102	0.632653	0.0498758
0.55102	0.673469	0.0448486
0.55102	0.714286	0.0396423
0.55102	0.755102	0.0342777
0.55102	0.795918	0.0287763
0.55102	0.836735	0.0231601
0.55102	0.877551	0.0174514
0.55102	0.918367	0.0116731
0.55102	0.959184	0.00584821
0.55102	1	0
0.591837	-1	0.00531216
0.591837	-0.959184	0.0106041
0.591837	-0.918367	0.0158556
0.591837	-0.877551	0.0210467
0.591837	-0.836735	0.0261575
0.591837	-0.795918	0.0311684
0.591837	-0.755102	0.0360601
0.591837	-0.714286	0.0408138
0.591837	-0.673469	0.0454109
0.591837	-0.632653	0.0498337
0.591837	-0.591837	0.0540647
0.591837	-0.55102	0.0580873
0.591837	-0.510204	0.0618856
0.591837	-0.469388	0.0654443
0.591837	-0.428571	0.0687491
0.591837	-0.387755	0.0717867
0.591837	-0.346939	0.0745446
0.591837	-0.306122	0.0770115
0.591837	-0.265306	0.0791771
0.591837	-0.22449	0.0810322
0.591837	-0.183673	0.0825691
0.591837	-0.142857	0.083781
0.591837	-0.102041	0.0846625
0.591837	-0.0612245	0.0852096
0.591837	-0.0204082	0.0854196
0.591837	0.0204082	0.0852912
0.591837	0.0612245	0.0848243
0.591837	0.102041	0.0840205
0.591837	0.142857	0.0828826
0.591837	0.183673	0.0814147
0.591837	0.22449	0.0796225
0.591837	0.265306	0.0775128
0.591837	0.306122	0.075094
0.591837	0.346939	0.0723754
0.591837	0.387755	0.0693679
0.591837	0.428571	0.0660834
0.591837	0.469388	0.062535
0.591837	0.510204	0.0587367
0.591837	0.55102	0.0547039
0.591837	0.591837	0.0504525
0.591837	0.632653	0.0459997
0.591837	0.673469	0.0413632
0.591837	0.714286	0.0365615
0.591837	0.755102	0.0316138
0.591837	0.795918	0.0265399
0.591837	0.836735	0.0213602
0.591837	0.877551	0.0160951
0.591837	0.918367	0.0107659
0.591837	0.959184	0.00539371
0.591837	1	0
0.632653	-1	0.00484332
0.632653	-0.959184	0.00966819
0.632653	-0.918367	0.0144562
0.632653	-0.877551	0.0191891
0.632653	-0.836735	0.0238489
0.632653	-0.795918	0.0284175
0.632653	-0.755102	0.0328775
0.632653	-0.714286	0.0372116
0.632653	-0.673469	0.0414031
0.632653	-0.632653	0.0454355
0.632653	-0.591837	0.0492931
0.632653	-0.55102	0.0529607
0.632653	-0.510204	0.0564237
0.632653	-0.469388	0.0596683
0.632653	-0.428571	0.0626814
0.632653	-0.387755	0.0654509
0.632653	-0.346939	0.0679654
0.632653	-0.306122	0.0702146
0.632653	-0.265306	0.072189
0.632653	-0.22449	0.0738805
0.632653	-0.183673	0.0752817
0.632653	-0.142857	0.0763866
0.632653	-0.102041	0.0771903
0.632653	-0.0612245	0.0776892
0.632653	-0.0204082	0.0778806
0.632653	0.0204082	0.0777635
0.632653	0.0612245	0.0773379
0.632653	0.102041	0.076605
0.632653	0.142857	0.0755675
0.632653	0.183673	0.0742292
0.632653	0.22449	0.0725951
0.632653	0.265306	0.0706717
0.632653	0.306122	0.0684663
0.632653	0.346939	0.0659877
0.632653	0.387755	0.0632456
0.632653	0.428571	0.060251
0.632653	0.469388	0.0570158
0.632653	0.510204	0.0535527
0.632653	0.55102	0.0498758
0.632653	0.591837	0.0459997
0.632653	0.632653	0.0419399
0.632653	0.673469	0.0377125
0.632653	0.714286	0.0333346
0.632653	0.755102	0.0288236
0.632653	0.795918	0.0241976
0.632653	0.836735	0.0194749
0.632653	0.877551	0.0146746
0.632653	0.918367	0.00981572
0.632653	0.959184	0.00491767
0.632653	1	0
0.673469	-1	0.00435513
0.673469	-0.959184	0.00869368
0.673469	-0.918367	0.0129991
0.673469	-0.877551	0.017255
0.673469	-0.836735	0.021445
0.673469	-0.795918	0.0255532
0.673469	-0.755102	0.0295636
0.673469	-0.714286	0.0334609
0.673469	-0.673469	0.0372298
0.673469	-0.632653	0.0408558
0.673469	-0.591837	0.0443246
0.673469	-0.55102	0.0476225
0.673469	-0.510204	0.0507364
0.673469	-0.469388	0.053654
0.673469	-0.428571	0.0563634
0.673469	-0.387755	0.0588538
0.673469	-0.346939	0.0611148
0.673469	-0.306122	0.0631373
0.673469	-0.265306	0.0649127
0.673469	-0.22449	0.0664337
0.673469	-0.183673	0.0676937
0.673469	-0.142857	0.0686872
0.673469	-0.102041	0.0694099
0.673469	-0.0612245	0.0698585
0.673469	-0.0204082	0.0700306
0.673469	0.0204082	0.0699253
0.673469	0.0612245	0.0695426
0.673469	0.102041	0.0688836
0.673469	0.142857	0.0679507
0.673469	0.183673	0.0667472
0.673469	0.22449	0.0652779
0.673469	0.265306	0.0635483
0.673469	0.306122	0.0615652
0.673469	0.346939	0.0593365
0.673469	0.387755	0.0568708
0.673469	0.428571	0.054178
0.673469	0.469388	0.0512688
0.673469	0.510204	0.0481549
0.673469	0.55102	0.0448486
0.673469	0.591837	0.0413632
0.673469	0.632653	0.0377125
0.673469	0.673469	0.0339113
0.673469	0.714286	0.0299746
0.673469	0.755102	0.0259183
0.673469	0.795918	0.0217586
0.673469	0.836735	0.017512
0.673469	0.877551	0.0131955
0.673469	0.918367	0.00882634
0.673469	0.959184	0.00442199
0.673469	1	0
0.714286	-1	0.00384956
0.714286	-0.959184	0.00768446
0.714286	-0.918367	0.0114901
0.714286	-0.877551	0.0152519
0.714286	-0.836735	0.0189555
0.714286	-0.795918	0.0225868
0.714286	-0.755102	0.0261317
0.714286	-0.714286	0.0295765
0.714286	-0.673469	0.032908
0.714286	-0.632653	0.036113
0.714286	-0.591837	0.0391791
0.714286	-0.55102	0.0420942
0.714286	-0.510204	0.0448466
0.714286	-0.469388	0.0474255
0.714286	-0.428571	0.0498204
0.714286	-0.387755	0.0520216
0.714286	-0.346939	0.0540202
0.714286	-0.306122	0.0558079
0.714286	-0.265306	0.0573772
0.714286	-0.22449	0.0587216
0.714286	-0.183673	0.0598353
0.714286	-0.142857	0.0607136
0.714286	-0.102041	0.0613524
0.714286	-0.0612245	0.0617488
0.714286	-0.0204082	0.061901
0.714286	0.0204082	0.0618079
0.714286	0.0612245	0.0614696
0.714286	0.102041	0.0608871
0.714286	0.142857	0.0600625
0.714286	0.183673	0.0589988
0.714286	0.22449	0.0577
0.714286	0.265306	0.0561712
0.714286	0.306122	0.0544184
0.714286	0.346939	0.0524483
0.714286	0.387755	0.0502689
0.714286	0.428571	0.0478887
0.714286	0.469388	0.0453172
0.714286	0.510204	0.0425648
0.714286	0.55102	0.0396423
0.714286	0.591837	0.0365615
0.714286	0.632653	0.0333346
0.714286	0.673469	0.0299746
0.714286	0.714286	0.026495
0.714286	0.755102	0.0229096
0.714286	0.795918	0.0192327
0.714286	0.836735	0.0154791
0.714286	0.877551	0.0116637
0.714286	0.918367	0.00780172
0.714286	0.959184	0.00390866
0.714286	1	0
0.755102	-1	0.00332862
0.755102	-0.959184	0.00664456
0.755102	-0.918367	0.00993519
0.755102	-0.877551	0.0131879
0.755102	-0.836735	0.0163904
0.755102	-0.795918	0.0195302
0.755102	-0.755102	0.0225954
0.755102	-0.714286	0.0255741
0.755102	-0.673469	0.0284547
0.755102	-0.632653	0.031226
0.755102	-0.591837	0.0338772
0.755102	-0.55102	0.0363978
0.755102	-0.510204	0.0387778
0.755102	-0.469388	0.0410077
0.755102	-0.428571	0.0430785
0.755102	-0.387755	0.0449818
0.755102	-0.346939	0.04671
0.755102	-0.306122	0.0482557
0.755102	-0.265306	0.0496127
0.755102	-0.22449	0.0507751
0.755102	-0.183673	0.0517382
0.755102	-0.142857	0.0524975
0.755102	-0.102041	0.0530499
0.755102	-0.0612245	0.0533927
0.755102	-0.0204082	0.0535243
0.755102	0.0204082	0.0534438
0.755102	0.0612245	0.0531513
0.755102	0.102041	0.0526476
0.755102	0.142857	0.0519346
0.755102	0.183673	0.0510148
0.755102	0.22449	0.0498918
0.755102	0.265306	0.0485699
0.755102	0.306122	0.0470542
0.755102	0.346939	0.0453508
0.755102	0.387755	0.0434662
0.755102	0.428571	0.0414082
0.755102	0.469388	0.0391847
0.755102	0.510204	0.0368047
0.755102	0.55102	0.0342777
0.755102	0.591837	0.0316138
0.755102	0.632653	0.0288236
0.755102	0.673469	0.0259183
0.755102	0.714286	0.0229096
0.755102	0.755102	0.0198093
0.755102	0.795918	0.01663
0.755102	0.836735	0.0133844
0.755102	0.877551	0.0100853
0.755102	0.918367	0.00674596
0.755102	0.959184	0.00337972
0.755102	1	0
0.795918	-1	0.00279439
0.795918	-0.959184	0.00557814
0.795918	-0.918367	0.00834064
0.795918	-0.877551	0.0110713
0.795918	-0.836735	0.0137598
0.795918	-0.795918	0.0163957
0.795918	-0.755102	0.018969
0.795918	-0.714286	0.0214696
0.795918	-0.673469	0.0238879
0.795918	-0.632653	0.0262144
0.795918	-0.591837	0.0284401
0.795918	-0.55102	0.0305561
0.795918	-0.510204	0.0325541
0.795918	-0.469388	0.0344261
0.795918	-0.428571	0.0361646
0.795918	-0.387755	0.0377625
0.795918	-0.346939	0.0392132
0.795918	-0.306122	0.0405109
0.795918	-0.265306	0.0416501
0.795918	-0.22449	0.042626
0.795918	-0.183673	0.0434344
0.795918	-0.142857	0.0440719
0.795918	-0.102041	0.0445356
0.795918	-0.0612245	0.0448234
0.795918	-0.0204082	0.0449339
0.795918	0.0204082	0.0448663
0.795918	0.0612245	0.0446208
0.795918	0.102041	0.0441979
0.795918	0.142857	0.0435993
0.795918	0.183673	0.0428272
0.795918	0.22449	0.0418844
0.795918	0.265306	0.0407747
0.795918	0.306122	0.0395022
0.795918	0.346939	0.0380722
0.795918	0.387755	0.0364901
0.795918	0.428571	0.0347624
0.795918	0.469388	0.0328957
0.795918	0.510204	0.0308977
0.795918	0.55102	0.0287763
0.795918	0.591837	0.0265399
0.795918	0.632653	0.0241976
0.795918	0.673469	0.0217586
0.795918	0.714286	0.0192327
0.795918	0.755102	0.01663
0.795918	0.795918	0.013961
0.795918	0.836735	0.0112362
0.795918	0.877551	0.00846664
0.795918	0.918367	0.00566327
0.795918	0.959184	0.00283729
0.795918	1	0
0.836735	-1	0.00224901
0.836735	-0.959184	0.00448946
0.836735	-0.918367	0.00671281
0.836735	-0.877551	0.00891056
0.836735	-0.836735	0.0110743
0.836735	-0.795918	0.0131958
0.836735	-0.755102	0.0152668
0.836735	-0.714286	0.0172794
0.836735	-0.673469	0.0192257
0.836735	-0.632653	0.0210982
0.836735	-0.591837	0.0228894
0.836735	-0.55102	0.0245925
0.836735	-0.510204	0.0262006
0.836735	-0.469388	0.0277072
0.836735	-0.428571	0.0291064
0.836735	-0.387755	0.0303924
0.836735	-0.346939	0.03156
0.836735	-0.306122	0.0326044
0.836735	-0.265306	0.0335213
0.836735	-0.22449	0.0343067
0.836735	-0.183673	0.0349574
0.836735	-0.142857	0.0354704
0.836735	-0.102041	0.0358437
0.836735	-0.0612245	0.0360753
0.836735	-0.0204082	0.0361642
0.836735	0.0204082	0.0361098
0.836735	0.0612245	0.0359122
0.836735	0.102041	0.0355719
0.836735	0.142857	0.0350901
0.836735	0.183673	0.0344686
0.836735	0.22449	0.0337099
0.836735	0.265306	0.0328167
0.836735	0.306122	0.0317926
0.836735	0.346939	0.0306417
0.836735	0.387755	0.0293684
0.836735	0.428571	0.0279778
0.836735	0.469388	0.0264755
0.836735	0.510204	0.0248674
0.836735	0.55102	0.0231601
0.836735	0.591837	0.0213602
0.836735	0.632653	0.0194749
0.836735	0.673469	0.017512
0.836735	0.714286	0.0154791
0.836735	0.755102	0.0133844
0.836735	0.795918	0.0112362
0.836735	0.836735	0.00904327
0.836735	0.877551	0.00681422
0.836735	0.918367	0.00455797
0.836735	0.959184	0.00228354
0.836735	1	0
0.877551	-1	0.00169466
0.877551	-0.959184	0.00338286
0.877551	-0.918367	0.00505818
0.877551	-0.877551	0.00671421
0.877551	-0.836735	0.00834463
0.877551	-0.795918	0.00994319
0.877551	-0.755102	0.0115037
0.877551	-0.714286	0.0130202
0.877551	-0.673469	0.0144868
0.877551	-0.632653	0.0158977
0.877551	-0.591837	0.0172475
0.877551	-0.55102	0.0185308
0.877551	-0.510204	0.0197424
0.877551	-0.469388	0.0208777
0.877551	-0.428571	0.021932
0.877551	-0.387755	0.022901
0.877551	-0.346939	0.0237809
0.877551	-0.306122	0.0245678
0.877551	-0.265306	0.0252587
0.877551	-0.22449	0.0258505
0.877551	-0.183673	0.0263408
0.877551	-0.142857	0.0267274
0.877551	-0.102041	0.0270086
0.877551	-0.0612245	0.0271832
0.877551	-0.0204082	0.0272502
0.877551	0.0204082	0.0272092
0.877551	0.0612245	0.0270603
0.877551	0.102041	0.0268038
0.877551	0.142857	0.0264408
0.877551	0.183673	0.0259725
0.877551	0.22449	0.0254008
0.877551	0.265306	0.0247278
0.877551	0.306122	0.0239561
0.877551	0.346939	0.0230889
0.877551	0.387755	0.0221294
0.877551	0.428571	0.0210816
0.877551	0.469388	0.0199496
0.877551	0.510204	0.0187379
0.877551	0.55102	0.0174514
0.877551	0.591837	0.0160951
0.877551	0.632653	0.0146746
0.877551	0.673469	0.0131955
0.877551	0.714286	0.0116637
0.877551	0.755102	0.0100853
0.877551	0.795918	0.00846664
0.877551	0.836735	0.00681422
0.877551	0.877551	0.0051346
0.877551	0.918367	0.00343449
0.877551	0.959184	0.00172068
0.877551	1	0
0.918367	-1	0.00113354
0.918367	-0.959184	0.00226277
0.918367	-0.918367	0.00338337
0.918367	-0.877551	0.00449108
0.918367	-0.836735	0.00558165
0.918367	-0.795918	0.00665091
0.918367	-0.755102	0.00769474
0.918367	-0.714286	0.00870911
0.918367	-0.673469	0.00969009
0.918367	-0.632653	0.0106338
0.918367	-0.591837	0.0115367
0.918367	-0.55102	0.0123951
0.918367	-0.510204	0.0132056
0.918367	-0.469388	0.0139649
0.918367	-0.428571	0.0146701
0.918367	-0.387755	0.0153183
0.918367	-0.346939	0.0159068
0.918367	-0.306122	0.0164332
0.918367	-0.265306	0.0168953
0.918367	-0.22449	0.0172912
0.918367	-0.183673	0.0176191
0.918367	-0.142857	0.0178777
0.918367	-0.102041	0.0180658
0.918367	-0.0612245	0.0181826
0.918367	-0.0204082	0.0182274
0.918367	0.0204082	0.0182
0.918367	0.0612245	0.0181004
0.918367	0.102041	0.0179289
0.918367	0.142857	0.017686
0.918367	0.183673	0.0173728
0.918367	0.22449	0.0169904
0.918367	0.265306	0.0165402
0.918367	0.306122	0.016024
0.918367	0.346939	0.0154439
0.918367	0.387755	0.0148022
0.918367	0.428571	0.0141013
0.918367	0.469388	0.0133441
0.918367	0.510204	0.0125336
0.918367	0.55102	0.0116731
0.918367	0.591837	0.0107659
0.918367	0.632653	0.00981572
0.918367	0.673469	0.00882634
0.918367	0.714286	0.00780172
0.918367	0.755102	0.00674596
0.918367	0.795918	0.00566327
0.918367	0.836735	0.00455797
0.918367	0.877551	0.00343449
0.918367	0.918367	0.0022973
0.918367	0.959184	0.00115095
0.918367	1	0
0.959184	-1	0.000567904
0.959184	-0.959184	0.00113365
0.959184	-0.918367	0.00169507
0.959184	-0.877551	0.00225003
0.959184	-0.836735	0.00279641
0.959184	-0.795918	0.0033321
0.959184	-0.755102	0.00385506
0.959184	-0.714286	0.00436326
0.959184	-0.673469	0.00485473
0.959184	-0.632653	0.00532755
0.959184	-0.591837	0.00577988
0.959184	-0.55102	0.00620992
0.959184	-0.510204	0.00661597
0.959184	-0.469388	0.00699642
0.959184	-0.428571	0.00734973
0.959184	-0.387755	0.00767447
0.959184	-0.346939	0.0079693
0.959184	-0.306122	0.00823303
0.959184	-0.265306	0.00846455
0.959184	-0.22449	0.00866288
0.959184	-0.183673	0.00882718
0.959184	-0.142857	0.00895674
0.959184	-0.102041	0.00905098
0.959184	-0.0612245	0.00910947
0.959184	-0.0204082	0.00913192
0.959184	0.0204082	0.00911818
0.959184	0.0612245	0.00906828
0.959184	0.102041	0.00898234
0.959184	0.142857	0.00886069
0.959184	0.183673	0.00870377
0.959184	0.22449	0.00851217
0.959184	0.265306	0.00828663
0.959184	0.306122	0.00802804
0.959184	0.346939	0.00773741
0.959184	0.387755	0.00741589
0.959184	0.428571	0.00706475
0.959184	0.469388	0.0066854
0.959184	0.510204	0.00627934
0.959184	0.55102	0.00584821
0.959184	0.591837	0.00539371
0.959184	0.632653	0.00491767
0.959184	0.673469	0.00442199
0.959184	0.714286	0.00390866
0.959184	0.755102	0.00337972
0.959184	0.795918	0.00283729
0.959184	0.836735	0.00228354
0.959184	0.877551	0.00172068
0.959184	0.918367	0.00115095
0.959184	0.959184	0.000576623
0.959184	1	0
1	-1	0
1	-0.959184	0
1	-0.918367	0
1	-0.877551	0
1	-0.836735	0
1	-0.795918	0
1	-0.755102	0
1	-0.714286	0
1	-0.673469	0
1	-0.632653	0
1	-0.591837	0
1	-0.55102	0
1	-0.510204	0
1	-0.469388	0
1	-0.428571	0
1	-0.387755	0
1	-0.346939	0
1	-0.306122	0
1	-0.265306	0
1	-0.22449	0
1	-0.183673	0
1	-0.142857	0
1	-0.102041	0
1	-0.0612245	0
1	-0.0204082	0
1	0.0204082	0
1	0.0612245	0
1	0.102041	0
1	0.142857	0
1	0.183673	0
1	0.22449	0
1	0.265306	0
1	0.306122	0
1	0.346939	0
1	0.387755	0
1	0.428571	0
1	0.469388	0
1	0.510204	0
1	0.55102	0
1	0.591837	0
1	0.632653	0
1	0.673469	0
1	0.714286	0
1	0.755102	0
1	0.795918	0
1	0.836735	0
1	0.877551	0
1	0.918367	0
1	0.959184	0
1	1	0
