-1	-1	0.000798999
-1	-0.959184	0.00159515
-1	-0.918367	0.0023856
-1	-0.877551	0.00316751
-1	-0.836735	0.00393804
-1	-0.795918	0.00469439
-1	-0.755102	0.00543376
-1	-0.714286	0.00615337
-1	-0.673469	0.00685048
-1	-0.632653	0.00752241
-1	-0.591837	0.00816652
-1	-0.55102	0.00878022
-1	-0.510204	0.009361
-1	-0.469388	0.00990647
-1	-0.428571	0.0104143
-1	-0.387755	0.0108823
-1	-0.346939	0.0113084
-1	-0.306122	0.0116907
-1	-0.265306	0.0120274
-1	-0.22449	0.0123169
-1	-0.183673	0.0125579
-1	-0.142857	0.0127492
-1	-0.102041	0.0128898
-1	-0.0612245	0.0129789
-1	-0.0204082	0.013016
-1	0.0204082	0.0130008
-1	0.0612245	0.0129332
-1	0.102041	0.0128136
-1	0.142857	0.0126421
-1	0.183673	0.0124196
-1	0.22449	0.012147
-1	0.265306	0.0118253
-1	0.306122	0.0114559
-1	0.346939	0.0110404
-1	0.387755	0.0105805
-1	0.428571	0.0100781
-1	0.469388	0.00953538
-1	0.510204	0.00895459
-1	0.55102	0.00833814
-1	0.591837	0.00768858
-1	0.632653	0.00700857
-1	0.673469	0.00630088
-1	0.714286	0.00556837
-1	0.755102	0.00481399
-1	0.795918	0.00404073
-1	0.836735	0.00325167
-1	0.877551	0.00244991
-1	0.918367	0.00163859
-1	0.959184	0.000820895
-1	1	0
-0.959184	-1	0.00159515
-0.959184	-0.959184	0.0031846
-0.959184	-0.918367	0.00476268
-0.959184	-0.877551	0.00632371
-0.959184	-0.836735	0.00786204
-0.959184	-0.795918	0.00937203
-0.959184	-0.755102	0.0108481
-0.959184	-0.714286	0.0122848
-0.959184	-0.673469	0.0136765
-0.959184	-0.632653	0.015018
-0.959184	-0.591837	0.0163039
-0.959184	-0.55102	0.0175291
-0.959184	-0.510204	0.0186886
-0.959184	-0.469388	0.0197776
-0.959184	-0.428571	0.0207914
-0.959184	-0.387755	0.0217257
-0.959184	-0.346939	0.0225764
-0.959184	-0.306122	0.0233396
-0.959184	-0.265306	0.0240118
-0.959184	-0.22449	0.0245899
-0.959184	-0.183673	0.0250711
-0.959184	-0.142857	0.025453
-0.959184	-0.102041	0.0257336
-0.959184	-0.0612245	0.0259115
-0.959184	-0.0204082	0.0259855
-0.959184	0.0204082	0.0259552
-0.959184	0.0612245	0.0258203
-0.959184	0.102041	0.0255814
-0.959184	0.142857	0.0252391
-0.959184	0.183673	0.024795
-0.959184	0.22449	0.0242506
-0.959184	0.265306	0.0236084
-0.959184	0.306122	0.0228709
-0.959184	0.346939	0.0220414
-0.959184	0.387755	0.0211232
-0.959184	0.428571	0.0201202
-0.959184	0.469388	0.0190367
-0.959184	0.510204	0.0178772
-0.959184	0.55102	0.0166465
-0.959184	0.591837	0.0153497
-0.959184	0.632653	0.0139921
-0.959184	0.673469	0.0125793
-0.959184	0.714286	0.0111169
-0.959184	0.755102	0.0096108
-0.959184	0.795918	0.00806704
-0.959184	0.836735	0.00649174
-0.959184	0.877551	0.00489108
-0.959184	0.918367	0.00327134
-0.959184	0.959184	0.00163886
-0.959184	1	0
-0.918367	-1	0.0023856
-0.918367	-0.959184	0.00476268
-0.918367	-0.918367	0.00712275
-0.918367	-0.877551	0.00945732
-0.918367	-0.836735	0.0117579
-0.918367	-0.795918	0.0140162
-0.918367	-0.755102	0.0162237
-0.918367	-0.714286	0.0183723
-0.918367	-0.673469	0.0204537
-0.918367	-0.632653	0.0224599
-0.918367	-0.591837	0.024383
-0.918367	-0.55102	0.0262154
-0.918367	-0.510204	0.0279494
-0.918367	-0.469388	0.029578
-0.918367	-0.428571	0.0310943
-0.918367	-0.387755	0.0324916
-0.918367	-0.346939	0.0337638
-0.918367	-0.306122	0.0349052
-0.918367	-0.265306	0.0359105
-0.918367	-0.22449	0.036775
-0.918367	-0.183673	0.0374946
-0.918367	-0.142857	0.0380658
-0.918367	-0.102041	0.0384854
-0.918367	-0.0612245	0.0387515
-0.918367	-0.0204082	0.0388622
-0.918367	0.0204082	0.0388168
-0.918367	0.0612245	0.0386152
-0.918367	0.102041	0.0382578
-0.918367	0.142857	0.037746
-0.918367	0.183673	0.0370817
-0.918367	0.22449	0.0362676
-0.918367	0.265306	0.0353072
-0.918367	0.306122	0.0342043
-0.918367	0.346939	0.0329636
-0.918367	0.387755	0.0315904
-0.918367	0.428571	0.0300905
-0.918367	0.469388	0.0284701
-0.918367	0.510204	0.026736
-0.918367	0.55102	0.0248954
-0.918367	0.591837	0.022956
-0.918367	0.632653	0.0209257
-0.918367	0.673469	0.0188127
-0.918367	0.714286	0.0166257
-0.918367	0.755102	0.0143733
-0.918367	0.795918	0.0120645
-0.918367	0.836735	0.00970861
-0.918367	0.877551	0.00731477
-0.918367	0.918367	0.0048924
-0.918367	0.959184	0.00245097
-0.918367	1	0
-0.877551	-1	0.00316751
-0.877551	-0.959184	0.00632371
-0.877551	-0.918367	0.00945732
-0.877551	-0.877551	0.0125571
-0.877551	-0.836735	0.0156117
-0.877551	-0.795918	0.0186102
-0.877551	-0.755102	0.0215413
-0.877551	-0.714286	0.024394
-0.877551	-0.673469	0.0271577
-0.877551	-0.632653	0.0298214
-0.877551	-0.591837	0.0323749
-0.877551	-0.55102	0.0348078
-0.877551	-0.510204	0.0371102
-0.877551	-0.469388	0.0392726
-0.877551	-0.428571	0.0412858
-0.877551	-0.387755	0.0431411
-0.877551	-0.346939	0.0448303
-0.877551	-0.306122	0.0463458
-0.877551	-0.265306	0.0476806
-0.877551	-0.22449	0.0488285
-0.877551	-0.183673	0.049784
-0.877551	-0.142857	0.0505423
-0.877551	-0.102041	0.0510995
-0.877551	-0.0612245	0.0514527
-0.877551	-0.0204082	0.0515998
-0.877551	0.0204082	0.0515396
-0.877551	0.0612245	0.0512718
-0.877551	0.102041	0.0507973
-0.877551	0.142857	0.0501177
-0.877551	0.183673	0.0492357
-0.877551	0.22449	0.0481548
-0.877551	0.265306	0.0468795
-0.877551	0.306122	0.0454151
-0.877551	0.346939	0.0437679
-0.877551	0.387755	0.0419446
-0.877551	0.428571	0.039953
-0.877551	0.469388	0.0378015
-0.877551	0.510204	0.035499
-0.877551	0.55102	0.0330552
-0.877551	0.591837	0.0304801
-0.877551	0.632653	0.0277843
-0.877551	0.673469	0.0249788
-0.877551	0.714286	0.0220749
-0.877551	0.755102	0.0190843
-0.877551	0.795918	0.0160188
-0.877551	0.836735	0.0128907
-0.877551	0.877551	0.00971227
-0.877551	0.918367	0.00649594
-0.877551	0.959184	0.00325431
-0.877551	1	0
-0.836735	-1	0.00393804
-0.836735	-0.959184	0.00786204
-0.836735	-0.918367	0.0117579
-0.836735	-0.877551	0.0156117
-0.836735	-0.836735	0.0194095
-0.836735	-0.795918	0.0231373
-0.836735	-0.755102	0.0267815
-0.836735	-0.714286	0.0303282
-0.836735	-0.673469	0.0337641
-0.836735	-0.632653	0.0370759
-0.836735	-0.591837	0.0402505
-0.836735	-0.55102	0.0432752
-0.836735	-0.510204	0.0461378
-0.836735	-0.469388	0.0488262
-0.836735	-0.428571	0.0513291
-0.836735	-0.387755	0.0536357
-0.836735	-0.346939	0.0557358
-0.836735	-0.306122	0.05762
-0.836735	-0.265306	0.0592795
-0.836735	-0.22449	0.0607067
-0.836735	-0.183673	0.0618946
-0.836735	-0.142857	0.0628373
-0.836735	-0.102041	0.0635302
-0.836735	-0.0612245	0.0639693
-0.836735	-0.0204082	0.0641521
-0.836735	0.0204082	0.0640772
-0.836735	0.0612245	0.0637443
-0.836735	0.102041	0.0631544
-0.836735	0.142857	0.0623095
-0.836735	0.183673	0.0612129
-0.836735	0.22449	0.0598691
-0.836735	0.265306	0.0582836
-0.836735	0.306122	0.056463
-0.836735	0.346939	0.054415
-0.836735	0.387755	0.0521481
-0.836735	0.428571	0.0496721
-0.836735	0.469388	0.0469972
-0.836735	0.510204	0.0441347
-0.836735	0.55102	0.0410963
-0.836735	0.591837	0.0378948
-0.836735	0.632653	0.0345433
-0.836735	0.673469	0.0310553
-0.836735	0.714286	0.0274449
-0.836735	0.755102	0.0237268
-0.836735	0.795918	0.0199156
-0.836735	0.836735	0.0160266
-0.836735	0.877551	0.0120749
-0.836735	0.918367	0.00807617
-0.836735	0.959184	0.00404596
-0.836735	1	0
-0.795918	-1	0.00469439
-0.795918	-0.959184	0.00937203
-0.795918	-0.918367	0.0140162
-0.795918	-0.877551	0.0186102
-0.795918	-0.836735	0.0231373
-0.795918	-0.795918	0.0275812
-0.795918	-0.755102	0.0319252
-0.795918	-0.714286	0.0361531
-0.795918	-0.673469	0.0402489
-0.795918	-0.632653	0.0441967
-0.795918	-0.591837	0.0479811
-0.795918	-0.55102	0.0515867
-0.795918	-0.510204	0.0549991
-0.795918	-0.469388	0.0582038
-0.795918	-0.428571	0.0611875
-0.795918	-0.387755	0.0639371
-0.795918	-0.346939	0.0664406
-0.795918	-0.306122	0.0686866
-0.795918	-0.265306	0.0706649
-0.795918	-0.22449	0.0723662
-0.795918	-0.183673	0.0737822
-0.795918	-0.142857	0.074906
-0.795918	-0.102041	0.0757319
-0.795918	-0.0612245	0.0762553
-0.795918	-0.0204082	0.0764733
-0.795918	0.0204082	0.076384
-0.795918	0.0612245	0.0759872
-0.795918	0.102041	0.075284
-0.795918	0.142857	0.0742768
-0.795918	0.183673	0.0729696
-0.795918	0.22449	0.0713677
-0.795918	0.265306	0.0694776
-0.795918	0.306122	0.0673074
-0.795918	0.346939	0.064866
-0.795918	0.387755	0.0621638
-0.795918	0.428571	0.0592122
-0.795918	0.469388	0.0560236
-0.795918	0.510204	0.0526112
-0.795918	0.55102	0.0489894
-0.795918	0.591837	0.045173
-0.795918	0.632653	0.0411777
-0.795918	0.673469	0.0370198
-0.795918	0.714286	0.0327161
-0.795918	0.755102	0.0282838
-0.795918	0.795918	0.0237407
-0.795918	0.836735	0.0191047
-0.795918	0.877551	0.014394
-0.795918	0.918367	0.00962729
-0.795918	0.959184	0.00482304
-0.795918	1	0
-0.755102	-1	0.00543376
-0.755102	-0.959184	0.0108481
-0.755102	-0.918367	0.0162237
-0.755102	-0.877551	0.0215413
-0.755102	-0.836735	0.0267815
-0.755102	-0.795918	0.0319252
-0.755102	-0.755102	0.0369534
-0.755102	-0.714286	0.0418472
-0.755102	-0.673469	0.0465881
-0.755102	-0.632653	0.0511577
-0.755102	-0.591837	0.0555381
-0.755102	-0.55102	0.0597116
-0.755102	-0.510204	0.0636614
-0.755102	-0.469388	0.0673709
-0.755102	-0.428571	0.0708245
-0.755102	-0.387755	0.0740072
-0.755102	-0.346939	0.0769049
-0.755102	-0.306122	0.0795047
-0.755102	-0.265306	0.0817946
-0.755102	-0.22449	0.0837638
-0.755102	-0.183673	0.0854028
-0.755102	-0.142857	0.0867037
-0.755102	-0.102041	0.0876596
-0.755102	-0.0612245	0.0882655
-0.755102	-0.0204082	0.0885178
-0.755102	0.0204082	0.0884145
-0.755102	0.0612245	0.0879551
-0.755102	0.102041	0.0871411
-0.755102	0.142857	0.0859753
-0.755102	0.183673	0.0844623
-0.755102	0.22449	0.082608
-0.755102	0.265306	0.0804203
-0.755102	0.306122	0.0779082
-0.755102	0.346939	0.0750824
-0.755102	0.387755	0.0719546
-0.755102	0.428571	0.0685381
-0.755102	0.469388	0.0648473
-0.755102	0.510204	0.0608975
-0.755102	0.55102	0.0567052
-0.755102	0.591837	0.0522877
-0.755102	0.632653	0.0476632
-0.755102	0.673469	0.0428504
-0.755102	0.714286	0.0378688
-0.755102	0.755102	0.0327385
-0.755102	0.795918	0.0274798
-0.755102	0.836735	0.0221136
-0.755102	0.877551	0.0166611
-0.755102	0.918367	0.0111436
-0.755102	0.959184	0.00558266
-0.755102	1	0
-0.714286	-1	0.00615337
-0.714286	-0.959184	0.0122848
-0.714286	-0.918367	0.0183723
-0.714286	-0.877551	0.024394
-0.714286	-0.836735	0.0303282
-0.714286	-0.795918	0.0361531
-0.714286	-0.755102	0.0418472
-0.714286	-0.714286	0.0473892
-0.714286	-0.673469	0.0527579
-0.714286	-0.632653	0.0579327
-0.714286	-0.591837	0.0628931
-0.714286	-0.55102	0.0676194
-0.714286	-0.510204	0.0720923
-0.714286	-0.469388	0.0762931
-0.714286	-0.428571	0.080204
-0.714286	-0.387755	0.0838082
-0.714286	-0.346939	0.0870897
-0.714286	-0.306122	0.0900338
-0.714286	-0.265306	0.0926269
-0.714286	-0.22449	0.0948569
-0.714286	-0.183673	0.096713
-0.714286	-0.142857	0.0981861
-0.714286	-0.102041	0.0992686
-0.714286	-0.0612245	0.0999548
-0.714286	-0.0204082	0.10024
-0.714286	0.0204082	0.100123
-0.714286	0.0612245	0.0996033
-0.714286	0.102041	0.0986815
-0.714286	0.142857	0.0973613
-0.714286	0.183673	0.0956478
-0.714286	0.22449	0.0935481
-0.714286	0.265306	0.0910706
-0.714286	0.306122	0.0882258
-0.714286	0.346939	0.0850257
-0.714286	0.387755	0.0814837
-0.714286	0.428571	0.0776148
-0.714286	0.469388	0.0734352
-0.714286	0.510204	0.0689623
-0.714286	0.55102	0.0642148
-0.714286	0.591837	0.0592123
-0.714286	0.632653	0.0539753
-0.714286	0.673469	0.0485252
-0.714286	0.714286	0.0428839
-0.714286	0.755102	0.0370741
-0.714286	0.795918	0.031119
-0.714286	0.836735	0.0250422
-0.714286	0.877551	0.0188676
-0.714286	0.918367	0.0126194
-0.714286	0.959184	0.00632199
-0.714286	1	0
-0.673469	-1	0.00685048
-0.673469	-0.959184	0.0136765
-0.673469	-0.918367	0.0204537
-0.673469	-0.877551	0.0271577
-0.673469	-0.836735	0.0337641
-0.673469	-0.795918	0.0402489
-0.673469	-0.755102	0.0465881
-0.673469	-0.714286	0.0527579
-0.673469	-0.673469	0.0587349
-0.673469	-0.632653	0.0644959
-0.673469	-0.591837	0.0700183
-0.673469	-0.55102	0.07528
-0.673469	-0.510204	0.0802596
-0.673469	-0.469388	0.0849363
-0.673469	-0.428571	0.0892903
-0.673469	-0.387755	0.0933028
-0.673469	-0.346939	0.0969561
-0.673469	-0.306122	0.100234
-0.673469	-0.265306	0.103121
-0.673469	-0.22449	0.105603
-0.673469	-0.183673	0.10767
-0.673469	-0.142857	0.10931
-0.673469	-0.102041	0.110515
-0.673469	-0.0612245	0.111279
-0.673469	-0.0204082	0.111597
-0.673469	0.0204082	0.111466
-0.673469	0.0612245	0.110887
-0.673469	0.102041	0.109861
-0.673469	0.142857	0.108391
-0.673469	0.183673	0.106484
-0.673469	0.22449	0.104146
-0.673469	0.265306	0.101388
-0.673469	0.306122	0.098221
-0.673469	0.346939	0.0946583
-0.673469	0.387755	0.0907151
-0.673469	0.428571	0.0864078
-0.673469	0.469388	0.0817547
-0.673469	0.510204	0.0767751
-0.673469	0.55102	0.0714898
-0.673469	0.591837	0.0659205
-0.673469	0.632653	0.0600902
-0.673469	0.673469	0.0540226
-0.673469	0.714286	0.0477422
-0.673469	0.755102	0.0412743
-0.673469	0.795918	0.0346445
-0.673469	0.836735	0.0278792
-0.673469	0.877551	0.0210051
-0.673469	0.918367	0.014049
-0.673469	0.959184	0.00703821
-0.673469	1	0
-0.632653	-1	0.00752241
-0.632653	-0.959184	0.015018
-0.632653	-0.918367	0.0224599
-0.632653	-0.877551	0.0298214
-0.632653	-0.836735	0.0370759
-0.632653	-0.795918	0.0441967
-0.632653	-0.755102	0.0511577
-0.632653	-0.714286	0.0579327
-0.632653	-0.673469	0.0644959
-0.632653	-0.632653	0.070822
-0.632653	-0.591837	0.0768861
-0.632653	-0.55102	0.0826639
-0.632653	-0.510204	0.0881319
-0.632653	-0.469388	0.0932673
-0.632653	-0.428571	0.0980484
-0.632653	-0.387755	0.102454
-0.632653	-0.346939	0.106466
-0.632653	-0.306122	0.110065
-0.632653	-0.265306	0.113235
-0.632653	-0.22449	0.115961
-0.632653	-0.183673	0.11823
-0.632653	-0.142857	0.120031
-0.632653	-0.102041	0.121355
-0.632653	-0.0612245	0.122193
-0.632653	-0.0204082	0.122543
-0.632653	0.0204082	0.1224
-0.632653	0.0612245	0.121764
-0.632653	0.102041	0.120637
-0.632653	0.142857	0.119023
-0.632653	0.183673	0.116928
-0.632653	0.22449	0.114361
-0.632653	0.265306	0.111333
-0.632653	0.306122	0.107855
-0.632653	0.346939	0.103943
-0.632653	0.387755	0.0996129
-0.632653	0.428571	0.0948831
-0.632653	0.469388	0.0897736
-0.632653	0.510204	0.0843056
-0.632653	0.55102	0.0785018
-0.632653	0.591837	0.0723863
-0.632653	0.632653	0.0659842
-0.632653	0.673469	0.0593214
-0.632653	0.714286	0.052425
-0.632653	0.755102	0.0453227
-0.632653	0.795918	0.0380426
-0.632653	0.836735	0.0306138
-0.632653	0.877551	0.0230654
-0.632653	0.918367	0.015427
-0.632653	0.959184	0.00772855
-0.632653	1	0
-0.591837	-1	0.00816652
-0.591837	-0.959184	0.0163039
-0.591837	-0.918367	0.024383
-0.591837	-0.877551	0.0323749
-0.591837	-0.836735	0.0402505
-0.591837	-0.795918	0.0479811
-0.591837	-0.755102	0.0555381
-0.591837	-0.714286	0.0628931
-0.591837	-0.673469	0.0700183
-0.591837	-0.632653	0.0768861
-0.591837	-0.591837	0.0834694
-0.591837	-0.55102	0.089742
-0.591837	-0.510204	0.0956782
-0.591837	-0.469388	0.101253
-0.591837	-0.428571	0.106444
-0.591837	-0.387755	0.111227
-0.591837	-0.346939	0.115582
-0.591837	-0.306122	0.119489
-0.591837	-0.265306	0.122931
-0.591837	-0.22449	0.12589
-0.591837	-0.183673	0.128354
-0.591837	-0.142857	0.130309
-0.591837	-0.102041	0.131746
-0.591837	-0.0612245	0.132656
-0.591837	-0.0204082	0.133035
-0.591837	0.0204082	0.13288
-0.591837	0.0612245	0.13219
-0.591837	0.102041	0.130966
-0.591837	0.142857	0.129214
-0.591837	0.183673	0.12694
-0.591837	0.22449	0.124153
-0.591837	0.265306	0.120865
-0.591837	0.306122	0.11709
-0.591837	0.346939	0.112843
-0.591837	0.387755	0.108142
-0.591837	0.428571	0.103007
-0.591837	0.469388	0.0974604
-0.591837	0.510204	0.0915242
-0.591837	0.55102	0.0852235
-0.591837	0.591837	0.0785844
-0.591837	0.632653	0.071634
-0.591837	0.673469	0.0644008
-0.591837	0.714286	0.0569139
-0.591837	0.755102	0.0492034
-0.591837	0.795918	0.0413
-0.591837	0.836735	0.0332351
-0.591837	0.877551	0.0250403
-0.591837	0.918367	0.0167479
-0.591837	0.959184	0.00839031
-0.591837	1	0
-0.55102	-1	0.00878022
-0.55102	-0.959184	0.0175291
-0.55102	-0.918367	0.0262154
-0.55102	-0.877551	0.0348078
-0.55102	-0.836735	0.0432752
-0.55102	-0.795918	0.0515867
-0.55102	-0.755102	0.0597116
-0.55102	-0.714286	0.0676194
-0.55102	-0.673469	0.07528
-0.55102	-0.632653	0.0826639
-0.55102	-0.591837	0.089742
-0.55102	-0.55102	0.0964859
-0.55102	-0.510204	0.102868
-0.55102	-0.469388	0.108862
-0.55102	-0.428571	0.114443
-0.55102	-0.387755	0.119586
-0.55102	-0.346939	0.124268
-0.55102	-0.306122	0.128469
-0.55102	-0.265306	0.132169
-0.55102	-0.22449	0.135351
-0.55102	-0.183673	0.137999
-0.55102	-0.142857	0.140101
-0.55102	-0.102041	0.141646
-0.55102	-0.0612245	0.142625
-0.55102	-0.0204082	0.143033
-0.55102	0.0204082	0.142866
-0.55102	0.0612245	0.142124
-0.55102	0.102041	0.140808
-0.55102	0.142857	0.138924
-0.55102	0.183673	0.136479
-0.55102	0.22449	0.133483
-0.55102	0.265306	0.129948
-0.55102	0.306122	0.125889
-0.55102	0.346939	0.121323
-0.55102	0.387755	0.116269
-0.55102	0.428571	0.110748
-0.55102	0.469388	0.104784
-0.55102	0.510204	0.098402
-0.55102	0.55102	0.0916279
-0.55102	0.591837	0.0844898
-0.55102	0.632653	0.0770172
-0.55102	0.673469	0.0692404
-0.55102	0.714286	0.0611909
-0.55102	0.755102	0.0529009
-0.55102	0.795918	0.0444036
-0.55102	0.836735	0.0357326
-0.55102	0.877551	0.0269221
-0.55102	0.918367	0.0180065
-0.55102	0.959184	0.00902082
-0.55102	1	0
-0.510204	-1	0.009361
-0.510204	-0.959184	0.0186886
-0.510204	-0.918367	0.0279494
-0.510204	-0.877551	0.0371102
-0.510204	-0.836735	0.0461378
-0.510204	-0.795918	0.0549991
-0.510204	-0.755102	0.0636614
-0.510204	-0.714286	0.0720923
-0.510204	-0.673469	0.0802596
-0.510204	-0.632653	0.0881319
-0.510204	-0.591837	0.0956782
-0.510204	-0.55102	0.102868
-0.510204	-0.510204	0.109673
-0.510204	-0.469388	0.116063
-0.510204	-0.428571	0.122013
-0.510204	-0.387755	0.127496
-0.510204	-0.346939	0.132488
-0.510204	-0.306122	0.136967
-0.510204	-0.265306	0.140912
-0.510204	-0.22449	0.144304
-0.510204	-0.183673	0.147128
-0.510204	-0.142857	0.149369
-0.510204	-0.102041	0.151015
-0.510204	-0.0612245	0.152059
-0.510204	-0.0204082	0.152494
-0.510204	0.0204082	0.152316
-0.510204	0.0612245	0.151525
-0.510204	0.102041	0.150122
-0.510204	0.142857	0.148114
-0.510204	0.183673	0.145507
-0.510204	0.22449	0.142313
-0.510204	0.265306	0.138544
-0.510204	0.306122	0.134216
-0.510204	0.346939	0.129348
-0.510204	0.387755	0.12396
-0.510204	0.428571	0.118074
-0.510204	0.469388	0.111716
-0.510204	0.510204	0.104911
-0.510204	0.55102	0.0976888
-0.510204	0.591837	0.0900786
-0.510204	0.632653	0.0821117
-0.510204	0.673469	0.0738205
-0.510204	0.714286	0.0652385
-0.510204	0.755102	0.0564002
-0.510204	0.795918	0.0473408
-0.510204	0.836735	0.0380962
-0.510204	0.877551	0.0287029
-0.510204	0.918367	0.0191976
-0.510204	0.959184	0.00961752
-0.510204	1	0
-0.469388	-1	0.00990647
-0.469388	-0.959184	0.0197776
-0.469388	-0.918367	0.029578
-0.469388	-0.877551	0.0392726
-0.469388	-0.836735	0.0488262
-0.469388	-0.795918	0.0582038
-0.469388	-0.755102	0.0673709
-0.469388	-0.714286	0.0762931
-0.469388	-0.673469	0.0849363
-0.469388	-0.632653	0.0932673
-0.469388	-0.591837	0.101253
-0.469388	-0.55102	0.108862
-0.469388	-0.510204	0.116063
-0.469388	-0.469388	0.122826
-0.469388	-0.428571	0.129122
-0.469388	-0.387755	0.134925
-0.469388	-0.346939	0.140208
-0.469388	-0.306122	0.144948
-0.469388	-0.265306	0.149122
-0.469388	-0.22449	0.152712
-0.469388	-0.183673	0.155701
-0.469388	-0.142857	0.158072
-0.469388	-0.102041	0.159815
-0.469388	-0.0612245	0.16092
-0.469388	-0.0204082	0.16138
-0.469388	0.0204082	0.161191
-0.469388	0.0612245	0.160354
-0.469388	0.102041	0.15887
-0.469388	0.142857	0.156744
-0.469388	0.183673	0.153986
-0.469388	0.22449	0.150605
-0.469388	0.265306	0.146617
-0.469388	0.306122	0.142037
-0.469388	0.346939	0.136885
-0.469388	0.387755	0.131183
-0.469388	0.428571	0.124954
-0.469388	0.469388	0.118225
-0.469388	0.510204	0.111024
-0.469388	0.55102	0.103381
-0.469388	0.591837	0.0953274
-0.469388	0.632653	0.0868963
-0.469388	0.673469	0.0781219
-0.469388	0.714286	0.0690399
-0.469388	0.755102	0.0596866
-0.469388	0.795918	0.0500993
-0.469388	0.836735	0.0403161
-0.469388	0.877551	0.0303754
-0.469388	0.918367	0.0203162
-0.469388	0.959184	0.0101779
-0.469388	1	0
-0.428571	-1	0.0104143
-0.428571	-0.959184	0.0207914
-0.428571	-0.918367	0.0310943
-0.428571	-0.877551	0.0412858
-0.428571	-0.836735	0.0513291
-0.428571	-0.795918	0.0611875
-0.428571	-0.755102	0.0708245
-0.428571	-0.714286	0.080204
-0.428571	-0.673469	0.0892903
-0.428571	-0.632653	0.0980484
-0.428571	-0.591837	0.106444
-0.428571	-0.55102	0.114443
-0.428571	-0.510204	0.122013
-0.428571	-0.469388	0.129122
-0.428571	-0.428571	0.135742
-0.428571	-0.387755	0.141841
-0.428571	-0.346939	0.147395
-0.428571	-0.306122	0.152378
-0.428571	-0.265306	0.156767
-0.428571	-0.22449	0.160541
-0.428571	-0.183673	0.163682
-0.428571	-0.142857	0.166175
-0.428571	-0.102041	0.168008
-0.428571	-0.0612245	0.169169
-0.428571	-0.0204082	0.169652
-0.428571	0.0204082	0.169454
-0.428571	0.0612245	0.168574
-0.428571	0.102041	0.167014
-0.428571	0.142857	0.164779
-0.428571	0.183673	0.161879
-0.428571	0.22449	0.158326
-0.428571	0.265306	0.154133
-0.428571	0.306122	0.149318
-0.428571	0.346939	0.143902
-0.428571	0.387755	0.137907
-0.428571	0.428571	0.131359
-0.428571	0.469388	0.124286
-0.428571	0.510204	0.116716
-0.428571	0.55102	0.108681
-0.428571	0.591837	0.100214
-0.428571	0.632653	0.0913508
-0.428571	0.673469	0.0821266
-0.428571	0.714286	0.072579
-0.428571	0.755102	0.0627463
-0.428571	0.795918	0.0526675
-0.428571	0.836735	0.0423828
-0.428571	0.877551	0.0319325
-0.428571	0.918367	0.0213577
-0.428571	0.959184	0.0106997
-0.428571	1	0
-0.387755	-1	0.0108823
-0.387755	-0.959184	0.0217257
-0.387755	-0.918367	0.0324916
-0.387755	-0.877551	0.0431411
-0.387755	-0.836735	0.0536357
-0.387755	-0.795918	0.0639371
-0.387755	-0.755102	0.0740072
-0.387755	-0.714286	0.0838082
-0.387755	-0.673469	0.0933028
-0.387755	-0.632653	0.102454
-0.387755	-0.591837	0.111227
-0.387755	-0.55102	0.119586
-0.387755	-0.510204	0.127496
-0.387755	-0.469388	0.134925
-0.387755	-0.428571	0.141841
-0.387755	-0.387755	0.148215
-0.387755	-0.346939	0.154019
-0.387755	-0.306122	0.159225
-0.387755	-0.265306	0.163811
-0.387755	-0.22449	0.167755
-0.387755	-0.183673	0.171038
-0.387755	-0.142857	0.173643
-0.387755	-0.102041	0.175557
-0.387755	-0.0612245	0.176771
-0.387755	-0.0204082	0.177276
-0.387755	0.0204082	0.177069
-0.387755	0.0612245	0.176149
-0.387755	0.102041	0.174519
-0.387755	0.142857	0.172184
-0.387755	0.183673	0.169154
-0.387755	0.22449	0.16544
-0.387755	0.265306	0.161059
-0.387755	0.306122	0.156028
-0.387755	0.346939	0.150369
-0.387755	0.387755	0.144105
-0.387755	0.428571	0.137262
-0.387755	0.469388	0.129871
-0.387755	0.510204	0.12196
-0.387755	0.55102	0.113564
-0.387755	0.591837	0.104717
-0.387755	0.632653	0.0954558
-0.387755	0.673469	0.0858172
-0.387755	0.714286	0.0758405
-0.387755	0.755102	0.0655659
-0.387755	0.795918	0.0550343
-0.387755	0.836735	0.0442873
-0.387755	0.877551	0.0333675
-0.387755	0.918367	0.0223175
-0.387755	0.959184	0.0111805
-0.387755	1	0
-0.346939	-1	0.0113084
-0.346939	-0.959184	0.0225764
-0.346939	-0.918367	0.0337638
-0.346939	-0.877551	0.0448303
-0.346939	-0.836735	0.0557358
-0.346939	-0.795918	0.0664406
-0.346939	-0.755102	0.0769049
-0.346939	-0.714286	0.0870897
-0.346939	-0.673469	0.0969561
-0.346939	-0.632653	0.106466
-0.346939	-0.591837	0.115582
-0.346939	-0.55102	0.124268
-0.346939	-0.510204	0.132488
-0.346939	-0.469388	0.140208
-0.346939	-0.428571	0.147395
-0.346939	-0.387755	0.154019
-0.346939	-0.346939	0.160049
-0.346939	-0.306122	0.16546
-0.346939	-0.265306	0.170225
-0.346939	-0.22449	0.174324
-0.346939	-0.183673	0.177735
-0.346939	-0.142857	0.180442
-0.346939	-0.102041	0.182431
-0.346939	-0.0612245	0.183692
-0.346939	-0.0204082	0.184217
-0.346939	0.0204082	0.184002
-0.346939	0.0612245	0.183046
-0.346939	0.102041	0.181352
-0.346939	0.142857	0.178926
-0.346939	0.183673	0.175777
-0.346939	0.22449	0.171918
-0.346939	0.265306	0.167365
-0.346939	0.306122	0.162137
-0.346939	0.346939	0.156256
-0.346939	0.387755	0.149747
-0.346939	0.428571	0.142637
-0.346939	0.469388	0.134956
-0.346939	0.510204	0.126736
-0.346939	0.55102	0.118011
-0.346939	0.591837	0.108818
-0.346939	0.632653	0.0991934
-0.346939	0.673469	0.0891774
-0.346939	0.714286	0.0788101
-0.346939	0.755102	0.0681331
-0.346939	0.795918	0.0571891
-0.346939	0.836735	0.0460214
-0.346939	0.877551	0.034674
-0.346939	0.918367	0.0231913
-0.346939	0.959184	0.0116183
-0.346939	1	0
-0.306122	-1	0.0116907
-0.306122	-0.959184	0.0233396
-0.306122	-0.918367	0.0349052
-0.306122	-0.877551	0.0463458
-0.306122	-0.836735	0.05762
-0.306122	-0.795918	0.0686866
-0.306122	-0.755102	0.0795047
-0.306122	-0.714286	0.0900338
-0.306122	-0.673469	0.100234
-0.306122	-0.632653	0.110065
-0.306122	-0.591837	0.119489
-0.306122	-0.55102	0.128469
-0.306122	-0.510204	0.136967
-0.306122	-0.469388	0.144948
-0.306122	-0.428571	0.152378
-0.306122	-0.387755	0.159225
-0.306122	-0.346939	0.16546
-0.306122	-0.306122	0.171053
-0.306122	-0.265306	0.17598
-0.306122	-0.22449	0.180217
-0.306122	-0.183673	0.183743
-0.306122	-0.142857	0.186542
-0.306122	-0.102041	0.188598
-0.306122	-0.0612245	0.189902
-0.306122	-0.0204082	0.190445
-0.306122	0.0204082	0.190222
-0.306122	0.0612245	0.189234
-0.306122	0.102041	0.187483
-0.306122	0.142857	0.184975
-0.306122	0.183673	0.181719
-0.306122	0.22449	0.17773
-0.306122	0.265306	0.173023
-0.306122	0.306122	0.167618
-0.306122	0.346939	0.161539
-0.306122	0.387755	0.154809
-0.306122	0.428571	0.147459
-0.306122	0.469388	0.139518
-0.306122	0.510204	0.13102
-0.306122	0.55102	0.122
-0.306122	0.591837	0.112496
-0.306122	0.632653	0.102547
-0.306122	0.673469	0.092192
-0.306122	0.714286	0.0814743
-0.306122	0.755102	0.0704364
-0.306122	0.795918	0.0591224
-0.306122	0.836735	0.0475772
-0.306122	0.877551	0.0358461
-0.306122	0.918367	0.0239753
-0.306122	0.959184	0.012011
-0.306122	1	0
-0.265306	-1	0.0120274
-0.265306	-0.959184	0.0240118
-0.265306	-0.918367	0.0359105
-0.265306	-0.877551	0.0476806
-0.265306	-0.836735	0.0592795
-0.265306	-0.795918	0.0706649
-0.265306	-0.755102	0.0817946
-0.265306	-0.714286	0.0926269
-0.265306	-0.673469	0.103121
-0.265306	-0.632653	0.113235
-0.265306	-0.591837	0.122931
-0.265306	-0.55102	0.132169
-0.265306	-0.510204	0.140912
-0.265306	-0.469388	0.149122
-0.265306	-0.428571	0.156767
-0.265306	-0.387755	0.163811
-0.265306	-0.346939	0.170225
-0.265306	-0.306122	0.17598
-0.265306	-0.265306	0.181048
-0.265306	-0.22449	0.185407
-0.265306	-0.183673	0.189035
-0.265306	-0.142857	0.191914
-0.265306	-0.102041	0.19403
-0.265306	-0.0612245	0.195371
-0.265306	-0.0204082	0.19593
-0.265306	0.0204082	0.195701
-0.265306	0.0612245	0.194684
-0.265306	0.102041	0.192883
-0.265306	0.142857	0.190302
-0.265306	0.183673	0.186953
-0.265306	0.22449	0.182849
-0.265306	0.265306	0.178006
-0.265306	0.306122	0.172446
-0.265306	0.346939	0.166191
-0.265306	0.387755	0.159268
-0.265306	0.428571	0.151706
-0.265306	0.469388	0.143536
-0.265306	0.510204	0.134794
-0.265306	0.55102	0.125514
-0.265306	0.591837	0.115736
-0.265306	0.632653	0.1055
-0.265306	0.673469	0.0948473
-0.265306	0.714286	0.0838208
-0.265306	0.755102	0.0724651
-0.265306	0.795918	0.0608252
-0.265306	0.836735	0.0489475
-0.265306	0.877551	0.0368785
-0.265306	0.918367	0.0246658
-0.265306	0.959184	0.012357
-0.265306	1	0
-0.22449	-1	0.0123169
-0.22449	-0.959184	0.0245899
-0.22449	-0.918367	0.036775
-0.22449	-0.877551	0.0488285
-0.22449	-0.836735	0.0607067
-0.22449	-0.795918	0.0723662
-0.22449	-0.755102	0.0837638
-0.22449	-0.714286	0.0948569
-0.22449	-0.673469	0.105603
-0.22449	-0.632653	0.115961
-0.22449	-0.591837	0.12589
-0.22449	-0.55102	0.135351
-0.22449	-0.510204	0.144304
-0.22449	-0.469388	0.152712
-0.22449	-0.428571	0.160541
-0.22449	-0.387755	0.167755
-0.22449	-0.346939	0.174324
-0.22449	-0.306122	0.180217
-0.22449	-0.265306	0.185407
-0.22449	-0.22449	0.189871
-0.22449	-0.183673	0.193586
-0.22449	-0.142857	0.196535
-0.22449	-0.102041	0.198702
-0.22449	-0.0612245	0.200075
-0.22449	-0.0204082	0.200647
-0.22449	0.0204082	0.200413
-0.22449	0.0612245	0.199371
-0.22449	0.102041	0.197526
-0.22449	0.142857	0.194884
-0.22449	0.183673	0.191454
-0.22449	0.22449	0.187251
-0.22449	0.265306	0.182292
-0.22449	0.306122	0.176598
-0.22449	0.346939	0.170192
-0.22449	0.387755	0.163102
-0.22449	0.428571	0.155358
-0.22449	0.469388	0.146992
-0.22449	0.510204	0.138039
-0.22449	0.55102	0.128536
-0.22449	0.591837	0.118523
-0.22449	0.632653	0.10804
-0.22449	0.673469	0.0971307
-0.22449	0.714286	0.0858388
-0.22449	0.755102	0.0742097
-0.22449	0.795918	0.0622896
-0.22449	0.836735	0.0501259
-0.22449	0.877551	0.0377664
-0.22449	0.918367	0.0252596
-0.22449	0.959184	0.0126544
-0.22449	1	0
-0.183673	-1	0.0125579
-0.183673	-0.959184	0.0250711
-0.183673	-0.918367	0.0374946
-0.183673	-0.877551	0.049784
-0.183673	-0.836735	0.0618946
-0.183673	-0.795918	0.0737822
-0.183673	-0.755102	0.0854028
-0.183673	-0.714286	0.096713
-0.183673	-0.673469	0.10767
-0.183673	-0.632653	0.11823
-0.183673	-0.591837	0.128354
-0.183673	-0.55102	0.137999
-0.183673	-0.510204	0.147128
-0.183673	-0.469388	0.155701
-0.183673	-0.428571	0.163682
-0.183673	-0.387755	0.171038
-0.183673	-0.346939	0.177735
-0.183673	-0.306122	0.183743
-0.183673	-0.265306	0.189035
-0.183673	-0.22449	0.193586
-0.183673	-0.183673	0.197374
-0.183673	-0.142857	0.20038
-0.183673	-0.102041	0.20259
-0.183673	-0.0612245	0.20399
-0.183673	-0.0204082	0.204573
-0.183673	0.0204082	0.204334
-0.183673	0.0612245	0.203273
-0.183673	0.102041	0.201391
-0.183673	0.142857	0.198697
-0.183673	0.183673	0.1952
-0.183673	0.22449	0.190915
-0.183673	0.265306	0.185859
-0.183673	0.306122	0.180053
-0.183673	0.346939	0.173522
-0.183673	0.387755	0.166294
-0.183673	0.428571	0.158398
-0.183673	0.469388	0.149868
-0.183673	0.510204	0.14074
-0.183673	0.55102	0.131051
-0.183673	0.591837	0.120842
-0.183673	0.632653	0.110154
-0.183673	0.673469	0.0990313
-0.183673	0.714286	0.0875185
-0.183673	0.755102	0.0756618
-0.183673	0.795918	0.0635085
-0.183673	0.836735	0.0511067
-0.183673	0.877551	0.0385054
-0.183673	0.918367	0.0257539
-0.183673	0.959184	0.0129021
-0.183673	1	0
-0.142857	-1	0.0127492
-0.142857	-0.959184	0.025453
-0.142857	-0.918367	0.0380658
-0.142857	-0.877551	0.0505423
-0.142857	-0.836735	0.0628373
-0.142857	-0.795918	0.074906
-0.142857	-0.755102	0.0867037
-0.142857	-0.714286	0.0981861
-0.142857	-0.673469	0.10931
-0.142857	-0.632653	0.120031
-0.142857	-0.591837	0.130309
-0.142857	-0.55102	0.140101
-0.142857	-0.510204	0.149369
-0.142857	-0.469388	0.158072
-0.142857	-0.428571	0.166175
-0.142857	-0.387755	0.173643
-0.142857	-0.346939	0.180442
-0.142857	-0.306122	0.186542
-0.142857	-0.265306	0.191914
-0.142857	-0.22449	0.196535
-0.142857	-0.183673	0.20038
-0.142857	-0.142857	0.203433
-0.142857	-0.102041	0.205675
-0.142857	-0.0612245	0.207097
-0.142857	-0.0204082	0.207689
-0.142857	0.0204082	0.207447
-0.142857	0.0612245	0.206369
-0.142857	0.102041	0.204459
-0.142857	0.142857	0.201724
-0.142857	0.183673	0.198174
-0.142857	0.22449	0.193823
-0.142857	0.265306	0.18869
-0.142857	0.306122	0.182796
-0.142857	0.346939	0.176165
-0.142857	0.387755	0.168827
-0.142857	0.428571	0.160811
-0.142857	0.469388	0.152151
-0.142857	0.510204	0.142884
-0.142857	0.55102	0.133047
-0.142857	0.591837	0.122683
-0.142857	0.632653	0.111832
-0.142857	0.673469	0.10054
-0.142857	0.714286	0.0888515
-0.142857	0.755102	0.0768142
-0.142857	0.795918	0.0644758
-0.142857	0.836735	0.0518852
-0.142857	0.877551	0.0390919
-0.142857	0.918367	0.0261462
-0.142857	0.959184	0.0130986
-0.142857	1	0
-0.102041	-1	0.0128898
-0.102041	-0.959184	0.0257336
-0.102041	-0.918367	0.0384854
-0.102041	-0.877551	0.0510995
-0.102041	-0.836735	0.0635302
-0.102041	-0.795918	0.0757319
-0.102041	-0.755102	0.0876596
-0.102041	-0.714286	0.0992686
-0.102041	-0.673469	0.110515
-0.102041	-0.632653	0.121355
-0.102041	-0.591837	0.131746
-0.102041	-0.55102	0.141646
-0.102041	-0.510204	0.151015
-0.102041	-0.469388	0.159815
-0.102041	-0.428571	0.168008
-0.102041	-0.387755	0.175557
-0.102041	-0.346939	0.182431
-0.102041	-0.306122	0.188598
-0.102041	-0.265306	0.19403
-0.102041	-0.22449	0.198702
-0.102041	-0.183673	0.20259
-0.102041	-0.142857	0.205675
-0.102041	-0.102041	0.207943
-0.102041	-0.0612245	0.20938
-0.102041	-0.0204082	0.209979
-0.102041	0.0204082	0.209734
-0.102041	0.0612245	0.208644
-0.102041	0.102041	0.206713
-0.102041	0.142857	0.203948
-0.102041	0.183673	0.200358
-0.102041	0.22449	0.19596
-0.102041	0.265306	0.19077
-0.102041	0.306122	0.184811
-0.102041	0.346939	0.178108
-0.102041	0.387755	0.170688
-0.102041	0.428571	0.162584
-0.102041	0.469388	0.153828
-0.102041	0.510204	0.144459
-0.102041	0.55102	0.134514
-0.102041	0.591837	0.124035
-0.102041	0.632653	0.113065
-0.102041	0.673469	0.101648
-0.102041	0.714286	0.0898312
-0.102041	0.755102	0.0776611
-0.102041	0.795918	0.0651867
-0.102041	0.836735	0.0524572
-0.102041	0.877551	0.0395229
-0.102041	0.918367	0.0264344
-0.102041	0.959184	0.013243
-0.102041	1	0
-0.0612245	-1	0.0129789
-0.0612245	-0.959184	0.0259115
-0.0612245	-0.918367	0.0387515
-0.0612245	-0.877551	0.0514527
-0.0612245	-0.836735	0.0639693
-0.0612245	-0.795918	0.0762553
-0.0612245	-0.755102	0.0882655
-0.0612245	-0.714286	0.0999548
-0.0612245	-0.673469	0.111279
-0.0612245	-0.632653	0.122193
-0.0612245	-0.591837	0.132656
-0.0612245	-0.55102	0.142625
-0.0612245	-0.510204	0.152059
-0.0612245	-0.469388	0.16092
-0.0612245	-0.428571	0.169169
-0.0612245	-0.387755	0.176771
-0.0612245	-0.346939	0.183692
-0.0612245	-0.306122	0.189902
-0.0612245	-0.265306	0.195371
-0.0612245	-0.22449	0.200075
-0.0612245	-0.183673	0.20399
-0.0612245	-0.142857	0.207097
-0.0612245	-0.102041	0.20938
-0.0612245	-0.0612245	0.210828
-0.0612245	-0.0204082	0.21143
-0.0612245	0.0204082	0.211183
-0.0612245	0.0612245	0.210086
-0.0612245	0.102041	0.208142
-0.0612245	0.142857	0.205357
-0.0612245	0.183673	0.201743
-0.0612245	0.22449	0.197314
-0.0612245	0.265306	0.192089
-0.0612245	0.306122	0.186089
-0.0612245	0.346939	0.179339
-0.0612245	0.387755	0.171868
-0.0612245	0.428571	0.163708
-0.0612245	0.469388	0.154892
-0.0612245	0.510204	0.145457
-0.0612245	0.55102	0.135444
-0.0612245	0.591837	0.124892
-0.0612245	0.632653	0.113846
-0.0612245	0.673469	0.102351
-0.0612245	0.714286	0.0904521
-0.0612245	0.755102	0.0781979
-0.0612245	0.795918	0.0656372
-0.0612245	0.836735	0.0528198
-0.0612245	0.877551	0.0397961
-0.0612245	0.918367	0.0266172
-0.0612245	0.959184	0.0133345
-0.0612245	1	0
-0.0204082	-1	0.013016
-0.0204082	-0.959184	0.0259855
-0.0204082	-0.918367	0.0388622
-0.0204082	-0.877551	0.0515998
-0.0204082	-0.836735	0.0641521
-0.0204082	-0.795918	0.0764733
-0.0204082	-0.755102	0.0885178
-0.0204082	-0.714286	0.10024
-0.0204082	-0.673469	0.111597
-0.0204082	-0.632653	0.122543
-0.0204082	-0.591837	0.133035
-0.0204082	-0.55102	0.143033
-0.0204082	-0.510204	0.152494
-0.0204082	-0.469388	0.16138
-0.0204082	-0.428571	0.169652
-0.0204082	-0.387755	0.177276
-0.0204082	-0.346939	0.184217
-0.0204082	-0.306122	0.190445
-0.0204082	-0.265306	0.19593
-0.0204082	-0.22449	0.200647
-0.0204082	-0.183673	0.204573
-0.0204082	-0.142857	0.207689
-0.0204082	-0.102041	0.209979
-0.0204082	-0.0612245	0.21143
-0.0204082	-0.0204082	0.212035
-0.0204082	0.0204082	0.211787
-0.0204082	0.0612245	0.210687
-0.0204082	0.102041	0.208737
-0.0204082	0.142857	0.205944
-0.0204082	0.183673	0.20232
-0.0204082	0.22449	0.197878
-0.0204082	0.265306	0.192638
-0.0204082	0.306122	0.18662
-0.0204082	0.346939	0.179851
-0.0204082	0.387755	0.172359
-0.0204082	0.428571	0.164175
-0.0204082	0.469388	0.155334
-0.0204082	0.510204	0.145873
-0.0204082	0.55102	0.135831
-0.0204082	0.591837	0.125249
-0.0204082	0.632653	0.114172
-0.0204082	0.673469	0.102643
-0.0204082	0.714286	0.0907106
-0.0204082	0.755102	0.0784214
-0.0204082	0.795918	0.0658248
-0.0204082	0.836735	0.0529708
-0.0204082	0.877551	0.0399098
-0.0204082	0.918367	0.0266932
-0.0204082	0.959184	0.0133726
-0.0204082	1	0
0.0204082	-1	0.0130008
0.0204082	-0.959184	0.0259552
0.0204082	-0.918367	0.0388168
0.0204082	-0.877551	0.0515396
0.0204082	-0.836735	0.0640772
0.0204082	-0.795918	0.076384
0.0204082	-0.755102	0.0884145
0.0204082	-0.714286	0.100123
0.0204082	-0.673469	0.111466
0.0204082	-0.632653	0.1224
0.0204082	-0.591837	0.13288
0.0204082	-0.55102	0.142866
0.0204082	-0.510204	0.152316
0.0204082	-0.469388	0.161191
0.0204082	-0.428571	0.169454
0.0204082	-0.387755	0.177069
0.0204082	-0.346939	0.184002
0.0204082	-0.306122	0.190222
0.0204082	-0.265306	0.195701
0.0204082	-0.22449	0.200413
0.0204082	-0.183673	0.204334
0.0204082	-0.142857	0.207447
0.0204082	-0.102041	0.209734
0.0204082	-0.0612245	0.211183
0.0204082	-0.0204082	0.211787
0.0204082	0.0204082	0.21154
0.0204082	0.0612245	0.210441
0.0204082	0.102041	0.208493
0.0204082	0.142857	0.205704
0.0204082	0.183673	0.202084
0.0204082	0.22449	0.197647
0.0204082	0.265306	0.192413
0.0204082	0.306122	0.186403
0.0204082	0.346939	0.179641
0.0204082	0.387755	0.172158
0.0204082	0.428571	0.163984
0.0204082	0.469388	0.155153
0.0204082	0.510204	0.145703
0.0204082	0.55102	0.135672
0.0204082	0.591837	0.125103
0.0204082	0.632653	0.114039
0.0204082	0.673469	0.102524
0.0204082	0.714286	0.0906047
0.0204082	0.755102	0.0783299
0.0204082	0.795918	0.065748
0.0204082	0.836735	0.0529089
0.0204082	0.877551	0.0398632
0.0204082	0.918367	0.0266621
0.0204082	0.959184	0.013357
0.0204082	1	0
0.0612245	-1	0.0129332
0.0612245	-0.959184	0.0258203
0.0612245	-0.918367	0.0386152
0.0612245	-0.877551	0.0512718
0.0612245	-0.836735	0.0637443
0.0612245	-0.795918	0.0759872
0.0612245	-0.755102	0.0879551
0.0612245	-0.714286	0.0996033
0.0612245	-0.673469	0.110887
0.0612245	-0.632653	0.121764
0.0612245	-0.591837	0.13219
0.0612245	-0.55102	0.142124
0.0612245	-0.510204	0.151525
0.0612245	-0.469388	0.160354
0.0612245	-0.428571	0.168574
0.0612245	-0.387755	0.176149
0.0612245	-0.346939	0.183046
0.0612245	-0.306122	0.189234
0.0612245	-0.265306	0.194684
0.0612245	-0.22449	0.199371
0.0612245	-0.183673	0.203273
0.0612245	-0.142857	0.206369
0.0612245	-0.102041	0.208644
0.0612245	-0.0612245	0.210086
0.0612245	-0.0204082	0.210687
0.0612245	0.0204082	0.210441
0.0612245	0.0612245	0.209348
0.0612245	0.102041	0.20741
0.0612245	0.142857	0.204635
0.0612245	0.183673	0.201034
0.0612245	0.22449	0.196621
0.0612245	0.265306	0.191413
0.0612245	0.306122	0.185434
0.0612245	0.346939	0.178708
0.0612245	0.387755	0.171264
0.0612245	0.428571	0.163132
0.0612245	0.469388	0.154347
0.0612245	0.510204	0.144946
0.0612245	0.55102	0.134968
0.0612245	0.591837	0.124453
0.0612245	0.632653	0.113446
0.0612245	0.673469	0.101991
0.0612245	0.714286	0.090134
0.0612245	0.755102	0.0779229
0.0612245	0.795918	0.0654064
0.0612245	0.836735	0.0526341
0.0612245	0.877551	0.0396561
0.0612245	0.918367	0.0265236
0.0612245	0.959184	0.0132876
0.0612245	1	0
0.102041	-1	0.0128136
0.102041	-0.959184	0.0255814
0.102041	-0.918367	0.0382578
0.102041	-0.877551	0.0507973
0.102041	-0.836735	0.0631544
0.102041	-0.795918	0.075284
0.102041	-0.755102	0.0871411
0.102041	-0.714286	0.0986815
0.102041	-0.673469	0.109861
0.102041	-0.632653	0.120637
0.102041	-0.591837	0.130966
0.102041	-0.55102	0.140808
0.102041	-0.510204	0.150122
0.102041	-0.469388	0.15887
0.102041	-0.428571	0.167014
0.102041	-0.387755	0.174519
0.102041	-0.346939	0.181352
0.102041	-0.306122	0.187483
0.102041	-0.265306	0.192883
0.102041	-0.22449	0.197526
0.102041	-0.183673	0.201391
0.102041	-0.142857	0.204459
0.102041	-0.102041	0.206713
0.102041	-0.0612245	0.208142
0.102041	-0.0204082	0.208737
0.102041	0.0204082	0.208493
0.102041	0.0612245	0.20741
0.102041	0.102041	0.20549
0.102041	0.142857	0.202741
0.102041	0.183673	0.199173
0.102041	0.22449	0.194801
0.102041	0.265306	0.189642
0.102041	0.306122	0.183718
0.102041	0.346939	0.177054
0.102041	0.387755	0.169679
0.102041	0.428571	0.161622
0.102041	0.469388	0.152919
0.102041	0.510204	0.143604
0.102041	0.55102	0.133719
0.102041	0.591837	0.123301
0.102041	0.632653	0.112396
0.102041	0.673469	0.101047
0.102041	0.714286	0.0892998
0.102041	0.755102	0.0772018
0.102041	0.795918	0.0648011
0.102041	0.836735	0.0521469
0.102041	0.877551	0.0392891
0.102041	0.918367	0.0262781
0.102041	0.959184	0.0131647
0.102041	1	0
0.142857	-1	0.0126421
0.142857	-0.959184	0.0252391
0.142857	-0.918367	0.037746
0.142857	-0.877551	0.0501177
0.142857	-0.836735	0.0623095
0.142857	-0.795918	0.0742768
0.142857	-0.755102	0.0859753
0.142857	-0.714286	0.0973613
0.142857	-0.673469	0.108391
0.142857	-0.632653	0.119023
0.142857	-0.591837	0.129214
0.142857	-0.55102	0.138924
0.142857	-0.510204	0.148114
0.142857	-0.469388	0.156744
0.142857	-0.428571	0.164779
0.142857	-0.387755	0.172184
0.142857	-0.346939	0.178926
0.142857	-0.306122	0.184975
0.142857	-0.265306	0.190302
0.142857	-0.22449	0.194884
0.142857	-0.183673	0.198697
0.142857	-0.142857	0.201724
0.142857	-0.102041	0.203948
0.142857	-0.0612245	0.205357
0.142857	-0.0204082	0.205944
0.142857	0.0204082	0.205704
0.142857	0.0612245	0.204635
0.142857	0.102041	0.202741
0.142857	0.142857	0.200029
0.142857	0.183673	0.196509
0.142857	0.22449	0.192195
0.142857	0.265306	0.187105
0.142857	0.306122	0.18126
0.142857	0.346939	0.174686
0.142857	0.387755	0.167409
0.142857	0.428571	0.15946
0.142857	0.469388	0.150873
0.142857	0.510204	0.141683
0.142857	0.55102	0.13193
0.142857	0.591837	0.121652
0.142857	0.632653	0.110893
0.142857	0.673469	0.0996952
0.142857	0.714286	0.0881051
0.142857	0.755102	0.0761689
0.142857	0.795918	0.0639342
0.142857	0.836735	0.0514493
0.142857	0.877551	0.0387635
0.142857	0.918367	0.0259265
0.142857	0.959184	0.0129886
0.142857	1	0
0.183673	-1	0.0124196
0.183673	-0.959184	0.024795
0.183673	-0.918367	0.0370817
0.183673	-0.877551	0.0492357
0.183673	-0.836735	0.0612129
0.183673	-0.795918	0.0729696
0.183673	-0.755102	0.0844623
0.183673	-0.714286	0.0956478
0.183673	-0.673469	0.106484
0.183673	-0.632653	0.116928
0.183673	-0.591837	0.12694
0.183673	-0.55102	0.136479
0.183673	-0.510204	0.145507
0.183673	-0.469388	0.153986
0.183673	-0.428571	0.161879
0.183673	-0.387755	0.169154
0.183673	-0.346939	0.175777
0.183673	-0.306122	0.181719
0.183673	-0.265306	0.186953
0.183673	-0.22449	0.191454
0.183673	-0.183673	0.1952
0.183673	-0.142857	0.198174
0.183673	-0.102041	0.200358
0.183673	-0.0612245	0.201743
0.183673	-0.0204082	0.20232
0.183673	0.0204082	0.202084
0.183673	0.0612245	0.201034
0.183673	0.102041	0.199173
0.183673	0.142857	0.196509
0.183673	0.183673	0.19305
0.183673	0.22449	0.188812
0.183673	0.265306	0.183812
0.183673	0.306122	0.17807
0.183673	0.346939	0.171611
0.183673	0.387755	0.164462
0.183673	0.428571	0.156654
0.183673	0.469388	0.148218
0.183673	0.510204	0.13919
0.183673	0.55102	0.129608
0.183673	0.591837	0.119511
0.183673	0.632653	0.108941
0.183673	0.673469	0.0979406
0.183673	0.714286	0.0865546
0.183673	0.755102	0.0748285
0.183673	0.795918	0.062809
0.183673	0.836735	0.0505438
0.183673	0.877551	0.0380813
0.183673	0.918367	0.0254703
0.183673	0.959184	0.01276
0.183673	1	0
0.22449	-1	0.012147
0.22449	-0.959184	0.0242506
0.22449	-0.918367	0.0362676
0.22449	-0.877551	0.0481548
0.22449	-0.836735	0.0598691
0.22449	-0.795918	0.0713677
0.22449	-0.755102	0.082608
0.22449	-0.714286	0.0935481
0.22449	-0.673469	0.104146
0.22449	-0.632653	0.114361
0.22449	-0.591837	0.124153
0.22449	-0.55102	0.133483
0.22449	-0.510204	0.142313
0.22449	-0.469388	0.150605
0.22449	-0.428571	0.158326
0.22449	-0.387755	0.16544
0.22449	-0.346939	0.171918
0.22449	-0.306122	0.17773
0.22449	-0.265306	0.182849
0.22449	-0.22449	0.187251
0.22449	-0.183673	0.190915
0.22449	-0.142857	0.193823
0.22449	-0.102041	0.19596
0.22449	-0.0612245	0.197314
0.22449	-0.0204082	0.197878
0.22449	0.0204082	0.197647
0.22449	0.0612245	0.196621
0.22449	0.102041	0.194801
0.22449	0.142857	0.192195
0.22449	0.183673	0.188812
0.22449	0.22449	0.184667
0.22449	0.265306	0.179777
0.22449	0.306122	0.174161
0.22449	0.346939	0.167844
0.22449	0.387755	0.160852
0.22449	0.428571	0.153214
0.22449	0.469388	0.144964
0.22449	0.510204	0.136134
0.22449	0.55102	0.126762
0.22449	0.591837	0.116887
0.22449	0.632653	0.106549
0.22449	0.673469	0.0957905
0.22449	0.714286	0.0846544
0.22449	0.755102	0.0731857
0.22449	0.795918	0.0614301
0.22449	0.836735	0.0494342
0.22449	0.877551	0.0372453
0.22449	0.918367	0.0249111
0.22449	0.959184	0.0124798
0.22449	1	0
0.265306	-1	0.0118253
0.265306	-0.959184	0.0236084
0.265306	-0.918367	0.0353072
0.265306	-0.877551	0.0468795
0.265306	-0.836735	0.0582836
0.265306	-0.795918	0.0694776
0.265306	-0.755102	0.0804203
0.265306	-0.714286	0.0910706
0.265306	-0.673469	0.101388
0.265306	-0.632653	0.111333
0.265306	-0.591837	0.120865
0.265306	-0.55102	0.129948
0.265306	-0.510204	0.138544
0.265306	-0.469388	0.146617
0.265306	-0.428571	0.154133
0.265306	-0.387755	0.161059
0.265306	-0.346939	0.167365
0.265306	-0.306122	0.173023
0.265306	-0.265306	0.178006
0.265306	-0.22449	0.182292
0.265306	-0.183673	0.185859
0.265306	-0.142857	0.18869
0.265306	-0.102041	0.19077
0.265306	-0.0612245	0.192089
0.265306	-0.0204082	0.192638
0.265306	0.0204082	0.192413
0.265306	0.0612245	0.191413
0.265306	0.102041	0.189642
0.265306	0.142857	0.187105
0.265306	0.183673	0.183812
0.265306	0.22449	0.179777
0.265306	0.265306	0.175016
0.265306	0.306122	0.169549
0.265306	0.346939	0.163399
0.265306	0.387755	0.156592
0.265306	0.428571	0.149157
0.265306	0.469388	0.141125
0.265306	0.510204	0.132529
0.265306	0.55102	0.123405
0.265306	0.591837	0.113792
0.265306	0.632653	0.103728
0.265306	0.673469	0.0932537
0.265306	0.714286	0.0824125
0.265306	0.755102	0.0712475
0.265306	0.795918	0.0598033
0.265306	0.836735	0.0481251
0.265306	0.877551	0.0362589
0.265306	0.918367	0.0242514
0.265306	0.959184	0.0121493
0.265306	1	0
0.306122	-1	0.0114559
0.306122	-0.959184	0.0228709
0.306122	-0.918367	0.0342043
0.306122	-0.877551	0.0454151
0.306122	-0.836735	0.056463
0.306122	-0.795918	0.0673074
0.306122	-0.755102	0.0779082
0.306122	-0.714286	0.0882258
0.306122	-0.673469	0.098221
0.306122	-0.632653	0.107855
0.306122	-0.591837	0.11709
0.306122	-0.55102	0.125889
0.306122	-0.510204	0.134216
0.306122	-0.469388	0.142037
0.306122	-0.428571	0.149318
0.306122	-0.387755	0.156028
0.306122	-0.346939	0.162137
0.306122	-0.306122	0.167618
0.306122	-0.265306	0.172446
0.306122	-0.22449	0.176598
0.306122	-0.183673	0.180053
0.306122	-0.142857	0.182796
0.306122	-0.102041	0.184811
0.306122	-0.0612245	0.186089
0.306122	-0.0204082	0.18662
0.306122	0.0204082	0.186403
0.306122	0.0612245	0.185434
0.306122	0.102041	0.183718
0.306122	0.142857	0.18126
0.306122	0.183673	0.17807
0.306122	0.22449	0.174161
0.306122	0.265306	0.169549
0.306122	0.306122	0.164253
0.306122	0.346939	0.158295
0.306122	0.387755	0.151701
0.306122	0.428571	0.144498
0.306122	0.469388	0.136716
0.306122	0.510204	0.128389
0.306122	0.55102	0.119551
0.306122	0.591837	0.110237
0.306122	0.632653	0.100487
0.306122	0.673469	0.0903407
0.306122	0.714286	0.0798382
0.306122	0.755102	0.069022
0.306122	0.795918	0.0579352
0.306122	0.836735	0.0466218
0.306122	0.877551	0.0351263
0.306122	0.918367	0.0234938
0.306122	0.959184	0.0117698
0.306122	1	0
0.346939	-1	0.0110404
0.346939	-0.959184	0.0220414
0.346939	-0.918367	0.0329636
0.346939	-0.877551	0.0437679
0.346939	-0.836735	0.054415
0.346939	-0.795918	0.064866
0.346939	-0.755102	0.0750824
0.346939	-0.714286	0.0850257
0.346939	-0.673469	0.0946583
0.346939	-0.632653	0.103943
0.346939	-0.591837	0.112843
0.346939	-0.55102	0.121323
0.346939	-0.510204	0.129348
0.346939	-0.469388	0.136885
0.346939	-0.428571	0.143902
0.346939	-0.387755	0.150369
0.346939	-0.346939	0.156256
0.346939	-0.306122	0.161539
0.346939	-0.265306	0.166191
0.346939	-0.22449	0.170192
0.346939	-0.183673	0.173522
0.346939	-0.142857	0.176165
0.346939	-0.102041	0.178108
0.346939	-0.0612245	0.179339
0.346939	-0.0204082	0.179851
0.346939	0.0204082	0.179641
0.346939	0.0612245	0.178708
0.346939	0.102041	0.177054
0.346939	0.142857	0.174686
0.346939	0.183673	0.171611
0.346939	0.22449	0.167844
0.346939	0.265306	0.163399
0.346939	0.306122	0.158295
0.346939	0.346939	0.152553
0.346939	0.387755	0.146198
0.346939	0.428571	0.139256
0.346939	0.469388	0.131757
0.346939	0.510204	0.123732
0.346939	0.55102	0.115214
0.346939	0.591837	0.106239
0.346939	0.632653	0.0968426
0.346939	0.673469	0.0870639
0.346939	0.714286	0.0769423
0.346939	0.755102	0.0665184
0.346939	0.795918	0.0558338
0.346939	0.836735	0.0449307
0.346939	0.877551	0.0338522
0.346939	0.918367	0.0226417
0.346939	0.959184	0.0113429
0.346939	1	0
0.387755	-1	0.0105805
0.387755	-0.959184	0.0211232
0.387755	-0.918367	0.0315904
0.387755	-0.877551	0.0419446
0.387755	-0.836735	0.0521481
0.387755	-0.795918	0.0621638
0.387755	-0.755102	0.0719546
0.387755	-0.714286	0.0814837
0.387755	-0.673469	0.0907151
0.387755	-0.632653	0.0996129
0.387755	-0.591837	0.108142
0.387755	-0.55102	0.116269
0.387755	-0.510204	0.12396
0.387755	-0.469388	0.131183
0.387755	-0.428571	0.137907
0.387755	-0.387755	0.144105
0.387755	-0.346939	0.149747
0.387755	-0.306122	0.154809
0.387755	-0.265306	0.159268
0.387755	-0.22449	0.163102
0.387755	-0.183673	0.166294
0.387755	-0.142857	0.168827
0.387755	-0.102041	0.170688
0.387755	-0.0612245	0.171868
0.387755	-0.0204082	0.172359
0.387755	0.0204082	0.172158
0.387755	0.0612245	0.171264
0.387755	0.102041	0.169679
0.387755	0.142857	0.167409
0.387755	0.183673	0.164462
0.387755	0.22449	0.160852
0.387755	0.265306	0.156592
0.387755	0.306122	0.151701
0.387755	0.346939	0.146198
0.387755	0.387755	0.140108
0.387755	0.428571	0.133455
0.387755	0.469388	0.126269
0.387755	0.510204	0.118578
0.387755	0.55102	0.110415
0.387755	0.591837	0.101813
0.387755	0.632653	0.0928083
0.387755	0.673469	0.083437
0.387755	0.714286	0.0737371
0.387755	0.755102	0.0637474
0.387755	0.795918	0.0535079
0.387755	0.836735	0.043059
0.387755	0.877551	0.032442
0.387755	0.918367	0.0216985
0.387755	0.959184	0.0108704
0.387755	1	0
0.428571	-1	0.0100781
0.428571	-0.959184	0.0201202
0.428571	-0.918367	0.0300905
0.428571	-0.877551	0.039953
0.428571	-0.836735	0.0496721
0.428571	-0.795918	0.0592122
0.428571	-0.755102	0.0685381
0.428571	-0.714286	0.0776148
0.428571	-0.673469	0.0864078
0.428571	-0.632653	0.0948831
0.428571	-0.591837	0.103007
0.428571	-0.55102	0.110748
0.428571	-0.510204	0.118074
0.428571	-0.469388	0.124954
0.428571	-0.428571	0.131359
0.428571	-0.387755	0.137262
0.428571	-0.346939	0.142637
0.428571	-0.306122	0.147459
0.428571	-0.265306	0.151706
0.428571	-0.22449	0.155358
0.428571	-0.183673	0.158398
0.428571	-0.142857	0.160811
0.428571	-0.102041	0.162584
0.428571	-0.0612245	0.163708
0.428571	-0.0204082	0.164175
0.428571	0.0204082	0.163984
0.428571	0.0612245	0.163132
0.428571	0.102041	0.161622
0.428571	0.142857	0.15946
0.428571	0.183673	0.156654
0.428571	0.22449	0.153214
0.428571	0.265306	0.149157
0.428571	0.306122	0.144498
0.428571	0.346939	0.139256
0.428571	0.387755	0.133455
0.428571	0.428571	0.127119
0.428571	0.469388	0.120273
0.428571	0.510204	0.112948
0.428571	0.55102	0.105172
0.428571	0.591837	0.0969789
0.428571	0.632653	0.0884017
0.428571	0.673469	0.0794753
0.428571	0.714286	0.070236
0.428571	0.755102	0.0607206
0.428571	0.795918	0.0509673
0.428571	0.836735	0.0410145
0.428571	0.877551	0.0309016
0.428571	0.918367	0.0206682
0.428571	0.959184	0.0103543
0.428571	1	0
0.469388	-1	0.00953538
0.469388	-0.959184	0.0190367
0.469388	-0.918367	0.0284701
0.469388	-0.877551	0.0378015
0.469388	-0.836735	0.0469972
0.469388	-0.795918	0.0560236
0.469388	-0.755102	0.0648473
0.469388	-0.714286	0.0734352
0.469388	-0.673469	0.0817547
0.469388	-0.632653	0.0897736
0.469388	-0.591837	0.0974604
0.469388	-0.55102	0.104784
0.469388	-0.510204	0.111716
0.469388	-0.469388	0.118225
0.469388	-0.428571	0.124286
0.469388	-0.387755	0.129871
0.469388	-0.346939	0.134956
0.469388	-0.306122	0.139518
0.469388	-0.265306	0.143536
0.469388	-0.22449	0.146992
0.469388	-0.183673	0.149868
0.469388	-0.142857	0.152151
0.469388	-0.102041	0.153828
0.469388	-0.0612245	0.154892
0.469388	-0.0204082	0.155334
0.469388	0.0204082	0.155153
0.469388	0.0612245	0.154347
0.469388	0.102041	0.152919
0.469388	0.142857	0.150873
0.469388	0.183673	0.148218
0.469388	0.22449	0.144964
0.469388	0.265306	0.141125
0.469388	0.306122	0.136716
0.469388	0.346939	0.131757
0.469388	0.387755	0.126269
0.469388	0.428571	0.120273
0.469388	0.469388	0.113796
0.469388	0.510204	0.106865
0.469388	0.55102	0.0995085
0.469388	0.591837	0.0917565
0.469388	0.632653	0.0836412
0.469388	0.673469	0.0751955
0.469388	0.714286	0.0664537
0.469388	0.755102	0.0574508
0.469388	0.795918	0.0482226
0.469388	0.836735	0.0388059
0.469388	0.877551	0.0292375
0.469388	0.918367	0.0195552
0.469388	0.959184	0.00979667
0.469388	1	0
0.510204	-1	0.00895459
0.510204	-0.959184	0.0178772
0.510204	-0.918367	0.026736
0.510204	-0.877551	0.035499
0.510204	-0.836735	0.0441347
0.510204	-0.795918	0.0526112
0.510204	-0.755102	0.0608975
0.510204	-0.714286	0.0689623
0.510204	-0.673469	0.0767751
0.510204	-0.632653	0.0843056
0.510204	-0.591837	0.0915242
0.510204	-0.55102	0.098402
0.510204	-0.510204	0.104911
0.510204	-0.469388	0.111024
0.510204	-0.428571	0.116716
0.510204	-0.387755	0.12196
0.510204	-0.346939	0.126736
0.510204	-0.306122	0.13102
0.510204	-0.265306	0.134794
0.510204	-0.22449	0.138039
0.510204	-0.183673	0.14074
0.510204	-0.142857	0.142884
0.510204	-0.102041	0.144459
0.510204	-0.0612245	0.145457
0.510204	-0.0204082	0.145873
0.510204	0.0204082	0.145703
0.510204	0.0612245	0.144946
0.510204	0.102041	0.143604
0.510204	0.142857	0.141683
0.510204	0.183673	0.13919
0.510204	0.22449	0.136134
0.510204	0.265306	0.132529
0.510204	0.306122	0.128389
0.510204	0.346939	0.123732
0.510204	0.387755	0.118578
0.510204	0.428571	0.112948
0.510204	0.469388	0.106865
0.510204	0.510204	0.100356
0.510204	0.55102	0.0934475
0.510204	0.591837	0.0861677
0.510204	0.632653	0.0785467
0.510204	0.673469	0.0706154
0.510204	0.714286	0.0624061
0.510204	0.755102	0.0539515
0.510204	0.795918	0.0452854
0.510204	0.836735	0.0364422
0.510204	0.877551	0.0274567
0.510204	0.918367	0.0183641
0.510204	0.959184	0.00919997
0.510204	1	0
0.55102	-1	0.00833814
0.55102	-0.959184	0.0166465
0.55102	-0.918367	0.0248954
0.55102	-0.877551	0.0330552
0.55102	-0.836735	0.0410963
0.55102	-0.795918	0.0489894
0.55102	-0.755102	0.0567052
0.55102	-0.714286	0.0642148
0.55102	-0.673469	0.0714898
0.55102	-0.632653	0.0785018
0.55102	-0.591837	0.0852235
0.55102	-0.55102	0.0916279
0.55102	-0.510204	0.0976888
0.55102	-0.469388	0.103381
0.55102	-0.428571	0.108681
0.55102	-0.387755	0.113564
0.55102	-0.346939	0.118011
0.55102	-0.306122	0.122
0.55102	-0.265306	0.125514
0.55102	-0.22449	0.128536
0.55102	-0.183673	0.131051
0.55102	-0.142857	0.133047
0.55102	-0.102041	0.134514
0.55102	-0.0612245	0.135444
0.55102	-0.0204082	0.135831
0.55102	0.0204082	0.135672
0.55102	0.0612245	0.134968
0.55102	0.102041	0.133719
0.55102	0.142857	0.13193
0.55102	0.183673	0.129608
0.55102	0.22449	0.126762
0.55102	0.265306	0.123405
0.55102	0.306122	0.119551
0.55102	0.346939	0.115214
0.55102	0.387755	0.110415
0.55102	0.428571	0.105172
0.55102	0.469388	0.0995085
0.55102	0.510204	0.0934475
0.55102	0.55102	0.0870144
0.55102	0.591837	0.0802358
0.55102	0.632653	0.0731394
0.55102	0.673469	0.0657542
0.55102	0.714286	0.0581099
0.55102	0.755102	0.0502374
0.55102	0.795918	0.0421679
0.55102	0.836735	0.0339335
0.55102	0.877551	0.0255665
0.55102	0.918367	0.0170999
0.55102	0.959184	0.00856663
0.55102	1	0
0.591837	-1	0.00768858
0.591837	-0.959184	0.0153497
0.591837	-0.918367	0.022956
0.591837	-0.877551	0.0304801
0.591837	-0.836735	0.0378948
0.591837	-0.795918	0.045173
0.591837	-0.755102	0.0522877
0.591837	-0.714286	0.0592123
0.591837	-0.673469	0.0659205
0.591837	-0.632653	0.0723863
0.591837	-0.591837	0.0785844
0.591837	-0.55102	0.0844898
0.591837	-0.510204	0.0900786
0.591837	-0.469388	0.0953274
0.591837	-0.428571	0.100214
0.591837	-0.387755	0.104717
0.591837	-0.346939	0.108818
0.591837	-0.306122	0.112496
0.591837	-0.265306	0.115736
0.591837	-0.22449	0.118523
0.591837	-0.183673	0.120842
0.591837	-0.142857	0.122683
0.591837	-0.102041	0.124035
0.591837	-0.0612245	0.124892
0.591837	-0.0204082	0.125249
0.591837	0.0204082	0.125103
0.591837	0.0612245	0.124453
0.591837	0.102041	0.123301
0.591837	0.142857	0.121652
0.591837	0.183673	0.119511
0.591837	0.22449	0.116887
0.591837	0.265306	0.113792
0.591837	0.306122	0.110237
0.591837	0.346939	0.106239
0.591837	0.387755	0.101813
0.591837	0.428571	0.0969789
0.591837	0.469388	0.0917565
0.591837	0.510204	0.0861677
0.591837	0.55102	0.0802358
0.591837	0.591837	0.0739852
0.591837	0.632653	0.0674416
0.591837	0.673469	0.0606317
0.591837	0.714286	0.053583
0.591837	0.755102	0.0463238
0.591837	0.795918	0.0388829
0.591837	0.836735	0.03129
0.591837	0.877551	0.0235748
0.591837	0.918367	0.0157678
0.591837	0.959184	0.00789926
0.591837	1	0
0.632653	-1	0.00700857
0.632653	-0.959184	0.0139921
0.632653	-0.918367	0.0209257
0.632653	-0.877551	0.0277843
0.632653	-0.836735	0.0345433
0.632653	-0.795918	0.0411777
0.632653	-0.755102	0.0476632
0.632653	-0.714286	0.0539753
0.632653	-0.673469	0.0600902
0.632653	-0.632653	0.0659842
0.632653	-0.591837	0.071634
0.632653	-0.55102	0.0770172
0.632653	-0.510204	0.0821117
0.632653	-0.469388	0.0868963
0.632653	-0.428571	0.0913508
0.632653	-0.387755	0.0954558
0.632653	-0.346939	0.0991934
0.632653	-0.306122	0.102547
0.632653	-0.265306	0.1055
0.632653	-0.22449	0.10804
0.632653	-0.183673	0.110154
0.632653	-0.142857	0.111832
0.632653	-0.102041	0.113065
0.632653	-0.0612245	0.113846
0.632653	-0.0204082	0.114172
0.632653	0.0204082	0.114039
0.632653	0.0612245	0.113446
0.632653	0.102041	0.112396
0.632653	0.142857	0.110893
0.632653	0.183673	0.108941
0.632653	0.22449	0.106549
0.632653	0.265306	0.103728
0.632653	0.306122	0.100487
0.632653	0.346939	0.0968426
0.632653	0.387755	0.0928083
0.632653	0.428571	0.0884017
0.632653	0.469388	0.0836412
0.632653	0.510204	0.0785467
0.632653	0.55102	0.0731394
0.632653	0.591837	0.0674416
0.632653	0.632653	0.0614768
0.632653	0.673469	0.0552692
0.632653	0.714286	0.0488439
0.632653	0.755102	0.0422267
0.632653	0.795918	0.035444
0.632653	0.836735	0.0285226
0.632653	0.877551	0.0214898
0.632653	0.918367	0.0143732
0.632653	0.959184	0.00720062
0.632653	1	0
0.673469	-1	0.00630088
0.673469	-0.959184	0.0125793
0.673469	-0.918367	0.0188127
0.673469	-0.877551	0.0249788
0.673469	-0.836735	0.0310553
0.673469	-0.795918	0.0370198
0.673469	-0.755102	0.0428504
0.673469	-0.714286	0.0485252
0.673469	-0.673469	0.0540226
0.673469	-0.632653	0.0593214
0.673469	-0.591837	0.0644008
0.673469	-0.55102	0.0692404
0.673469	-0.510204	0.0738205
0.673469	-0.469388	0.0781219
0.673469	-0.428571	0.0821266
0.673469	-0.387755	0.0858172
0.673469	-0.346939	0.0891774
0.673469	-0.306122	0.092192
0.673469	-0.265306	0.0948473
0.673469	-0.22449	0.0971307
0.673469	-0.183673	0.0990313
0.673469	-0.142857	0.10054
0.673469	-0.102041	0.101648
0.673469	-0.0612245	0.102351
0.673469	-0.0204082	0.102643
0.673469	0.0204082	0.102524
0.673469	0.0612245	0.101991
0.673469	0.102041	0.101047
0.673469	0.142857	0.0996952
0.673469	0.183673	0.0979406
0.673469	0.22449	0.0957905
0.673469	0.265306	0.0932537
0.673469	0.306122	0.0903407
0.673469	0.346939	0.0870639
0.673469	0.387755	0.083437
0.673469	0.428571	0.0794753
0.673469	0.469388	0.0751955
0.673469	0.510204	0.0706154
0.673469	0.55102	0.0657542
0.673469	0.591837	0.0606317
0.673469	0.632653	0.0552692
0.673469	0.673469	0.0496884
0.673469	0.714286	0.0439119
0.673469	0.755102	0.0379629
0.673469	0.795918	0.031865
0.673469	0.836735	0.0256425
0.673469	0.877551	0.0193199
0.673469	0.918367	0.0129219
0.673469	0.959184	0.00647354
0.673469	1	0
0.714286	-1	0.00556837
0.714286	-0.959184	0.0111169
0.714286	-0.918367	0.0166257
0.714286	-0.877551	0.0220749
0.714286	-0.836735	0.0274449
0.714286	-0.795918	0.0327161
0.714286	-0.755102	0.0378688
0.714286	-0.714286	0.0428839
0.714286	-0.673469	0.0477422
0.714286	-0.632653	0.052425
0.714286	-0.591837	0.0569139
0.714286	-0.55102	0.0611909
0.714286	-0.510204	0.0652385
0.714286	-0.469388	0.0690399
0.714286	-0.428571	0.072579
0.714286	-0.387755	0.0758405
0.714286	-0.346939	0.0788101
0.714286	-0.306122	0.0814743
0.714286	-0.265306	0.0838208
0.714286	-0.22449	0.0858388
0.714286	-0.183673	0.0875185
0.714286	-0.142857	0.0888515
0.714286	-0.102041	0.0898312
0.714286	-0.0612245	0.0904521
0.714286	-0.0204082	0.0907106
0.714286	0.0204082	0.0906047
0.714286	0.0612245	0.090134
0.714286	0.102041	0.0892998
0.714286	0.142857	0.0881051
0.714286	0.183673	0.0865546
0.714286	0.22449	0.0846544
0.714286	0.265306	0.0824125
0.714286	0.306122	0.0798382
0.714286	0.346939	0.0769423
0.714286	0.387755	0.0737371
0.714286	0.428571	0.070236
0.714286	0.469388	0.0664537
0.714286	0.510204	0.0624061
0.714286	0.55102	0.0581099
0.714286	0.591837	0.053583
0.714286	0.632653	0.0488439
0.714286	0.673469	0.0439119
0.714286	0.714286	0.0388069
0.714286	0.755102	0.0335495
0.714286	0.795918	0.0281606
0.714286	0.836735	0.0226614
0.714286	0.877551	0.0170738
0.714286	0.918367	0.0114196
0.714286	0.959184	0.00572096
0.714286	1	0
0.755102	-1	0.00481399
0.755102	-0.959184	0.0096108
0.755102	-0.918367	0.0143733
0.755102	-0.877551	0.0190843
0.755102	-0.836735	0.0237268
0.755102	-0.795918	0.0282838
0.755102	-0.755102	0.0327385
0.755102	-0.714286	0.0370741
0.755102	-0.673469	0.0412743
0.755102	-0.632653	0.0453227
0.755102	-0.591837	0.0492034
0.755102	-0.55102	0.0529009
0.755102	-0.510204	0.0564002
0.755102	-0.469388	0.0596866
0.755102	-0.428571	0.0627463
0.755102	-0.387755	0.0655659
0.755102	-0.346939	0.0681331
0.755102	-0.306122	0.0704364
0.755102	-0.265306	0.0724651
0.755102	-0.22449	0.0742097
0.755102	-0.183673	0.0756618
0.755102	-0.142857	0.0768142
0.755102	-0.102041	0.0776611
0.755102	-0.0612245	0.0781979
0.755102	-0.0204082	0.0784214
0.755102	0.0204082	0.0783299
0.755102	0.0612245	0.0779229
0.755102	0.102041	0.0772018
0.755102	0.142857	0.0761689
0.755102	0.183673	0.0748285
0.755102	0.22449	0.0731857
0.755102	0.265306	0.0712475
0.755102	0.306122	0.069022
0.755102	0.346939	0.0665184
0.755102	0.387755	0.0637474
0.755102	0.428571	0.0607206
0.755102	0.469388	0.0574508
0.755102	0.510204	0.0539515
0.755102	0.55102	0.0502374
0.755102	0.591837	0.0463238
0.755102	0.632653	0.0422267
0.755102	0.673469	0.0379629
0.755102	0.714286	0.0335495
0.755102	0.755102	0.0290043
0.755102	0.795918	0.0243455
0.755102	0.836735	0.0195913
0.755102	0.877551	0.0147607
0.755102	0.918367	0.00987255
0.755102	0.959184	0.0049459
0.755102	1	0
0.795918	-1	0.00404073
0.795918	-0.959184	0.00806704
0.795918	-0.918367	0.0120645
0.795918	-0.877551	0.0160188
0.795918	-0.836735	0.0199156
0.795918	-0.795918	0.0237407
0.795918	-0.755102	0.0274798
0.795918	-0.714286	0.031119
0.795918	-0.673469	0.0346445
0.795918	-0.632653	0.0380426
0.795918	-0.591837	0.0413
0.795918	-0.55102	0.0444036
0.795918	-0.510204	0.0473408
0.795918	-0.469388	0.0500993
0.795918	-0.428571	0.0526675
0.795918	-0.387755	0.0550343
0.795918	-0.346939	0.0571891
0.795918	-0.306122	0.0591224
0.795918	-0.265306	0.0608252
0.795918	-0.22449	0.0622896
0.795918	-0.183673	0.0635085
0.795918	-0.142857	0.0644758
0.795918	-0.102041	0.0651867
0.795918	-0.0612245	0.0656372
0.795918	-0.0204082	0.0658248
0.795918	0.0204082	0.065748
0.795918	0.0612245	0.0654064
0.795918	0.102041	0.0648011
0.795918	0.142857	0.0639342
0.795918	0.183673	0.062809
0.795918	0.22449	0.0614301
0.795918	0.265306	0.0598033
0.795918	0.306122	0.0579352
0.795918	0.346939	0.0558338
0.795918	0.387755	0.0535079
0.795918	0.428571	0.0509673
0.795918	0.469388	0.0482226
0.795918	0.510204	0.0452854
0.795918	0.55102	0.0421679
0.795918	0.591837	0.0388829
0.795918	0.632653	0.035444
0.795918	0.673469	0.031865
0.795918	0.714286	0.0281606
0.795918	0.755102	0.0243455
0.795918	0.795918	0.0204349
0.795918	0.836735	0.0164445
0.795918	0.877551	0.0123898
0.795918	0.918367	0.00828675
0.795918	0.959184	0.00415146
0.795918	1	0
0.836735	-1	0.00325167
0.836735	-0.959184	0.00649174
0.836735	-0.918367	0.00970861
0.836735	-0.877551	0.0128907
0.836735	-0.836735	0.0160266
0.836735	-0.795918	0.0191047
0.836735	-0.755102	0.0221136
0.836735	-0.714286	0.0250422
0.836735	-0.673469	0.0278792
0.836735	-0.632653	0.0306138
0.836735	-0.591837	0.0332351
0.836735	-0.55102	0.0357326
0.836735	-0.510204	0.0380962
0.836735	-0.469388	0.0403161
0.836735	-0.428571	0.0423828
0.836735	-0.387755	0.0442873
0.836735	-0.346939	0.0460214
0.836735	-0.306122	0.0475772
0.836735	-0.265306	0.0489475
0.836735	-0.22449	0.0501259
0.836735	-0.183673	0.0511067
0.836735	-0.142857	0.0518852
0.836735	-0.102041	0.0524572
0.836735	-0.0612245	0.0528198
0.836735	-0.0204082	0.0529708
0.836735	0.0204082	0.0529089
0.836735	0.0612245	0.0526341
0.836735	0.102041	0.0521469
0.836735	0.142857	0.0514493
0.836735	0.183673	0.0505438
0.836735	0.22449	0.0494342
0.836735	0.265306	0.0481251
0.836735	0.306122	0.0466218
0.836735	0.346939	0.0449307
0.836735	0.387755	0.043059
0.836735	0.428571	0.0410145
0.836735	0.469388	0.0388059
0.836735	0.510204	0.0364422
0.836735	0.55102	0.0339335
0.836735	0.591837	0.03129
0.836735	0.632653	0.0285226
0.836735	0.673469	0.0256425
0.836735	0.714286	0.0226614
0.836735	0.755102	0.0195913
0.836735	0.795918	0.0164445
0.836735	0.836735	0.0132332
0.836735	0.877551	0.00997033
0.836735	0.918367	0.00666854
0.836735	0.959184	0.00334077
0.836735	1	0
0.877551	-1	0.00244991
0.877551	-0.959184	0.00489108
0.877551	-0.918367	0.00731477
0.877551	-0.877551	0.00971227
0.877551	-0.836735	0.0120749
0.877551	-0.795918	0.014394
0.877551	-0.755102	0.0166611
0.877551	-0.714286	0.0188676
0.877551	-0.673469	0.0210051
0.877551	-0.632653	0.0230654
0.877551	-0.591837	0.0250403
0.877551	-0.55102	0.0269221
0.877551	-0.510204	0.0287029
0.877551	-0.469388	0.0303754
0.877551	-0.428571	0.0319325
0.877551	-0.387755	0.0333675
0.877551	-0.346939	0.034674
0.877551	-0.306122	0.0358461
0.877551	-0.265306	0.0368785
0.877551	-0.22449	0.0377664
0.877551	-0.183673	0.0385054
0.877551	-0.142857	0.0390919
0.877551	-0.102041	0.0395229
0.877551	-0.0612245	0.0397961
0.877551	-0.0204082	0.0399098
0.877551	0.0204082	0.0398632
0.877551	0.0612245	0.0396561
0.877551	0.102041	0.0392891
0.877551	0.142857	0.0387635
0.877551	0.183673	0.0380813
0.877551	0.22449	0.0372453
0.877551	0.265306	0.0362589
0.877551	0.306122	0.0351263
0.877551	0.346939	0.0338522
0.877551	0.387755	0.032442
0.877551	0.428571	0.0309016
0.877551	0.469388	0.0292375
0.877551	0.510204	0.0274567
0.877551	0.55102	0.0255665
0.877551	0.591837	0.0235748
0.877551	0.632653	0.0214898
0.877551	0.673469	0.0193199
0.877551	0.714286	0.0170738
0.877551	0.755102	0.0147607
0.877551	0.795918	0.0123898
0.877551	0.836735	0.00997033
0.877551	0.877551	0.00751195
0.877551	0.918367	0.00502429
0.877551	0.959184	0.00251704
0.877551	1	0
0.918367	-1	0.00163859
0.918367	-0.959184	0.00327134
0.918367	-0.918367	0.0048924
0.918367	-0.877551	0.00649594
0.918367	-0.836735	0.00807617
0.918367	-0.795918	0.00962729
0.918367	-0.755102	0.0111436
0.918367	-0.714286	0.0126194
0.918367	-0.673469	0.014049
0.918367	-0.632653	0.015427
0.918367	-0.591837	0.0167479
0.918367	-0.55102	0.0180065
0.918367	-0.510204	0.0191976
0.918367	-0.469388	0.0203162
0.918367	-0.428571	0.0213577
0.918367	-0.387755	0.0223175
0.918367	-0.346939	0.0231913
0.918367	-0.306122	0.0239753
0.918367	-0.265306	0.0246658
0.918367	-0.22449	0.0252596
0.918367	-0.183673	0.0257539
0.918367	-0.142857	0.0261462
0.918367	-0.102041	0.0264344
0.918367	-0.0612245	0.0266172
0.918367	-0.0204082	0.0266932
0.918367	0.0204082	0.0266621
0.918367	0.0612245	0.0265236
0.918367	0.102041	0.0262781
0.918367	0.142857	0.0259265
0.918367	0.183673	0.0254703
0.918367	0.22449	0.0249111
0.918367	0.265306	0.0242514
0.918367	0.306122	0.0234938
0.918367	0.346939	0.0226417
0.918367	0.387755	0.0216985
0.918367	0.428571	0.0206682
0.918367	0.469388	0.0195552
0.918367	0.510204	0.0183641
0.918367	0.55102	0.0170999
0.918367	0.591837	0.0157678
0.918367	0.632653	0.0143732
0.918367	0.673469	0.0129219
0.918367	0.714286	0.0114196
0.918367	0.755102	0.00987255
0.918367	0.795918	0.00828675
0.918367	0.836735	0.00666854
0.918367	0.877551	0.00502429
0.918367	0.918367	0.00336044
0.918367	0.959184	0.0016835
0.918367	1	0
0.959184	-1	0.000820895
0.959184	-0.959184	0.00163886
0.959184	-0.918367	0.00245097
0.959184	-0.877551	0.00325431
0.959184	-0.836735	0.00404596
0.959184	-0.795918	0.00482304
0.959184	-0.755102	0.00558266
0.959184	-0.714286	0.00632199
0.959184	-0.673469	0.00703821
0.959184	-0.632653	0.00772855
0.959184	-0.591837	0.00839031
0.959184	-0.55102	0.00902082
0.959184	-0.510204	0.00961752
0.959184	-0.469388	0.0101779
0.959184	-0.428571	0.0106997
0.959184	-0.387755	0.0111805
0.959184	-0.346939	0.0116183
0.959184	-0.306122	0.012011
0.959184	-0.265306	0.012357
0.959184	-0.22449	0.0126544
0.959184	-0.183673	0.0129021
0.959184	-0.142857	0.0130986
0.959184	-0.102041	0.013243
0.959184	-0.0612245	0.0133345
0.959184	-0.0204082	0.0133726
0.959184	0.0204082	0.013357
0.959184	0.0612245	0.0132876
0.959184	0.102041	0.0131647
0.959184	0.142857	0.0129886
0.959184	0.183673	0.01276
0.959184	0.22449	0.0124798
0.959184	0.265306	0.0121493
0.959184	0.306122	0.0117698
0.959184	0.346939	0.0113429
0.959184	0.387755	0.0108704
0.959184	0.428571	0.0103543
0.959184	0.469388	0.00979667
0.959184	0.510204	0.00919997
0.959184	0.55102	0.00856663
0.959184	0.591837	0.00789926
0.959184	0.632653	0.00720062
0.959184	0.673469	0.00647354
0.959184	0.714286	0.00572096
0.959184	0.755102	0.0049459
0.959184	0.795918	0.00415146
0.959184	0.836735	0.00334077
0.959184	0.877551	0.00251704
0.959184	0.918367	0.0016835
0.959184	0.959184	0.00084339
0.959184	1	0
1	-1	0
1	-0.959184	0
1	-0.918367	0
1	-0.877551	0
1	-0.836735	0
1	-0.795918	0
1	-0.755102	0
1	-0.714286	0
1	-0.673469	0
1	-0.632653	0
1	-0.591837	0
1	-0.55102	0
1	-0.510204	0
1	-0.469388	0
1	-0.428571	0
1	-0.387755	0
1	-0.346939	0
1	-0.306122	0
1	-0.265306	0
1	-0.22449	0
1	-0.183673	0
1	-0.142857	0
1	-0.102041	0
1	-0.0612245	0
1	-0.0204082	0
1	0.0204082	0
1	0.0612245	0
1	0.102041	0
1	0.142857	0
1	0.183673	0
1	0.22449	0
1	0.265306	0
1	0.306122	0
1	0.346939	0
1	0.387755	0
1	0.428571	0
1	0.469388	0
1	0.510204	0
1	0.55102	0
1	0.591837	0
1	0.632653	0
1	0.673469	0
1	0.714286	0
1	0.755102	0
1	0.795918	0
1	0.836735	0
1	0.877551	0
1	0.918367	0
1	0.959184	0
1	1	0
