-1	-1	0.000942191
-1	-0.959184	0.00188131
-1	-0.918367	0.00281427
-1	-0.877551	0.00373799
-1	-0.836735	0.00464936
-1	-0.795918	0.00554523
-1	-0.755102	0.00642247
-1	-0.714286	0.0072779
-1	-0.673469	0.00810833
-1	-0.632653	0.00891057
-1	-0.591837	0.00968144
-1	-0.55102	0.0104178
-1	-0.510204	0.0111164
-1	-0.469388	0.0117743
-1	-0.428571	0.0123885
-1	-0.387755	0.0129561
-1	-0.346939	0.0134743
-1	-0.306122	0.0139406
-1	-0.265306	0.0143526
-1	-0.22449	0.014708
-1	-0.183673	0.015005
-1	-0.142857	0.0152418
-1	-0.102041	0.0154171
-1	-0.0612245	0.0155298
-1	-0.0204082	0.0155791
-1	0.0204082	0.0155645
-1	0.0612245	0.015486
-1	0.102041	0.0153438
-1	0.142857	0.0151385
-1	0.183673	0.0148709
-1	0.22449	0.0145423
-1	0.265306	0.0141542
-1	0.306122	0.0137084
-1	0.346939	0.0132069
-1	0.387755	0.0126521
-1	0.428571	0.0120466
-1	0.469388	0.011393
-1	0.510204	0.0106944
-1	0.55102	0.00995365
-1	0.591837	0.00917412
-1	0.632653	0.00835906
-1	0.673469	0.00751185
-1	0.714286	0.00663596
-1	0.755102	0.0057349
-1	0.795918	0.00481221
-1	0.836735	0.00387147
-1	0.877551	0.00291626
-1	0.918367	0.00195021
-1	0.959184	0.000976914
-1	1	0
-0.959184	-1	0.00188131
-0.959184	-0.959184	0.00375648
-0.959184	-0.918367	0.00561937
-0.959184	-0.877551	0.00746379
-0.959184	-0.836735	0.00928355
-0.959184	-0.795918	0.0110724
-0.959184	-0.755102	0.012824
-0.959184	-0.714286	0.0145321
-0.959184	-0.673469	0.0161902
-0.959184	-0.632653	0.0177921
-0.959184	-0.591837	0.0193313
-0.959184	-0.55102	0.0208015
-0.959184	-0.510204	0.0221966
-0.959184	-0.469388	0.0235103
-0.959184	-0.428571	0.0247366
-0.959184	-0.387755	0.0258699
-0.959184	-0.346939	0.0269047
-0.959184	-0.306122	0.0278358
-0.959184	-0.265306	0.0286583
-0.959184	-0.22449	0.029368
-0.959184	-0.183673	0.029961
-0.959184	-0.142857	0.0304339
-0.959184	-0.102041	0.0307839
-0.959184	-0.0612245	0.0310089
-0.959184	-0.0204082	0.0311073
-0.959184	0.0204082	0.0310783
-0.959184	0.0612245	0.0309216
-0.959184	0.102041	0.0306376
-0.959184	0.142857	0.0302277
-0.959184	0.183673	0.0296934
-0.959184	0.22449	0.0290372
-0.959184	0.265306	0.0282622
-0.959184	0.306122	0.027372
-0.959184	0.346939	0.0263707
-0.959184	0.387755	0.025263
-0.959184	0.428571	0.0240539
-0.959184	0.469388	0.0227489
-0.959184	0.510204	0.0213538
-0.959184	0.55102	0.0198748
-0.959184	0.591837	0.0183183
-0.959184	0.632653	0.0166908
-0.959184	0.673469	0.0149992
-0.959184	0.714286	0.0132503
-0.959184	0.755102	0.0114511
-0.959184	0.795918	0.00960872
-0.959184	0.836735	0.0077303
-0.959184	0.877551	0.00582301
-0.959184	0.918367	0.00389405
-0.959184	0.959184	0.00195064
-0.959184	1	0
-0.918367	-1	0.00281427
-0.918367	-0.959184	0.00561937
-0.918367	-0.918367	0.00840608
-0.918367	-0.877551	0.0111652
-0.918367	-0.836735	0.0138874
-0.918367	-0.795918	0.0165633
-0.918367	-0.755102	0.0191836
-0.918367	-0.714286	0.0217387
-0.918367	-0.673469	0.0242191
-0.918367	-0.632653	0.0266154
-0.918367	-0.591837	0.0289179
-0.918367	-0.55102	0.0311173
-0.918367	-0.510204	0.0332041
-0.918367	-0.469388	0.0351693
-0.918367	-0.428571	0.0370038
-0.918367	-0.387755	0.0386992
-0.918367	-0.346939	0.0402471
-0.918367	-0.306122	0.0416399
-0.918367	-0.265306	0.0428703
-0.918367	-0.22449	0.043932
-0.918367	-0.183673	0.044819
-0.918367	-0.142857	0.0455264
-0.918367	-0.102041	0.04605
-0.918367	-0.0612245	0.0463866
-0.918367	-0.0204082	0.0465338
-0.918367	0.0204082	0.0464903
-0.918367	0.0612245	0.0462559
-0.918367	0.102041	0.0458312
-0.918367	0.142857	0.0452179
-0.918367	0.183673	0.0444187
-0.918367	0.22449	0.0434372
-0.918367	0.265306	0.0422778
-0.918367	0.306122	0.0409462
-0.918367	0.346939	0.0394483
-0.918367	0.387755	0.0377912
-0.918367	0.428571	0.0359825
-0.918367	0.469388	0.0340303
-0.918367	0.510204	0.0319434
-0.918367	0.55102	0.029731
-0.918367	0.591837	0.0274026
-0.918367	0.632653	0.024968
-0.918367	0.673469	0.0224375
-0.918367	0.714286	0.0198213
-0.918367	0.755102	0.0171298
-0.918367	0.795918	0.0143738
-0.918367	0.836735	0.0115639
-0.918367	0.877551	0.00871072
-0.918367	0.918367	0.00582517
-0.918367	0.959184	0.00291799
-0.918367	1	0
-0.877551	-1	0.00373799
-0.877551	-0.959184	0.00746379
-0.877551	-0.918367	0.0111652
-0.877551	-0.877551	0.0148299
-0.877551	-0.836735	0.0184456
-0.877551	-0.795918	0.0219998
-0.877551	-0.755102	0.0254801
-0.877551	-0.714286	0.0288739
-0.877551	-0.673469	0.0321685
-0.877551	-0.632653	0.0353513
-0.877551	-0.591837	0.0384095
-0.877551	-0.55102	0.0413308
-0.877551	-0.510204	0.0441026
-0.877551	-0.469388	0.0467128
-0.877551	-0.428571	0.0491495
-0.877551	-0.387755	0.0514012
-0.877551	-0.346939	0.0534572
-0.877551	-0.306122	0.0553071
-0.877551	-0.265306	0.0569415
-0.877551	-0.22449	0.0583516
-0.877551	-0.183673	0.0595298
-0.877551	-0.142857	0.0604693
-0.877551	-0.102041	0.0611648
-0.877551	-0.0612245	0.0616118
-0.877551	-0.0204082	0.0618074
-0.877551	0.0204082	0.0617497
-0.877551	0.0612245	0.0614383
-0.877551	0.102041	0.0608742
-0.877551	0.142857	0.0600596
-0.877551	0.183673	0.0589981
-0.877551	0.22449	0.0576944
-0.877551	0.265306	0.0561545
-0.877551	0.306122	0.0543858
-0.877551	0.346939	0.0523963
-0.877551	0.387755	0.0501953
-0.877551	0.428571	0.0477929
-0.877551	0.469388	0.0452
-0.877551	0.510204	0.0424281
-0.877551	0.55102	0.0394895
-0.877551	0.591837	0.0363968
-0.877551	0.632653	0.0331632
-0.877551	0.673469	0.0298021
-0.877551	0.714286	0.0263271
-0.877551	0.755102	0.0227523
-0.877551	0.795918	0.0190917
-0.877551	0.836735	0.0153594
-0.877551	0.877551	0.0115698
-0.877551	0.918367	0.00773714
-0.877551	0.959184	0.00387575
-0.877551	1	0
-0.836735	-1	0.00464936
-0.836735	-0.959184	0.00928355
-0.836735	-0.918367	0.0138874
-0.836735	-0.877551	0.0184456
-0.836735	-0.836735	0.0229428
-0.836735	-0.795918	0.0273636
-0.836735	-0.755102	0.0316925
-0.836735	-0.714286	0.0359137
-0.836735	-0.673469	0.0400115
-0.836735	-0.632653	0.0439703
-0.836735	-0.591837	0.0477742
-0.836735	-0.55102	0.0514077
-0.836735	-0.510204	0.0548553
-0.836735	-0.469388	0.0581018
-0.836735	-0.428571	0.0611326
-0.836735	-0.387755	0.0639334
-0.836735	-0.346939	0.0664907
-0.836735	-0.306122	0.0687916
-0.836735	-0.265306	0.0708244
-0.836735	-0.22449	0.0725783
-0.836735	-0.183673	0.0740437
-0.836735	-0.142857	0.0752124
-0.836735	-0.102041	0.0760774
-0.836735	-0.0612245	0.0766335
-0.836735	-0.0204082	0.0768767
-0.836735	0.0204082	0.0768049
-0.836735	0.0612245	0.0764177
-0.836735	0.102041	0.075716
-0.836735	0.142857	0.0747028
-0.836735	0.183673	0.0733824
-0.836735	0.22449	0.0717609
-0.836735	0.265306	0.0698456
-0.836735	0.306122	0.0676456
-0.836735	0.346939	0.0651711
-0.836735	0.387755	0.0624334
-0.836735	0.428571	0.0594453
-0.836735	0.469388	0.0562202
-0.836735	0.510204	0.0527726
-0.836735	0.55102	0.0491175
-0.836735	0.591837	0.0452708
-0.836735	0.632653	0.0412488
-0.836735	0.673469	0.0370681
-0.836735	0.714286	0.032746
-0.836735	0.755102	0.0282996
-0.836735	0.795918	0.0237464
-0.836735	0.836735	0.0191042
-0.836735	0.877551	0.0143907
-0.836735	0.918367	0.00962353
-0.836735	0.959184	0.0048207
-0.836735	1	0
-0.795918	-1	0.00554523
-0.795918	-0.959184	0.0110724
-0.795918	-0.918367	0.0165633
-0.795918	-0.877551	0.0219998
-0.795918	-0.836735	0.0273636
-0.795918	-0.795918	0.0326363
-0.795918	-0.755102	0.0377992
-0.795918	-0.714286	0.0428338
-0.795918	-0.673469	0.0477213
-0.795918	-0.632653	0.0524428
-0.795918	-0.591837	0.0569797
-0.795918	-0.55102	0.0613133
-0.795918	-0.510204	0.0654252
-0.795918	-0.469388	0.0692974
-0.795918	-0.428571	0.0729122
-0.795918	-0.387755	0.0762526
-0.795918	-0.346939	0.0793026
-0.795918	-0.306122	0.0820469
-0.795918	-0.265306	0.0844714
-0.795918	-0.22449	0.0865633
-0.795918	-0.183673	0.0883111
-0.795918	-0.142857	0.0897049
-0.795918	-0.102041	0.0907366
-0.795918	-0.0612245	0.0913998
-0.795918	-0.0204082	0.0916899
-0.795918	0.0204082	0.0916043
-0.795918	0.0612245	0.0911424
-0.795918	0.102041	0.0903056
-0.795918	0.142857	0.0890971
-0.795918	0.183673	0.0875223
-0.795918	0.22449	0.0855883
-0.795918	0.265306	0.083304
-0.795918	0.306122	0.0806801
-0.795918	0.346939	0.0777287
-0.795918	0.387755	0.0744636
-0.795918	0.428571	0.0708997
-0.795918	0.469388	0.0670532
-0.795918	0.510204	0.0629412
-0.795918	0.55102	0.0585818
-0.795918	0.591837	0.0539939
-0.795918	0.632653	0.0491969
-0.795918	0.673469	0.0442107
-0.795918	0.714286	0.0390557
-0.795918	0.755102	0.0337525
-0.795918	0.795918	0.0283221
-0.795918	0.836735	0.0227854
-0.795918	0.877551	0.0171636
-0.795918	0.918367	0.0114779
-0.795918	0.959184	0.00574959
-0.795918	1	0
-0.755102	-1	0.00642247
-0.755102	-0.959184	0.012824
-0.755102	-0.918367	0.0191836
-0.755102	-0.877551	0.0254801
-0.755102	-0.836735	0.0316925
-0.755102	-0.795918	0.0377992
-0.755102	-0.755102	0.0437789
-0.755102	-0.714286	0.04961
-0.755102	-0.673469	0.0552706
-0.755102	-0.632653	0.0607391
-0.755102	-0.591837	0.0659937
-0.755102	-0.55102	0.0710129
-0.755102	-0.510204	0.0757753
-0.755102	-0.469388	0.08026
-0.755102	-0.428571	0.0844466
-0.755102	-0.387755	0.0883155
-0.755102	-0.346939	0.091848
-0.755102	-0.306122	0.0950265
-0.755102	-0.265306	0.0978345
-0.755102	-0.22449	0.100257
-0.755102	-0.183673	0.102282
-0.755102	-0.142857	0.103896
-0.755102	-0.102041	0.105091
-0.755102	-0.0612245	0.105859
-0.755102	-0.0204082	0.106195
-0.755102	0.0204082	0.106096
-0.755102	0.0612245	0.105561
-0.755102	0.102041	0.104592
-0.755102	0.142857	0.103192
-0.755102	0.183673	0.101368
-0.755102	0.22449	0.0991281
-0.755102	0.265306	0.0964824
-0.755102	0.306122	0.0934434
-0.755102	0.346939	0.0900251
-0.755102	0.387755	0.0862435
-0.755102	0.428571	0.0821158
-0.755102	0.469388	0.0776608
-0.755102	0.510204	0.0728983
-0.755102	0.55102	0.0678493
-0.755102	0.591837	0.0625356
-0.755102	0.632653	0.0569797
-0.755102	0.673469	0.0512047
-0.755102	0.714286	0.0452342
-0.755102	0.755102	0.0390921
-0.755102	0.795918	0.0328025
-0.755102	0.836735	0.0263899
-0.755102	0.877551	0.0198788
-0.755102	0.918367	0.0132936
-0.755102	0.959184	0.00665916
-0.755102	1	0
-0.714286	-1	0.0072779
-0.714286	-0.959184	0.0145321
-0.714286	-0.918367	0.0217387
-0.714286	-0.877551	0.0288739
-0.714286	-0.836735	0.0359137
-0.714286	-0.795918	0.0428338
-0.714286	-0.755102	0.04961
-0.714286	-0.714286	0.0562176
-0.714286	-0.673469	0.0626322
-0.714286	-0.632653	0.0688291
-0.714286	-0.591837	0.0747836
-0.714286	-0.55102	0.0804713
-0.714286	-0.510204	0.085868
-0.714286	-0.469388	0.09095
-0.714286	-0.428571	0.0956943
-0.714286	-0.387755	0.100078
-0.714286	-0.346939	0.104081
-0.714286	-0.306122	0.107683
-0.714286	-0.265306	0.110865
-0.714286	-0.22449	0.113611
-0.714286	-0.183673	0.115905
-0.714286	-0.142857	0.117734
-0.714286	-0.102041	0.119088
-0.714286	-0.0612245	0.119959
-0.714286	-0.0204082	0.120339
-0.714286	0.0204082	0.120227
-0.714286	0.0612245	0.119621
-0.714286	0.102041	0.118522
-0.714286	0.142857	0.116936
-0.714286	0.183673	0.11487
-0.714286	0.22449	0.112331
-0.714286	0.265306	0.109333
-0.714286	0.306122	0.105889
-0.714286	0.346939	0.102016
-0.714286	0.387755	0.0977305
-0.714286	0.428571	0.093053
-0.714286	0.469388	0.0880046
-0.714286	0.510204	0.0826078
-0.714286	0.55102	0.0768863
-0.714286	0.591837	0.0708648
-0.714286	0.632653	0.064569
-0.714286	0.673469	0.0580248
-0.714286	0.714286	0.051259
-0.714286	0.755102	0.0442988
-0.714286	0.795918	0.0371716
-0.714286	0.836735	0.0299049
-0.714286	0.877551	0.0225265
-0.714286	0.918367	0.0150642
-0.714286	0.959184	0.00754611
-0.714286	1	0
-0.673469	-1	0.00810833
-0.673469	-0.959184	0.0161902
-0.673469	-0.918367	0.0242191
-0.673469	-0.877551	0.0321685
-0.673469	-0.836735	0.0400115
-0.673469	-0.795918	0.0477213
-0.673469	-0.755102	0.0552706
-0.673469	-0.714286	0.0626322
-0.673469	-0.673469	0.0697788
-0.673469	-0.632653	0.0766827
-0.673469	-0.591837	0.0833166
-0.673469	-0.55102	0.0896533
-0.673469	-0.510204	0.0956658
-0.673469	-0.469388	0.101328
-0.673469	-0.428571	0.106613
-0.673469	-0.387755	0.111498
-0.673469	-0.346939	0.115957
-0.673469	-0.306122	0.11997
-0.673469	-0.265306	0.123515
-0.673469	-0.22449	0.126574
-0.673469	-0.183673	0.12913
-0.673469	-0.142857	0.131168
-0.673469	-0.102041	0.132676
-0.673469	-0.0612245	0.133646
-0.673469	-0.0204082	0.13407
-0.673469	0.0204082	0.133945
-0.673469	0.0612245	0.13327
-0.673469	0.102041	0.132046
-0.673469	0.142857	0.130279
-0.673469	0.183673	0.127976
-0.673469	0.22449	0.125148
-0.673469	0.265306	0.121808
-0.673469	0.306122	0.117972
-0.673469	0.346939	0.113656
-0.673469	0.387755	0.108882
-0.673469	0.428571	0.103671
-0.673469	0.469388	0.0980462
-0.673469	0.510204	0.0920336
-0.673469	0.55102	0.0856592
-0.673469	0.591837	0.0789507
-0.673469	0.632653	0.0719365
-0.673469	0.673469	0.0646456
-0.673469	0.714286	0.0571079
-0.673469	0.755102	0.0493535
-0.673469	0.795918	0.041413
-0.673469	0.836735	0.0333171
-0.673469	0.877551	0.0250968
-0.673469	0.918367	0.0167831
-0.673469	0.959184	0.00840714
-0.673469	1	0
-0.632653	-1	0.00891057
-0.632653	-0.959184	0.0177921
-0.632653	-0.918367	0.0266154
-0.632653	-0.877551	0.0353513
-0.632653	-0.836735	0.0439703
-0.632653	-0.795918	0.0524428
-0.632653	-0.755102	0.0607391
-0.632653	-0.714286	0.0688291
-0.632653	-0.673469	0.0766827
-0.632653	-0.632653	0.0842697
-0.632653	-0.591837	0.09156
-0.632653	-0.55102	0.0985236
-0.632653	-0.510204	0.105131
-0.632653	-0.469388	0.111353
-0.632653	-0.428571	0.117162
-0.632653	-0.387755	0.122529
-0.632653	-0.346939	0.12743
-0.632653	-0.306122	0.13184
-0.632653	-0.265306	0.135736
-0.632653	-0.22449	0.139097
-0.632653	-0.183673	0.141906
-0.632653	-0.142857	0.144146
-0.632653	-0.102041	0.145803
-0.632653	-0.0612245	0.146869
-0.632653	-0.0204082	0.147335
-0.632653	0.0204082	0.147198
-0.632653	0.0612245	0.146456
-0.632653	0.102041	0.145111
-0.632653	0.142857	0.143169
-0.632653	0.183673	0.140638
-0.632653	0.22449	0.137531
-0.632653	0.265306	0.13386
-0.632653	0.306122	0.129644
-0.632653	0.346939	0.124901
-0.632653	0.387755	0.119655
-0.632653	0.428571	0.113928
-0.632653	0.469388	0.107747
-0.632653	0.510204	0.101139
-0.632653	0.55102	0.0941344
-0.632653	0.591837	0.0867621
-0.632653	0.632653	0.0790539
-0.632653	0.673469	0.0710416
-0.632653	0.714286	0.0627581
-0.632653	0.755102	0.0542365
-0.632653	0.795918	0.0455104
-0.632653	0.836735	0.0366135
-0.632653	0.877551	0.0275799
-0.632653	0.918367	0.0184436
-0.632653	0.959184	0.00923894
-0.632653	1	0
-0.591837	-1	0.00968144
-0.591837	-0.959184	0.0193313
-0.591837	-0.918367	0.0289179
-0.591837	-0.877551	0.0384095
-0.591837	-0.836735	0.0477742
-0.591837	-0.795918	0.0569797
-0.591837	-0.755102	0.0659937
-0.591837	-0.714286	0.0747836
-0.591837	-0.673469	0.0833166
-0.591837	-0.632653	0.09156
-0.591837	-0.591837	0.099481
-0.591837	-0.55102	0.107047
-0.591837	-0.510204	0.114226
-0.591837	-0.469388	0.120986
-0.591837	-0.428571	0.127297
-0.591837	-0.387755	0.13313
-0.591837	-0.346939	0.138455
-0.591837	-0.306122	0.143246
-0.591837	-0.265306	0.147479
-0.591837	-0.22449	0.151131
-0.591837	-0.183673	0.154182
-0.591837	-0.142857	0.156616
-0.591837	-0.102041	0.158417
-0.591837	-0.0612245	0.159575
-0.591837	-0.0204082	0.160081
-0.591837	0.0204082	0.159932
-0.591837	0.0612245	0.159126
-0.591837	0.102041	0.157665
-0.591837	0.142857	0.155555
-0.591837	0.183673	0.152805
-0.591837	0.22449	0.149429
-0.591837	0.265306	0.145441
-0.591837	0.306122	0.140859
-0.591837	0.346939	0.135707
-0.591837	0.387755	0.130006
-0.591837	0.428571	0.123784
-0.591837	0.469388	0.117068
-0.591837	0.510204	0.109889
-0.591837	0.55102	0.102278
-0.591837	0.591837	0.094268
-0.591837	0.632653	0.0858929
-0.591837	0.673469	0.0771875
-0.591837	0.714286	0.0681874
-0.591837	0.755102	0.0589286
-0.591837	0.795918	0.0494475
-0.591837	0.836735	0.039781
-0.591837	0.877551	0.0299659
-0.591837	0.918367	0.0200392
-0.591837	0.959184	0.0100382
-0.591837	1	0
-0.55102	-1	0.0104178
-0.55102	-0.959184	0.0208015
-0.55102	-0.918367	0.0311173
-0.55102	-0.877551	0.0413308
-0.55102	-0.836735	0.0514077
-0.55102	-0.795918	0.0613133
-0.55102	-0.755102	0.0710129
-0.55102	-0.714286	0.0804713
-0.55102	-0.673469	0.0896533
-0.55102	-0.632653	0.0985236
-0.55102	-0.591837	0.107047
-0.55102	-0.55102	0.115189
-0.55102	-0.510204	0.122913
-0.55102	-0.469388	0.130188
-0.55102	-0.428571	0.136979
-0.55102	-0.387755	0.143255
-0.55102	-0.346939	0.148985
-0.55102	-0.306122	0.15414
-0.55102	-0.265306	0.158695
-0.55102	-0.22449	0.162625
-0.55102	-0.183673	0.165909
-0.55102	-0.142857	0.168527
-0.55102	-0.102041	0.170466
-0.55102	-0.0612245	0.171711
-0.55102	-0.0204082	0.172256
-0.55102	0.0204082	0.172096
-0.55102	0.0612245	0.171228
-0.55102	0.102041	0.169656
-0.55102	0.142857	0.167385
-0.55102	0.183673	0.164427
-0.55102	0.22449	0.160793
-0.55102	0.265306	0.156502
-0.55102	0.306122	0.151572
-0.55102	0.346939	0.146028
-0.55102	0.387755	0.139894
-0.55102	0.428571	0.133198
-0.55102	0.469388	0.125972
-0.55102	0.510204	0.118247
-0.55102	0.55102	0.110057
-0.55102	0.591837	0.101438
-0.55102	0.632653	0.0924255
-0.55102	0.673469	0.083058
-0.55102	0.714286	0.0733734
-0.55102	0.755102	0.0634104
-0.55102	0.795918	0.0532083
-0.55102	0.836735	0.0428065
-0.55102	0.877551	0.0322449
-0.55102	0.918367	0.0215633
-0.55102	0.959184	0.0108017
-0.55102	1	0
-0.510204	-1	0.0111164
-0.510204	-0.959184	0.0221966
-0.510204	-0.918367	0.0332041
-0.510204	-0.877551	0.0441026
-0.510204	-0.836735	0.0548553
-0.510204	-0.795918	0.0654252
-0.510204	-0.755102	0.0757753
-0.510204	-0.714286	0.085868
-0.510204	-0.673469	0.0956658
-0.510204	-0.632653	0.105131
-0.510204	-0.591837	0.114226
-0.510204	-0.55102	0.122913
-0.510204	-0.510204	0.131157
-0.510204	-0.469388	0.138919
-0.510204	-0.428571	0.146165
-0.510204	-0.387755	0.152862
-0.510204	-0.346939	0.158976
-0.510204	-0.306122	0.164478
-0.510204	-0.265306	0.169338
-0.510204	-0.22449	0.173531
-0.510204	-0.183673	0.177035
-0.510204	-0.142857	0.179829
-0.510204	-0.102041	0.181898
-0.510204	-0.0612245	0.183227
-0.510204	-0.0204082	0.183808
-0.510204	0.0204082	0.183637
-0.510204	0.0612245	0.182711
-0.510204	0.102041	0.181033
-0.510204	0.142857	0.178611
-0.510204	0.183673	0.175454
-0.510204	0.22449	0.171577
-0.510204	0.265306	0.166998
-0.510204	0.306122	0.161737
-0.510204	0.346939	0.155821
-0.510204	0.387755	0.149275
-0.510204	0.428571	0.142131
-0.510204	0.469388	0.13442
-0.510204	0.510204	0.126177
-0.510204	0.55102	0.117438
-0.510204	0.591837	0.10824
-0.510204	0.632653	0.0986239
-0.510204	0.673469	0.0886282
-0.510204	0.714286	0.0782941
-0.510204	0.755102	0.0676629
-0.510204	0.795918	0.0567766
-0.510204	0.836735	0.0456773
-0.510204	0.877551	0.0344074
-0.510204	0.918367	0.0230094
-0.510204	0.959184	0.0115261
-0.510204	1	0
-0.469388	-1	0.0117743
-0.469388	-0.959184	0.0235103
-0.469388	-0.918367	0.0351693
-0.469388	-0.877551	0.0467128
-0.469388	-0.836735	0.0581018
-0.469388	-0.795918	0.0692974
-0.469388	-0.755102	0.08026
-0.469388	-0.714286	0.09095
-0.469388	-0.673469	0.101328
-0.469388	-0.632653	0.111353
-0.469388	-0.591837	0.120986
-0.469388	-0.55102	0.130188
-0.469388	-0.510204	0.138919
-0.469388	-0.469388	0.147141
-0.469388	-0.428571	0.154816
-0.469388	-0.387755	0.161909
-0.469388	-0.346939	0.168385
-0.469388	-0.306122	0.174212
-0.469388	-0.265306	0.17936
-0.469388	-0.22449	0.183802
-0.469388	-0.183673	0.187513
-0.469388	-0.142857	0.190472
-0.469388	-0.102041	0.192663
-0.469388	-0.0612245	0.194071
-0.469388	-0.0204082	0.194687
-0.469388	0.0204082	0.194505
-0.469388	0.0612245	0.193525
-0.469388	0.102041	0.191748
-0.469388	0.142857	0.189182
-0.469388	0.183673	0.185838
-0.469388	0.22449	0.181731
-0.469388	0.265306	0.176881
-0.469388	0.306122	0.17131
-0.469388	0.346939	0.165043
-0.469388	0.387755	0.15811
-0.469388	0.428571	0.150543
-0.469388	0.469388	0.142375
-0.469388	0.510204	0.133644
-0.469388	0.55102	0.124388
-0.469388	0.591837	0.114646
-0.469388	0.632653	0.104461
-0.469388	0.673469	0.0938736
-0.469388	0.714286	0.0829278
-0.469388	0.755102	0.0716675
-0.469388	0.795918	0.0601369
-0.469388	0.836735	0.0483807
-0.469388	0.877551	0.0364438
-0.469388	0.918367	0.0243712
-0.469388	0.959184	0.0122082
-0.469388	1	0
-0.428571	-1	0.0123885
-0.428571	-0.959184	0.0247366
-0.428571	-0.918367	0.0370038
-0.428571	-0.877551	0.0491495
-0.428571	-0.836735	0.0611326
-0.428571	-0.795918	0.0729122
-0.428571	-0.755102	0.0844466
-0.428571	-0.714286	0.0956943
-0.428571	-0.673469	0.106613
-0.428571	-0.632653	0.117162
-0.428571	-0.591837	0.127297
-0.428571	-0.55102	0.136979
-0.428571	-0.510204	0.146165
-0.428571	-0.469388	0.154816
-0.428571	-0.428571	0.162892
-0.428571	-0.387755	0.170355
-0.428571	-0.346939	0.177168
-0.428571	-0.306122	0.183299
-0.428571	-0.265306	0.188716
-0.428571	-0.22449	0.193389
-0.428571	-0.183673	0.197294
-0.428571	-0.142857	0.200408
-0.428571	-0.102041	0.202713
-0.428571	-0.0612245	0.204194
-0.428571	-0.0204082	0.204842
-0.428571	0.0204082	0.204651
-0.428571	0.0612245	0.203619
-0.428571	0.102041	0.20175
-0.428571	0.142857	0.19905
-0.428571	0.183673	0.195532
-0.428571	0.22449	0.191211
-0.428571	0.265306	0.186108
-0.428571	0.306122	0.180246
-0.428571	0.346939	0.173652
-0.428571	0.387755	0.166358
-0.428571	0.428571	0.158396
-0.428571	0.469388	0.149802
-0.428571	0.510204	0.140616
-0.428571	0.55102	0.130877
-0.428571	0.591837	0.120627
-0.428571	0.632653	0.10991
-0.428571	0.673469	0.0987703
-0.428571	0.714286	0.0872536
-0.428571	0.755102	0.0754059
-0.428571	0.795918	0.0632738
-0.428571	0.836735	0.0509044
-0.428571	0.877551	0.0383448
-0.428571	0.918367	0.0256425
-0.428571	0.959184	0.0128451
-0.428571	1	0
-0.387755	-1	0.0129561
-0.387755	-0.959184	0.0258699
-0.387755	-0.918367	0.0386992
-0.387755	-0.877551	0.0514012
-0.387755	-0.836735	0.0639334
-0.387755	-0.795918	0.0762526
-0.387755	-0.755102	0.0883155
-0.387755	-0.714286	0.100078
-0.387755	-0.673469	0.111498
-0.387755	-0.632653	0.122529
-0.387755	-0.591837	0.13313
-0.387755	-0.55102	0.143255
-0.387755	-0.510204	0.152862
-0.387755	-0.469388	0.161909
-0.387755	-0.428571	0.170355
-0.387755	-0.387755	0.178159
-0.387755	-0.346939	0.185285
-0.387755	-0.306122	0.191697
-0.387755	-0.265306	0.197362
-0.387755	-0.22449	0.202249
-0.387755	-0.183673	0.206333
-0.387755	-0.142857	0.20959
-0.387755	-0.102041	0.212
-0.387755	-0.0612245	0.213549
-0.387755	-0.0204082	0.214227
-0.387755	0.0204082	0.214027
-0.387755	0.0612245	0.212948
-0.387755	0.102041	0.210993
-0.387755	0.142857	0.208169
-0.387755	0.183673	0.20449
-0.387755	0.22449	0.199971
-0.387755	0.265306	0.194634
-0.387755	0.306122	0.188504
-0.387755	0.346939	0.181608
-0.387755	0.387755	0.173979
-0.387755	0.428571	0.165652
-0.387755	0.469388	0.156665
-0.387755	0.510204	0.147058
-0.387755	0.55102	0.136873
-0.387755	0.591837	0.126153
-0.387755	0.632653	0.114945
-0.387755	0.673469	0.103295
-0.387755	0.714286	0.0912511
-0.387755	0.755102	0.0788606
-0.387755	0.795918	0.0661727
-0.387755	0.836735	0.0532365
-0.387755	0.877551	0.0401015
-0.387755	0.918367	0.0268173
-0.387755	0.959184	0.0134335
-0.387755	1	0
-0.346939	-1	0.0134743
-0.346939	-0.959184	0.0269047
-0.346939	-0.918367	0.0402471
-0.346939	-0.877551	0.0534572
-0.346939	-0.836735	0.0664907
-0.346939	-0.795918	0.0793026
-0.346939	-0.755102	0.091848
-0.346939	-0.714286	0.104081
-0.346939	-0.673469	0.115957
-0.346939	-0.632653	0.12743
-0.346939	-0.591837	0.138455
-0.346939	-0.55102	0.148985
-0.346939	-0.510204	0.158976
-0.346939	-0.469388	0.168385
-0.346939	-0.428571	0.177168
-0.346939	-0.387755	0.185285
-0.346939	-0.346939	0.192696
-0.346939	-0.306122	0.199365
-0.346939	-0.265306	0.205256
-0.346939	-0.22449	0.210339
-0.346939	-0.183673	0.214586
-0.346939	-0.142857	0.217973
-0.346939	-0.102041	0.22048
-0.346939	-0.0612245	0.222091
-0.346939	-0.0204082	0.222796
-0.346939	0.0204082	0.222588
-0.346939	0.0612245	0.221466
-0.346939	0.102041	0.219432
-0.346939	0.142857	0.216496
-0.346939	0.183673	0.212669
-0.346939	0.22449	0.20797
-0.346939	0.265306	0.202419
-0.346939	0.306122	0.196043
-0.346939	0.346939	0.188872
-0.346939	0.387755	0.180938
-0.346939	0.428571	0.172278
-0.346939	0.469388	0.162932
-0.346939	0.510204	0.15294
-0.346939	0.55102	0.142347
-0.346939	0.591837	0.131199
-0.346939	0.632653	0.119543
-0.346939	0.673469	0.107427
-0.346939	0.714286	0.094901
-0.346939	0.755102	0.0820149
-0.346939	0.795918	0.0688195
-0.346939	0.836735	0.0553659
-0.346939	0.877551	0.0417055
-0.346939	0.918367	0.02789
-0.346939	0.959184	0.0139709
-0.346939	1	0
-0.306122	-1	0.0139406
-0.306122	-0.959184	0.0278358
-0.306122	-0.918367	0.0416399
-0.306122	-0.877551	0.0553071
-0.306122	-0.836735	0.0687916
-0.306122	-0.795918	0.0820469
-0.306122	-0.755102	0.0950265
-0.306122	-0.714286	0.107683
-0.306122	-0.673469	0.11997
-0.306122	-0.632653	0.13184
-0.306122	-0.591837	0.143246
-0.306122	-0.55102	0.15414
-0.306122	-0.510204	0.164478
-0.306122	-0.469388	0.174212
-0.306122	-0.428571	0.183299
-0.306122	-0.387755	0.191697
-0.306122	-0.346939	0.199365
-0.306122	-0.306122	0.206264
-0.306122	-0.265306	0.212359
-0.306122	-0.22449	0.217618
-0.306122	-0.183673	0.222012
-0.306122	-0.142857	0.225516
-0.306122	-0.102041	0.228109
-0.306122	-0.0612245	0.229777
-0.306122	-0.0204082	0.230506
-0.306122	0.0204082	0.230291
-0.306122	0.0612245	0.22913
-0.306122	0.102041	0.227026
-0.306122	0.142857	0.223988
-0.306122	0.183673	0.220029
-0.306122	0.22449	0.215167
-0.306122	0.265306	0.209424
-0.306122	0.306122	0.202828
-0.306122	0.346939	0.195408
-0.306122	0.387755	0.1872
-0.306122	0.428571	0.17824
-0.306122	0.469388	0.16857
-0.306122	0.510204	0.158233
-0.306122	0.55102	0.147273
-0.306122	0.591837	0.135739
-0.306122	0.632653	0.12368
-0.306122	0.673469	0.111145
-0.306122	0.714286	0.0981851
-0.306122	0.755102	0.0848531
-0.306122	0.795918	0.071201
-0.306122	0.836735	0.0572819
-0.306122	0.877551	0.0431488
-0.306122	0.918367	0.0288551
-0.306122	0.959184	0.0144543
-0.306122	1	0
-0.265306	-1	0.0143526
-0.265306	-0.959184	0.0286583
-0.265306	-0.918367	0.0428703
-0.265306	-0.877551	0.0569415
-0.265306	-0.836735	0.0708244
-0.265306	-0.795918	0.0844714
-0.265306	-0.755102	0.0978345
-0.265306	-0.714286	0.110865
-0.265306	-0.673469	0.123515
-0.265306	-0.632653	0.135736
-0.265306	-0.591837	0.147479
-0.265306	-0.55102	0.158695
-0.265306	-0.510204	0.169338
-0.265306	-0.469388	0.17936
-0.265306	-0.428571	0.188716
-0.265306	-0.387755	0.197362
-0.265306	-0.346939	0.205256
-0.265306	-0.306122	0.212359
-0.265306	-0.265306	0.218634
-0.265306	-0.22449	0.224048
-0.265306	-0.183673	0.228572
-0.265306	-0.142857	0.23218
-0.265306	-0.102041	0.23485
-0.265306	-0.0612245	0.236566
-0.265306	-0.0204082	0.237317
-0.265306	0.0204082	0.237096
-0.265306	0.0612245	0.2359
-0.265306	0.102041	0.233734
-0.265306	0.142857	0.230607
-0.265306	0.183673	0.226531
-0.265306	0.22449	0.221525
-0.265306	0.265306	0.215613
-0.265306	0.306122	0.208821
-0.265306	0.346939	0.201182
-0.265306	0.387755	0.192731
-0.265306	0.428571	0.183507
-0.265306	0.469388	0.173551
-0.265306	0.510204	0.162908
-0.265306	0.55102	0.151625
-0.265306	0.591837	0.13975
-0.265306	0.632653	0.127335
-0.265306	0.673469	0.114429
-0.265306	0.714286	0.101086
-0.265306	0.755102	0.0873605
-0.265306	0.795918	0.073305
-0.265306	0.836735	0.0589746
-0.265306	0.877551	0.0444238
-0.265306	0.918367	0.0297078
-0.265306	0.959184	0.0148815
-0.265306	1	0
-0.22449	-1	0.014708
-0.22449	-0.959184	0.029368
-0.22449	-0.918367	0.043932
-0.22449	-0.877551	0.0583516
-0.22449	-0.836735	0.0725783
-0.22449	-0.795918	0.0865633
-0.22449	-0.755102	0.100257
-0.22449	-0.714286	0.113611
-0.22449	-0.673469	0.126574
-0.22449	-0.632653	0.139097
-0.22449	-0.591837	0.151131
-0.22449	-0.55102	0.162625
-0.22449	-0.510204	0.173531
-0.22449	-0.469388	0.183802
-0.22449	-0.428571	0.193389
-0.22449	-0.387755	0.202249
-0.22449	-0.346939	0.210339
-0.22449	-0.306122	0.217618
-0.22449	-0.265306	0.224048
-0.22449	-0.22449	0.229597
-0.22449	-0.183673	0.234233
-0.22449	-0.142857	0.237929
-0.22449	-0.102041	0.240666
-0.22449	-0.0612245	0.242425
-0.22449	-0.0204082	0.243194
-0.22449	0.0204082	0.242967
-0.22449	0.0612245	0.241742
-0.22449	0.102041	0.239523
-0.22449	0.142857	0.236317
-0.22449	0.183673	0.23214
-0.22449	0.22449	0.227011
-0.22449	0.265306	0.220952
-0.22449	0.306122	0.213992
-0.22449	0.346939	0.206164
-0.22449	0.387755	0.197504
-0.22449	0.428571	0.188051
-0.22449	0.469388	0.177849
-0.22449	0.510204	0.166943
-0.22449	0.55102	0.15538
-0.22449	0.591837	0.143211
-0.22449	0.632653	0.130488
-0.22449	0.673469	0.117263
-0.22449	0.714286	0.10359
-0.22449	0.755102	0.0895239
-0.22449	0.795918	0.0751204
-0.22449	0.836735	0.060435
-0.22449	0.877551	0.0455239
-0.22449	0.918367	0.0304435
-0.22449	0.959184	0.01525
-0.22449	1	0
-0.183673	-1	0.015005
-0.183673	-0.959184	0.029961
-0.183673	-0.918367	0.044819
-0.183673	-0.877551	0.0595298
-0.183673	-0.836735	0.0740437
-0.183673	-0.795918	0.0883111
-0.183673	-0.755102	0.102282
-0.183673	-0.714286	0.115905
-0.183673	-0.673469	0.12913
-0.183673	-0.632653	0.141906
-0.183673	-0.591837	0.154182
-0.183673	-0.55102	0.165909
-0.183673	-0.510204	0.177035
-0.183673	-0.469388	0.187513
-0.183673	-0.428571	0.197294
-0.183673	-0.387755	0.206333
-0.183673	-0.346939	0.214586
-0.183673	-0.306122	0.222012
-0.183673	-0.265306	0.228572
-0.183673	-0.22449	0.234233
-0.183673	-0.183673	0.238962
-0.183673	-0.142857	0.242733
-0.183673	-0.102041	0.245525
-0.183673	-0.0612245	0.24732
-0.183673	-0.0204082	0.248104
-0.183673	0.0204082	0.247873
-0.183673	0.0612245	0.246623
-0.183673	0.102041	0.244359
-0.183673	0.142857	0.241089
-0.183673	0.183673	0.236827
-0.183673	0.22449	0.231594
-0.183673	0.265306	0.225413
-0.183673	0.306122	0.218313
-0.183673	0.346939	0.210327
-0.183673	0.387755	0.201492
-0.183673	0.428571	0.191848
-0.183673	0.469388	0.18144
-0.183673	0.510204	0.170313
-0.183673	0.55102	0.158517
-0.183673	0.591837	0.146103
-0.183673	0.632653	0.133122
-0.183673	0.673469	0.11963
-0.183673	0.714286	0.105681
-0.183673	0.755102	0.0913314
-0.183673	0.795918	0.0766371
-0.183673	0.836735	0.0616552
-0.183673	0.877551	0.0464431
-0.183673	0.918367	0.0310581
-0.183673	0.959184	0.0155579
-0.183673	1	0
-0.142857	-1	0.0152418
-0.142857	-0.959184	0.0304339
-0.142857	-0.918367	0.0455264
-0.142857	-0.877551	0.0604693
-0.142857	-0.836735	0.0752124
-0.142857	-0.795918	0.0897049
-0.142857	-0.755102	0.103896
-0.142857	-0.714286	0.117734
-0.142857	-0.673469	0.131168
-0.142857	-0.632653	0.144146
-0.142857	-0.591837	0.156616
-0.142857	-0.55102	0.168527
-0.142857	-0.510204	0.179829
-0.142857	-0.469388	0.190472
-0.142857	-0.428571	0.200408
-0.142857	-0.387755	0.20959
-0.142857	-0.346939	0.217973
-0.142857	-0.306122	0.225516
-0.142857	-0.265306	0.23218
-0.142857	-0.22449	0.237929
-0.142857	-0.183673	0.242733
-0.142857	-0.142857	0.246565
-0.142857	-0.102041	0.2494
-0.142857	-0.0612245	0.251223
-0.142857	-0.0204082	0.25202
-0.142857	0.0204082	0.251785
-0.142857	0.0612245	0.250516
-0.142857	0.102041	0.248215
-0.142857	0.142857	0.244894
-0.142857	0.183673	0.240565
-0.142857	0.22449	0.235249
-0.142857	0.265306	0.228971
-0.142857	0.306122	0.221759
-0.142857	0.346939	0.213647
-0.142857	0.387755	0.204672
-0.142857	0.428571	0.194876
-0.142857	0.469388	0.184304
-0.142857	0.510204	0.173001
-0.142857	0.55102	0.161019
-0.142857	0.591837	0.148409
-0.142857	0.632653	0.135224
-0.142857	0.673469	0.121518
-0.142857	0.714286	0.107349
-0.142857	0.755102	0.0927729
-0.142857	0.795918	0.0778467
-0.142857	0.836735	0.0626284
-0.142857	0.877551	0.0471761
-0.142857	0.918367	0.0315483
-0.142857	0.959184	0.0158035
-0.142857	1	0
-0.102041	-1	0.0154171
-0.102041	-0.959184	0.0307839
-0.102041	-0.918367	0.04605
-0.102041	-0.877551	0.0611648
-0.102041	-0.836735	0.0760774
-0.102041	-0.795918	0.0907366
-0.102041	-0.755102	0.105091
-0.102041	-0.714286	0.119088
-0.102041	-0.673469	0.132676
-0.102041	-0.632653	0.145803
-0.102041	-0.591837	0.158417
-0.102041	-0.55102	0.170466
-0.102041	-0.510204	0.181898
-0.102041	-0.469388	0.192663
-0.102041	-0.428571	0.202713
-0.102041	-0.387755	0.212
-0.102041	-0.346939	0.22048
-0.102041	-0.306122	0.228109
-0.102041	-0.265306	0.23485
-0.102041	-0.22449	0.240666
-0.102041	-0.183673	0.245525
-0.102041	-0.142857	0.2494
-0.102041	-0.102041	0.252269
-0.102041	-0.0612245	0.254112
-0.102041	-0.0204082	0.254919
-0.102041	0.0204082	0.254681
-0.102041	0.0612245	0.253397
-0.102041	0.102041	0.25107
-0.102041	0.142857	0.24771
-0.102041	0.183673	0.243332
-0.102041	0.22449	0.237955
-0.102041	0.265306	0.231604
-0.102041	0.306122	0.224309
-0.102041	0.346939	0.216104
-0.102041	0.387755	0.207026
-0.102041	0.428571	0.197117
-0.102041	0.469388	0.186423
-0.102041	0.510204	0.174991
-0.102041	0.55102	0.162871
-0.102041	0.591837	0.150116
-0.102041	0.632653	0.136779
-0.102041	0.673469	0.122916
-0.102041	0.714286	0.108584
-0.102041	0.755102	0.0938399
-0.102041	0.795918	0.078742
-0.102041	0.836735	0.0633486
-0.102041	0.877551	0.0477187
-0.102041	0.918367	0.0319112
-0.102041	0.959184	0.0159852
-0.102041	1	0
-0.0612245	-1	0.0155298
-0.0612245	-0.959184	0.0310089
-0.0612245	-0.918367	0.0463866
-0.0612245	-0.877551	0.0616118
-0.0612245	-0.836735	0.0766335
-0.0612245	-0.795918	0.0913998
-0.0612245	-0.755102	0.105859
-0.0612245	-0.714286	0.119959
-0.0612245	-0.673469	0.133646
-0.0612245	-0.632653	0.146869
-0.0612245	-0.591837	0.159575
-0.0612245	-0.55102	0.171711
-0.0612245	-0.510204	0.183227
-0.0612245	-0.469388	0.194071
-0.0612245	-0.428571	0.204194
-0.0612245	-0.387755	0.213549
-0.0612245	-0.346939	0.222091
-0.0612245	-0.306122	0.229777
-0.0612245	-0.265306	0.236566
-0.0612245	-0.22449	0.242425
-0.0612245	-0.183673	0.24732
-0.0612245	-0.142857	0.251223
-0.0612245	-0.102041	0.254112
-0.0612245	-0.0612245	0.25597
-0.0612245	-0.0204082	0.256782
-0.0612245	0.0204082	0.256542
-0.0612245	0.0612245	0.255249
-0.0612245	0.102041	0.252905
-0.0612245	0.142857	0.249521
-0.0612245	0.183673	0.24511
-0.0612245	0.22449	0.239694
-0.0612245	0.265306	0.233297
-0.0612245	0.306122	0.225948
-0.0612245	0.346939	0.217683
-0.0612245	0.387755	0.208539
-0.0612245	0.428571	0.198558
-0.0612245	0.469388	0.187786
-0.0612245	0.510204	0.17627
-0.0612245	0.55102	0.164061
-0.0612245	0.591837	0.151213
-0.0612245	0.632653	0.137778
-0.0612245	0.673469	0.123814
-0.0612245	0.714286	0.109378
-0.0612245	0.755102	0.0945258
-0.0612245	0.795918	0.0793175
-0.0612245	0.836735	0.0638116
-0.0612245	0.877551	0.0480675
-0.0612245	0.918367	0.0321444
-0.0612245	0.959184	0.016102
-0.0612245	1	0
-0.0204082	-1	0.0155791
-0.0204082	-0.959184	0.0311073
-0.0204082	-0.918367	0.0465338
-0.0204082	-0.877551	0.0618074
-0.0204082	-0.836735	0.0768767
-0.0204082	-0.795918	0.0916899
-0.0204082	-0.755102	0.106195
-0.0204082	-0.714286	0.120339
-0.0204082	-0.673469	0.13407
-0.0204082	-0.632653	0.147335
-0.0204082	-0.591837	0.160081
-0.0204082	-0.55102	0.172256
-0.0204082	-0.510204	0.183808
-0.0204082	-0.469388	0.194687
-0.0204082	-0.428571	0.204842
-0.0204082	-0.387755	0.214227
-0.0204082	-0.346939	0.222796
-0.0204082	-0.306122	0.230506
-0.0204082	-0.265306	0.237317
-0.0204082	-0.22449	0.243194
-0.0204082	-0.183673	0.248104
-0.0204082	-0.142857	0.25202
-0.0204082	-0.102041	0.254919
-0.0204082	-0.0612245	0.256782
-0.0204082	-0.0204082	0.257597
-0.0204082	0.0204082	0.257356
-0.0204082	0.0612245	0.256059
-0.0204082	0.102041	0.253708
-0.0204082	0.142857	0.250313
-0.0204082	0.183673	0.245888
-0.0204082	0.22449	0.240455
-0.0204082	0.265306	0.234037
-0.0204082	0.306122	0.226666
-0.0204082	0.346939	0.218374
-0.0204082	0.387755	0.209201
-0.0204082	0.428571	0.199188
-0.0204082	0.469388	0.188382
-0.0204082	0.510204	0.176829
-0.0204082	0.55102	0.164582
-0.0204082	0.591837	0.151693
-0.0204082	0.632653	0.138216
-0.0204082	0.673469	0.124207
-0.0204082	0.714286	0.109725
-0.0204082	0.755102	0.0948258
-0.0204082	0.795918	0.0795692
-0.0204082	0.836735	0.0640142
-0.0204082	0.877551	0.04822
-0.0204082	0.918367	0.0322464
-0.0204082	0.959184	0.0161531
-0.0204082	1	0
0.0204082	-1	0.0155645
0.0204082	-0.959184	0.0310783
0.0204082	-0.918367	0.0464903
0.0204082	-0.877551	0.0617497
0.0204082	-0.836735	0.0768049
0.0204082	-0.795918	0.0916043
0.0204082	-0.755102	0.106096
0.0204082	-0.714286	0.120227
0.0204082	-0.673469	0.133945
0.0204082	-0.632653	0.147198
0.0204082	-0.591837	0.159932
0.0204082	-0.55102	0.172096
0.0204082	-0.510204	0.183637
0.0204082	-0.469388	0.194505
0.0204082	-0.428571	0.204651
0.0204082	-0.387755	0.214027
0.0204082	-0.346939	0.222588
0.0204082	-0.306122	0.230291
0.0204082	-0.265306	0.237096
0.0204082	-0.22449	0.242967
0.0204082	-0.183673	0.247873
0.0204082	-0.142857	0.251785
0.0204082	-0.102041	0.254681
0.0204082	-0.0612245	0.256542
0.0204082	-0.0204082	0.257356
0.0204082	0.0204082	0.257116
0.0204082	0.0612245	0.25582
0.0204082	0.102041	0.253471
0.0204082	0.142857	0.250079
0.0204082	0.183673	0.245659
0.0204082	0.22449	0.24023
0.0204082	0.265306	0.233819
0.0204082	0.306122	0.226454
0.0204082	0.346939	0.21817
0.0204082	0.387755	0.209006
0.0204082	0.428571	0.199002
0.0204082	0.469388	0.188206
0.0204082	0.510204	0.176664
0.0204082	0.55102	0.164428
0.0204082	0.591837	0.151551
0.0204082	0.632653	0.138087
0.0204082	0.673469	0.124091
0.0204082	0.714286	0.109622
0.0204082	0.755102	0.0947373
0.0204082	0.795918	0.079495
0.0204082	0.836735	0.0639544
0.0204082	0.877551	0.048175
0.0204082	0.918367	0.0322163
0.0204082	0.959184	0.0161381
0.0204082	1	0
0.0612245	-1	0.015486
0.0612245	-0.959184	0.0309216
0.0612245	-0.918367	0.0462559
0.0612245	-0.877551	0.0614383
0.0612245	-0.836735	0.0764177
0.0612245	-0.795918	0.0911424
0.0612245	-0.755102	0.105561
0.0612245	-0.714286	0.119621
0.0612245	-0.673469	0.13327
0.0612245	-0.632653	0.146456
0.0612245	-0.591837	0.159126
0.0612245	-0.55102	0.171228
0.0612245	-0.510204	0.182711
0.0612245	-0.469388	0.193525
0.0612245	-0.428571	0.203619
0.0612245	-0.387755	0.212948
0.0612245	-0.346939	0.221466
0.0612245	-0.306122	0.22913
0.0612245	-0.265306	0.2359
0.0612245	-0.22449	0.241742
0.0612245	-0.183673	0.246623
0.0612245	-0.142857	0.250516
0.0612245	-0.102041	0.253397
0.0612245	-0.0612245	0.255249
0.0612245	-0.0204082	0.256059
0.0612245	0.0204082	0.25582
0.0612245	0.0612245	0.25453
0.0612245	0.102041	0.252193
0.0612245	0.142857	0.248818
0.0612245	0.183673	0.24442
0.0612245	0.22449	0.239019
0.0612245	0.265306	0.23264
0.0612245	0.306122	0.225312
0.0612245	0.346939	0.21707
0.0612245	0.387755	0.207952
0.0612245	0.428571	0.197999
0.0612245	0.469388	0.187257
0.0612245	0.510204	0.175774
0.0612245	0.55102	0.163599
0.0612245	0.591837	0.150787
0.0612245	0.632653	0.13739
0.0612245	0.673469	0.123466
0.0612245	0.714286	0.10907
0.0612245	0.755102	0.0942596
0.0612245	0.795918	0.0790941
0.0612245	0.836735	0.0636319
0.0612245	0.877551	0.0479321
0.0612245	0.918367	0.0320539
0.0612245	0.959184	0.0160567
0.0612245	1	0
0.102041	-1	0.0153438
0.102041	-0.959184	0.0306376
0.102041	-0.918367	0.0458312
0.102041	-0.877551	0.0608742
0.102041	-0.836735	0.075716
0.102041	-0.795918	0.0903056
0.102041	-0.755102	0.104592
0.102041	-0.714286	0.118522
0.102041	-0.673469	0.132046
0.102041	-0.632653	0.145111
0.102041	-0.591837	0.157665
0.102041	-0.55102	0.169656
0.102041	-0.510204	0.181033
0.102041	-0.469388	0.191748
0.102041	-0.428571	0.20175
0.102041	-0.387755	0.210993
0.102041	-0.346939	0.219432
0.102041	-0.306122	0.227026
0.102041	-0.265306	0.233734
0.102041	-0.22449	0.239523
0.102041	-0.183673	0.244359
0.102041	-0.142857	0.248215
0.102041	-0.102041	0.25107
0.102041	-0.0612245	0.252905
0.102041	-0.0204082	0.253708
0.102041	0.0204082	0.253471
0.102041	0.0612245	0.252193
0.102041	0.102041	0.249877
0.102041	0.142857	0.246533
0.102041	0.183673	0.242176
0.102041	0.22449	0.236825
0.102041	0.265306	0.230504
0.102041	0.306122	0.223243
0.102041	0.346939	0.215077
0.102041	0.387755	0.206042
0.102041	0.428571	0.196181
0.102041	0.469388	0.185538
0.102041	0.510204	0.17416
0.102041	0.55102	0.162097
0.102041	0.591837	0.149402
0.102041	0.632653	0.136129
0.102041	0.673469	0.122332
0.102041	0.714286	0.108068
0.102041	0.755102	0.0933941
0.102041	0.795918	0.0783679
0.102041	0.836735	0.0630477
0.102041	0.877551	0.047492
0.102041	0.918367	0.0317596
0.102041	0.959184	0.0159093
0.102041	1	0
0.142857	-1	0.0151385
0.142857	-0.959184	0.0302277
0.142857	-0.918367	0.0452179
0.142857	-0.877551	0.0600596
0.142857	-0.836735	0.0747028
0.142857	-0.795918	0.0890971
0.142857	-0.755102	0.103192
0.142857	-0.714286	0.116936
0.142857	-0.673469	0.130279
0.142857	-0.632653	0.143169
0.142857	-0.591837	0.155555
0.142857	-0.55102	0.167385
0.142857	-0.510204	0.178611
0.142857	-0.469388	0.189182
0.142857	-0.428571	0.19905
0.142857	-0.387755	0.208169
0.142857	-0.346939	0.216496
0.142857	-0.306122	0.223988
0.142857	-0.265306	0.230607
0.142857	-0.22449	0.236317
0.142857	-0.183673	0.241089
0.142857	-0.142857	0.244894
0.142857	-0.102041	0.24771
0.142857	-0.0612245	0.249521
0.142857	-0.0204082	0.250313
0.142857	0.0204082	0.250079
0.142857	0.0612245	0.248818
0.142857	0.102041	0.246533
0.142857	0.142857	0.243234
0.142857	0.183673	0.238935
0.142857	0.22449	0.233655
0.142857	0.265306	0.227419
0.142857	0.306122	0.220256
0.142857	0.346939	0.212199
0.142857	0.387755	0.203285
0.142857	0.428571	0.193556
0.142857	0.469388	0.183055
0.142857	0.510204	0.171829
0.142857	0.55102	0.159928
0.142857	0.591837	0.147403
0.142857	0.632653	0.134307
0.142857	0.673469	0.120695
0.142857	0.714286	0.106622
0.142857	0.755102	0.0921443
0.142857	0.795918	0.0773192
0.142857	0.836735	0.062204
0.142857	0.877551	0.0468565
0.142857	0.918367	0.0313346
0.142857	0.959184	0.0156964
0.142857	1	0
0.183673	-1	0.0148709
0.183673	-0.959184	0.0296934
0.183673	-0.918367	0.0444187
0.183673	-0.877551	0.0589981
0.183673	-0.836735	0.0733824
0.183673	-0.795918	0.0875223
0.183673	-0.755102	0.101368
0.183673	-0.714286	0.11487
0.183673	-0.673469	0.127976
0.183673	-0.632653	0.140638
0.183673	-0.591837	0.152805
0.183673	-0.55102	0.164427
0.183673	-0.510204	0.175454
0.183673	-0.469388	0.185838
0.183673	-0.428571	0.195532
0.183673	-0.387755	0.20449
0.183673	-0.346939	0.212669
0.183673	-0.306122	0.220029
0.183673	-0.265306	0.226531
0.183673	-0.22449	0.23214
0.183673	-0.183673	0.236827
0.183673	-0.142857	0.240565
0.183673	-0.102041	0.243332
0.183673	-0.0612245	0.24511
0.183673	-0.0204082	0.245888
0.183673	0.0204082	0.245659
0.183673	0.0612245	0.24442
0.183673	0.102041	0.242176
0.183673	0.142857	0.238935
0.183673	0.183673	0.234712
0.183673	0.22449	0.229526
0.183673	0.265306	0.2234
0.183673	0.306122	0.216363
0.183673	0.346939	0.208448
0.183673	0.387755	0.199692
0.183673	0.428571	0.190135
0.183673	0.469388	0.179819
0.183673	0.510204	0.168792
0.183673	0.55102	0.157101
0.183673	0.591837	0.144798
0.183673	0.632653	0.131933
0.183673	0.673469	0.118562
0.183673	0.714286	0.104737
0.183673	0.755102	0.0905157
0.183673	0.795918	0.0759526
0.183673	0.836735	0.0611045
0.183673	0.877551	0.0460283
0.183673	0.918367	0.0307807
0.183673	0.959184	0.0154189
0.183673	1	0
0.22449	-1	0.0145423
0.22449	-0.959184	0.0290372
0.22449	-0.918367	0.0434372
0.22449	-0.877551	0.0576944
0.22449	-0.836735	0.0717609
0.22449	-0.795918	0.0855883
0.22449	-0.755102	0.0991281
0.22449	-0.714286	0.112331
0.22449	-0.673469	0.125148
0.22449	-0.632653	0.137531
0.22449	-0.591837	0.149429
0.22449	-0.55102	0.160793
0.22449	-0.510204	0.171577
0.22449	-0.469388	0.181731
0.22449	-0.428571	0.191211
0.22449	-0.387755	0.199971
0.22449	-0.346939	0.20797
0.22449	-0.306122	0.215167
0.22449	-0.265306	0.221525
0.22449	-0.22449	0.227011
0.22449	-0.183673	0.231594
0.22449	-0.142857	0.235249
0.22449	-0.102041	0.237955
0.22449	-0.0612245	0.239694
0.22449	-0.0204082	0.240455
0.22449	0.0204082	0.24023
0.22449	0.0612245	0.239019
0.22449	0.102041	0.236825
0.22449	0.142857	0.233655
0.22449	0.183673	0.229526
0.22449	0.22449	0.224454
0.22449	0.265306	0.218463
0.22449	0.306122	0.211582
0.22449	0.346939	0.203842
0.22449	0.387755	0.195279
0.22449	0.428571	0.185933
0.22449	0.469388	0.175846
0.22449	0.510204	0.165062
0.22449	0.55102	0.15363
0.22449	0.591837	0.141598
0.22449	0.632653	0.129018
0.22449	0.673469	0.115942
0.22449	0.714286	0.102423
0.22449	0.755102	0.0885155
0.22449	0.795918	0.0742742
0.22449	0.836735	0.0597543
0.22449	0.877551	0.0450112
0.22449	0.918367	0.0301006
0.22449	0.959184	0.0150782
0.22449	1	0
0.265306	-1	0.0141542
0.265306	-0.959184	0.0282622
0.265306	-0.918367	0.0422778
0.265306	-0.877551	0.0561545
0.265306	-0.836735	0.0698456
0.265306	-0.795918	0.083304
0.265306	-0.755102	0.0964824
0.265306	-0.714286	0.109333
0.265306	-0.673469	0.121808
0.265306	-0.632653	0.13386
0.265306	-0.591837	0.145441
0.265306	-0.55102	0.156502
0.265306	-0.510204	0.166998
0.265306	-0.469388	0.176881
0.265306	-0.428571	0.186108
0.265306	-0.387755	0.194634
0.265306	-0.346939	0.202419
0.265306	-0.306122	0.209424
0.265306	-0.265306	0.215613
0.265306	-0.22449	0.220952
0.265306	-0.183673	0.225413
0.265306	-0.142857	0.228971
0.265306	-0.102041	0.231604
0.265306	-0.0612245	0.233297
0.265306	-0.0204082	0.234037
0.265306	0.0204082	0.233819
0.265306	0.0612245	0.23264
0.265306	0.102041	0.230504
0.265306	0.142857	0.227419
0.265306	0.183673	0.2234
0.265306	0.22449	0.218463
0.265306	0.265306	0.212633
0.265306	0.306122	0.205935
0.265306	0.346939	0.198402
0.265306	0.387755	0.190068
0.265306	0.428571	0.180971
0.265306	0.469388	0.171153
0.265306	0.510204	0.160657
0.265306	0.55102	0.14953
0.265306	0.591837	0.137819
0.265306	0.632653	0.125575
0.265306	0.673469	0.112847
0.265306	0.714286	0.0996894
0.265306	0.755102	0.0861531
0.265306	0.795918	0.0722919
0.265306	0.836735	0.0581595
0.265306	0.877551	0.0438099
0.265306	0.918367	0.0292972
0.265306	0.959184	0.0146758
0.265306	1	0
0.306122	-1	0.0137084
0.306122	-0.959184	0.027372
0.306122	-0.918367	0.0409462
0.306122	-0.877551	0.0543858
0.306122	-0.836735	0.0676456
0.306122	-0.795918	0.0806801
0.306122	-0.755102	0.0934434
0.306122	-0.714286	0.105889
0.306122	-0.673469	0.117972
0.306122	-0.632653	0.129644
0.306122	-0.591837	0.140859
0.306122	-0.55102	0.151572
0.306122	-0.510204	0.161737
0.306122	-0.469388	0.17131
0.306122	-0.428571	0.180246
0.306122	-0.387755	0.188504
0.306122	-0.346939	0.196043
0.306122	-0.306122	0.202828
0.306122	-0.265306	0.208821
0.306122	-0.22449	0.213992
0.306122	-0.183673	0.218313
0.306122	-0.142857	0.221759
0.306122	-0.102041	0.224309
0.306122	-0.0612245	0.225948
0.306122	-0.0204082	0.226666
0.306122	0.0204082	0.226454
0.306122	0.0612245	0.225312
0.306122	0.102041	0.223243
0.306122	0.142857	0.220256
0.306122	0.183673	0.216363
0.306122	0.22449	0.211582
0.306122	0.265306	0.205935
0.306122	0.306122	0.199448
0.306122	0.346939	0.192152
0.306122	0.387755	0.184081
0.306122	0.428571	0.175271
0.306122	0.469388	0.165762
0.306122	0.510204	0.155596
0.306122	0.55102	0.14482
0.306122	0.591837	0.133478
0.306122	0.632653	0.121619
0.306122	0.673469	0.109293
0.306122	0.714286	0.0965494
0.306122	0.755102	0.0834394
0.306122	0.795918	0.0700148
0.306122	0.836735	0.0563276
0.306122	0.877551	0.0424299
0.306122	0.918367	0.0283744
0.306122	0.959184	0.0142135
0.306122	1	0
0.346939	-1	0.0132069
0.346939	-0.959184	0.0263707
0.346939	-0.918367	0.0394483
0.346939	-0.877551	0.0523963
0.346939	-0.836735	0.0651711
0.346939	-0.795918	0.0777287
0.346939	-0.755102	0.0900251
0.346939	-0.714286	0.102016
0.346939	-0.673469	0.113656
0.346939	-0.632653	0.124901
0.346939	-0.591837	0.135707
0.346939	-0.55102	0.146028
0.346939	-0.510204	0.155821
0.346939	-0.469388	0.165043
0.346939	-0.428571	0.173652
0.346939	-0.387755	0.181608
0.346939	-0.346939	0.188872
0.346939	-0.306122	0.195408
0.346939	-0.265306	0.201182
0.346939	-0.22449	0.206164
0.346939	-0.183673	0.210327
0.346939	-0.142857	0.213647
0.346939	-0.102041	0.216104
0.346939	-0.0612245	0.217683
0.346939	-0.0204082	0.218374
0.346939	0.0204082	0.21817
0.346939	0.0612245	0.21707
0.346939	0.102041	0.215077
0.346939	0.142857	0.212199
0.346939	0.183673	0.208448
0.346939	0.22449	0.203842
0.346939	0.265306	0.198402
0.346939	0.306122	0.192152
0.346939	0.346939	0.185123
0.346939	0.387755	0.177347
0.346939	0.428571	0.168859
0.346939	0.469388	0.159698
0.346939	0.510204	0.149905
0.346939	0.55102	0.139522
0.346939	0.591837	0.128595
0.346939	0.632653	0.11717
0.346939	0.673469	0.105295
0.346939	0.714286	0.0930175
0.346939	0.755102	0.0803871
0.346939	0.795918	0.0674536
0.346939	0.836735	0.0542671
0.346939	0.877551	0.0408778
0.346939	0.918367	0.0273364
0.346939	0.959184	0.0136936
0.346939	1	0
0.387755	-1	0.0126521
0.387755	-0.959184	0.025263
0.387755	-0.918367	0.0377912
0.387755	-0.877551	0.0501953
0.387755	-0.836735	0.0624334
0.387755	-0.795918	0.0744636
0.387755	-0.755102	0.0862435
0.387755	-0.714286	0.0977305
0.387755	-0.673469	0.108882
0.387755	-0.632653	0.119655
0.387755	-0.591837	0.130006
0.387755	-0.55102	0.139894
0.387755	-0.510204	0.149275
0.387755	-0.469388	0.15811
0.387755	-0.428571	0.166358
0.387755	-0.387755	0.173979
0.387755	-0.346939	0.180938
0.387755	-0.306122	0.1872
0.387755	-0.265306	0.192731
0.387755	-0.22449	0.197504
0.387755	-0.183673	0.201492
0.387755	-0.142857	0.204672
0.387755	-0.102041	0.207026
0.387755	-0.0612245	0.208539
0.387755	-0.0204082	0.209201
0.387755	0.0204082	0.209006
0.387755	0.0612245	0.207952
0.387755	0.102041	0.206042
0.387755	0.142857	0.203285
0.387755	0.183673	0.199692
0.387755	0.22449	0.195279
0.387755	0.265306	0.190068
0.387755	0.306122	0.184081
0.387755	0.346939	0.177347
0.387755	0.387755	0.169897
0.387755	0.428571	0.161766
0.387755	0.469388	0.15299
0.387755	0.510204	0.143608
0.387755	0.55102	0.133661
0.387755	0.591837	0.123193
0.387755	0.632653	0.112248
0.387755	0.673469	0.100872
0.387755	0.714286	0.0891102
0.387755	0.755102	0.0770104
0.387755	0.795918	0.0646201
0.387755	0.836735	0.0519875
0.387755	0.877551	0.0391607
0.387755	0.918367	0.0261881
0.387755	0.959184	0.0131184
0.387755	1	0
0.428571	-1	0.0120466
0.428571	-0.959184	0.0240539
0.428571	-0.918367	0.0359825
0.428571	-0.877551	0.0477929
0.428571	-0.836735	0.0594453
0.428571	-0.795918	0.0708997
0.428571	-0.755102	0.0821158
0.428571	-0.714286	0.093053
0.428571	-0.673469	0.103671
0.428571	-0.632653	0.113928
0.428571	-0.591837	0.123784
0.428571	-0.55102	0.133198
0.428571	-0.510204	0.142131
0.428571	-0.469388	0.150543
0.428571	-0.428571	0.158396
0.428571	-0.387755	0.165652
0.428571	-0.346939	0.172278
0.428571	-0.306122	0.17824
0.428571	-0.265306	0.183507
0.428571	-0.22449	0.188051
0.428571	-0.183673	0.191848
0.428571	-0.142857	0.194876
0.428571	-0.102041	0.197117
0.428571	-0.0612245	0.198558
0.428571	-0.0204082	0.199188
0.428571	0.0204082	0.199002
0.428571	0.0612245	0.197999
0.428571	0.102041	0.196181
0.428571	0.142857	0.193556
0.428571	0.183673	0.190135
0.428571	0.22449	0.185933
0.428571	0.265306	0.180971
0.428571	0.306122	0.175271
0.428571	0.346939	0.168859
0.428571	0.387755	0.161766
0.428571	0.428571	0.154024
0.428571	0.469388	0.145667
0.428571	0.510204	0.136734
0.428571	0.55102	0.127264
0.428571	0.591837	0.117297
0.428571	0.632653	0.106876
0.428571	0.673469	0.0960441
0.428571	0.714286	0.0848453
0.428571	0.755102	0.0733246
0.428571	0.795918	0.0615274
0.428571	0.836735	0.0494993
0.428571	0.877551	0.0372864
0.428571	0.918367	0.0249347
0.428571	0.959184	0.0124905
0.428571	1	0
0.469388	-1	0.011393
0.469388	-0.959184	0.0227489
0.469388	-0.918367	0.0340303
0.469388	-0.877551	0.0452
0.469388	-0.836735	0.0562202
0.469388	-0.795918	0.0670532
0.469388	-0.755102	0.0776608
0.469388	-0.714286	0.0880046
0.469388	-0.673469	0.0980462
0.469388	-0.632653	0.107747
0.469388	-0.591837	0.117068
0.469388	-0.55102	0.125972
0.469388	-0.510204	0.13442
0.469388	-0.469388	0.142375
0.469388	-0.428571	0.149802
0.469388	-0.387755	0.156665
0.469388	-0.346939	0.162932
0.469388	-0.306122	0.16857
0.469388	-0.265306	0.173551
0.469388	-0.22449	0.177849
0.469388	-0.183673	0.18144
0.469388	-0.142857	0.184304
0.469388	-0.102041	0.186423
0.469388	-0.0612245	0.187786
0.469388	-0.0204082	0.188382
0.469388	0.0204082	0.188206
0.469388	0.0612245	0.187257
0.469388	0.102041	0.185538
0.469388	0.142857	0.183055
0.469388	0.183673	0.179819
0.469388	0.22449	0.175846
0.469388	0.265306	0.171153
0.469388	0.306122	0.165762
0.469388	0.346939	0.159698
0.469388	0.387755	0.15299
0.469388	0.428571	0.145667
0.469388	0.469388	0.137764
0.469388	0.510204	0.129316
0.469388	0.55102	0.12036
0.469388	0.591837	0.110934
0.469388	0.632653	0.101078
0.469388	0.673469	0.0908334
0.469388	0.714286	0.0802421
0.469388	0.755102	0.0693465
0.469388	0.795918	0.0581893
0.469388	0.836735	0.0468138
0.469388	0.877551	0.0352635
0.469388	0.918367	0.0235819
0.469388	0.959184	0.0118129
0.469388	1	0
0.510204	-1	0.0106944
0.510204	-0.959184	0.0213538
0.510204	-0.918367	0.0319434
0.510204	-0.877551	0.0424281
0.510204	-0.836735	0.0527726
0.510204	-0.795918	0.0629412
0.510204	-0.755102	0.0728983
0.510204	-0.714286	0.0826078
0.510204	-0.673469	0.0920336
0.510204	-0.632653	0.101139
0.510204	-0.591837	0.109889
0.510204	-0.55102	0.118247
0.510204	-0.510204	0.126177
0.510204	-0.469388	0.133644
0.510204	-0.428571	0.140616
0.510204	-0.387755	0.147058
0.510204	-0.346939	0.15294
0.510204	-0.306122	0.158233
0.510204	-0.265306	0.162908
0.510204	-0.22449	0.166943
0.510204	-0.183673	0.170313
0.510204	-0.142857	0.173001
0.510204	-0.102041	0.174991
0.510204	-0.0612245	0.17627
0.510204	-0.0204082	0.176829
0.510204	0.0204082	0.176664
0.510204	0.0612245	0.175774
0.510204	0.102041	0.17416
0.510204	0.142857	0.171829
0.510204	0.183673	0.168792
0.510204	0.22449	0.165062
0.510204	0.265306	0.160657
0.510204	0.306122	0.155596
0.510204	0.346939	0.149905
0.510204	0.387755	0.143608
0.510204	0.428571	0.136734
0.510204	0.469388	0.129316
0.510204	0.510204	0.121386
0.510204	0.55102	0.112979
0.510204	0.591837	0.104131
0.510204	0.632653	0.0948793
0.510204	0.673469	0.0852631
0.510204	0.714286	0.0753214
0.510204	0.755102	0.0650939
0.510204	0.795918	0.0546209
0.510204	0.836735	0.043943
0.510204	0.877551	0.033101
0.510204	0.918367	0.0221358
0.510204	0.959184	0.0110884
0.510204	1	0
0.55102	-1	0.00995365
0.55102	-0.959184	0.0198748
0.55102	-0.918367	0.029731
0.55102	-0.877551	0.0394895
0.55102	-0.836735	0.0491175
0.55102	-0.795918	0.0585818
0.55102	-0.755102	0.0678493
0.55102	-0.714286	0.0768863
0.55102	-0.673469	0.0856592
0.55102	-0.632653	0.0941344
0.55102	-0.591837	0.102278
0.55102	-0.55102	0.110057
0.55102	-0.510204	0.117438
0.55102	-0.469388	0.124388
0.55102	-0.428571	0.130877
0.55102	-0.387755	0.136873
0.55102	-0.346939	0.142347
0.55102	-0.306122	0.147273
0.55102	-0.265306	0.151625
0.55102	-0.22449	0.15538
0.55102	-0.183673	0.158517
0.55102	-0.142857	0.161019
0.55102	-0.102041	0.162871
0.55102	-0.0612245	0.164061
0.55102	-0.0204082	0.164582
0.55102	0.0204082	0.164428
0.55102	0.0612245	0.163599
0.55102	0.102041	0.162097
0.55102	0.142857	0.159928
0.55102	0.183673	0.157101
0.55102	0.22449	0.15363
0.55102	0.265306	0.14953
0.55102	0.306122	0.14482
0.55102	0.346939	0.139522
0.55102	0.387755	0.133661
0.55102	0.428571	0.127264
0.55102	0.469388	0.12036
0.55102	0.510204	0.112979
0.55102	0.55102	0.105154
0.55102	0.591837	0.0969185
0.55102	0.632653	0.0883079
0.55102	0.673469	0.0793577
0.55102	0.714286	0.0701046
0.55102	0.755102	0.0605854
0.55102	0.795918	0.0508378
0.55102	0.836735	0.0408995
0.55102	0.877551	0.0308084
0.55102	0.918367	0.0206027
0.55102	0.959184	0.0103205
0.55102	1	0
0.591837	-1	0.00917412
0.591837	-0.959184	0.0183183
0.591837	-0.918367	0.0274026
0.591837	-0.877551	0.0363968
0.591837	-0.836735	0.0452708
0.591837	-0.795918	0.0539939
0.591837	-0.755102	0.0625356
0.591837	-0.714286	0.0708648
0.591837	-0.673469	0.0789507
0.591837	-0.632653	0.0867621
0.591837	-0.591837	0.094268
0.591837	-0.55102	0.101438
0.591837	-0.510204	0.10824
0.591837	-0.469388	0.114646
0.591837	-0.428571	0.120627
0.591837	-0.387755	0.126153
0.591837	-0.346939	0.131199
0.591837	-0.306122	0.135739
0.591837	-0.265306	0.13975
0.591837	-0.22449	0.143211
0.591837	-0.183673	0.146103
0.591837	-0.142857	0.148409
0.591837	-0.102041	0.150116
0.591837	-0.0612245	0.151213
0.591837	-0.0204082	0.151693
0.591837	0.0204082	0.151551
0.591837	0.0612245	0.150787
0.591837	0.102041	0.149402
0.591837	0.142857	0.147403
0.591837	0.183673	0.144798
0.591837	0.22449	0.141598
0.591837	0.265306	0.137819
0.591837	0.306122	0.133478
0.591837	0.346939	0.128595
0.591837	0.387755	0.123193
0.591837	0.428571	0.117297
0.591837	0.469388	0.110934
0.591837	0.510204	0.104131
0.591837	0.55102	0.0969185
0.591837	0.591837	0.0893282
0.591837	0.632653	0.0813919
0.591837	0.673469	0.0731427
0.591837	0.714286	0.0646142
0.591837	0.755102	0.0558406
0.591837	0.795918	0.0468564
0.591837	0.836735	0.0376964
0.591837	0.877551	0.0283956
0.591837	0.918367	0.0189891
0.591837	0.959184	0.0095122
0.591837	1	0
0.632653	-1	0.00835906
0.632653	-0.959184	0.0166908
0.632653	-0.918367	0.024968
0.632653	-0.877551	0.0331632
0.632653	-0.836735	0.0412488
0.632653	-0.795918	0.0491969
0.632653	-0.755102	0.0569797
0.632653	-0.714286	0.064569
0.632653	-0.673469	0.0719365
0.632653	-0.632653	0.0790539
0.632653	-0.591837	0.0858929
0.632653	-0.55102	0.0924255
0.632653	-0.510204	0.0986239
0.632653	-0.469388	0.104461
0.632653	-0.428571	0.10991
0.632653	-0.387755	0.114945
0.632653	-0.346939	0.119543
0.632653	-0.306122	0.12368
0.632653	-0.265306	0.127335
0.632653	-0.22449	0.130488
0.632653	-0.183673	0.133122
0.632653	-0.142857	0.135224
0.632653	-0.102041	0.136779
0.632653	-0.0612245	0.137778
0.632653	-0.0204082	0.138216
0.632653	0.0204082	0.138087
0.632653	0.0612245	0.13739
0.632653	0.102041	0.136129
0.632653	0.142857	0.134307
0.632653	0.183673	0.131933
0.632653	0.22449	0.129018
0.632653	0.265306	0.125575
0.632653	0.306122	0.121619
0.632653	0.346939	0.11717
0.632653	0.387755	0.112248
0.632653	0.428571	0.106876
0.632653	0.469388	0.101078
0.632653	0.510204	0.0948793
0.632653	0.55102	0.0883079
0.632653	0.591837	0.0813919
0.632653	0.632653	0.0741608
0.632653	0.673469	0.0666445
0.632653	0.714286	0.0588737
0.632653	0.755102	0.0508795
0.632653	0.795918	0.0426935
0.632653	0.836735	0.0343473
0.632653	0.877551	0.0258728
0.632653	0.918367	0.0173021
0.632653	0.959184	0.0086671
0.632653	1	0
0.673469	-1	0.00751185
0.673469	-0.959184	0.0149992
0.673469	-0.918367	0.0224375
0.673469	-0.877551	0.0298021
0.673469	-0.836735	0.0370681
0.673469	-0.795918	0.0442107
0.673469	-0.755102	0.0512047
0.673469	-0.714286	0.0580248
0.673469	-0.673469	0.0646456
0.673469	-0.632653	0.0710416
0.673469	-0.591837	0.0771875
0.673469	-0.55102	0.083058
0.673469	-0.510204	0.0886282
0.673469	-0.469388	0.0938736
0.673469	-0.428571	0.0987703
0.673469	-0.387755	0.103295
0.673469	-0.346939	0.107427
0.673469	-0.306122	0.111145
0.673469	-0.265306	0.114429
0.673469	-0.22449	0.117263
0.673469	-0.183673	0.11963
0.673469	-0.142857	0.121518
0.673469	-0.102041	0.122916
0.673469	-0.0612245	0.123814
0.673469	-0.0204082	0.124207
0.673469	0.0204082	0.124091
0.673469	0.0612245	0.123466
0.673469	0.102041	0.122332
0.673469	0.142857	0.120695
0.673469	0.183673	0.118562
0.673469	0.22449	0.115942
0.673469	0.265306	0.112847
0.673469	0.306122	0.109293
0.673469	0.346939	0.105295
0.673469	0.387755	0.100872
0.673469	0.428571	0.0960441
0.673469	0.469388	0.0908334
0.673469	0.510204	0.0852631
0.673469	0.55102	0.0793577
0.673469	0.591837	0.0731427
0.673469	0.632653	0.0666445
0.673469	0.673469	0.0598899
0.673469	0.714286	0.0529067
0.673469	0.755102	0.0457228
0.673469	0.795918	0.0383664
0.673469	0.836735	0.0308662
0.673469	0.877551	0.0232506
0.673469	0.918367	0.0155485
0.673469	0.959184	0.00778867
0.673469	1	0
0.714286	-1	0.00663596
0.714286	-0.959184	0.0132503
0.714286	-0.918367	0.0198213
0.714286	-0.877551	0.0263271
0.714286	-0.836735	0.032746
0.714286	-0.795918	0.0390557
0.714286	-0.755102	0.0452342
0.714286	-0.714286	0.051259
0.714286	-0.673469	0.0571079
0.714286	-0.632653	0.0627581
0.714286	-0.591837	0.0681874
0.714286	-0.55102	0.0733734
0.714286	-0.510204	0.0782941
0.714286	-0.469388	0.0829278
0.714286	-0.428571	0.0872536
0.714286	-0.387755	0.0912511
0.714286	-0.346939	0.094901
0.714286	-0.306122	0.0981851
0.714286	-0.265306	0.101086
0.714286	-0.22449	0.10359
0.714286	-0.183673	0.105681
0.714286	-0.142857	0.107349
0.714286	-0.102041	0.108584
0.714286	-0.0612245	0.109378
0.714286	-0.0204082	0.109725
0.714286	0.0204082	0.109622
0.714286	0.0612245	0.10907
0.714286	0.102041	0.108068
0.714286	0.142857	0.106622
0.714286	0.183673	0.104737
0.714286	0.22449	0.102423
0.714286	0.265306	0.0996894
0.714286	0.306122	0.0965494
0.714286	0.346939	0.0930175
0.714286	0.387755	0.0891102
0.714286	0.428571	0.0848453
0.714286	0.469388	0.0802421
0.714286	0.510204	0.0753214
0.714286	0.55102	0.0701046
0.714286	0.591837	0.0646142
0.714286	0.632653	0.0588737
0.714286	0.673469	0.0529067
0.714286	0.714286	0.0467378
0.714286	0.755102	0.0403915
0.714286	0.795918	0.0338929
0.714286	0.836735	0.0272671
0.714286	0.877551	0.0205395
0.714286	0.918367	0.0137355
0.714286	0.959184	0.00688051
0.714286	1	0
0.755102	-1	0.0057349
0.755102	-0.959184	0.0114511
0.755102	-0.918367	0.0171298
0.755102	-0.877551	0.0227523
0.755102	-0.836735	0.0282996
0.755102	-0.795918	0.0337525
0.755102	-0.755102	0.0390921
0.755102	-0.714286	0.0442988
0.755102	-0.673469	0.0493535
0.755102	-0.632653	0.0542365
0.755102	-0.591837	0.0589286
0.755102	-0.55102	0.0634104
0.755102	-0.510204	0.0676629
0.755102	-0.469388	0.0716675
0.755102	-0.428571	0.0754059
0.755102	-0.387755	0.0788606
0.755102	-0.346939	0.0820149
0.755102	-0.306122	0.0848531
0.755102	-0.265306	0.0873605
0.755102	-0.22449	0.0895239
0.755102	-0.183673	0.0913314
0.755102	-0.142857	0.0927729
0.755102	-0.102041	0.0938399
0.755102	-0.0612245	0.0945258
0.755102	-0.0204082	0.0948258
0.755102	0.0204082	0.0947373
0.755102	0.0612245	0.0942596
0.755102	0.102041	0.0933941
0.755102	0.142857	0.0921443
0.755102	0.183673	0.0905157
0.755102	0.22449	0.0885155
0.755102	0.265306	0.0861531
0.755102	0.306122	0.0834394
0.755102	0.346939	0.0803871
0.755102	0.387755	0.0770104
0.755102	0.428571	0.0733246
0.755102	0.469388	0.0693465
0.755102	0.510204	0.0650939
0.755102	0.55102	0.0605854
0.755102	0.591837	0.0558406
0.755102	0.632653	0.0508795
0.755102	0.673469	0.0457228
0.755102	0.714286	0.0403915
0.755102	0.755102	0.0349069
0.755102	0.795918	0.0292908
0.755102	0.836735	0.0235647
0.755102	0.877551	0.0177506
0.755102	0.918367	0.0118704
0.755102	0.959184	0.00594624
0.755102	1	0
0.795918	-1	0.00481221
0.795918	-0.959184	0.00960872
0.795918	-0.918367	0.0143738
0.795918	-0.877551	0.0190917
0.795918	-0.836735	0.0237464
0.795918	-0.795918	0.0283221
0.795918	-0.755102	0.0328025
0.795918	-0.714286	0.0371716
0.795918	-0.673469	0.041413
0.795918	-0.632653	0.0455104
0.795918	-0.591837	0.0494475
0.795918	-0.55102	0.0532083
0.795918	-0.510204	0.0567766
0.795918	-0.469388	0.0601369
0.795918	-0.428571	0.0632738
0.795918	-0.387755	0.0661727
0.795918	-0.346939	0.0688195
0.795918	-0.306122	0.071201
0.795918	-0.265306	0.073305
0.795918	-0.22449	0.0751204
0.795918	-0.183673	0.0766371
0.795918	-0.142857	0.0778467
0.795918	-0.102041	0.078742
0.795918	-0.0612245	0.0793175
0.795918	-0.0204082	0.0795692
0.795918	0.0204082	0.079495
0.795918	0.0612245	0.0790941
0.795918	0.102041	0.0783679
0.795918	0.142857	0.0773192
0.795918	0.183673	0.0759526
0.795918	0.22449	0.0742742
0.795918	0.265306	0.0722919
0.795918	0.306122	0.0700148
0.795918	0.346939	0.0674536
0.795918	0.387755	0.0646201
0.795918	0.428571	0.0615274
0.795918	0.469388	0.0581893
0.795918	0.510204	0.0546209
0.795918	0.55102	0.0508378
0.795918	0.591837	0.0468564
0.795918	0.632653	0.0426935
0.795918	0.673469	0.0383664
0.795918	0.714286	0.0338929
0.795918	0.755102	0.0292908
0.795918	0.795918	0.0245782
0.795918	0.836735	0.0197733
0.795918	0.877551	0.0148947
0.795918	0.918367	0.0099606
0.795918	0.959184	0.00498955
0.795918	1	0
0.836735	-1	0.00387147
0.836735	-0.959184	0.0077303
0.836735	-0.918367	0.0115639
0.836735	-0.877551	0.0153594
0.836735	-0.836735	0.0191042
0.836735	-0.795918	0.0227854
0.836735	-0.755102	0.0263899
0.836735	-0.714286	0.0299049
0.836735	-0.673469	0.0333171
0.836735	-0.632653	0.0366135
0.836735	-0.591837	0.039781
0.836735	-0.55102	0.0428065
0.836735	-0.510204	0.0456773
0.836735	-0.469388	0.0483807
0.836735	-0.428571	0.0509044
0.836735	-0.387755	0.0532365
0.836735	-0.346939	0.0553659
0.836735	-0.306122	0.0572819
0.836735	-0.265306	0.0589746
0.836735	-0.22449	0.060435
0.836735	-0.183673	0.0616552
0.836735	-0.142857	0.0626284
0.836735	-0.102041	0.0633486
0.836735	-0.0612245	0.0638116
0.836735	-0.0204082	0.0640142
0.836735	0.0204082	0.0639544
0.836735	0.0612245	0.0636319
0.836735	0.102041	0.0630477
0.836735	0.142857	0.062204
0.836735	0.183673	0.0611045
0.836735	0.22449	0.0597543
0.836735	0.265306	0.0581595
0.836735	0.306122	0.0563276
0.836735	0.346939	0.0542671
0.836735	0.387755	0.0519875
0.836735	0.428571	0.0494993
0.836735	0.469388	0.0468138
0.836735	0.510204	0.043943
0.836735	0.55102	0.0408995
0.836735	0.591837	0.0376964
0.836735	0.632653	0.0343473
0.836735	0.673469	0.0308662
0.836735	0.714286	0.0272671
0.836735	0.755102	0.0235647
0.836735	0.795918	0.0197733
0.836735	0.836735	0.0159078
0.836735	0.877551	0.0119829
0.836735	0.918367	0.0080134
0.836735	0.959184	0.00401414
0.836735	1	0
0.877551	-1	0.00291626
0.877551	-0.959184	0.00582301
0.877551	-0.918367	0.00871072
0.877551	-0.877551	0.0115698
0.877551	-0.836735	0.0143907
0.877551	-0.795918	0.0171636
0.877551	-0.755102	0.0198788
0.877551	-0.714286	0.0225265
0.877551	-0.673469	0.0250968
0.877551	-0.632653	0.0275799
0.877551	-0.591837	0.0299659
0.877551	-0.55102	0.0322449
0.877551	-0.510204	0.0344074
0.877551	-0.469388	0.0364438
0.877551	-0.428571	0.0383448
0.877551	-0.387755	0.0401015
0.877551	-0.346939	0.0417055
0.877551	-0.306122	0.0431488
0.877551	-0.265306	0.0444238
0.877551	-0.22449	0.0455239
0.877551	-0.183673	0.0464431
0.877551	-0.142857	0.0471761
0.877551	-0.102041	0.0477187
0.877551	-0.0612245	0.0480675
0.877551	-0.0204082	0.04822
0.877551	0.0204082	0.048175
0.877551	0.0612245	0.0479321
0.877551	0.102041	0.047492
0.877551	0.142857	0.0468565
0.877551	0.183673	0.0460283
0.877551	0.22449	0.0450112
0.877551	0.265306	0.0438099
0.877551	0.306122	0.0424299
0.877551	0.346939	0.0408778
0.877551	0.387755	0.0391607
0.877551	0.428571	0.0372864
0.877551	0.469388	0.0352635
0.877551	0.510204	0.033101
0.877551	0.55102	0.0308084
0.877551	0.591837	0.0283956
0.877551	0.632653	0.0258728
0.877551	0.673469	0.0232506
0.877551	0.714286	0.0205395
0.877551	0.755102	0.0177506
0.877551	0.795918	0.0148947
0.877551	0.836735	0.0119829
0.877551	0.877551	0.00902638
0.877551	0.918367	0.00603626
0.877551	0.959184	0.00302373
0.877551	1	0
0.918367	-1	0.00195021
0.918367	-0.959184	0.00389405
0.918367	-0.918367	0.00582517
0.918367	-0.877551	0.00773714
0.918367	-0.836735	0.00962353
0.918367	-0.795918	0.0114779
0.918367	-0.755102	0.0132936
0.918367	-0.714286	0.0150642
0.918367	-0.673469	0.0167831
0.918367	-0.632653	0.0184436
0.918367	-0.591837	0.0200392
0.918367	-0.55102	0.0215633
0.918367	-0.510204	0.0230094
0.918367	-0.469388	0.0243712
0.918367	-0.428571	0.0256425
0.918367	-0.387755	0.0268173
0.918367	-0.346939	0.02789
0.918367	-0.306122	0.0288551
0.918367	-0.265306	0.0297078
0.918367	-0.22449	0.0304435
0.918367	-0.183673	0.0310581
0.918367	-0.142857	0.0315483
0.918367	-0.102041	0.0319112
0.918367	-0.0612245	0.0321444
0.918367	-0.0204082	0.0322464
0.918367	0.0204082	0.0322163
0.918367	0.0612245	0.0320539
0.918367	0.102041	0.0317596
0.918367	0.142857	0.0313346
0.918367	0.183673	0.0307807
0.918367	0.22449	0.0301006
0.918367	0.265306	0.0292972
0.918367	0.306122	0.0283744
0.918367	0.346939	0.0273364
0.918367	0.387755	0.0261881
0.918367	0.428571	0.0249347
0.918367	0.469388	0.0235819
0.918367	0.510204	0.0221358
0.918367	0.55102	0.0206027
0.918367	0.591837	0.0189891
0.918367	0.632653	0.0173021
0.918367	0.673469	0.0155485
0.918367	0.714286	0.0137355
0.918367	0.755102	0.0118704
0.918367	0.795918	0.0099606
0.918367	0.836735	0.0080134
0.918367	0.877551	0.00603626
0.918367	0.918367	0.00403666
0.918367	0.959184	0.00202208
0.918367	1	0
0.959184	-1	0.000976914
0.959184	-0.959184	0.00195064
0.959184	-0.918367	0.00291799
0.959184	-0.877551	0.00387575
0.959184	-0.836735	0.0048207
0.959184	-0.795918	0.00574959
0.959184	-0.755102	0.00665916
0.959184	-0.714286	0.00754611
0.959184	-0.673469	0.00840714
0.959184	-0.632653	0.00923894
0.959184	-0.591837	0.0100382
0.959184	-0.55102	0.0108017
0.959184	-0.510204	0.0115261
0.959184	-0.469388	0.0122082
0.959184	-0.428571	0.0128451
0.959184	-0.387755	0.0134335
0.959184	-0.346939	0.0139709
0.959184	-0.306122	0.0144543
0.959184	-0.265306	0.0148815
0.959184	-0.22449	0.01525
0.959184	-0.183673	0.0155579
0.959184	-0.142857	0.0158035
0.959184	-0.102041	0.0159852
0.959184	-0.0612245	0.016102
0.959184	-0.0204082	0.0161531
0.959184	0.0204082	0.0161381
0.959184	0.0612245	0.0160567
0.959184	0.102041	0.0159093
0.959184	0.142857	0.0156964
0.959184	0.183673	0.0154189
0.959184	0.22449	0.0150782
0.959184	0.265306	0.0146758
0.959184	0.306122	0.0142135
0.959184	0.346939	0.0136936
0.959184	0.387755	0.0131184
0.959184	0.428571	0.0124905
0.959184	0.469388	0.0118129
0.959184	0.510204	0.0110884
0.959184	0.55102	0.0103205
0.959184	0.591837	0.0095122
0.959184	0.632653	0.0086671
0.959184	0.673469	0.00778867
0.959184	0.714286	0.00688051
0.959184	0.755102	0.00594624
0.959184	0.795918	0.00498955
0.959184	0.836735	0.00401414
0.959184	0.877551	0.00302373
0.959184	0.918367	0.00202208
0.959184	0.959184	0.00101291
0.959184	1	0
1	-1	0
1	-0.959184	0
1	-0.918367	0
1	-0.877551	0
1	-0.836735	0
1	-0.795918	0
1	-0.755102	0
1	-0.714286	0
1	-0.673469	0
1	-0.632653	0
1	-0.591837	0
1	-0.55102	0
1	-0.510204	0
1	-0.469388	0
1	-0.428571	0
1	-0.387755	0
1	-0.346939	0
1	-0.306122	0
1	-0.265306	0
1	-0.22449	0
1	-0.183673	0
1	-0.142857	0
1	-0.102041	0
1	-0.0612245	0
1	-0.0204082	0
1	0.0204082	0
1	0.0612245	0
1	0.102041	0
1	0.142857	0
1	0.183673	0
1	0.22449	0
1	0.265306	0
1	0.306122	0
1	0.346939	0
1	0.387755	0
1	0.428571	0
1	0.469388	0
1	0.510204	0
1	0.55102	0
1	0.591837	0
1	0.632653	0
1	0.673469	0
1	0.714286	0
1	0.755102	0
1	0.795918	0
1	0.836735	0
1	0.877551	0
1	0.918367	0
1	0.959184	0
1	1	0
