-1	-1	0.000335743
-1	-0.959184	0.000670177
-1	-0.918367	0.001002
-1	-0.877551	0.00132991
-1	-0.836735	0.00165263
-1	-0.795918	0.00196891
-1	-0.755102	0.0022775
-1	-0.714286	0.0025772
-1	-0.673469	0.00286683
-1	-0.632653	0.00314525
-1	-0.591837	0.00341138
-1	-0.55102	0.00366417
-1	-0.510204	0.00390261
-1	-0.469388	0.00412577
-1	-0.428571	0.00433276
-1	-0.387755	0.00452275
-1	-0.346939	0.004695
-1	-0.306122	0.00484882
-1	-0.265306	0.00498358
-1	-0.22449	0.00509874
-1	-0.183673	0.00519384
-1	-0.142857	0.00526849
-1	-0.102041	0.00532238
-1	-0.0612245	0.00535528
-1	-0.0204082	0.00536705
-1	0.0204082	0.00535762
-1	0.0612245	0.00532703
-1	0.102041	0.00527538
-1	0.142857	0.00520286
-1	0.183673	0.00510975
-1	0.22449	0.00499639
-1	0.265306	0.00486324
-1	0.306122	0.00471081
-1	0.346939	0.0045397
-1	0.387755	0.00435056
-1	0.428571	0.00414416
-1	0.469388	0.0039213
-1	0.510204	0.00368286
-1	0.55102	0.00342978
-1	0.591837	0.00316306
-1	0.632653	0.00288377
-1	0.673469	0.00259301
-1	0.714286	0.00229193
-1	0.755102	0.00198173
-1	0.795918	0.00166364
-1	0.836735	0.00133893
-1	0.877551	0.00100889
-1	0.918367	0.000674833
-1	0.959184	0.00033809
-1	1	0
-0.959184	-1	0.000670177
-0.959184	-0.959184	0.00133774
-0.959184	-0.918367	0.00200009
-0.959184	-0.877551	0.00265463
-0.959184	-0.836735	0.00329882
-0.959184	-0.795918	0.00393014
-0.959184	-0.755102	0.00454612
-0.959184	-0.714286	0.00514435
-0.959184	-0.673469	0.00572248
-0.959184	-0.632653	0.00627825
-0.959184	-0.591837	0.00680947
-0.959184	-0.55102	0.00731405
-0.959184	-0.510204	0.00779
-0.959184	-0.469388	0.00823545
-0.959184	-0.428571	0.00864862
-0.959184	-0.387755	0.00902787
-0.959184	-0.346939	0.0093717
-0.959184	-0.306122	0.00967873
-0.959184	-0.265306	0.00994772
-0.959184	-0.22449	0.0101776
-0.959184	-0.183673	0.0103674
-0.959184	-0.142857	0.0105164
-0.959184	-0.102041	0.010624
-0.959184	-0.0612245	0.0106897
-0.959184	-0.0204082	0.0107132
-0.959184	0.0204082	0.0106944
-0.959184	0.0612245	0.0106333
-0.959184	0.102041	0.0105302
-0.959184	0.142857	0.0103854
-0.959184	0.183673	0.0101996
-0.959184	0.22449	0.00997331
-0.959184	0.265306	0.00970752
-0.959184	0.306122	0.00940326
-0.959184	0.346939	0.00906169
-0.959184	0.387755	0.00868416
-0.959184	0.428571	0.00827216
-0.959184	0.469388	0.0078273
-0.959184	0.510204	0.00735135
-0.959184	0.55102	0.00684618
-0.959184	0.591837	0.00631379
-0.959184	0.632653	0.0057563
-0.959184	0.673469	0.0051759
-0.959184	0.714286	0.00457492
-0.959184	0.755102	0.00395573
-0.959184	0.795918	0.00332079
-0.959184	0.836735	0.00267264
-0.959184	0.877551	0.00201385
-0.959184	0.918367	0.00134704
-0.959184	0.959184	0.000674861
-0.959184	1	0
-0.918367	-1	0.001002
-0.918367	-0.959184	0.00200009
-0.918367	-0.918367	0.00299038
-0.918367	-0.877551	0.003969
-0.918367	-0.836735	0.00493215
-0.918367	-0.795918	0.00587605
-0.918367	-0.755102	0.00679701
-0.918367	-0.714286	0.00769143
-0.918367	-0.673469	0.00855581
-0.918367	-0.632653	0.00938675
-0.918367	-0.591837	0.010181
-0.918367	-0.55102	0.0109354
-0.918367	-0.510204	0.011647
-0.918367	-0.469388	0.012313
-0.918367	-0.428571	0.0129308
-0.918367	-0.387755	0.0134978
-0.918367	-0.346939	0.0140118
-0.918367	-0.306122	0.0144709
-0.918367	-0.265306	0.0148731
-0.918367	-0.22449	0.0152168
-0.918367	-0.183673	0.0155006
-0.918367	-0.142857	0.0157234
-0.918367	-0.102041	0.0158842
-0.918367	-0.0612245	0.0159824
-0.918367	-0.0204082	0.0160175
-0.918367	0.0204082	0.0159894
-0.918367	0.0612245	0.0158981
-0.918367	0.102041	0.0157439
-0.918367	0.142857	0.0155275
-0.918367	0.183673	0.0152496
-0.918367	0.22449	0.0149113
-0.918367	0.265306	0.0145139
-0.918367	0.306122	0.014059
-0.918367	0.346939	0.0135483
-0.918367	0.387755	0.0129839
-0.918367	0.428571	0.0123679
-0.918367	0.469388	0.0117028
-0.918367	0.510204	0.0109912
-0.918367	0.55102	0.0102359
-0.918367	0.591837	0.0094399
-0.918367	0.632653	0.00860637
-0.918367	0.673469	0.00773861
-0.918367	0.714286	0.00684007
-0.918367	0.755102	0.0059143
-0.918367	0.795918	0.00496499
-0.918367	0.836735	0.00399593
-0.918367	0.877551	0.00301095
-0.918367	0.918367	0.00201398
-0.918367	0.959184	0.001009
-0.918367	1	0
-0.877551	-1	0.00132991
-0.877551	-0.959184	0.00265463
-0.877551	-0.918367	0.003969
-0.877551	-0.877551	0.0052679
-0.877551	-0.836735	0.00654624
-0.877551	-0.795918	0.00779903
-0.877551	-0.755102	0.00902139
-0.877551	-0.714286	0.0102085
-0.877551	-0.673469	0.0113558
-0.877551	-0.632653	0.0124586
-0.877551	-0.591837	0.0135128
-0.877551	-0.55102	0.0145141
-0.877551	-0.510204	0.0154586
-0.877551	-0.469388	0.0163425
-0.877551	-0.428571	0.0171625
-0.877551	-0.387755	0.017915
-0.877551	-0.346939	0.0185973
-0.877551	-0.306122	0.0192066
-0.877551	-0.265306	0.0197404
-0.877551	-0.22449	0.0201966
-0.877551	-0.183673	0.0205733
-0.877551	-0.142857	0.020869
-0.877551	-0.102041	0.0210824
-0.877551	-0.0612245	0.0212128
-0.877551	-0.0204082	0.0212594
-0.877551	0.0204082	0.021222
-0.877551	0.0612245	0.0211009
-0.877551	0.102041	0.0208963
-0.877551	0.142857	0.020609
-0.877551	0.183673	0.0202402
-0.877551	0.22449	0.0197912
-0.877551	0.265306	0.0192638
-0.877551	0.306122	0.01866
-0.877551	0.346939	0.0179822
-0.877551	0.387755	0.017233
-0.877551	0.428571	0.0164154
-0.877551	0.469388	0.0155326
-0.877551	0.510204	0.0145881
-0.877551	0.55102	0.0135857
-0.877551	0.591837	0.0125292
-0.877551	0.632653	0.0114229
-0.877551	0.673469	0.0102711
-0.877551	0.714286	0.00907854
-0.877551	0.755102	0.00784981
-0.877551	0.795918	0.00658983
-0.877551	0.836735	0.00530363
-0.877551	0.877551	0.00399631
-0.877551	0.918367	0.00267308
-0.877551	0.959184	0.00133921
-0.877551	1	0
-0.836735	-1	0.00165263
-0.836735	-0.959184	0.00329882
-0.836735	-0.918367	0.00493215
-0.836735	-0.877551	0.00654624
-0.836735	-0.836735	0.00813479
-0.836735	-0.795918	0.0096916
-0.836735	-0.755102	0.0112106
-0.836735	-0.714286	0.0126858
-0.836735	-0.673469	0.0141114
-0.836735	-0.632653	0.0154819
-0.836735	-0.591837	0.0167919
-0.836735	-0.55102	0.0180362
-0.836735	-0.510204	0.0192099
-0.836735	-0.469388	0.0203083
-0.836735	-0.428571	0.0213272
-0.836735	-0.387755	0.0222624
-0.836735	-0.346939	0.0231103
-0.836735	-0.306122	0.0238674
-0.836735	-0.265306	0.0245307
-0.836735	-0.22449	0.0250976
-0.836735	-0.183673	0.0255657
-0.836735	-0.142857	0.0259332
-0.836735	-0.102041	0.0261984
-0.836735	-0.0612245	0.0263604
-0.836735	-0.0204082	0.0264183
-0.836735	0.0204082	0.0263719
-0.836735	0.0612245	0.0262213
-0.836735	0.102041	0.0259671
-0.836735	0.142857	0.0256101
-0.836735	0.183673	0.0251518
-0.836735	0.22449	0.0245938
-0.836735	0.265306	0.0239384
-0.836735	0.306122	0.0231881
-0.836735	0.346939	0.0223458
-0.836735	0.387755	0.0214149
-0.836735	0.428571	0.0203989
-0.836735	0.469388	0.0193019
-0.836735	0.510204	0.0181282
-0.836735	0.55102	0.0168825
-0.836735	0.591837	0.0155696
-0.836735	0.632653	0.0141948
-0.836735	0.673469	0.0127636
-0.836735	0.714286	0.0112816
-0.836735	0.755102	0.00975469
-0.836735	0.795918	0.00818896
-0.836735	0.836735	0.00659064
-0.836735	0.877551	0.00496608
-0.836735	0.918367	0.00332174
-0.836735	0.959184	0.00166419
-0.836735	1	0
-0.795918	-1	0.00196891
-0.795918	-0.959184	0.00393014
-0.795918	-0.918367	0.00587605
-0.795918	-0.877551	0.00779903
-0.795918	-0.836735	0.0096916
-0.795918	-0.795918	0.0115463
-0.795918	-0.755102	0.013356
-0.795918	-0.714286	0.0151135
-0.795918	-0.673469	0.016812
-0.795918	-0.632653	0.0184448
-0.795918	-0.591837	0.0200055
-0.795918	-0.55102	0.0214879
-0.795918	-0.510204	0.0228862
-0.795918	-0.469388	0.0241949
-0.795918	-0.428571	0.0254087
-0.795918	-0.387755	0.0265229
-0.795918	-0.346939	0.0275331
-0.795918	-0.306122	0.0284351
-0.795918	-0.265306	0.0292254
-0.795918	-0.22449	0.0299007
-0.795918	-0.183673	0.0304584
-0.795918	-0.142857	0.0308962
-0.795918	-0.102041	0.0312122
-0.795918	-0.0612245	0.0314051
-0.795918	-0.0204082	0.0314742
-0.795918	0.0204082	0.0314189
-0.795918	0.0612245	0.0312395
-0.795918	0.102041	0.0309366
-0.795918	0.142857	0.0305113
-0.795918	0.183673	0.0299653
-0.795918	0.22449	0.0293005
-0.795918	0.265306	0.0285197
-0.795918	0.306122	0.0276258
-0.795918	0.346939	0.0266223
-0.795918	0.387755	0.0255132
-0.795918	0.428571	0.0243027
-0.795918	0.469388	0.0229958
-0.795918	0.510204	0.0215975
-0.795918	0.55102	0.0201134
-0.795918	0.591837	0.0185493
-0.795918	0.632653	0.0169114
-0.795918	0.673469	0.0152063
-0.795918	0.714286	0.0134406
-0.795918	0.755102	0.0116215
-0.795918	0.795918	0.00975614
-0.795918	0.836735	0.00785193
-0.795918	0.877551	0.00591647
-0.795918	0.918367	0.00395745
-0.795918	0.959184	0.00198267
-0.795918	1	0
-0.755102	-1	0.0022775
-0.755102	-0.959184	0.00454612
-0.755102	-0.918367	0.00679701
-0.755102	-0.877551	0.00902139
-0.755102	-0.836735	0.0112106
-0.755102	-0.795918	0.013356
-0.755102	-0.755102	0.0154493
-0.755102	-0.714286	0.0174823
-0.755102	-0.673469	0.019447
-0.755102	-0.632653	0.0213357
-0.755102	-0.591837	0.023141
-0.755102	-0.55102	0.0248557
-0.755102	-0.510204	0.0264732
-0.755102	-0.469388	0.027987
-0.755102	-0.428571	0.0293911
-0.755102	-0.387755	0.0306799
-0.755102	-0.346939	0.0318484
-0.755102	-0.306122	0.0328918
-0.755102	-0.265306	0.0338059
-0.755102	-0.22449	0.0345871
-0.755102	-0.183673	0.0352322
-0.755102	-0.142857	0.0357386
-0.755102	-0.102041	0.0361041
-0.755102	-0.0612245	0.0363273
-0.755102	-0.0204082	0.0364071
-0.755102	0.0204082	0.0363432
-0.755102	0.0612245	0.0361357
-0.755102	0.102041	0.0357853
-0.755102	0.142857	0.0352934
-0.755102	0.183673	0.0346618
-0.755102	0.22449	0.0338928
-0.755102	0.265306	0.0329896
-0.755102	0.306122	0.0319556
-0.755102	0.346939	0.0307948
-0.755102	0.387755	0.0295119
-0.755102	0.428571	0.0281117
-0.755102	0.469388	0.0266
-0.755102	0.510204	0.0249825
-0.755102	0.55102	0.0232658
-0.755102	0.591837	0.0214565
-0.755102	0.632653	0.0195619
-0.755102	0.673469	0.0175896
-0.755102	0.714286	0.0155472
-0.755102	0.755102	0.013443
-0.755102	0.795918	0.0112852
-0.755102	0.836735	0.00908258
-0.755102	0.877551	0.00684377
-0.755102	0.918367	0.00457771
-0.755102	0.959184	0.00229342
-0.755102	1	0
-0.714286	-1	0.0025772
-0.714286	-0.959184	0.00514435
-0.714286	-0.918367	0.00769143
-0.714286	-0.877551	0.0102085
-0.714286	-0.836735	0.0126858
-0.714286	-0.795918	0.0151135
-0.714286	-0.755102	0.0174823
-0.714286	-0.714286	0.0197828
-0.714286	-0.673469	0.0220061
-0.714286	-0.632653	0.0241433
-0.714286	-0.591837	0.0261861
-0.714286	-0.55102	0.0281265
-0.714286	-0.510204	0.0299568
-0.714286	-0.469388	0.0316698
-0.714286	-0.428571	0.0332587
-0.714286	-0.387755	0.0347171
-0.714286	-0.346939	0.0360393
-0.714286	-0.306122	0.03722
-0.714286	-0.265306	0.0382544
-0.714286	-0.22449	0.0391384
-0.714286	-0.183673	0.0398684
-0.714286	-0.142857	0.0404415
-0.714286	-0.102041	0.0408551
-0.714286	-0.0612245	0.0411076
-0.714286	-0.0204082	0.041198
-0.714286	0.0204082	0.0411257
-0.714286	0.0612245	0.0408908
-0.714286	0.102041	0.0404944
-0.714286	0.142857	0.0399377
-0.714286	0.183673	0.0392229
-0.714286	0.22449	0.0383528
-0.714286	0.265306	0.0373308
-0.714286	0.306122	0.0361607
-0.714286	0.346939	0.0348472
-0.714286	0.387755	0.0333954
-0.714286	0.428571	0.031811
-0.714286	0.469388	0.0301003
-0.714286	0.510204	0.02827
-0.714286	0.55102	0.0263273
-0.714286	0.591837	0.02428
-0.714286	0.632653	0.0221361
-0.714286	0.673469	0.0199042
-0.714286	0.714286	0.0175931
-0.714286	0.755102	0.0152119
-0.714286	0.795918	0.0127703
-0.714286	0.836735	0.0102778
-0.714286	0.877551	0.00774434
-0.714286	0.918367	0.00518009
-0.714286	0.959184	0.00259521
-0.714286	1	0
-0.673469	-1	0.00286683
-0.673469	-0.959184	0.00572248
-0.673469	-0.918367	0.00855581
-0.673469	-0.877551	0.0113558
-0.673469	-0.836735	0.0141114
-0.673469	-0.795918	0.016812
-0.673469	-0.755102	0.019447
-0.673469	-0.714286	0.0220061
-0.673469	-0.673469	0.0244791
-0.673469	-0.632653	0.0268566
-0.673469	-0.591837	0.029129
-0.673469	-0.55102	0.0312874
-0.673469	-0.510204	0.0333234
-0.673469	-0.469388	0.0352289
-0.673469	-0.428571	0.0369963
-0.673469	-0.387755	0.0386187
-0.673469	-0.346939	0.0400895
-0.673469	-0.306122	0.0414029
-0.673469	-0.265306	0.0425535
-0.673469	-0.22449	0.0435369
-0.673469	-0.183673	0.0443489
-0.673469	-0.142857	0.0449863
-0.673469	-0.102041	0.0454465
-0.673469	-0.0612245	0.0457274
-0.673469	-0.0204082	0.0458279
-0.673469	0.0204082	0.0457474
-0.673469	0.0612245	0.0454862
-0.673469	0.102041	0.0450452
-0.673469	0.142857	0.044426
-0.673469	0.183673	0.0436309
-0.673469	0.22449	0.042663
-0.673469	0.265306	0.0415261
-0.673469	0.306122	0.0402245
-0.673469	0.346939	0.0387634
-0.673469	0.387755	0.0371484
-0.673469	0.428571	0.035386
-0.673469	0.469388	0.033483
-0.673469	0.510204	0.031447
-0.673469	0.55102	0.029286
-0.673469	0.591837	0.0270086
-0.673469	0.632653	0.0246238
-0.673469	0.673469	0.0221411
-0.673469	0.714286	0.0195702
-0.673469	0.755102	0.0169215
-0.673469	0.795918	0.0142054
-0.673469	0.836735	0.0114328
-0.673469	0.877551	0.00861467
-0.673469	0.918367	0.00576224
-0.673469	0.959184	0.00288687
-0.673469	1	0
-0.632653	-1	0.00314525
-0.632653	-0.959184	0.00627825
-0.632653	-0.918367	0.00938675
-0.632653	-0.877551	0.0124586
-0.632653	-0.836735	0.0154819
-0.632653	-0.795918	0.0184448
-0.632653	-0.755102	0.0213357
-0.632653	-0.714286	0.0241433
-0.632653	-0.673469	0.0268566
-0.632653	-0.632653	0.0294649
-0.632653	-0.591837	0.031958
-0.632653	-0.55102	0.0343261
-0.632653	-0.510204	0.0365598
-0.632653	-0.469388	0.0386504
-0.632653	-0.428571	0.0405894
-0.632653	-0.387755	0.0423693
-0.632653	-0.346939	0.043983
-0.632653	-0.306122	0.0454239
-0.632653	-0.265306	0.0466864
-0.632653	-0.22449	0.0477652
-0.632653	-0.183673	0.0486561
-0.632653	-0.142857	0.0493554
-0.632653	-0.102041	0.0498602
-0.632653	-0.0612245	0.0501685
-0.632653	-0.0204082	0.0502787
-0.632653	0.0204082	0.0501904
-0.632653	0.0612245	0.0499039
-0.632653	0.102041	0.04942
-0.632653	0.142857	0.0487406
-0.632653	0.183673	0.0478683
-0.632653	0.22449	0.0468064
-0.632653	0.265306	0.0455591
-0.632653	0.306122	0.0441311
-0.632653	0.346939	0.0425281
-0.632653	0.387755	0.0407563
-0.632653	0.428571	0.0388227
-0.632653	0.469388	0.0367349
-0.632653	0.510204	0.0345011
-0.632653	0.55102	0.0321303
-0.632653	0.591837	0.0296317
-0.632653	0.632653	0.0270153
-0.632653	0.673469	0.0242914
-0.632653	0.714286	0.0214709
-0.632653	0.755102	0.0185649
-0.632653	0.795918	0.015585
-0.632653	0.836735	0.0125432
-0.632653	0.877551	0.00945132
-0.632653	0.918367	0.00632187
-0.632653	0.959184	0.00316724
-0.632653	1	0
-0.591837	-1	0.00341138
-0.591837	-0.959184	0.00680947
-0.591837	-0.918367	0.010181
-0.591837	-0.877551	0.0135128
-0.591837	-0.836735	0.0167919
-0.591837	-0.795918	0.0200055
-0.591837	-0.755102	0.023141
-0.591837	-0.714286	0.0261861
-0.591837	-0.673469	0.029129
-0.591837	-0.632653	0.031958
-0.591837	-0.591837	0.0346621
-0.591837	-0.55102	0.0372305
-0.591837	-0.510204	0.0396533
-0.591837	-0.469388	0.0419207
-0.591837	-0.428571	0.0440238
-0.591837	-0.387755	0.0459543
-0.591837	-0.346939	0.0477045
-0.591837	-0.306122	0.0492674
-0.591837	-0.265306	0.0506366
-0.591837	-0.22449	0.0518068
-0.591837	-0.183673	0.0527731
-0.591837	-0.142857	0.0535315
-0.591837	-0.102041	0.0540791
-0.591837	-0.0612245	0.0544134
-0.591837	-0.0204082	0.0545329
-0.591837	0.0204082	0.0544372
-0.591837	0.0612245	0.0541264
-0.591837	0.102041	0.0536016
-0.591837	0.142857	0.0528647
-0.591837	0.183673	0.0519186
-0.591837	0.22449	0.0507669
-0.591837	0.265306	0.049414
-0.591837	0.306122	0.0478652
-0.591837	0.346939	0.0461265
-0.591837	0.387755	0.0442048
-0.591837	0.428571	0.0421076
-0.591837	0.469388	0.0398431
-0.591837	0.510204	0.0374204
-0.591837	0.55102	0.0348489
-0.591837	0.591837	0.0321389
-0.591837	0.632653	0.0293011
-0.591837	0.673469	0.0263468
-0.591837	0.714286	0.0232876
-0.591837	0.755102	0.0201357
-0.591837	0.795918	0.0169037
-0.591837	0.836735	0.0136045
-0.591837	0.877551	0.010251
-0.591837	0.918367	0.00685678
-0.591837	0.959184	0.00343523
-0.591837	1	0
-0.55102	-1	0.00366417
-0.55102	-0.959184	0.00731405
-0.55102	-0.918367	0.0109354
-0.55102	-0.877551	0.0145141
-0.55102	-0.836735	0.0180362
-0.55102	-0.795918	0.0214879
-0.55102	-0.755102	0.0248557
-0.55102	-0.714286	0.0281265
-0.55102	-0.673469	0.0312874
-0.55102	-0.632653	0.0343261
-0.55102	-0.591837	0.0372305
-0.55102	-0.55102	0.0399893
-0.55102	-0.510204	0.0425916
-0.55102	-0.469388	0.045027
-0.55102	-0.428571	0.047286
-0.55102	-0.387755	0.0493596
-0.55102	-0.346939	0.0512394
-0.55102	-0.306122	0.0529181
-0.55102	-0.265306	0.0543888
-0.55102	-0.22449	0.0556457
-0.55102	-0.183673	0.0566835
-0.55102	-0.142857	0.0574982
-0.55102	-0.102041	0.0580863
-0.55102	-0.0612245	0.0584454
-0.55102	-0.0204082	0.0585738
-0.55102	0.0204082	0.058471
-0.55102	0.0612245	0.0581372
-0.55102	0.102041	0.0575735
-0.55102	0.142857	0.056782
-0.55102	0.183673	0.0557658
-0.55102	0.22449	0.0545287
-0.55102	0.265306	0.0530755
-0.55102	0.306122	0.051412
-0.55102	0.346939	0.0495445
-0.55102	0.387755	0.0474804
-0.55102	0.428571	0.0452277
-0.55102	0.469388	0.0427955
-0.55102	0.510204	0.0401932
-0.55102	0.55102	0.0374312
-0.55102	0.591837	0.0345204
-0.55102	0.632653	0.0314723
-0.55102	0.673469	0.0282991
-0.55102	0.714286	0.0250132
-0.55102	0.755102	0.0216278
-0.55102	0.795918	0.0181563
-0.55102	0.836735	0.0146126
-0.55102	0.877551	0.0110106
-0.55102	0.918367	0.00736487
-0.55102	0.959184	0.00368978
-0.55102	1	0
-0.510204	-1	0.00390261
-0.510204	-0.959184	0.00779
-0.510204	-0.918367	0.011647
-0.510204	-0.877551	0.0154586
-0.510204	-0.836735	0.0192099
-0.510204	-0.795918	0.0228862
-0.510204	-0.755102	0.0264732
-0.510204	-0.714286	0.0299568
-0.510204	-0.673469	0.0333234
-0.510204	-0.632653	0.0365598
-0.510204	-0.591837	0.0396533
-0.510204	-0.55102	0.0425916
-0.510204	-0.510204	0.0453632
-0.510204	-0.469388	0.0479571
-0.510204	-0.428571	0.0503631
-0.510204	-0.387755	0.0525716
-0.510204	-0.346939	0.0545738
-0.510204	-0.306122	0.0563617
-0.510204	-0.265306	0.0579281
-0.510204	-0.22449	0.0592667
-0.510204	-0.183673	0.0603722
-0.510204	-0.142857	0.0612399
-0.510204	-0.102041	0.0618662
-0.510204	-0.0612245	0.0622487
-0.510204	-0.0204082	0.0623855
-0.510204	0.0204082	0.0622759
-0.510204	0.0612245	0.0619204
-0.510204	0.102041	0.06132
-0.510204	0.142857	0.060477
-0.510204	0.183673	0.0593947
-0.510204	0.22449	0.0580771
-0.510204	0.265306	0.0565294
-0.510204	0.306122	0.0547575
-0.510204	0.346939	0.0527685
-0.510204	0.387755	0.0505701
-0.510204	0.428571	0.0481709
-0.510204	0.469388	0.0455804
-0.510204	0.510204	0.0428088
-0.510204	0.55102	0.039867
-0.510204	0.591837	0.0367668
-0.510204	0.632653	0.0335204
-0.510204	0.673469	0.0301406
-0.510204	0.714286	0.0266409
-0.510204	0.755102	0.0230352
-0.510204	0.795918	0.0193378
-0.510204	0.836735	0.0155635
-0.510204	0.877551	0.0117271
-0.510204	0.918367	0.00784413
-0.510204	0.959184	0.00392989
-0.510204	1	0
-0.469388	-1	0.00412577
-0.469388	-0.959184	0.00823545
-0.469388	-0.918367	0.012313
-0.469388	-0.877551	0.0163425
-0.469388	-0.836735	0.0203083
-0.469388	-0.795918	0.0241949
-0.469388	-0.755102	0.027987
-0.469388	-0.714286	0.0316698
-0.469388	-0.673469	0.0352289
-0.469388	-0.632653	0.0386504
-0.469388	-0.591837	0.0419207
-0.469388	-0.55102	0.045027
-0.469388	-0.510204	0.0479571
-0.469388	-0.469388	0.0506994
-0.469388	-0.428571	0.0532429
-0.469388	-0.387755	0.0555777
-0.469388	-0.346939	0.0576944
-0.469388	-0.306122	0.0595845
-0.469388	-0.265306	0.0612405
-0.469388	-0.22449	0.0626557
-0.469388	-0.183673	0.0638243
-0.469388	-0.142857	0.0647417
-0.469388	-0.102041	0.0654038
-0.469388	-0.0612245	0.0658081
-0.469388	-0.0204082	0.0659528
-0.469388	0.0204082	0.065837
-0.469388	0.0612245	0.0654611
-0.469388	0.102041	0.0648264
-0.469388	0.142857	0.0639352
-0.469388	0.183673	0.062791
-0.469388	0.22449	0.061398
-0.469388	0.265306	0.0597618
-0.469388	0.306122	0.0578887
-0.469388	0.346939	0.0557859
-0.469388	0.387755	0.0534618
-0.469388	0.428571	0.0509254
-0.469388	0.469388	0.0481867
-0.469388	0.510204	0.0452567
-0.469388	0.55102	0.0421467
-0.469388	0.591837	0.0388692
-0.469388	0.632653	0.0354371
-0.469388	0.673469	0.0318641
-0.469388	0.714286	0.0281643
-0.469388	0.755102	0.0243524
-0.469388	0.795918	0.0204436
-0.469388	0.836735	0.0164534
-0.469388	0.877551	0.0123977
-0.469388	0.918367	0.00829267
-0.469388	0.959184	0.00415461
-0.469388	1	0
-0.428571	-1	0.00433276
-0.428571	-0.959184	0.00864862
-0.428571	-0.918367	0.0129308
-0.428571	-0.877551	0.0171625
-0.428571	-0.836735	0.0213272
-0.428571	-0.795918	0.0254087
-0.428571	-0.755102	0.0293911
-0.428571	-0.714286	0.0332587
-0.428571	-0.673469	0.0369963
-0.428571	-0.632653	0.0405894
-0.428571	-0.591837	0.0440238
-0.428571	-0.55102	0.047286
-0.428571	-0.510204	0.0503631
-0.428571	-0.469388	0.0532429
-0.428571	-0.428571	0.0559141
-0.428571	-0.387755	0.058366
-0.428571	-0.346939	0.0605889
-0.428571	-0.306122	0.0625739
-0.428571	-0.265306	0.0643129
-0.428571	-0.22449	0.0657991
-0.428571	-0.183673	0.0670264
-0.428571	-0.142857	0.0679897
-0.428571	-0.102041	0.0686851
-0.428571	-0.0612245	0.0691097
-0.428571	-0.0204082	0.0692616
-0.428571	0.0204082	0.06914
-0.428571	0.0612245	0.0687452
-0.428571	0.102041	0.0680787
-0.428571	0.142857	0.0671428
-0.428571	0.183673	0.0659412
-0.428571	0.22449	0.0644784
-0.428571	0.265306	0.06276
-0.428571	0.306122	0.0607929
-0.428571	0.346939	0.0585847
-0.428571	0.387755	0.0561439
-0.428571	0.428571	0.0534803
-0.428571	0.469388	0.0506042
-0.428571	0.510204	0.0475272
-0.428571	0.55102	0.0442612
-0.428571	0.591837	0.0408192
-0.428571	0.632653	0.037215
-0.428571	0.673469	0.0334627
-0.428571	0.714286	0.0295773
-0.428571	0.755102	0.0255741
-0.428571	0.795918	0.0214692
-0.428571	0.836735	0.0172789
-0.428571	0.877551	0.0130197
-0.428571	0.918367	0.00870871
-0.428571	0.959184	0.00436304
-0.428571	1	0
-0.387755	-1	0.00452275
-0.387755	-0.959184	0.00902787
-0.387755	-0.918367	0.0134978
-0.387755	-0.877551	0.017915
-0.387755	-0.836735	0.0222624
-0.387755	-0.795918	0.0265229
-0.387755	-0.755102	0.0306799
-0.387755	-0.714286	0.0347171
-0.387755	-0.673469	0.0386187
-0.387755	-0.632653	0.0423693
-0.387755	-0.591837	0.0459543
-0.387755	-0.55102	0.0493596
-0.387755	-0.510204	0.0525716
-0.387755	-0.469388	0.0555777
-0.387755	-0.428571	0.058366
-0.387755	-0.387755	0.0609255
-0.387755	-0.346939	0.0632458
-0.387755	-0.306122	0.0653178
-0.387755	-0.265306	0.0671332
-0.387755	-0.22449	0.0686845
-0.387755	-0.183673	0.0699656
-0.387755	-0.142857	0.0709712
-0.387755	-0.102041	0.0716971
-0.387755	-0.0612245	0.0721403
-0.387755	-0.0204082	0.0722988
-0.387755	0.0204082	0.0721719
-0.387755	0.0612245	0.0717598
-0.387755	0.102041	0.071064
-0.387755	0.142857	0.0700871
-0.387755	0.183673	0.0688328
-0.387755	0.22449	0.0673058
-0.387755	0.265306	0.0655122
-0.387755	0.306122	0.0634588
-0.387755	0.346939	0.0611537
-0.387755	0.387755	0.0586059
-0.387755	0.428571	0.0558255
-0.387755	0.469388	0.0528233
-0.387755	0.510204	0.0496113
-0.387755	0.55102	0.0462021
-0.387755	0.591837	0.0426092
-0.387755	0.632653	0.0388469
-0.387755	0.673469	0.0349301
-0.387755	0.714286	0.0308743
-0.387755	0.755102	0.0266956
-0.387755	0.795918	0.0224107
-0.387755	0.836735	0.0180366
-0.387755	0.877551	0.0135906
-0.387755	0.918367	0.0090906
-0.387755	0.959184	0.00455437
-0.387755	1	0
-0.346939	-1	0.004695
-0.346939	-0.959184	0.0093717
-0.346939	-0.918367	0.0140118
-0.346939	-0.877551	0.0185973
-0.346939	-0.836735	0.0231103
-0.346939	-0.795918	0.0275331
-0.346939	-0.755102	0.0318484
-0.346939	-0.714286	0.0360393
-0.346939	-0.673469	0.0400895
-0.346939	-0.632653	0.043983
-0.346939	-0.591837	0.0477045
-0.346939	-0.55102	0.0512394
-0.346939	-0.510204	0.0545738
-0.346939	-0.469388	0.0576944
-0.346939	-0.428571	0.0605889
-0.346939	-0.387755	0.0632458
-0.346939	-0.346939	0.0656545
-0.346939	-0.306122	0.0678055
-0.346939	-0.265306	0.0696899
-0.346939	-0.22449	0.0713004
-0.346939	-0.183673	0.0726302
-0.346939	-0.142857	0.0736741
-0.346939	-0.102041	0.0744277
-0.346939	-0.0612245	0.0748878
-0.346939	-0.0204082	0.0750523
-0.346939	0.0204082	0.0749206
-0.346939	0.0612245	0.0744928
-0.346939	0.102041	0.0737705
-0.346939	0.142857	0.0727564
-0.346939	0.183673	0.0714543
-0.346939	0.22449	0.0698692
-0.346939	0.265306	0.0680072
-0.346939	0.306122	0.0658756
-0.346939	0.346939	0.0634827
-0.346939	0.387755	0.0608379
-0.346939	0.428571	0.0579516
-0.346939	0.469388	0.0548351
-0.346939	0.510204	0.0515008
-0.346939	0.55102	0.0479617
-0.346939	0.591837	0.044232
-0.346939	0.632653	0.0403264
-0.346939	0.673469	0.0362604
-0.346939	0.714286	0.0320501
-0.346939	0.755102	0.0277123
-0.346939	0.795918	0.0232642
-0.346939	0.836735	0.0187235
-0.346939	0.877551	0.0141082
-0.346939	0.918367	0.00943682
-0.346939	0.959184	0.00472782
-0.346939	1	0
-0.306122	-1	0.00484882
-0.306122	-0.959184	0.00967873
-0.306122	-0.918367	0.0144709
-0.306122	-0.877551	0.0192066
-0.306122	-0.836735	0.0238674
-0.306122	-0.795918	0.0284351
-0.306122	-0.755102	0.0328918
-0.306122	-0.714286	0.03722
-0.306122	-0.673469	0.0414029
-0.306122	-0.632653	0.0454239
-0.306122	-0.591837	0.0492674
-0.306122	-0.55102	0.0529181
-0.306122	-0.510204	0.0563617
-0.306122	-0.469388	0.0595845
-0.306122	-0.428571	0.0625739
-0.306122	-0.387755	0.0653178
-0.306122	-0.346939	0.0678055
-0.306122	-0.306122	0.0700268
-0.306122	-0.265306	0.071973
-0.306122	-0.22449	0.0736362
-0.306122	-0.183673	0.0750097
-0.306122	-0.142857	0.0760878
-0.306122	-0.102041	0.076866
-0.306122	-0.0612245	0.0773412
-0.306122	-0.0204082	0.0775111
-0.306122	0.0204082	0.0773751
-0.306122	0.0612245	0.0769333
-0.306122	0.102041	0.0761873
-0.306122	0.142857	0.07514
-0.306122	0.183673	0.0737952
-0.306122	0.22449	0.0721582
-0.306122	0.265306	0.0702352
-0.306122	0.306122	0.0680338
-0.306122	0.346939	0.0655625
-0.306122	0.387755	0.062831
-0.306122	0.428571	0.0598502
-0.306122	0.469388	0.0566316
-0.306122	0.510204	0.053188
-0.306122	0.55102	0.049533
-0.306122	0.591837	0.0456811
-0.306122	0.632653	0.0416475
-0.306122	0.673469	0.0374483
-0.306122	0.714286	0.0331001
-0.306122	0.755102	0.0286202
-0.306122	0.795918	0.0240264
-0.306122	0.836735	0.0193369
-0.306122	0.877551	0.0145704
-0.306122	0.918367	0.00974598
-0.306122	0.959184	0.00488271
-0.306122	1	0
-0.265306	-1	0.00498358
-0.265306	-0.959184	0.00994772
-0.265306	-0.918367	0.0148731
-0.265306	-0.877551	0.0197404
-0.265306	-0.836735	0.0245307
-0.265306	-0.795918	0.0292254
-0.265306	-0.755102	0.0338059
-0.265306	-0.714286	0.0382544
-0.265306	-0.673469	0.0425535
-0.265306	-0.632653	0.0466864
-0.265306	-0.591837	0.0506366
-0.265306	-0.55102	0.0543888
-0.265306	-0.510204	0.0579281
-0.265306	-0.469388	0.0612405
-0.265306	-0.428571	0.0643129
-0.265306	-0.387755	0.0671332
-0.265306	-0.346939	0.0696899
-0.265306	-0.306122	0.071973
-0.265306	-0.265306	0.0739734
-0.265306	-0.22449	0.0756828
-0.265306	-0.183673	0.0770944
-0.265306	-0.142857	0.0782024
-0.265306	-0.102041	0.0790023
-0.265306	-0.0612245	0.0794907
-0.265306	-0.0204082	0.0796653
-0.265306	0.0204082	0.0795255
-0.265306	0.0612245	0.0790714
-0.265306	0.102041	0.0783047
-0.265306	0.142857	0.0772283
-0.265306	0.183673	0.0758461
-0.265306	0.22449	0.0741636
-0.265306	0.265306	0.0721872
-0.265306	0.306122	0.0699246
-0.265306	0.346939	0.0673846
-0.265306	0.387755	0.0645773
-0.265306	0.428571	0.0615135
-0.265306	0.469388	0.0582055
-0.265306	0.510204	0.0546662
-0.265306	0.55102	0.0509096
-0.265306	0.591837	0.0469507
-0.265306	0.632653	0.042805
-0.265306	0.673469	0.0384891
-0.265306	0.714286	0.03402
-0.265306	0.755102	0.0294156
-0.265306	0.795918	0.0246941
-0.265306	0.836735	0.0198743
-0.265306	0.877551	0.0149754
-0.265306	0.918367	0.0100168
-0.265306	0.959184	0.00501841
-0.265306	1	0
-0.22449	-1	0.00509874
-0.22449	-0.959184	0.0101776
-0.22449	-0.918367	0.0152168
-0.22449	-0.877551	0.0201966
-0.22449	-0.836735	0.0250976
-0.22449	-0.795918	0.0299007
-0.22449	-0.755102	0.0345871
-0.22449	-0.714286	0.0391384
-0.22449	-0.673469	0.0435369
-0.22449	-0.632653	0.0477652
-0.22449	-0.591837	0.0518068
-0.22449	-0.55102	0.0556457
-0.22449	-0.510204	0.0592667
-0.22449	-0.469388	0.0626557
-0.22449	-0.428571	0.0657991
-0.22449	-0.387755	0.0686845
-0.22449	-0.346939	0.0713004
-0.22449	-0.306122	0.0736362
-0.22449	-0.265306	0.0756828
-0.22449	-0.22449	0.0774317
-0.22449	-0.183673	0.0788759
-0.22449	-0.142857	0.0800096
-0.22449	-0.102041	0.0808279
-0.22449	-0.0612245	0.0813276
-0.22449	-0.0204082	0.0815063
-0.22449	0.0204082	0.0813632
-0.22449	0.0612245	0.0808986
-0.22449	0.102041	0.0801142
-0.22449	0.142857	0.0790129
-0.22449	0.183673	0.0775988
-0.22449	0.22449	0.0758774
-0.22449	0.265306	0.0738553
-0.22449	0.306122	0.0715405
-0.22449	0.346939	0.0689418
-0.22449	0.387755	0.0660696
-0.22449	0.428571	0.062935
-0.22449	0.469388	0.0595505
-0.22449	0.510204	0.0559295
-0.22449	0.55102	0.0520861
-0.22449	0.591837	0.0480357
-0.22449	0.632653	0.0437942
-0.22449	0.673469	0.0393785
-0.22449	0.714286	0.0348062
-0.22449	0.755102	0.0300954
-0.22449	0.795918	0.0252648
-0.22449	0.836735	0.0203336
-0.22449	0.877551	0.0153214
-0.22449	0.918367	0.0102483
-0.22449	0.959184	0.00513438
-0.22449	1	0
-0.183673	-1	0.00519384
-0.183673	-0.959184	0.0103674
-0.183673	-0.918367	0.0155006
-0.183673	-0.877551	0.0205733
-0.183673	-0.836735	0.0255657
-0.183673	-0.795918	0.0304584
-0.183673	-0.755102	0.0352322
-0.183673	-0.714286	0.0398684
-0.183673	-0.673469	0.0443489
-0.183673	-0.632653	0.0486561
-0.183673	-0.591837	0.0527731
-0.183673	-0.55102	0.0566835
-0.183673	-0.510204	0.0603722
-0.183673	-0.469388	0.0638243
-0.183673	-0.428571	0.0670264
-0.183673	-0.387755	0.0699656
-0.183673	-0.346939	0.0726302
-0.183673	-0.306122	0.0750097
-0.183673	-0.265306	0.0770944
-0.183673	-0.22449	0.0788759
-0.183673	-0.183673	0.0803471
-0.183673	-0.142857	0.0815019
-0.183673	-0.102041	0.0823355
-0.183673	-0.0612245	0.0828445
-0.183673	-0.0204082	0.0830265
-0.183673	0.0204082	0.0828808
-0.183673	0.0612245	0.0824075
-0.183673	0.102041	0.0816085
-0.183673	0.142857	0.0804866
-0.183673	0.183673	0.0790462
-0.183673	0.22449	0.0772927
-0.183673	0.265306	0.0752329
-0.183673	0.306122	0.0728748
-0.183673	0.346939	0.0702277
-0.183673	0.387755	0.0673019
-0.183673	0.428571	0.0641089
-0.183673	0.469388	0.0606613
-0.183673	0.510204	0.0569726
-0.183673	0.55102	0.0530576
-0.183673	0.591837	0.0489316
-0.183673	0.632653	0.044611
-0.183673	0.673469	0.040113
-0.183673	0.714286	0.0354554
-0.183673	0.755102	0.0306567
-0.183673	0.795918	0.025736
-0.183673	0.836735	0.0207128
-0.183673	0.877551	0.0156072
-0.183673	0.918367	0.0104395
-0.183673	0.959184	0.00523014
-0.183673	1	0
-0.142857	-1	0.00526849
-0.142857	-0.959184	0.0105164
-0.142857	-0.918367	0.0157234
-0.142857	-0.877551	0.020869
-0.142857	-0.836735	0.0259332
-0.142857	-0.795918	0.0308962
-0.142857	-0.755102	0.0357386
-0.142857	-0.714286	0.0404415
-0.142857	-0.673469	0.0449863
-0.142857	-0.632653	0.0493554
-0.142857	-0.591837	0.0535315
-0.142857	-0.55102	0.0574982
-0.142857	-0.510204	0.0612399
-0.142857	-0.469388	0.0647417
-0.142857	-0.428571	0.0679897
-0.142857	-0.387755	0.0709712
-0.142857	-0.346939	0.0736741
-0.142857	-0.306122	0.0760878
-0.142857	-0.265306	0.0782024
-0.142857	-0.22449	0.0800096
-0.142857	-0.183673	0.0815019
-0.142857	-0.142857	0.0826733
-0.142857	-0.102041	0.0835189
-0.142857	-0.0612245	0.0840351
-0.142857	-0.0204082	0.0842198
-0.142857	0.0204082	0.084072
-0.142857	0.0612245	0.0835919
-0.142857	0.102041	0.0827814
-0.142857	0.142857	0.0816434
-0.142857	0.183673	0.0801823
-0.142857	0.22449	0.0784036
-0.142857	0.265306	0.0763142
-0.142857	0.306122	0.0739222
-0.142857	0.346939	0.071237
-0.142857	0.387755	0.0682692
-0.142857	0.428571	0.0650303
-0.142857	0.469388	0.0615331
-0.142857	0.510204	0.0577915
-0.142857	0.55102	0.0538201
-0.142857	0.591837	0.0496349
-0.142857	0.632653	0.0452522
-0.142857	0.673469	0.0406895
-0.142857	0.714286	0.035965
-0.142857	0.755102	0.0310973
-0.142857	0.795918	0.0261059
-0.142857	0.836735	0.0210105
-0.142857	0.877551	0.0158315
-0.142857	0.918367	0.0105895
-0.142857	0.959184	0.00530531
-0.142857	1	0
-0.102041	-1	0.00532238
-0.102041	-0.959184	0.010624
-0.102041	-0.918367	0.0158842
-0.102041	-0.877551	0.0210824
-0.102041	-0.836735	0.0261984
-0.102041	-0.795918	0.0312122
-0.102041	-0.755102	0.0361041
-0.102041	-0.714286	0.0408551
-0.102041	-0.673469	0.0454465
-0.102041	-0.632653	0.0498602
-0.102041	-0.591837	0.0540791
-0.102041	-0.55102	0.0580863
-0.102041	-0.510204	0.0618662
-0.102041	-0.469388	0.0654038
-0.102041	-0.428571	0.0686851
-0.102041	-0.387755	0.0716971
-0.102041	-0.346939	0.0744277
-0.102041	-0.306122	0.076866
-0.102041	-0.265306	0.0790023
-0.102041	-0.22449	0.0808279
-0.102041	-0.183673	0.0823355
-0.102041	-0.142857	0.0835189
-0.102041	-0.102041	0.0843731
-0.102041	-0.0612245	0.0848947
-0.102041	-0.0204082	0.0850813
-0.102041	0.0204082	0.0849319
-0.102041	0.0612245	0.0844469
-0.102041	0.102041	0.0836281
-0.102041	0.142857	0.0824785
-0.102041	0.183673	0.0810024
-0.102041	0.22449	0.0792055
-0.102041	0.265306	0.0770947
-0.102041	0.306122	0.0746783
-0.102041	0.346939	0.0719657
-0.102041	0.387755	0.0689674
-0.102041	0.428571	0.0656954
-0.102041	0.469388	0.0621625
-0.102041	0.510204	0.0583826
-0.102041	0.55102	0.0543706
-0.102041	0.591837	0.0501425
-0.102041	0.632653	0.045715
-0.102041	0.673469	0.0411057
-0.102041	0.714286	0.0363328
-0.102041	0.755102	0.0314154
-0.102041	0.795918	0.0263729
-0.102041	0.836735	0.0212254
-0.102041	0.877551	0.0159935
-0.102041	0.918367	0.0106978
-0.102041	0.959184	0.00535958
-0.102041	1	0
-0.0612245	-1	0.00535528
-0.0612245	-0.959184	0.0106897
-0.0612245	-0.918367	0.0159824
-0.0612245	-0.877551	0.0212128
-0.0612245	-0.836735	0.0263604
-0.0612245	-0.795918	0.0314051
-0.0612245	-0.755102	0.0363273
-0.0612245	-0.714286	0.0411076
-0.0612245	-0.673469	0.0457274
-0.0612245	-0.632653	0.0501685
-0.0612245	-0.591837	0.0544134
-0.0612245	-0.55102	0.0584454
-0.0612245	-0.510204	0.0622487
-0.0612245	-0.469388	0.0658081
-0.0612245	-0.428571	0.0691097
-0.0612245	-0.387755	0.0721403
-0.0612245	-0.346939	0.0748878
-0.0612245	-0.306122	0.0773412
-0.0612245	-0.265306	0.0794907
-0.0612245	-0.22449	0.0813276
-0.0612245	-0.183673	0.0828445
-0.0612245	-0.142857	0.0840351
-0.0612245	-0.102041	0.0848947
-0.0612245	-0.0612245	0.0854195
-0.0612245	-0.0204082	0.0856072
-0.0612245	0.0204082	0.0854569
-0.0612245	0.0612245	0.084969
-0.0612245	0.102041	0.0841451
-0.0612245	0.142857	0.0829883
-0.0612245	0.183673	0.0815031
-0.0612245	0.22449	0.0796951
-0.0612245	0.265306	0.0775713
-0.0612245	0.306122	0.0751399
-0.0612245	0.346939	0.0724105
-0.0612245	0.387755	0.0693938
-0.0612245	0.428571	0.0661015
-0.0612245	0.469388	0.0625467
-0.0612245	0.510204	0.0587435
-0.0612245	0.55102	0.0547067
-0.0612245	0.591837	0.0504525
-0.0612245	0.632653	0.0459976
-0.0612245	0.673469	0.0413598
-0.0612245	0.714286	0.0365574
-0.0612245	0.755102	0.0316096
-0.0612245	0.795918	0.0265359
-0.0612245	0.836735	0.0213566
-0.0612245	0.877551	0.0160923
-0.0612245	0.918367	0.0107639
-0.0612245	0.959184	0.00539271
-0.0612245	1	0
-0.0204082	-1	0.00536705
-0.0204082	-0.959184	0.0107132
-0.0204082	-0.918367	0.0160175
-0.0204082	-0.877551	0.0212594
-0.0204082	-0.836735	0.0264183
-0.0204082	-0.795918	0.0314742
-0.0204082	-0.755102	0.0364071
-0.0204082	-0.714286	0.041198
-0.0204082	-0.673469	0.0458279
-0.0204082	-0.632653	0.0502787
-0.0204082	-0.591837	0.0545329
-0.0204082	-0.55102	0.0585738
-0.0204082	-0.510204	0.0623855
-0.0204082	-0.469388	0.0659528
-0.0204082	-0.428571	0.0692616
-0.0204082	-0.387755	0.0722988
-0.0204082	-0.346939	0.0750523
-0.0204082	-0.306122	0.0775111
-0.0204082	-0.265306	0.0796653
-0.0204082	-0.22449	0.0815063
-0.0204082	-0.183673	0.0830265
-0.0204082	-0.142857	0.0842198
-0.0204082	-0.102041	0.0850813
-0.0204082	-0.0612245	0.0856072
-0.0204082	-0.0204082	0.0857953
-0.0204082	0.0204082	0.0856447
-0.0204082	0.0612245	0.0851557
-0.0204082	0.102041	0.08433
-0.0204082	0.142857	0.0831707
-0.0204082	0.183673	0.0816822
-0.0204082	0.22449	0.0798702
-0.0204082	0.265306	0.0777418
-0.0204082	0.306122	0.0753051
-0.0204082	0.346939	0.0725696
-0.0204082	0.387755	0.0695463
-0.0204082	0.428571	0.0662468
-0.0204082	0.469388	0.0626842
-0.0204082	0.510204	0.0588726
-0.0204082	0.55102	0.054827
-0.0204082	0.591837	0.0505634
-0.0204082	0.632653	0.0460987
-0.0204082	0.673469	0.0414507
-0.0204082	0.714286	0.0366378
-0.0204082	0.755102	0.031679
-0.0204082	0.795918	0.0265942
-0.0204082	0.836735	0.0214036
-0.0204082	0.877551	0.0161277
-0.0204082	0.918367	0.0107876
-0.0204082	0.959184	0.00540456
-0.0204082	1	0
0.0204082	-1	0.00535762
0.0204082	-0.959184	0.0106944
0.0204082	-0.918367	0.0159894
0.0204082	-0.877551	0.021222
0.0204082	-0.836735	0.0263719
0.0204082	-0.795918	0.0314189
0.0204082	-0.755102	0.0363432
0.0204082	-0.714286	0.0411257
0.0204082	-0.673469	0.0457474
0.0204082	-0.632653	0.0501904
0.0204082	-0.591837	0.0544372
0.0204082	-0.55102	0.058471
0.0204082	-0.510204	0.0622759
0.0204082	-0.469388	0.065837
0.0204082	-0.428571	0.06914
0.0204082	-0.387755	0.0721719
0.0204082	-0.346939	0.0749206
0.0204082	-0.306122	0.0773751
0.0204082	-0.265306	0.0795255
0.0204082	-0.22449	0.0813632
0.0204082	-0.183673	0.0828808
0.0204082	-0.142857	0.084072
0.0204082	-0.102041	0.0849319
0.0204082	-0.0612245	0.0854569
0.0204082	-0.0204082	0.0856447
0.0204082	0.0204082	0.0854943
0.0204082	0.0612245	0.0850062
0.0204082	0.102041	0.084182
0.0204082	0.142857	0.0830247
0.0204082	0.183673	0.0815388
0.0204082	0.22449	0.07973
0.0204082	0.265306	0.0776053
0.0204082	0.306122	0.0751728
0.0204082	0.346939	0.0724422
0.0204082	0.387755	0.0694242
0.0204082	0.428571	0.0661305
0.0204082	0.469388	0.0625742
0.0204082	0.510204	0.0587692
0.0204082	0.55102	0.0547307
0.0204082	0.591837	0.0504746
0.0204082	0.632653	0.0460178
0.0204082	0.673469	0.0413779
0.0204082	0.714286	0.0365735
0.0204082	0.755102	0.0316234
0.0204082	0.795918	0.0265475
0.0204082	0.836735	0.021366
0.0204082	0.877551	0.0160994
0.0204082	0.918367	0.0107687
0.0204082	0.959184	0.00539507
0.0204082	1	0
0.0612245	-1	0.00532703
0.0612245	-0.959184	0.0106333
0.0612245	-0.918367	0.0158981
0.0612245	-0.877551	0.0211009
0.0612245	-0.836735	0.0262213
0.0612245	-0.795918	0.0312395
0.0612245	-0.755102	0.0361357
0.0612245	-0.714286	0.0408908
0.0612245	-0.673469	0.0454862
0.0612245	-0.632653	0.0499039
0.0612245	-0.591837	0.0541264
0.0612245	-0.55102	0.0581372
0.0612245	-0.510204	0.0619204
0.0612245	-0.469388	0.0654611
0.0612245	-0.428571	0.0687452
0.0612245	-0.387755	0.0717598
0.0612245	-0.346939	0.0744928
0.0612245	-0.306122	0.0769333
0.0612245	-0.265306	0.0790714
0.0612245	-0.22449	0.0808986
0.0612245	-0.183673	0.0824075
0.0612245	-0.142857	0.0835919
0.0612245	-0.102041	0.0844469
0.0612245	-0.0612245	0.084969
0.0612245	-0.0204082	0.0851557
0.0612245	0.0204082	0.0850062
0.0612245	0.0612245	0.0845208
0.0612245	0.102041	0.0837013
0.0612245	0.142857	0.0825507
0.0612245	0.183673	0.0810733
0.0612245	0.22449	0.0792748
0.0612245	0.265306	0.0771622
0.0612245	0.306122	0.0747436
0.0612245	0.346939	0.0720286
0.0612245	0.387755	0.0690278
0.0612245	0.428571	0.0657529
0.0612245	0.469388	0.0622169
0.0612245	0.510204	0.0584337
0.0612245	0.55102	0.0544182
0.0612245	0.591837	0.0501864
0.0612245	0.632653	0.045755
0.0612245	0.673469	0.0411417
0.0612245	0.714286	0.0363646
0.0612245	0.755102	0.0314429
0.0612245	0.795918	0.026396
0.0612245	0.836735	0.021244
0.0612245	0.877551	0.0160075
0.0612245	0.918367	0.0107072
0.0612245	0.959184	0.00536427
0.0612245	1	0
0.102041	-1	0.00527538
0.102041	-0.959184	0.0105302
0.102041	-0.918367	0.0157439
0.102041	-0.877551	0.0208963
0.102041	-0.836735	0.0259671
0.102041	-0.795918	0.0309366
0.102041	-0.755102	0.0357853
0.102041	-0.714286	0.0404944
0.102041	-0.673469	0.0450452
0.102041	-0.632653	0.04942
0.102041	-0.591837	0.0536016
0.102041	-0.55102	0.0575735
0.102041	-0.510204	0.06132
0.102041	-0.469388	0.0648264
0.102041	-0.428571	0.0680787
0.102041	-0.387755	0.071064
0.102041	-0.346939	0.0737705
0.102041	-0.306122	0.0761873
0.102041	-0.265306	0.0783047
0.102041	-0.22449	0.0801142
0.102041	-0.183673	0.0816085
0.102041	-0.142857	0.0827814
0.102041	-0.102041	0.0836281
0.102041	-0.0612245	0.0841451
0.102041	-0.0204082	0.08433
0.102041	0.0204082	0.084182
0.102041	0.0612245	0.0837013
0.102041	0.102041	0.0828897
0.102041	0.142857	0.0817502
0.102041	0.183673	0.0802872
0.102041	0.22449	0.0785061
0.102041	0.265306	0.076414
0.102041	0.306122	0.0740189
0.102041	0.346939	0.0713302
0.102041	0.387755	0.0683585
0.102041	0.428571	0.0651153
0.102041	0.469388	0.0616136
0.102041	0.510204	0.0578671
0.102041	0.55102	0.0538906
0.102041	0.591837	0.0496998
0.102041	0.632653	0.0453114
0.102041	0.673469	0.0407428
0.102041	0.714286	0.036012
0.102041	0.755102	0.031138
0.102041	0.795918	0.02614
0.102041	0.836735	0.021038
0.102041	0.877551	0.0158522
0.102041	0.918367	0.0106034
0.102041	0.959184	0.00531226
0.102041	1	0
0.142857	-1	0.00520286
0.142857	-0.959184	0.0103854
0.142857	-0.918367	0.0155275
0.142857	-0.877551	0.020609
0.142857	-0.836735	0.0256101
0.142857	-0.795918	0.0305113
0.142857	-0.755102	0.0352934
0.142857	-0.714286	0.0399377
0.142857	-0.673469	0.044426
0.142857	-0.632653	0.0487406
0.142857	-0.591837	0.0528647
0.142857	-0.55102	0.056782
0.142857	-0.510204	0.060477
0.142857	-0.469388	0.0639352
0.142857	-0.428571	0.0671428
0.142857	-0.387755	0.0700871
0.142857	-0.346939	0.0727564
0.142857	-0.306122	0.07514
0.142857	-0.265306	0.0772283
0.142857	-0.22449	0.0790129
0.142857	-0.183673	0.0804866
0.142857	-0.142857	0.0816434
0.142857	-0.102041	0.0824785
0.142857	-0.0612245	0.0829883
0.142857	-0.0204082	0.0831707
0.142857	0.0204082	0.0830247
0.142857	0.0612245	0.0825507
0.142857	0.102041	0.0817502
0.142857	0.142857	0.0806264
0.142857	0.183673	0.0791835
0.142857	0.22449	0.0774269
0.142857	0.265306	0.0753635
0.142857	0.306122	0.0730014
0.142857	0.346939	0.0703496
0.142857	0.387755	0.0674188
0.142857	0.428571	0.0642202
0.142857	0.469388	0.0607666
0.142857	0.510204	0.0570716
0.142857	0.55102	0.0531497
0.142857	0.591837	0.0490166
0.142857	0.632653	0.0446885
0.142857	0.673469	0.0401827
0.142857	0.714286	0.035517
0.142857	0.755102	0.0307099
0.142857	0.795918	0.0257807
0.142857	0.836735	0.0207488
0.142857	0.877551	0.0156343
0.142857	0.918367	0.0104576
0.142857	0.959184	0.00523923
0.142857	1	0
0.183673	-1	0.00510975
0.183673	-0.959184	0.0101996
0.183673	-0.918367	0.0152496
0.183673	-0.877551	0.0202402
0.183673	-0.836735	0.0251518
0.183673	-0.795918	0.0299653
0.183673	-0.755102	0.0346618
0.183673	-0.714286	0.0392229
0.183673	-0.673469	0.0436309
0.183673	-0.632653	0.0478683
0.183673	-0.591837	0.0519186
0.183673	-0.55102	0.0557658
0.183673	-0.510204	0.0593947
0.183673	-0.469388	0.062791
0.183673	-0.428571	0.0659412
0.183673	-0.387755	0.0688328
0.183673	-0.346939	0.0714543
0.183673	-0.306122	0.0737952
0.183673	-0.265306	0.0758461
0.183673	-0.22449	0.0775988
0.183673	-0.183673	0.0790462
0.183673	-0.142857	0.0801823
0.183673	-0.102041	0.0810024
0.183673	-0.0612245	0.0815031
0.183673	-0.0204082	0.0816822
0.183673	0.0204082	0.0815388
0.183673	0.0612245	0.0810733
0.183673	0.102041	0.0802872
0.183673	0.142857	0.0791835
0.183673	0.183673	0.0777663
0.183673	0.22449	0.0760412
0.183673	0.265306	0.0740148
0.183673	0.306122	0.0716949
0.183673	0.346939	0.0690906
0.183673	0.387755	0.0662122
0.183673	0.428571	0.0630709
0.183673	0.469388	0.0596791
0.183673	0.510204	0.0560502
0.183673	0.55102	0.0521985
0.183673	0.591837	0.0481393
0.183673	0.632653	0.0438887
0.183673	0.673469	0.0394635
0.183673	0.714286	0.0348813
0.183673	0.755102	0.0301603
0.183673	0.795918	0.0253193
0.183673	0.836735	0.0203775
0.183673	0.877551	0.0153545
0.183673	0.918367	0.0102704
0.183673	0.959184	0.00514546
0.183673	1	0
0.22449	-1	0.00499639
0.22449	-0.959184	0.00997331
0.22449	-0.918367	0.0149113
0.22449	-0.877551	0.0197912
0.22449	-0.836735	0.0245938
0.22449	-0.795918	0.0293005
0.22449	-0.755102	0.0338928
0.22449	-0.714286	0.0383528
0.22449	-0.673469	0.042663
0.22449	-0.632653	0.0468064
0.22449	-0.591837	0.0507669
0.22449	-0.55102	0.0545287
0.22449	-0.510204	0.0580771
0.22449	-0.469388	0.061398
0.22449	-0.428571	0.0644784
0.22449	-0.387755	0.0673058
0.22449	-0.346939	0.0698692
0.22449	-0.306122	0.0721582
0.22449	-0.265306	0.0741636
0.22449	-0.22449	0.0758774
0.22449	-0.183673	0.0772927
0.22449	-0.142857	0.0784036
0.22449	-0.102041	0.0792055
0.22449	-0.0612245	0.0796951
0.22449	-0.0204082	0.0798702
0.22449	0.0204082	0.07973
0.22449	0.0612245	0.0792748
0.22449	0.102041	0.0785061
0.22449	0.142857	0.0774269
0.22449	0.183673	0.0760412
0.22449	0.22449	0.0743544
0.22449	0.265306	0.0723729
0.22449	0.306122	0.0701044
0.22449	0.346939	0.0675579
0.22449	0.387755	0.0647434
0.22449	0.428571	0.0616717
0.22449	0.469388	0.0583552
0.22449	0.510204	0.0548068
0.22449	0.55102	0.0510406
0.22449	0.591837	0.0470714
0.22449	0.632653	0.0429151
0.22449	0.673469	0.0385881
0.22449	0.714286	0.0341075
0.22449	0.755102	0.0294913
0.22449	0.795918	0.0247576
0.22449	0.836735	0.0199254
0.22449	0.877551	0.0150139
0.22449	0.918367	0.0100426
0.22449	0.959184	0.00503132
0.22449	1	0
0.265306	-1	0.00486324
0.265306	-0.959184	0.00970752
0.265306	-0.918367	0.0145139
0.265306	-0.877551	0.0192638
0.265306	-0.836735	0.0239384
0.265306	-0.795918	0.0285197
0.265306	-0.755102	0.0329896
0.265306	-0.714286	0.0373308
0.265306	-0.673469	0.0415261
0.265306	-0.632653	0.0455591
0.265306	-0.591837	0.049414
0.265306	-0.55102	0.0530755
0.265306	-0.510204	0.0565294
0.265306	-0.469388	0.0597618
0.265306	-0.428571	0.06276
0.265306	-0.387755	0.0655122
0.265306	-0.346939	0.0680072
0.265306	-0.306122	0.0702352
0.265306	-0.265306	0.0721872
0.265306	-0.22449	0.0738553
0.265306	-0.183673	0.0752329
0.265306	-0.142857	0.0763142
0.265306	-0.102041	0.0770947
0.265306	-0.0612245	0.0775713
0.265306	-0.0204082	0.0777418
0.265306	0.0204082	0.0776053
0.265306	0.0612245	0.0771622
0.265306	0.102041	0.076414
0.265306	0.142857	0.0753635
0.265306	0.183673	0.0740148
0.265306	0.22449	0.0723729
0.265306	0.265306	0.0704442
0.265306	0.306122	0.0682362
0.265306	0.346939	0.0657576
0.265306	0.387755	0.063018
0.265306	0.428571	0.0600282
0.265306	0.469388	0.0568001
0.265306	0.510204	0.0533462
0.265306	0.55102	0.0496804
0.265306	0.591837	0.045817
0.265306	0.632653	0.0417715
0.265306	0.673469	0.0375597
0.265306	0.714286	0.0331986
0.265306	0.755102	0.0287053
0.265306	0.795918	0.0240978
0.265306	0.836735	0.0193944
0.265306	0.877551	0.0146138
0.265306	0.918367	0.00977497
0.265306	0.959184	0.00489724
0.265306	1	0
0.306122	-1	0.00471081
0.306122	-0.959184	0.00940326
0.306122	-0.918367	0.014059
0.306122	-0.877551	0.01866
0.306122	-0.836735	0.0231881
0.306122	-0.795918	0.0276258
0.306122	-0.755102	0.0319556
0.306122	-0.714286	0.0361607
0.306122	-0.673469	0.0402245
0.306122	-0.632653	0.0441311
0.306122	-0.591837	0.0478652
0.306122	-0.55102	0.051412
0.306122	-0.510204	0.0547575
0.306122	-0.469388	0.0578887
0.306122	-0.428571	0.0607929
0.306122	-0.387755	0.0634588
0.306122	-0.346939	0.0658756
0.306122	-0.306122	0.0680338
0.306122	-0.265306	0.0699246
0.306122	-0.22449	0.0715405
0.306122	-0.183673	0.0728748
0.306122	-0.142857	0.0739222
0.306122	-0.102041	0.0746783
0.306122	-0.0612245	0.0751399
0.306122	-0.0204082	0.0753051
0.306122	0.0204082	0.0751728
0.306122	0.0612245	0.0747436
0.306122	0.102041	0.0740189
0.306122	0.142857	0.0730014
0.306122	0.183673	0.0716949
0.306122	0.22449	0.0701044
0.306122	0.265306	0.0682362
0.306122	0.306122	0.0660974
0.306122	0.346939	0.0636965
0.306122	0.387755	0.0610428
0.306122	0.428571	0.0581467
0.306122	0.469388	0.0550197
0.306122	0.510204	0.0516742
0.306122	0.55102	0.0481232
0.306122	0.591837	0.0443809
0.306122	0.632653	0.0404622
0.306122	0.673469	0.0363825
0.306122	0.714286	0.032158
0.306122	0.755102	0.0278056
0.306122	0.795918	0.0233425
0.306122	0.836735	0.0187865
0.306122	0.877551	0.0141557
0.306122	0.918367	0.00946859
0.306122	0.959184	0.00474374
0.306122	1	0
0.346939	-1	0.0045397
0.346939	-0.959184	0.00906169
0.346939	-0.918367	0.0135483
0.346939	-0.877551	0.0179822
0.346939	-0.836735	0.0223458
0.346939	-0.795918	0.0266223
0.346939	-0.755102	0.0307948
0.346939	-0.714286	0.0348472
0.346939	-0.673469	0.0387634
0.346939	-0.632653	0.0425281
0.346939	-0.591837	0.0461265
0.346939	-0.55102	0.0495445
0.346939	-0.510204	0.0527685
0.346939	-0.469388	0.0557859
0.346939	-0.428571	0.0585847
0.346939	-0.387755	0.0611537
0.346939	-0.346939	0.0634827
0.346939	-0.306122	0.0655625
0.346939	-0.265306	0.0673846
0.346939	-0.22449	0.0689418
0.346939	-0.183673	0.0702277
0.346939	-0.142857	0.071237
0.346939	-0.102041	0.0719657
0.346939	-0.0612245	0.0724105
0.346939	-0.0204082	0.0725696
0.346939	0.0204082	0.0724422
0.346939	0.0612245	0.0720286
0.346939	0.102041	0.0713302
0.346939	0.142857	0.0703496
0.346939	0.183673	0.0690906
0.346939	0.22449	0.0675579
0.346939	0.265306	0.0657576
0.346939	0.306122	0.0636965
0.346939	0.346939	0.0613828
0.346939	0.387755	0.0588254
0.346939	0.428571	0.0560346
0.346939	0.469388	0.0530212
0.346939	0.510204	0.0497971
0.346939	0.55102	0.0463752
0.346939	0.591837	0.0427688
0.346939	0.632653	0.0389924
0.346939	0.673469	0.0350609
0.346939	0.714286	0.0309899
0.346939	0.755102	0.0267956
0.346939	0.795918	0.0224946
0.346939	0.836735	0.0181041
0.346939	0.877551	0.0136415
0.346939	0.918367	0.00912465
0.346939	0.959184	0.00457143
0.346939	1	0
0.387755	-1	0.00435056
0.387755	-0.959184	0.00868416
0.387755	-0.918367	0.0129839
0.387755	-0.877551	0.017233
0.387755	-0.836735	0.0214149
0.387755	-0.795918	0.0255132
0.387755	-0.755102	0.0295119
0.387755	-0.714286	0.0333954
0.387755	-0.673469	0.0371484
0.387755	-0.632653	0.0407563
0.387755	-0.591837	0.0442048
0.387755	-0.55102	0.0474804
0.387755	-0.510204	0.0505701
0.387755	-0.469388	0.0534618
0.387755	-0.428571	0.0561439
0.387755	-0.387755	0.0586059
0.387755	-0.346939	0.0608379
0.387755	-0.306122	0.062831
0.387755	-0.265306	0.0645773
0.387755	-0.22449	0.0660696
0.387755	-0.183673	0.0673019
0.387755	-0.142857	0.0682692
0.387755	-0.102041	0.0689674
0.387755	-0.0612245	0.0693938
0.387755	-0.0204082	0.0695463
0.387755	0.0204082	0.0694242
0.387755	0.0612245	0.0690278
0.387755	0.102041	0.0683585
0.387755	0.142857	0.0674188
0.387755	0.183673	0.0662122
0.387755	0.22449	0.0647434
0.387755	0.265306	0.063018
0.387755	0.306122	0.0610428
0.387755	0.346939	0.0588254
0.387755	0.387755	0.0563747
0.387755	0.428571	0.0537001
0.387755	0.469388	0.0508122
0.387755	0.510204	0.0477225
0.387755	0.55102	0.0444431
0.387755	0.591837	0.040987
0.387755	0.632653	0.0373679
0.387755	0.673469	0.0336002
0.387755	0.714286	0.0296988
0.387755	0.755102	0.0256792
0.387755	0.795918	0.0215575
0.387755	0.836735	0.0173499
0.387755	0.877551	0.0130732
0.387755	0.918367	0.0087445
0.387755	0.959184	0.00438097
0.387755	1	0
0.428571	-1	0.00414416
0.428571	-0.959184	0.00827216
0.428571	-0.918367	0.0123679
0.428571	-0.877551	0.0164154
0.428571	-0.836735	0.0203989
0.428571	-0.795918	0.0243027
0.428571	-0.755102	0.0281117
0.428571	-0.714286	0.031811
0.428571	-0.673469	0.035386
0.428571	-0.632653	0.0388227
0.428571	-0.591837	0.0421076
0.428571	-0.55102	0.0452277
0.428571	-0.510204	0.0481709
0.428571	-0.469388	0.0509254
0.428571	-0.428571	0.0534803
0.428571	-0.387755	0.0558255
0.428571	-0.346939	0.0579516
0.428571	-0.306122	0.0598502
0.428571	-0.265306	0.0615135
0.428571	-0.22449	0.062935
0.428571	-0.183673	0.0641089
0.428571	-0.142857	0.0650303
0.428571	-0.102041	0.0656954
0.428571	-0.0612245	0.0661015
0.428571	-0.0204082	0.0662468
0.428571	0.0204082	0.0661305
0.428571	0.0612245	0.0657529
0.428571	0.102041	0.0651153
0.428571	0.142857	0.0642202
0.428571	0.183673	0.0630709
0.428571	0.22449	0.0616717
0.428571	0.265306	0.0600282
0.428571	0.306122	0.0581467
0.428571	0.346939	0.0560346
0.428571	0.387755	0.0537001
0.428571	0.428571	0.0511524
0.428571	0.469388	0.0484015
0.428571	0.510204	0.0454584
0.428571	0.55102	0.0423346
0.428571	0.591837	0.0390425
0.428571	0.632653	0.0355951
0.428571	0.673469	0.0320061
0.428571	0.714286	0.0282898
0.428571	0.755102	0.0244609
0.428571	0.795918	0.0205347
0.428571	0.836735	0.0165267
0.428571	0.877551	0.012453
0.428571	0.918367	0.00832964
0.428571	0.959184	0.00417313
0.428571	1	0
0.469388	-1	0.0039213
0.469388	-0.959184	0.0078273
0.469388	-0.918367	0.0117028
0.469388	-0.877551	0.0155326
0.469388	-0.836735	0.0193019
0.469388	-0.795918	0.0229958
0.469388	-0.755102	0.0266
0.469388	-0.714286	0.0301003
0.469388	-0.673469	0.033483
0.469388	-0.632653	0.0367349
0.469388	-0.591837	0.0398431
0.469388	-0.55102	0.0427955
0.469388	-0.510204	0.0455804
0.469388	-0.469388	0.0481867
0.469388	-0.428571	0.0506042
0.469388	-0.387755	0.0528233
0.469388	-0.346939	0.0548351
0.469388	-0.306122	0.0566316
0.469388	-0.265306	0.0582055
0.469388	-0.22449	0.0595505
0.469388	-0.183673	0.0606613
0.469388	-0.142857	0.0615331
0.469388	-0.102041	0.0621625
0.469388	-0.0612245	0.0625467
0.469388	-0.0204082	0.0626842
0.469388	0.0204082	0.0625742
0.469388	0.0612245	0.0622169
0.469388	0.102041	0.0616136
0.469388	0.142857	0.0607666
0.469388	0.183673	0.0596791
0.469388	0.22449	0.0583552
0.469388	0.265306	0.0568001
0.469388	0.306122	0.0550197
0.469388	0.346939	0.0530212
0.469388	0.387755	0.0508122
0.469388	0.428571	0.0484015
0.469388	0.469388	0.0457986
0.469388	0.510204	0.0430138
0.469388	0.55102	0.0400579
0.469388	0.591837	0.0369429
0.469388	0.632653	0.0336809
0.469388	0.673469	0.0302849
0.469388	0.714286	0.0267685
0.469388	0.755102	0.0231455
0.469388	0.795918	0.0194304
0.469388	0.836735	0.015638
0.469388	0.877551	0.0117833
0.469388	0.918367	0.00788169
0.469388	0.959184	0.00394871
0.469388	1	0
0.510204	-1	0.00368286
0.510204	-0.959184	0.00735135
0.510204	-0.918367	0.0109912
0.510204	-0.877551	0.0145881
0.510204	-0.836735	0.0181282
0.510204	-0.795918	0.0215975
0.510204	-0.755102	0.0249825
0.510204	-0.714286	0.02827
0.510204	-0.673469	0.031447
0.510204	-0.632653	0.0345011
0.510204	-0.591837	0.0374204
0.510204	-0.55102	0.0401932
0.510204	-0.510204	0.0428088
0.510204	-0.469388	0.0452567
0.510204	-0.428571	0.0475272
0.510204	-0.387755	0.0496113
0.510204	-0.346939	0.0515008
0.510204	-0.306122	0.053188
0.510204	-0.265306	0.0546662
0.510204	-0.22449	0.0559295
0.510204	-0.183673	0.0569726
0.510204	-0.142857	0.0577915
0.510204	-0.102041	0.0583826
0.510204	-0.0612245	0.0587435
0.510204	-0.0204082	0.0588726
0.510204	0.0204082	0.0587692
0.510204	0.0612245	0.0584337
0.510204	0.102041	0.0578671
0.510204	0.142857	0.0570716
0.510204	0.183673	0.0560502
0.510204	0.22449	0.0548068
0.510204	0.265306	0.0533462
0.510204	0.306122	0.0516742
0.510204	0.346939	0.0497971
0.510204	0.387755	0.0477225
0.510204	0.428571	0.0454584
0.510204	0.469388	0.0430138
0.510204	0.510204	0.0403982
0.510204	0.55102	0.0376221
0.510204	0.591837	0.0346965
0.510204	0.632653	0.0316328
0.510204	0.673469	0.0284434
0.510204	0.714286	0.0251408
0.510204	0.755102	0.0217381
0.510204	0.795918	0.0182489
0.510204	0.836735	0.0146871
0.510204	0.877551	0.0110668
0.510204	0.918367	0.00740243
0.510204	0.959184	0.0037086
0.510204	1	0
0.55102	-1	0.00342978
0.55102	-0.959184	0.00684618
0.55102	-0.918367	0.0102359
0.55102	-0.877551	0.0135857
0.55102	-0.836735	0.0168825
0.55102	-0.795918	0.0201134
0.55102	-0.755102	0.0232658
0.55102	-0.714286	0.0263273
0.55102	-0.673469	0.029286
0.55102	-0.632653	0.0321303
0.55102	-0.591837	0.0348489
0.55102	-0.55102	0.0374312
0.55102	-0.510204	0.039867
0.55102	-0.469388	0.0421467
0.55102	-0.428571	0.0442612
0.55102	-0.387755	0.0462021
0.55102	-0.346939	0.0479617
0.55102	-0.306122	0.049533
0.55102	-0.265306	0.0509096
0.55102	-0.22449	0.0520861
0.55102	-0.183673	0.0530576
0.55102	-0.142857	0.0538201
0.55102	-0.102041	0.0543706
0.55102	-0.0612245	0.0547067
0.55102	-0.0204082	0.054827
0.55102	0.0204082	0.0547307
0.55102	0.0612245	0.0544182
0.55102	0.102041	0.0538906
0.55102	0.142857	0.0531497
0.55102	0.183673	0.0521985
0.55102	0.22449	0.0510406
0.55102	0.265306	0.0496804
0.55102	0.306122	0.0481232
0.55102	0.346939	0.0463752
0.55102	0.387755	0.0444431
0.55102	0.428571	0.0423346
0.55102	0.469388	0.0400579
0.55102	0.510204	0.0376221
0.55102	0.55102	0.0350368
0.55102	0.591837	0.0323122
0.55102	0.632653	0.0294591
0.55102	0.673469	0.0264888
0.55102	0.714286	0.0234131
0.55102	0.755102	0.0202443
0.55102	0.795918	0.0169949
0.55102	0.836735	0.0136778
0.55102	0.877551	0.0103063
0.55102	0.918367	0.00689375
0.55102	0.959184	0.00345375
0.55102	1	0
0.591837	-1	0.00316306
0.591837	-0.959184	0.00631379
0.591837	-0.918367	0.0094399
0.591837	-0.877551	0.0125292
0.591837	-0.836735	0.0155696
0.591837	-0.795918	0.0185493
0.591837	-0.755102	0.0214565
0.591837	-0.714286	0.02428
0.591837	-0.673469	0.0270086
0.591837	-0.632653	0.0296317
0.591837	-0.591837	0.0321389
0.591837	-0.55102	0.0345204
0.591837	-0.510204	0.0367668
0.591837	-0.469388	0.0388692
0.591837	-0.428571	0.0408192
0.591837	-0.387755	0.0426092
0.591837	-0.346939	0.044232
0.591837	-0.306122	0.0456811
0.591837	-0.265306	0.0469507
0.591837	-0.22449	0.0480357
0.591837	-0.183673	0.0489316
0.591837	-0.142857	0.0496349
0.591837	-0.102041	0.0501425
0.591837	-0.0612245	0.0504525
0.591837	-0.0204082	0.0505634
0.591837	0.0204082	0.0504746
0.591837	0.0612245	0.0501864
0.591837	0.102041	0.0496998
0.591837	0.142857	0.0490166
0.591837	0.183673	0.0481393
0.591837	0.22449	0.0470714
0.591837	0.265306	0.045817
0.591837	0.306122	0.0443809
0.591837	0.346939	0.0427688
0.591837	0.387755	0.040987
0.591837	0.428571	0.0390425
0.591837	0.469388	0.0369429
0.591837	0.510204	0.0346965
0.591837	0.55102	0.0323122
0.591837	0.591837	0.0297995
0.591837	0.632653	0.0271682
0.591837	0.673469	0.0244289
0.591837	0.714286	0.0215924
0.591837	0.755102	0.01867
0.591837	0.795918	0.0156733
0.591837	0.836735	0.0126142
0.591837	0.877551	0.00950484
0.591837	0.918367	0.00635766
0.591837	0.959184	0.00318517
0.591837	1	0
0.632653	-1	0.00288377
0.632653	-0.959184	0.0057563
0.632653	-0.918367	0.00860637
0.632653	-0.877551	0.0114229
0.632653	-0.836735	0.0141948
0.632653	-0.795918	0.0169114
0.632653	-0.755102	0.0195619
0.632653	-0.714286	0.0221361
0.632653	-0.673469	0.0246238
0.632653	-0.632653	0.0270153
0.632653	-0.591837	0.0293011
0.632653	-0.55102	0.0314723
0.632653	-0.510204	0.0335204
0.632653	-0.469388	0.0354371
0.632653	-0.428571	0.037215
0.632653	-0.387755	0.0388469
0.632653	-0.346939	0.0403264
0.632653	-0.306122	0.0416475
0.632653	-0.265306	0.042805
0.632653	-0.22449	0.0437942
0.632653	-0.183673	0.044611
0.632653	-0.142857	0.0452522
0.632653	-0.102041	0.045715
0.632653	-0.0612245	0.0459976
0.632653	-0.0204082	0.0460987
0.632653	0.0204082	0.0460178
0.632653	0.0612245	0.045755
0.632653	0.102041	0.0453114
0.632653	0.142857	0.0446885
0.632653	0.183673	0.0438887
0.632653	0.22449	0.0429151
0.632653	0.265306	0.0417715
0.632653	0.306122	0.0404622
0.632653	0.346939	0.0389924
0.632653	0.387755	0.0373679
0.632653	0.428571	0.0355951
0.632653	0.469388	0.0336809
0.632653	0.510204	0.0316328
0.632653	0.55102	0.0294591
0.632653	0.591837	0.0271682
0.632653	0.632653	0.0247693
0.632653	0.673469	0.0222719
0.632653	0.714286	0.0196859
0.632653	0.755102	0.0170215
0.632653	0.795918	0.0142894
0.632653	0.836735	0.0115004
0.632653	0.877551	0.00866558
0.632653	0.918367	0.00579629
0.632653	0.959184	0.00290393
0.632653	1	0
0.673469	-1	0.00259301
0.673469	-0.959184	0.0051759
0.673469	-0.918367	0.00773861
0.673469	-0.877551	0.0102711
0.673469	-0.836735	0.0127636
0.673469	-0.795918	0.0152063
0.673469	-0.755102	0.0175896
0.673469	-0.714286	0.0199042
0.673469	-0.673469	0.0221411
0.673469	-0.632653	0.0242914
0.673469	-0.591837	0.0263468
0.673469	-0.55102	0.0282991
0.673469	-0.510204	0.0301406
0.673469	-0.469388	0.0318641
0.673469	-0.428571	0.0334627
0.673469	-0.387755	0.0349301
0.673469	-0.346939	0.0362604
0.673469	-0.306122	0.0374483
0.673469	-0.265306	0.0384891
0.673469	-0.22449	0.0393785
0.673469	-0.183673	0.040113
0.673469	-0.142857	0.0406895
0.673469	-0.102041	0.0411057
0.673469	-0.0612245	0.0413598
0.673469	-0.0204082	0.0414507
0.673469	0.0204082	0.0413779
0.673469	0.0612245	0.0411417
0.673469	0.102041	0.0407428
0.673469	0.142857	0.0401827
0.673469	0.183673	0.0394635
0.673469	0.22449	0.0385881
0.673469	0.265306	0.0375597
0.673469	0.306122	0.0363825
0.673469	0.346939	0.0350609
0.673469	0.387755	0.0336002
0.673469	0.428571	0.0320061
0.673469	0.469388	0.0302849
0.673469	0.510204	0.0284434
0.673469	0.55102	0.0264888
0.673469	0.591837	0.0244289
0.673469	0.632653	0.0222719
0.673469	0.673469	0.0200263
0.673469	0.714286	0.017701
0.673469	0.755102	0.0153052
0.673469	0.795918	0.0128486
0.673469	0.836735	0.0103408
0.673469	0.877551	0.00779185
0.673469	0.918367	0.00521187
0.673469	0.959184	0.00261113
0.673469	1	0
0.714286	-1	0.00229193
0.714286	-0.959184	0.00457492
0.714286	-0.918367	0.00684007
0.714286	-0.877551	0.00907854
0.714286	-0.836735	0.0112816
0.714286	-0.795918	0.0134406
0.714286	-0.755102	0.0155472
0.714286	-0.714286	0.0175931
0.714286	-0.673469	0.0195702
0.714286	-0.632653	0.0214709
0.714286	-0.591837	0.0232876
0.714286	-0.55102	0.0250132
0.714286	-0.510204	0.0266409
0.714286	-0.469388	0.0281643
0.714286	-0.428571	0.0295773
0.714286	-0.387755	0.0308743
0.714286	-0.346939	0.0320501
0.714286	-0.306122	0.0331001
0.714286	-0.265306	0.03402
0.714286	-0.22449	0.0348062
0.714286	-0.183673	0.0354554
0.714286	-0.142857	0.035965
0.714286	-0.102041	0.0363328
0.714286	-0.0612245	0.0365574
0.714286	-0.0204082	0.0366378
0.714286	0.0204082	0.0365735
0.714286	0.0612245	0.0363646
0.714286	0.102041	0.036012
0.714286	0.142857	0.035517
0.714286	0.183673	0.0348813
0.714286	0.22449	0.0341075
0.714286	0.265306	0.0331986
0.714286	0.306122	0.032158
0.714286	0.346939	0.0309899
0.714286	0.387755	0.0296988
0.714286	0.428571	0.0282898
0.714286	0.469388	0.0267685
0.714286	0.510204	0.0251408
0.714286	0.55102	0.0234131
0.714286	0.591837	0.0215924
0.714286	0.632653	0.0196859
0.714286	0.673469	0.017701
0.714286	0.714286	0.0156457
0.714286	0.755102	0.0135281
0.714286	0.795918	0.0113567
0.714286	0.836735	0.00914011
0.714286	0.877551	0.00688712
0.714286	0.918367	0.0046067
0.714286	0.959184	0.00230795
0.714286	1	0
0.755102	-1	0.00198173
0.755102	-0.959184	0.00395573
0.755102	-0.918367	0.0059143
0.755102	-0.877551	0.00784981
0.755102	-0.836735	0.00975469
0.755102	-0.795918	0.0116215
0.755102	-0.755102	0.013443
0.755102	-0.714286	0.0152119
0.755102	-0.673469	0.0169215
0.755102	-0.632653	0.0185649
0.755102	-0.591837	0.0201357
0.755102	-0.55102	0.0216278
0.755102	-0.510204	0.0230352
0.755102	-0.469388	0.0243524
0.755102	-0.428571	0.0255741
0.755102	-0.387755	0.0266956
0.755102	-0.346939	0.0277123
0.755102	-0.306122	0.0286202
0.755102	-0.265306	0.0294156
0.755102	-0.22449	0.0300954
0.755102	-0.183673	0.0306567
0.755102	-0.142857	0.0310973
0.755102	-0.102041	0.0314154
0.755102	-0.0612245	0.0316096
0.755102	-0.0204082	0.031679
0.755102	0.0204082	0.0316234
0.755102	0.0612245	0.0314429
0.755102	0.102041	0.031138
0.755102	0.142857	0.0307099
0.755102	0.183673	0.0301603
0.755102	0.22449	0.0294913
0.755102	0.265306	0.0287053
0.755102	0.306122	0.0278056
0.755102	0.346939	0.0267956
0.755102	0.387755	0.0256792
0.755102	0.428571	0.0244609
0.755102	0.469388	0.0231455
0.755102	0.510204	0.0217381
0.755102	0.55102	0.0202443
0.755102	0.591837	0.01867
0.755102	0.632653	0.0170215
0.755102	0.673469	0.0153052
0.755102	0.714286	0.0135281
0.755102	0.755102	0.0116972
0.755102	0.795918	0.00981965
0.755102	0.836735	0.00790305
0.755102	0.877551	0.00595498
0.755102	0.918367	0.00398321
0.755102	0.959184	0.00199558
0.755102	1	0
0.795918	-1	0.00166364
0.795918	-0.959184	0.00332079
0.795918	-0.918367	0.00496499
0.795918	-0.877551	0.00658983
0.795918	-0.836735	0.00818896
0.795918	-0.795918	0.00975614
0.795918	-0.755102	0.0112852
0.795918	-0.714286	0.0127703
0.795918	-0.673469	0.0142054
0.795918	-0.632653	0.015585
0.795918	-0.591837	0.0169037
0.795918	-0.55102	0.0181563
0.795918	-0.510204	0.0193378
0.795918	-0.469388	0.0204436
0.795918	-0.428571	0.0214692
0.795918	-0.387755	0.0224107
0.795918	-0.346939	0.0232642
0.795918	-0.306122	0.0240264
0.795918	-0.265306	0.0246941
0.795918	-0.22449	0.0252648
0.795918	-0.183673	0.025736
0.795918	-0.142857	0.0261059
0.795918	-0.102041	0.0263729
0.795918	-0.0612245	0.0265359
0.795918	-0.0204082	0.0265942
0.795918	0.0204082	0.0265475
0.795918	0.0612245	0.026396
0.795918	0.102041	0.02614
0.795918	0.142857	0.0257807
0.795918	0.183673	0.0253193
0.795918	0.22449	0.0247576
0.795918	0.265306	0.0240978
0.795918	0.306122	0.0233425
0.795918	0.346939	0.0224946
0.795918	0.387755	0.0215575
0.795918	0.428571	0.0205347
0.795918	0.469388	0.0194304
0.795918	0.510204	0.0182489
0.795918	0.55102	0.0169949
0.795918	0.591837	0.0156733
0.795918	0.632653	0.0142894
0.795918	0.673469	0.0128486
0.795918	0.714286	0.0113567
0.795918	0.755102	0.00981965
0.795918	0.795918	0.0082435
0.795918	0.836735	0.00663453
0.795918	0.877551	0.00499915
0.795918	0.918367	0.00334387
0.795918	0.959184	0.00167527
0.795918	1	0
0.836735	-1	0.00133893
0.836735	-0.959184	0.00267264
0.836735	-0.918367	0.00399593
0.836735	-0.877551	0.00530363
0.836735	-0.836735	0.00659064
0.836735	-0.795918	0.00785193
0.836735	-0.755102	0.00908258
0.836735	-0.714286	0.0102778
0.836735	-0.673469	0.0114328
0.836735	-0.632653	0.0125432
0.836735	-0.591837	0.0136045
0.836735	-0.55102	0.0146126
0.836735	-0.510204	0.0155635
0.836735	-0.469388	0.0164534
0.836735	-0.428571	0.0172789
0.836735	-0.387755	0.0180366
0.836735	-0.346939	0.0187235
0.836735	-0.306122	0.0193369
0.836735	-0.265306	0.0198743
0.836735	-0.22449	0.0203336
0.836735	-0.183673	0.0207128
0.836735	-0.142857	0.0210105
0.836735	-0.102041	0.0212254
0.836735	-0.0612245	0.0213566
0.836735	-0.0204082	0.0214036
0.836735	0.0204082	0.021366
0.836735	0.0612245	0.021244
0.836735	0.102041	0.021038
0.836735	0.142857	0.0207488
0.836735	0.183673	0.0203775
0.836735	0.22449	0.0199254
0.836735	0.265306	0.0193944
0.836735	0.306122	0.0187865
0.836735	0.346939	0.0181041
0.836735	0.387755	0.0173499
0.836735	0.428571	0.0165267
0.836735	0.469388	0.015638
0.836735	0.510204	0.0146871
0.836735	0.55102	0.0136778
0.836735	0.591837	0.0126142
0.836735	0.632653	0.0115004
0.836735	0.673469	0.0103408
0.836735	0.714286	0.00914011
0.836735	0.755102	0.00790305
0.836735	0.795918	0.00663453
0.836735	0.836735	0.0053396
0.836735	0.877551	0.00402341
0.836735	0.918367	0.00269121
0.836735	0.959184	0.00134829
0.836735	1	0
0.877551	-1	0.00100889
0.877551	-0.959184	0.00201385
0.877551	-0.918367	0.00301095
0.877551	-0.877551	0.00399631
0.877551	-0.836735	0.00496608
0.877551	-0.795918	0.00591647
0.877551	-0.755102	0.00684377
0.877551	-0.714286	0.00774434
0.877551	-0.673469	0.00861467
0.877551	-0.632653	0.00945132
0.877551	-0.591837	0.010251
0.877551	-0.55102	0.0110106
0.877551	-0.510204	0.0117271
0.877551	-0.469388	0.0123977
0.877551	-0.428571	0.0130197
0.877551	-0.387755	0.0135906
0.877551	-0.346939	0.0141082
0.877551	-0.306122	0.0145704
0.877551	-0.265306	0.0149754
0.877551	-0.22449	0.0153214
0.877551	-0.183673	0.0156072
0.877551	-0.142857	0.0158315
0.877551	-0.102041	0.0159935
0.877551	-0.0612245	0.0160923
0.877551	-0.0204082	0.0161277
0.877551	0.0204082	0.0160994
0.877551	0.0612245	0.0160075
0.877551	0.102041	0.0158522
0.877551	0.142857	0.0156343
0.877551	0.183673	0.0153545
0.877551	0.22449	0.0150139
0.877551	0.265306	0.0146138
0.877551	0.306122	0.0141557
0.877551	0.346939	0.0136415
0.877551	0.387755	0.0130732
0.877551	0.428571	0.012453
0.877551	0.469388	0.0117833
0.877551	0.510204	0.0110668
0.877551	0.55102	0.0103063
0.877551	0.591837	0.00950484
0.877551	0.632653	0.00866558
0.877551	0.673469	0.00779185
0.877551	0.714286	0.00688712
0.877551	0.755102	0.00595498
0.877551	0.795918	0.00499915
0.877551	0.836735	0.00402341
0.877551	0.877551	0.00303166
0.877551	0.918367	0.00202784
0.877551	0.959184	0.00101594
0.877551	1	0
0.918367	-1	0.000674833
0.918367	-0.959184	0.00134704
0.918367	-0.918367	0.00201398
0.918367	-0.877551	0.00267308
0.918367	-0.836735	0.00332174
0.918367	-0.795918	0.00395745
0.918367	-0.755102	0.00457771
0.918367	-0.714286	0.00518009
0.918367	-0.673469	0.00576224
0.918367	-0.632653	0.00632187
0.918367	-0.591837	0.00685678
0.918367	-0.55102	0.00736487
0.918367	-0.510204	0.00784413
0.918367	-0.469388	0.00829267
0.918367	-0.428571	0.00870871
0.918367	-0.387755	0.0090906
0.918367	-0.346939	0.00943682
0.918367	-0.306122	0.00974598
0.918367	-0.265306	0.0100168
0.918367	-0.22449	0.0102483
0.918367	-0.183673	0.0104395
0.918367	-0.142857	0.0105895
0.918367	-0.102041	0.0106978
0.918367	-0.0612245	0.0107639
0.918367	-0.0204082	0.0107876
0.918367	0.0204082	0.0107687
0.918367	0.0612245	0.0107072
0.918367	0.102041	0.0106034
0.918367	0.142857	0.0104576
0.918367	0.183673	0.0102704
0.918367	0.22449	0.0100426
0.918367	0.265306	0.00977497
0.918367	0.306122	0.00946859
0.918367	0.346939	0.00912465
0.918367	0.387755	0.0087445
0.918367	0.428571	0.00832964
0.918367	0.469388	0.00788169
0.918367	0.510204	0.00740243
0.918367	0.55102	0.00689375
0.918367	0.591837	0.00635766
0.918367	0.632653	0.00579629
0.918367	0.673469	0.00521187
0.918367	0.714286	0.0046067
0.918367	0.755102	0.00398321
0.918367	0.795918	0.00334387
0.918367	0.836735	0.00269121
0.918367	0.877551	0.00202784
0.918367	0.918367	0.00135639
0.918367	0.959184	0.00067955
0.918367	1	0
0.959184	-1	0.00033809
0.959184	-0.959184	0.000674861
0.959184	-0.918367	0.001009
0.959184	-0.877551	0.00133921
0.959184	-0.836735	0.00166419
0.959184	-0.795918	0.00198267
0.959184	-0.755102	0.00229342
0.959184	-0.714286	0.00259521
0.959184	-0.673469	0.00288687
0.959184	-0.632653	0.00316724
0.959184	-0.591837	0.00343523
0.959184	-0.55102	0.00368978
0.959184	-0.510204	0.00392989
0.959184	-0.469388	0.00415461
0.959184	-0.428571	0.00436304
0.959184	-0.387755	0.00455437
0.959184	-0.346939	0.00472782
0.959184	-0.306122	0.00488271
0.959184	-0.265306	0.00501841
0.959184	-0.22449	0.00513438
0.959184	-0.183673	0.00523014
0.959184	-0.142857	0.00530531
0.959184	-0.102041	0.00535958
0.959184	-0.0612245	0.00539271
0.959184	-0.0204082	0.00540456
0.959184	0.0204082	0.00539507
0.959184	0.0612245	0.00536427
0.959184	0.102041	0.00531226
0.959184	0.142857	0.00523923
0.959184	0.183673	0.00514546
0.959184	0.22449	0.00503132
0.959184	0.265306	0.00489724
0.959184	0.306122	0.00474374
0.959184	0.346939	0.00457143
0.959184	0.387755	0.00438097
0.959184	0.428571	0.00417313
0.959184	0.469388	0.00394871
0.959184	0.510204	0.0037086
0.959184	0.55102	0.00345375
0.959184	0.591837	0.00318517
0.959184	0.632653	0.00290393
0.959184	0.673469	0.00261113
0.959184	0.714286	0.00230795
0.959184	0.755102	0.00199558
0.959184	0.795918	0.00167527
0.959184	0.836735	0.00134829
0.959184	0.877551	0.00101594
0.959184	0.918367	0.00067955
0.959184	0.959184	0.000340453
0.959184	1	0
1	-1	0
1	-0.959184	0
1	-0.918367	0
1	-0.877551	0
1	-0.836735	0
1	-0.795918	0
1	-0.755102	0
1	-0.714286	0
1	-0.673469	0
1	-0.632653	0
1	-0.591837	0
1	-0.55102	0
1	-0.510204	0
1	-0.469388	0
1	-0.428571	0
1	-0.387755	0
1	-0.346939	0
1	-0.306122	0
1	-0.265306	0
1	-0.22449	0
1	-0.183673	0
1	-0.142857	0
1	-0.102041	0
1	-0.0612245	0
1	-0.0204082	0
1	0.0204082	0
1	0.0612245	0
1	0.102041	0
1	0.142857	0
1	0.183673	0
1	0.22449	0
1	0.265306	0
1	0.306122	0
1	0.346939	0
1	0.387755	0
1	0.428571	0
1	0.469388	0
1	0.510204	0
1	0.55102	0
1	0.591837	0
1	0.632653	0
1	0.673469	0
1	0.714286	0
1	0.755102	0
1	0.795918	0
1	0.836735	0
1	0.877551	0
1	0.918367	0
1	0.959184	0
1	1	0
