-1	-1	0.000278304
-1	-0.959184	0.000555519
-1	-0.918367	0.00083056
-1	-0.877551	0.00110235
-1	-0.836735	0.00136983
-1	-0.795918	0.00163194
-1	-0.755102	0.00188767
-1	-0.714286	0.002136
-1	-0.673469	0.00237596
-1	-0.632653	0.00260662
-1	-0.591837	0.00282705
-1	-0.55102	0.0030364
-1	-0.510204	0.00323384
-1	-0.469388	0.00341859
-1	-0.428571	0.00358992
-1	-0.387755	0.00374714
-1	-0.346939	0.00388964
-1	-0.306122	0.00401685
-1	-0.265306	0.00412826
-1	-0.22449	0.00422342
-1	-0.183673	0.00430195
-1	-0.142857	0.00436353
-1	-0.102041	0.00440792
-1	-0.0612245	0.00443492
-1	-0.0204082	0.00444442
-1	0.0204082	0.00443638
-1	0.0612245	0.00441082
-1	0.102041	0.00436783
-1	0.142857	0.00430757
-1	0.183673	0.00423028
-1	0.22449	0.00413625
-1	0.265306	0.00402584
-1	0.306122	0.0038995
-1	0.346939	0.0037577
-1	0.387755	0.00360102
-1	0.428571	0.00343005
-1	0.469388	0.00324549
-1	0.510204	0.00304805
-1	0.55102	0.00283852
-1	0.591837	0.00261772
-1	0.632653	0.00238652
-1	0.673469	0.00214585
-1	0.714286	0.00189666
-1	0.755102	0.00163993
-1	0.795918	0.00137669
-1	0.836735	0.00110797
-1	0.877551	0.000834856
-1	0.918367	0.000558421
-1	0.959184	0.000279766
-1	1	0
-0.959184	-1	0.000555519
-0.959184	-0.959184	0.00110886
-0.959184	-0.918367	0.00165787
-0.959184	-0.877551	0.00220039
-0.959184	-0.836735	0.00273429
-0.959184	-0.795918	0.0032575
-0.959184	-0.755102	0.00376795
-0.959184	-0.714286	0.00426364
-0.959184	-0.673469	0.00474263
-0.959184	-0.632653	0.00520303
-0.959184	-0.591837	0.00564304
-0.959184	-0.55102	0.00606093
-0.959184	-0.510204	0.00645503
-0.959184	-0.469388	0.0068238
-0.959184	-0.428571	0.00716579
-0.959184	-0.387755	0.00747962
-0.959184	-0.346939	0.00776407
-0.959184	-0.306122	0.00801798
-0.959184	-0.265306	0.00824036
-0.959184	-0.22449	0.00843031
-0.959184	-0.183673	0.00858706
-0.959184	-0.142857	0.00870999
-0.959184	-0.102041	0.00879858
-0.959184	-0.0612245	0.00885248
-0.959184	-0.0204082	0.00887145
-0.959184	0.0204082	0.0088554
-0.959184	0.0612245	0.00880438
-0.959184	0.102041	0.00871856
-0.959184	0.142857	0.00859829
-0.959184	0.183673	0.008444
-0.959184	0.22449	0.00825631
-0.959184	0.265306	0.00803593
-0.959184	0.306122	0.00778374
-0.959184	0.346939	0.0075007
-0.959184	0.387755	0.00718794
-0.959184	0.428571	0.00684669
-0.959184	0.469388	0.00647828
-0.959184	0.510204	0.00608418
-0.959184	0.55102	0.00566593
-0.959184	0.591837	0.00522519
-0.959184	0.632653	0.00476371
-0.959184	0.673469	0.00428331
-0.959184	0.714286	0.0037859
-0.959184	0.755102	0.00327344
-0.959184	0.795918	0.00274799
-0.959184	0.836735	0.00221161
-0.959184	0.877551	0.00166645
-0.959184	0.918367	0.00111466
-0.959184	0.959184	0.000558438
-0.959184	1	0
-0.918367	-1	0.00083056
-0.918367	-0.959184	0.00165787
-0.918367	-0.918367	0.00247869
-0.918367	-0.877551	0.00328981
-0.918367	-0.836735	0.00408806
-0.918367	-0.795918	0.00487031
-0.918367	-0.755102	0.00563348
-0.918367	-0.714286	0.00637459
-0.918367	-0.673469	0.00709073
-0.918367	-0.632653	0.00777909
-0.918367	-0.591837	0.00843695
-0.918367	-0.55102	0.00906173
-0.918367	-0.510204	0.00965096
-0.918367	-0.469388	0.0102023
-0.918367	-0.428571	0.0107136
-0.918367	-0.387755	0.0111828
-0.918367	-0.346939	0.0116081
-0.918367	-0.306122	0.0119877
-0.918367	-0.265306	0.0123202
-0.918367	-0.22449	0.0126042
-0.918367	-0.183673	0.0128386
-0.918367	-0.142857	0.0130224
-0.918367	-0.102041	0.0131548
-0.918367	-0.0612245	0.0132354
-0.918367	-0.0204082	0.0132638
-0.918367	0.0204082	0.0132398
-0.918367	0.0612245	0.0131635
-0.918367	0.102041	0.0130352
-0.918367	0.142857	0.0128554
-0.918367	0.183673	0.0126247
-0.918367	0.22449	0.0123441
-0.918367	0.265306	0.0120146
-0.918367	0.306122	0.0116375
-0.918367	0.346939	0.0112144
-0.918367	0.387755	0.0107467
-0.918367	0.428571	0.0102365
-0.918367	0.469388	0.00968572
-0.918367	0.510204	0.00909649
-0.918367	0.55102	0.00847117
-0.918367	0.591837	0.00781222
-0.918367	0.632653	0.00712225
-0.918367	0.673469	0.006404
-0.918367	0.714286	0.00566032
-0.918367	0.755102	0.00489415
-0.918367	0.795918	0.00410853
-0.918367	0.836735	0.00330659
-0.918367	0.877551	0.00249151
-0.918367	0.918367	0.00166653
-0.918367	0.959184	0.000834925
-0.918367	1	0
-0.877551	-1	0.00110235
-0.877551	-0.959184	0.00220039
-0.877551	-0.918367	0.00328981
-0.877551	-0.877551	0.00436637
-0.877551	-0.836735	0.00542583
-0.877551	-0.795918	0.00646406
-0.877551	-0.755102	0.00747697
-0.877551	-0.714286	0.0084606
-0.877551	-0.673469	0.00941109
-0.877551	-0.632653	0.0103247
-0.877551	-0.591837	0.0111978
-0.877551	-0.55102	0.0120271
-0.877551	-0.510204	0.0128091
-0.877551	-0.469388	0.0135409
-0.877551	-0.428571	0.0142195
-0.877551	-0.387755	0.0148423
-0.877551	-0.346939	0.0154067
-0.877551	-0.306122	0.0159106
-0.877551	-0.265306	0.0163519
-0.877551	-0.22449	0.0167288
-0.877551	-0.183673	0.0170399
-0.877551	-0.142857	0.0172838
-0.877551	-0.102041	0.0174596
-0.877551	-0.0612245	0.0175665
-0.877551	-0.0204082	0.0176042
-0.877551	0.0204082	0.0175723
-0.877551	0.0612245	0.0174711
-0.877551	0.102041	0.0173008
-0.877551	0.142857	0.0170621
-0.877551	0.183673	0.016756
-0.877551	0.22449	0.0163835
-0.877551	0.265306	0.0159462
-0.877551	0.306122	0.0154458
-0.877551	0.346939	0.0148841
-0.877551	0.387755	0.0142635
-0.877551	0.428571	0.0135863
-0.877551	0.469388	0.0128553
-0.877551	0.510204	0.0120732
-0.877551	0.55102	0.0112433
-0.877551	0.591837	0.0103687
-0.877551	0.632653	0.00945292
-0.877551	0.673469	0.00849964
-0.877551	0.714286	0.00751259
-0.877551	0.755102	0.0064957
-0.877551	0.795918	0.005453
-0.877551	0.836735	0.00438864
-0.877551	0.877551	0.00330683
-0.877551	0.918367	0.00221188
-0.877551	0.959184	0.00110814
-0.877551	1	0
-0.836735	-1	0.00136983
-0.836735	-0.959184	0.00273429
-0.836735	-0.918367	0.00408806
-0.836735	-0.877551	0.00542583
-0.836735	-0.836735	0.00674237
-0.836735	-0.795918	0.00803251
-0.836735	-0.755102	0.0092912
-0.836735	-0.714286	0.0105135
-0.836735	-0.673469	0.0116946
-0.836735	-0.632653	0.0128299
-0.836735	-0.591837	0.0139149
-0.836735	-0.55102	0.0149453
-0.836735	-0.510204	0.0159172
-0.836735	-0.469388	0.0168265
-0.836735	-0.428571	0.0176698
-0.836735	-0.387755	0.0184436
-0.836735	-0.346939	0.019145
-0.836735	-0.306122	0.0197712
-0.836735	-0.265306	0.0203195
-0.836735	-0.22449	0.0207879
-0.836735	-0.183673	0.0211744
-0.836735	-0.142857	0.0214775
-0.836735	-0.102041	0.021696
-0.836735	-0.0612245	0.0218289
-0.836735	-0.0204082	0.0218757
-0.836735	0.0204082	0.0218361
-0.836735	0.0612245	0.0217103
-0.836735	0.102041	0.0214987
-0.836735	0.142857	0.0212021
-0.836735	0.183673	0.0208217
-0.836735	0.22449	0.0203588
-0.836735	0.265306	0.0198154
-0.836735	0.306122	0.0191935
-0.836735	0.346939	0.0184956
-0.836735	0.387755	0.0177244
-0.836735	0.428571	0.0168829
-0.836735	0.469388	0.0159745
-0.836735	0.510204	0.0150027
-0.836735	0.55102	0.0139713
-0.836735	0.591837	0.0128845
-0.836735	0.632653	0.0117466
-0.836735	0.673469	0.010562
-0.836735	0.714286	0.00933546
-0.836735	0.755102	0.00807183
-0.836735	0.795918	0.00677613
-0.836735	0.836735	0.00545351
-0.836735	0.877551	0.00410921
-0.836735	0.918367	0.00274858
-0.836735	0.959184	0.00137703
-0.836735	1	0
-0.795918	-1	0.00163194
-0.795918	-0.959184	0.0032575
-0.795918	-0.918367	0.00487031
-0.795918	-0.877551	0.00646406
-0.795918	-0.836735	0.00803251
-0.795918	-0.795918	0.00956951
-0.795918	-0.755102	0.0110691
-0.795918	-0.714286	0.0125252
-0.795918	-0.673469	0.0139324
-0.795918	-0.632653	0.0152849
-0.795918	-0.591837	0.0165775
-0.795918	-0.55102	0.0178051
-0.795918	-0.510204	0.0189629
-0.795918	-0.469388	0.0200462
-0.795918	-0.428571	0.0210509
-0.795918	-0.387755	0.0219728
-0.795918	-0.346939	0.0228084
-0.795918	-0.306122	0.0235543
-0.795918	-0.265306	0.0242076
-0.795918	-0.22449	0.0247656
-0.795918	-0.183673	0.0252261
-0.795918	-0.142857	0.0255872
-0.795918	-0.102041	0.0258475
-0.795918	-0.0612245	0.0260058
-0.795918	-0.0204082	0.0260616
-0.795918	0.0204082	0.0260144
-0.795918	0.0612245	0.0258645
-0.795918	0.102041	0.0256124
-0.795918	0.142857	0.0252591
-0.795918	0.183673	0.0248059
-0.795918	0.22449	0.0242545
-0.795918	0.265306	0.0236071
-0.795918	0.306122	0.0228662
-0.795918	0.346939	0.0220347
-0.795918	0.387755	0.0211159
-0.795918	0.428571	0.0201134
-0.795918	0.469388	0.0190312
-0.795918	0.510204	0.0178734
-0.795918	0.55102	0.0166447
-0.795918	0.591837	0.01535
-0.795918	0.632653	0.0139943
-0.795918	0.673469	0.012583
-0.795918	0.714286	0.0111218
-0.795918	0.755102	0.00961636
-0.795918	0.795918	0.00807273
-0.795918	0.836735	0.00649703
-0.795918	0.877551	0.0048955
-0.795918	0.918367	0.00327452
-0.795918	0.959184	0.00164052
-0.795918	1	0
-0.755102	-1	0.00188767
-0.755102	-0.959184	0.00376795
-0.755102	-0.918367	0.00563348
-0.755102	-0.877551	0.00747697
-0.755102	-0.836735	0.0092912
-0.755102	-0.795918	0.0110691
-0.755102	-0.755102	0.0128036
-0.755102	-0.714286	0.0144879
-0.755102	-0.673469	0.0161156
-0.755102	-0.632653	0.01768
-0.755102	-0.591837	0.0191752
-0.755102	-0.55102	0.0205952
-0.755102	-0.510204	0.0219344
-0.755102	-0.469388	0.0231875
-0.755102	-0.428571	0.0243495
-0.755102	-0.387755	0.0254159
-0.755102	-0.346939	0.0263825
-0.755102	-0.306122	0.0272453
-0.755102	-0.265306	0.0280009
-0.755102	-0.22449	0.0286464
-0.755102	-0.183673	0.0291791
-0.755102	-0.142857	0.0295968
-0.755102	-0.102041	0.0298978
-0.755102	-0.0612245	0.0300809
-0.755102	-0.0204082	0.0301454
-0.755102	0.0204082	0.0300909
-0.755102	0.0612245	0.0299175
-0.755102	0.102041	0.0296259
-0.755102	0.142857	0.0292172
-0.755102	0.183673	0.0286929
-0.755102	0.22449	0.0280551
-0.755102	0.265306	0.0273063
-0.755102	0.306122	0.0264493
-0.755102	0.346939	0.0254876
-0.755102	0.387755	0.0244248
-0.755102	0.428571	0.0232652
-0.755102	0.469388	0.0220134
-0.755102	0.510204	0.0206742
-0.755102	0.55102	0.019253
-0.755102	0.591837	0.0177553
-0.755102	0.632653	0.0161872
-0.755102	0.673469	0.0145548
-0.755102	0.714286	0.0128646
-0.755102	0.755102	0.0111232
-0.755102	0.795918	0.00933773
-0.755102	0.836735	0.00751511
-0.755102	0.877551	0.00566262
-0.755102	0.918367	0.00378763
-0.755102	0.959184	0.00189759
-0.755102	1	0
-0.714286	-1	0.002136
-0.714286	-0.959184	0.00426364
-0.714286	-0.918367	0.00637459
-0.714286	-0.877551	0.0084606
-0.714286	-0.836735	0.0105135
-0.714286	-0.795918	0.0125252
-0.714286	-0.755102	0.0144879
-0.714286	-0.714286	0.0163939
-0.714286	-0.673469	0.0182356
-0.714286	-0.632653	0.0200059
-0.714286	-0.591837	0.0216978
-0.714286	-0.55102	0.0233046
-0.714286	-0.510204	0.0248199
-0.714286	-0.469388	0.0262379
-0.714286	-0.428571	0.0275528
-0.714286	-0.387755	0.0287595
-0.714286	-0.346939	0.0298532
-0.714286	-0.306122	0.0308296
-0.714286	-0.265306	0.0316846
-0.714286	-0.22449	0.032415
-0.714286	-0.183673	0.0330177
-0.714286	-0.142857	0.0334904
-0.714286	-0.102041	0.033831
-0.714286	-0.0612245	0.0340382
-0.714286	-0.0204082	0.0341112
-0.714286	0.0204082	0.0340495
-0.714286	0.0612245	0.0338533
-0.714286	0.102041	0.0335233
-0.714286	0.142857	0.0330609
-0.714286	0.183673	0.0324676
-0.714286	0.22449	0.0317459
-0.714286	0.265306	0.0308986
-0.714286	0.306122	0.0299289
-0.714286	0.346939	0.0288406
-0.714286	0.387755	0.027638
-0.714286	0.428571	0.0263259
-0.714286	0.469388	0.0249093
-0.714286	0.510204	0.023394
-0.714286	0.55102	0.0217858
-0.714286	0.591837	0.0200911
-0.714286	0.632653	0.0183167
-0.714286	0.673469	0.0164695
-0.714286	0.714286	0.014557
-0.714286	0.755102	0.0125866
-0.714286	0.795918	0.0105662
-0.714286	0.836735	0.00850376
-0.714286	0.877551	0.00640757
-0.714286	0.918367	0.00428591
-0.714286	0.959184	0.00214722
-0.714286	1	0
-0.673469	-1	0.00237596
-0.673469	-0.959184	0.00474263
-0.673469	-0.918367	0.00709073
-0.673469	-0.877551	0.00941109
-0.673469	-0.836735	0.0116946
-0.673469	-0.795918	0.0139324
-0.673469	-0.755102	0.0161156
-0.673469	-0.714286	0.0182356
-0.673469	-0.673469	0.0202843
-0.673469	-0.632653	0.0222535
-0.673469	-0.591837	0.0241354
-0.673469	-0.55102	0.0259227
-0.673469	-0.510204	0.0276083
-0.673469	-0.469388	0.0291855
-0.673469	-0.428571	0.0306482
-0.673469	-0.387755	0.0319905
-0.673469	-0.346939	0.033207
-0.673469	-0.306122	0.034293
-0.673469	-0.265306	0.0352442
-0.673469	-0.22449	0.0360566
-0.673469	-0.183673	0.036727
-0.673469	-0.142857	0.0372528
-0.673469	-0.102041	0.0376317
-0.673469	-0.0612245	0.0378622
-0.673469	-0.0204082	0.0379433
-0.673469	0.0204082	0.0378747
-0.673469	0.0612245	0.0376565
-0.673469	0.102041	0.0372894
-0.673469	0.142857	0.036775
-0.673469	0.183673	0.0361151
-0.673469	0.22449	0.0353124
-0.673469	0.265306	0.0343698
-0.673469	0.306122	0.0332912
-0.673469	0.346939	0.0320806
-0.673469	0.387755	0.0307429
-0.673469	0.428571	0.0292834
-0.673469	0.469388	0.0277077
-0.673469	0.510204	0.0260221
-0.673469	0.55102	0.0242333
-0.673469	0.591837	0.0223482
-0.673469	0.632653	0.0203744
-0.673469	0.673469	0.0183198
-0.673469	0.714286	0.0161923
-0.673469	0.755102	0.0140006
-0.673469	0.795918	0.0117532
-0.673469	0.836735	0.00945909
-0.673469	0.877551	0.00712741
-0.673469	0.918367	0.00476741
-0.673469	0.959184	0.00238845
-0.673469	1	0
-0.632653	-1	0.00260662
-0.632653	-0.959184	0.00520303
-0.632653	-0.918367	0.00777909
-0.632653	-0.877551	0.0103247
-0.632653	-0.836735	0.0128299
-0.632653	-0.795918	0.0152849
-0.632653	-0.755102	0.01768
-0.632653	-0.714286	0.0200059
-0.632653	-0.673469	0.0222535
-0.632653	-0.632653	0.0244138
-0.632653	-0.591837	0.0264784
-0.632653	-0.55102	0.0284392
-0.632653	-0.510204	0.0302884
-0.632653	-0.469388	0.0320188
-0.632653	-0.428571	0.0336235
-0.632653	-0.387755	0.035096
-0.632653	-0.346939	0.0364307
-0.632653	-0.306122	0.0376222
-0.632653	-0.265306	0.0386656
-0.632653	-0.22449	0.0395569
-0.632653	-0.183673	0.0402924
-0.632653	-0.142857	0.0408692
-0.632653	-0.102041	0.0412849
-0.632653	-0.0612245	0.0415378
-0.632653	-0.0204082	0.0416268
-0.632653	0.0204082	0.0415515
-0.632653	0.0612245	0.0413121
-0.632653	0.102041	0.0409094
-0.632653	0.142857	0.0403451
-0.632653	0.183673	0.0396211
-0.632653	0.22449	0.0387404
-0.632653	0.265306	0.0377064
-0.632653	0.306122	0.036523
-0.632653	0.346939	0.035195
-0.632653	0.387755	0.0337274
-0.632653	0.428571	0.0321262
-0.632653	0.469388	0.0303975
-0.632653	0.510204	0.0285483
-0.632653	0.55102	0.0265858
-0.632653	0.591837	0.0245177
-0.632653	0.632653	0.0223524
-0.632653	0.673469	0.0200982
-0.632653	0.714286	0.0177643
-0.632653	0.755102	0.0153597
-0.632653	0.795918	0.0128942
-0.632653	0.836735	0.0103774
-0.632653	0.877551	0.00781933
-0.632653	0.918367	0.00523022
-0.632653	0.959184	0.00262032
-0.632653	1	0
-0.591837	-1	0.00282705
-0.591837	-0.959184	0.00564304
-0.591837	-0.918367	0.00843695
-0.591837	-0.877551	0.0111978
-0.591837	-0.836735	0.0139149
-0.591837	-0.795918	0.0165775
-0.591837	-0.755102	0.0191752
-0.591837	-0.714286	0.0216978
-0.591837	-0.673469	0.0241354
-0.591837	-0.632653	0.0264784
-0.591837	-0.591837	0.0287176
-0.591837	-0.55102	0.0308442
-0.591837	-0.510204	0.0328499
-0.591837	-0.469388	0.0347266
-0.591837	-0.428571	0.0364669
-0.591837	-0.387755	0.038064
-0.591837	-0.346939	0.0395116
-0.591837	-0.306122	0.0408038
-0.591837	-0.265306	0.0419355
-0.591837	-0.22449	0.0429021
-0.591837	-0.183673	0.0436998
-0.591837	-0.142857	0.0443254
-0.591837	-0.102041	0.0447763
-0.591837	-0.0612245	0.0450506
-0.591837	-0.0204082	0.0451471
-0.591837	0.0204082	0.0450654
-0.591837	0.0612245	0.0448058
-0.591837	0.102041	0.0443691
-0.591837	0.142857	0.043757
-0.591837	0.183673	0.0429718
-0.591837	0.22449	0.0420166
-0.591837	0.265306	0.0408951
-0.591837	0.306122	0.0396117
-0.591837	0.346939	0.0381713
-0.591837	0.387755	0.0365797
-0.591837	0.428571	0.034843
-0.591837	0.469388	0.0329682
-0.591837	0.510204	0.0309626
-0.591837	0.55102	0.0288341
-0.591837	0.591837	0.0265912
-0.591837	0.632653	0.0242427
-0.591837	0.673469	0.0217979
-0.591837	0.714286	0.0192665
-0.591837	0.755102	0.0166587
-0.591837	0.795918	0.0139846
-0.591837	0.836735	0.011255
-0.591837	0.877551	0.0084806
-0.591837	0.918367	0.00567253
-0.591837	0.959184	0.00284191
-0.591837	1	0
-0.55102	-1	0.0030364
-0.55102	-0.959184	0.00606093
-0.55102	-0.918367	0.00906173
-0.55102	-0.877551	0.0120271
-0.55102	-0.836735	0.0149453
-0.55102	-0.795918	0.0178051
-0.55102	-0.755102	0.0205952
-0.55102	-0.714286	0.0233046
-0.55102	-0.673469	0.0259227
-0.55102	-0.632653	0.0284392
-0.55102	-0.591837	0.0308442
-0.55102	-0.55102	0.0331283
-0.55102	-0.510204	0.0352825
-0.55102	-0.469388	0.0372982
-0.55102	-0.428571	0.0391674
-0.55102	-0.387755	0.0408828
-0.55102	-0.346939	0.0424375
-0.55102	-0.306122	0.0438254
-0.55102	-0.265306	0.0450409
-0.55102	-0.22449	0.0460791
-0.55102	-0.183673	0.0469359
-0.55102	-0.142857	0.0476078
-0.55102	-0.102041	0.0480921
-0.55102	-0.0612245	0.0483867
-0.55102	-0.0204082	0.0484904
-0.55102	0.0204082	0.0484026
-0.55102	0.0612245	0.0481237
-0.55102	0.102041	0.0476547
-0.55102	0.142857	0.0469973
-0.55102	0.183673	0.046154
-0.55102	0.22449	0.0451281
-0.55102	0.265306	0.0439235
-0.55102	0.306122	0.042545
-0.55102	0.346939	0.040998
-0.55102	0.387755	0.0392885
-0.55102	0.428571	0.0374232
-0.55102	0.469388	0.0354096
-0.55102	0.510204	0.0332554
-0.55102	0.55102	0.0309693
-0.55102	0.591837	0.0285603
-0.55102	0.632653	0.0260379
-0.55102	0.673469	0.0234121
-0.55102	0.714286	0.0206933
-0.55102	0.755102	0.0178923
-0.55102	0.795918	0.0150202
-0.55102	0.836735	0.0120884
-0.55102	0.877551	0.00910861
-0.55102	0.918367	0.00609259
-0.55102	0.959184	0.00305236
-0.55102	1	0
-0.510204	-1	0.00323384
-0.510204	-0.959184	0.00645503
-0.510204	-0.918367	0.00965096
-0.510204	-0.877551	0.0128091
-0.510204	-0.836735	0.0159172
-0.510204	-0.795918	0.0189629
-0.510204	-0.755102	0.0219344
-0.510204	-0.714286	0.0248199
-0.510204	-0.673469	0.0276083
-0.510204	-0.632653	0.0302884
-0.510204	-0.591837	0.0328499
-0.510204	-0.55102	0.0352825
-0.510204	-0.510204	0.0375767
-0.510204	-0.469388	0.0397234
-0.510204	-0.428571	0.0417142
-0.510204	-0.387755	0.0435412
-0.510204	-0.346939	0.045197
-0.510204	-0.306122	0.0466751
-0.510204	-0.265306	0.0479696
-0.510204	-0.22449	0.0490754
-0.510204	-0.183673	0.0499879
-0.510204	-0.142857	0.0507035
-0.510204	-0.102041	0.0512192
-0.510204	-0.0612245	0.051533
-0.510204	-0.0204082	0.0516434
-0.510204	0.0204082	0.05155
-0.510204	0.0612245	0.0512529
-0.510204	0.102041	0.0507534
-0.510204	0.142857	0.0500532
-0.510204	0.183673	0.0491551
-0.510204	0.22449	0.0480625
-0.510204	0.265306	0.0467796
-0.510204	0.306122	0.0453115
-0.510204	0.346939	0.0436639
-0.510204	0.387755	0.0418432
-0.510204	0.428571	0.0398567
-0.510204	0.469388	0.037712
-0.510204	0.510204	0.0354178
-0.510204	0.55102	0.0329831
-0.510204	0.591837	0.0304174
-0.510204	0.632653	0.027731
-0.510204	0.673469	0.0249344
-0.510204	0.714286	0.0220388
-0.510204	0.755102	0.0190557
-0.510204	0.795918	0.0159969
-0.510204	0.836735	0.0128745
-0.510204	0.877551	0.00970088
-0.510204	0.918367	0.00648876
-0.510204	0.959184	0.00325084
-0.510204	1	0
-0.469388	-1	0.00341859
-0.469388	-0.959184	0.0068238
-0.469388	-0.918367	0.0102023
-0.469388	-0.877551	0.0135409
-0.469388	-0.836735	0.0168265
-0.469388	-0.795918	0.0200462
-0.469388	-0.755102	0.0231875
-0.469388	-0.714286	0.0262379
-0.469388	-0.673469	0.0291855
-0.469388	-0.632653	0.0320188
-0.469388	-0.591837	0.0347266
-0.469388	-0.55102	0.0372982
-0.469388	-0.510204	0.0397234
-0.469388	-0.469388	0.0419928
-0.469388	-0.428571	0.0440973
-0.469388	-0.387755	0.0460287
-0.469388	-0.346939	0.0477791
-0.469388	-0.306122	0.0493417
-0.469388	-0.265306	0.0507101
-0.469388	-0.22449	0.0518791
-0.469388	-0.183673	0.0528437
-0.469388	-0.142857	0.0536002
-0.469388	-0.102041	0.0541454
-0.469388	-0.0612245	0.054477
-0.469388	-0.0204082	0.0545938
-0.469388	0.0204082	0.054495
-0.469388	0.0612245	0.054181
-0.469388	0.102041	0.0536529
-0.469388	0.142857	0.0529128
-0.469388	0.183673	0.0519633
-0.469388	0.22449	0.0508083
-0.469388	0.265306	0.0494521
-0.469388	0.306122	0.0479001
-0.469388	0.346939	0.0461584
-0.469388	0.387755	0.0442337
-0.469388	0.428571	0.0421336
-0.469388	0.469388	0.0398665
-0.469388	0.510204	0.0374412
-0.469388	0.55102	0.0348674
-0.469388	0.591837	0.0321551
-0.469388	0.632653	0.0293152
-0.469388	0.673469	0.0263589
-0.469388	0.714286	0.0232979
-0.469388	0.755102	0.0201444
-0.469388	0.795918	0.0169108
-0.469388	0.836735	0.01361
-0.469388	0.877551	0.0102551
-0.469388	0.918367	0.00685946
-0.469388	0.959184	0.00343656
-0.469388	1	0
-0.428571	-1	0.00358992
-0.428571	-0.959184	0.00716579
-0.428571	-0.918367	0.0107136
-0.428571	-0.877551	0.0142195
-0.428571	-0.836735	0.0176698
-0.428571	-0.795918	0.0210509
-0.428571	-0.755102	0.0243495
-0.428571	-0.714286	0.0275528
-0.428571	-0.673469	0.0306482
-0.428571	-0.632653	0.0336235
-0.428571	-0.591837	0.0364669
-0.428571	-0.55102	0.0391674
-0.428571	-0.510204	0.0417142
-0.428571	-0.469388	0.0440973
-0.428571	-0.428571	0.0463073
-0.428571	-0.387755	0.0483354
-0.428571	-0.346939	0.0501736
-0.428571	-0.306122	0.0518145
-0.428571	-0.265306	0.0532515
-0.428571	-0.22449	0.054479
-0.428571	-0.183673	0.055492
-0.428571	-0.142857	0.0562864
-0.428571	-0.102041	0.0568589
-0.428571	-0.0612245	0.0572072
-0.428571	-0.0204082	0.0573298
-0.428571	0.0204082	0.0572261
-0.428571	0.0612245	0.0568964
-0.428571	0.102041	0.0563418
-0.428571	0.142857	0.0555645
-0.428571	0.183673	0.0545675
-0.428571	0.22449	0.0533546
-0.428571	0.265306	0.0519305
-0.428571	0.306122	0.0503007
-0.428571	0.346939	0.0484716
-0.428571	0.387755	0.0464505
-0.428571	0.428571	0.0442452
-0.428571	0.469388	0.0418645
-0.428571	0.510204	0.0393176
-0.428571	0.55102	0.0366148
-0.428571	0.591837	0.0337666
-0.428571	0.632653	0.0307844
-0.428571	0.673469	0.0276799
-0.428571	0.714286	0.0244655
-0.428571	0.755102	0.0211539
-0.428571	0.795918	0.0177583
-0.428571	0.836735	0.014292
-0.428571	0.877551	0.010769
-0.428571	0.918367	0.00720323
-0.428571	0.959184	0.00360879
-0.428571	1	0
-0.387755	-1	0.00374714
-0.387755	-0.959184	0.00747962
-0.387755	-0.918367	0.0111828
-0.387755	-0.877551	0.0148423
-0.387755	-0.836735	0.0184436
-0.387755	-0.795918	0.0219728
-0.387755	-0.755102	0.0254159
-0.387755	-0.714286	0.0287595
-0.387755	-0.673469	0.0319905
-0.387755	-0.632653	0.035096
-0.387755	-0.591837	0.038064
-0.387755	-0.55102	0.0408828
-0.387755	-0.510204	0.0435412
-0.387755	-0.469388	0.0460287
-0.387755	-0.428571	0.0483354
-0.387755	-0.387755	0.0504523
-0.387755	-0.346939	0.052371
-0.387755	-0.306122	0.0540838
-0.387755	-0.265306	0.0555838
-0.387755	-0.22449	0.056865
-0.387755	-0.183673	0.0579224
-0.387755	-0.142857	0.0587515
-0.387755	-0.102041	0.0593491
-0.387755	-0.0612245	0.0597127
-0.387755	-0.0204082	0.0598406
-0.387755	0.0204082	0.0597324
-0.387755	0.0612245	0.0593882
-0.387755	0.102041	0.0588094
-0.387755	0.142857	0.0579981
-0.387755	0.183673	0.0569574
-0.387755	0.22449	0.0556913
-0.387755	0.265306	0.0542048
-0.387755	0.306122	0.0525037
-0.387755	0.346939	0.0505945
-0.387755	0.387755	0.0484849
-0.387755	0.428571	0.046183
-0.387755	0.469388	0.043698
-0.387755	0.510204	0.0410396
-0.387755	0.55102	0.0382184
-0.387755	0.591837	0.0352455
-0.387755	0.632653	0.0321327
-0.387755	0.673469	0.0288922
-0.387755	0.714286	0.025537
-0.387755	0.755102	0.0220804
-0.387755	0.795918	0.018536
-0.387755	0.836735	0.014918
-0.387755	0.877551	0.0112407
-0.387755	0.918367	0.0075187
-0.387755	0.959184	0.00376684
-0.387755	1	0
-0.346939	-1	0.00388964
-0.346939	-0.959184	0.00776407
-0.346939	-0.918367	0.0116081
-0.346939	-0.877551	0.0154067
-0.346939	-0.836735	0.019145
-0.346939	-0.795918	0.0228084
-0.346939	-0.755102	0.0263825
-0.346939	-0.714286	0.0298532
-0.346939	-0.673469	0.033207
-0.346939	-0.632653	0.0364307
-0.346939	-0.591837	0.0395116
-0.346939	-0.55102	0.0424375
-0.346939	-0.510204	0.045197
-0.346939	-0.469388	0.0477791
-0.346939	-0.428571	0.0501736
-0.346939	-0.387755	0.052371
-0.346939	-0.346939	0.0543626
-0.346939	-0.306122	0.0561405
-0.346939	-0.265306	0.0576976
-0.346939	-0.22449	0.0590275
-0.346939	-0.183673	0.0601251
-0.346939	-0.142857	0.0609858
-0.346939	-0.102041	0.0616061
-0.346939	-0.0612245	0.0619835
-0.346939	-0.0204082	0.0621163
-0.346939	0.0204082	0.0620039
-0.346939	0.0612245	0.0616467
-0.346939	0.102041	0.0610458
-0.346939	0.142857	0.0602037
-0.346939	0.183673	0.0591234
-0.346939	0.22449	0.0578092
-0.346939	0.265306	0.0562662
-0.346939	0.306122	0.0545003
-0.346939	0.346939	0.0525186
-0.346939	0.387755	0.0503287
-0.346939	0.428571	0.0479393
-0.346939	0.469388	0.0453598
-0.346939	0.510204	0.0426003
-0.346939	0.55102	0.0396718
-0.346939	0.591837	0.0365858
-0.346939	0.632653	0.0333546
-0.346939	0.673469	0.029991
-0.346939	0.714286	0.0265082
-0.346939	0.755102	0.0229201
-0.346939	0.795918	0.0192409
-0.346939	0.836735	0.0154853
-0.346939	0.877551	0.0116682
-0.346939	0.918367	0.00780463
-0.346939	0.959184	0.00391009
-0.346939	1	0
-0.306122	-1	0.00401685
-0.306122	-0.959184	0.00801798
-0.306122	-0.918367	0.0119877
-0.306122	-0.877551	0.0159106
-0.306122	-0.836735	0.0197712
-0.306122	-0.795918	0.0235543
-0.306122	-0.755102	0.0272453
-0.306122	-0.714286	0.0308296
-0.306122	-0.673469	0.034293
-0.306122	-0.632653	0.0376222
-0.306122	-0.591837	0.0408038
-0.306122	-0.55102	0.0438254
-0.306122	-0.510204	0.0466751
-0.306122	-0.469388	0.0493417
-0.306122	-0.428571	0.0518145
-0.306122	-0.387755	0.0540838
-0.306122	-0.346939	0.0561405
-0.306122	-0.306122	0.0579765
-0.306122	-0.265306	0.0595845
-0.306122	-0.22449	0.060958
-0.306122	-0.183673	0.0620914
-0.306122	-0.142857	0.0629803
-0.306122	-0.102041	0.0636209
-0.306122	-0.0612245	0.0640106
-0.306122	-0.0204082	0.0641478
-0.306122	0.0204082	0.0640317
-0.306122	0.0612245	0.0636628
-0.306122	0.102041	0.0630423
-0.306122	0.142857	0.0621726
-0.306122	0.183673	0.061057
-0.306122	0.22449	0.0596998
-0.306122	0.265306	0.0581063
-0.306122	0.306122	0.0562827
-0.306122	0.346939	0.0542362
-0.306122	0.387755	0.0519747
-0.306122	0.428571	0.0495071
-0.306122	0.469388	0.0468432
-0.306122	0.510204	0.0439935
-0.306122	0.55102	0.0409692
-0.306122	0.591837	0.0377824
-0.306122	0.632653	0.0344455
-0.306122	0.673469	0.0309718
-0.306122	0.714286	0.0273751
-0.306122	0.755102	0.0236697
-0.306122	0.795918	0.0198702
-0.306122	0.836735	0.0159917
-0.306122	0.877551	0.0120498
-0.306122	0.918367	0.00805988
-0.306122	0.959184	0.00403796
-0.306122	1	0
-0.265306	-1	0.00412826
-0.265306	-0.959184	0.00824036
-0.265306	-0.918367	0.0123202
-0.265306	-0.877551	0.0163519
-0.265306	-0.836735	0.0203195
-0.265306	-0.795918	0.0242076
-0.265306	-0.755102	0.0280009
-0.265306	-0.714286	0.0316846
-0.265306	-0.673469	0.0352442
-0.265306	-0.632653	0.0386656
-0.265306	-0.591837	0.0419355
-0.265306	-0.55102	0.0450409
-0.265306	-0.510204	0.0479696
-0.265306	-0.469388	0.0507101
-0.265306	-0.428571	0.0532515
-0.265306	-0.387755	0.0555838
-0.265306	-0.346939	0.0576976
-0.265306	-0.306122	0.0595845
-0.265306	-0.265306	0.0612371
-0.265306	-0.22449	0.0626487
-0.265306	-0.183673	0.0638135
-0.265306	-0.142857	0.064727
-0.265306	-0.102041	0.0653854
-0.265306	-0.0612245	0.0657859
-0.265306	-0.0204082	0.0659269
-0.265306	0.0204082	0.0658076
-0.265306	0.0612245	0.0654285
-0.265306	0.102041	0.0647908
-0.265306	0.142857	0.0638969
-0.265306	0.183673	0.0627504
-0.265306	0.22449	0.0613556
-0.265306	0.265306	0.0597179
-0.265306	0.306122	0.0578437
-0.265306	0.346939	0.0557404
-0.265306	0.387755	0.0534162
-0.265306	0.428571	0.0508802
-0.265306	0.469388	0.0481424
-0.265306	0.510204	0.0452137
-0.265306	0.55102	0.0421055
-0.265306	0.591837	0.0388302
-0.265306	0.632653	0.0354008
-0.265306	0.673469	0.0318308
-0.265306	0.714286	0.0281343
-0.265306	0.755102	0.0243261
-0.265306	0.795918	0.0204213
-0.265306	0.836735	0.0164353
-0.265306	0.877551	0.012384
-0.265306	0.918367	0.00828342
-0.265306	0.959184	0.00414996
-0.265306	1	0
-0.22449	-1	0.00422342
-0.22449	-0.959184	0.00843031
-0.22449	-0.918367	0.0126042
-0.22449	-0.877551	0.0167288
-0.22449	-0.836735	0.0207879
-0.22449	-0.795918	0.0247656
-0.22449	-0.755102	0.0286464
-0.22449	-0.714286	0.032415
-0.22449	-0.673469	0.0360566
-0.22449	-0.632653	0.0395569
-0.22449	-0.591837	0.0429021
-0.22449	-0.55102	0.0460791
-0.22449	-0.510204	0.0490754
-0.22449	-0.469388	0.0518791
-0.22449	-0.428571	0.054479
-0.22449	-0.387755	0.056865
-0.22449	-0.346939	0.0590275
-0.22449	-0.306122	0.060958
-0.22449	-0.265306	0.0626487
-0.22449	-0.22449	0.0640928
-0.22449	-0.183673	0.0652845
-0.22449	-0.142857	0.0662191
-0.22449	-0.102041	0.0668926
-0.22449	-0.0612245	0.0673024
-0.22449	-0.0204082	0.0674466
-0.22449	0.0204082	0.0673246
-0.22449	0.0612245	0.0669367
-0.22449	0.102041	0.0662843
-0.22449	0.142857	0.0653698
-0.22449	0.183673	0.0641969
-0.22449	0.22449	0.0627699
-0.22449	0.265306	0.0610945
-0.22449	0.306122	0.0591771
-0.22449	0.346939	0.0570253
-0.22449	0.387755	0.0546475
-0.22449	0.428571	0.052053
-0.22449	0.469388	0.0492522
-0.22449	0.510204	0.0462559
-0.22449	0.55102	0.0430761
-0.22449	0.591837	0.0397253
-0.22449	0.632653	0.0362168
-0.22449	0.673469	0.0325645
-0.22449	0.714286	0.0287829
-0.22449	0.755102	0.0248869
-0.22449	0.795918	0.020892
-0.22449	0.836735	0.0168141
-0.22449	0.877551	0.0126694
-0.22449	0.918367	0.00847436
-0.22449	0.959184	0.00424562
-0.22449	1	0
-0.183673	-1	0.00430195
-0.183673	-0.959184	0.00858706
-0.183673	-0.918367	0.0128386
-0.183673	-0.877551	0.0170399
-0.183673	-0.836735	0.0211744
-0.183673	-0.795918	0.0252261
-0.183673	-0.755102	0.0291791
-0.183673	-0.714286	0.0330177
-0.183673	-0.673469	0.036727
-0.183673	-0.632653	0.0402924
-0.183673	-0.591837	0.0436998
-0.183673	-0.55102	0.0469359
-0.183673	-0.510204	0.0499879
-0.183673	-0.469388	0.0528437
-0.183673	-0.428571	0.055492
-0.183673	-0.387755	0.0579224
-0.183673	-0.346939	0.0601251
-0.183673	-0.306122	0.0620914
-0.183673	-0.265306	0.0638135
-0.183673	-0.22449	0.0652845
-0.183673	-0.183673	0.0664984
-0.183673	-0.142857	0.0674503
-0.183673	-0.102041	0.0681364
-0.183673	-0.0612245	0.0685538
-0.183673	-0.0204082	0.0687007
-0.183673	0.0204082	0.0685764
-0.183673	0.0612245	0.0681813
-0.183673	0.102041	0.0675168
-0.183673	0.142857	0.0665853
-0.183673	0.183673	0.0653905
-0.183673	0.22449	0.063937
-0.183673	0.265306	0.0622304
-0.183673	0.306122	0.0602774
-0.183673	0.346939	0.0580856
-0.183673	0.387755	0.0556636
-0.183673	0.428571	0.0530209
-0.183673	0.469388	0.050168
-0.183673	0.510204	0.047116
-0.183673	0.55102	0.0438771
-0.183673	0.591837	0.040464
-0.183673	0.632653	0.0368902
-0.183673	0.673469	0.03317
-0.183673	0.714286	0.0293181
-0.183673	0.755102	0.0253496
-0.183673	0.795918	0.0212805
-0.183673	0.836735	0.0171268
-0.183673	0.877551	0.012905
-0.183673	0.918367	0.00863193
-0.183673	0.959184	0.00432456
-0.183673	1	0
-0.142857	-1	0.00436353
-0.142857	-0.959184	0.00870999
-0.142857	-0.918367	0.0130224
-0.142857	-0.877551	0.0172838
-0.142857	-0.836735	0.0214775
-0.142857	-0.795918	0.0255872
-0.142857	-0.755102	0.0295968
-0.142857	-0.714286	0.0334904
-0.142857	-0.673469	0.0372528
-0.142857	-0.632653	0.0408692
-0.142857	-0.591837	0.0443254
-0.142857	-0.55102	0.0476078
-0.142857	-0.510204	0.0507035
-0.142857	-0.469388	0.0536002
-0.142857	-0.428571	0.0562864
-0.142857	-0.387755	0.0587515
-0.142857	-0.346939	0.0609858
-0.142857	-0.306122	0.0629803
-0.142857	-0.265306	0.064727
-0.142857	-0.22449	0.0662191
-0.142857	-0.183673	0.0674503
-0.142857	-0.142857	0.0684159
-0.142857	-0.102041	0.0691118
-0.142857	-0.0612245	0.0695352
-0.142857	-0.0204082	0.0696842
-0.142857	0.0204082	0.0695581
-0.142857	0.0612245	0.0691573
-0.142857	0.102041	0.0684833
-0.142857	0.142857	0.0675385
-0.142857	0.183673	0.0663266
-0.142857	0.22449	0.0648523
-0.142857	0.265306	0.0631213
-0.142857	0.306122	0.0611403
-0.142857	0.346939	0.0589171
-0.142857	0.387755	0.0564604
-0.142857	0.428571	0.0537799
-0.142857	0.469388	0.0508861
-0.142857	0.510204	0.0477905
-0.142857	0.55102	0.0445052
-0.142857	0.591837	0.0410432
-0.142857	0.632653	0.0374183
-0.142857	0.673469	0.0336449
-0.142857	0.714286	0.0297377
-0.142857	0.755102	0.0257125
-0.142857	0.795918	0.0215851
-0.142857	0.836735	0.0173719
-0.142857	0.877551	0.0130897
-0.142857	0.918367	0.0087555
-0.142857	0.959184	0.00438647
-0.142857	1	0
-0.102041	-1	0.00440792
-0.102041	-0.959184	0.00879858
-0.102041	-0.918367	0.0131548
-0.102041	-0.877551	0.0174596
-0.102041	-0.836735	0.021696
-0.102041	-0.795918	0.0258475
-0.102041	-0.755102	0.0298978
-0.102041	-0.714286	0.033831
-0.102041	-0.673469	0.0376317
-0.102041	-0.632653	0.0412849
-0.102041	-0.591837	0.0447763
-0.102041	-0.55102	0.0480921
-0.102041	-0.510204	0.0512192
-0.102041	-0.469388	0.0541454
-0.102041	-0.428571	0.0568589
-0.102041	-0.387755	0.0593491
-0.102041	-0.346939	0.0616061
-0.102041	-0.306122	0.0636209
-0.102041	-0.265306	0.0653854
-0.102041	-0.22449	0.0668926
-0.102041	-0.183673	0.0681364
-0.102041	-0.142857	0.0691118
-0.102041	-0.102041	0.0698148
-0.102041	-0.0612245	0.0702424
-0.102041	-0.0204082	0.070393
-0.102041	0.0204082	0.0702656
-0.102041	0.0612245	0.0698607
-0.102041	0.102041	0.0691799
-0.102041	0.142857	0.0682255
-0.102041	0.183673	0.0670013
-0.102041	0.22449	0.065512
-0.102041	0.265306	0.0637633
-0.102041	0.306122	0.0617622
-0.102041	0.346939	0.0595164
-0.102041	0.387755	0.0570347
-0.102041	0.428571	0.0543269
-0.102041	0.469388	0.0514037
-0.102041	0.510204	0.0482766
-0.102041	0.55102	0.0449579
-0.102041	0.591837	0.0414607
-0.102041	0.632653	0.0377989
-0.102041	0.673469	0.0339871
-0.102041	0.714286	0.0300402
-0.102041	0.755102	0.025974
-0.102041	0.795918	0.0218047
-0.102041	0.836735	0.0175486
-0.102041	0.877551	0.0132229
-0.102041	0.918367	0.00884455
-0.102041	0.959184	0.00443108
-0.102041	1	0
-0.0612245	-1	0.00443492
-0.0612245	-0.959184	0.00885248
-0.0612245	-0.918367	0.0132354
-0.0612245	-0.877551	0.0175665
-0.0612245	-0.836735	0.0218289
-0.0612245	-0.795918	0.0260058
-0.0612245	-0.755102	0.0300809
-0.0612245	-0.714286	0.0340382
-0.0612245	-0.673469	0.0378622
-0.0612245	-0.632653	0.0415378
-0.0612245	-0.591837	0.0450506
-0.0612245	-0.55102	0.0483867
-0.0612245	-0.510204	0.051533
-0.0612245	-0.469388	0.054477
-0.0612245	-0.428571	0.0572072
-0.0612245	-0.387755	0.0597127
-0.0612245	-0.346939	0.0619835
-0.0612245	-0.306122	0.0640106
-0.0612245	-0.265306	0.0657859
-0.0612245	-0.22449	0.0673024
-0.0612245	-0.183673	0.0685538
-0.0612245	-0.142857	0.0695352
-0.0612245	-0.102041	0.0702424
-0.0612245	-0.0612245	0.0706727
-0.0612245	-0.0204082	0.0708242
-0.0612245	0.0204082	0.070696
-0.0612245	0.0612245	0.0702887
-0.0612245	0.102041	0.0696036
-0.0612245	0.142857	0.0686434
-0.0612245	0.183673	0.0674117
-0.0612245	0.22449	0.0659133
-0.0612245	0.265306	0.0641539
-0.0612245	0.306122	0.0621405
-0.0612245	0.346939	0.059881
-0.0612245	0.387755	0.0573841
-0.0612245	0.428571	0.0546597
-0.0612245	0.469388	0.0517186
-0.0612245	0.510204	0.0485723
-0.0612245	0.55102	0.0452332
-0.0612245	0.591837	0.0417147
-0.0612245	0.632653	0.0380305
-0.0612245	0.673469	0.0341953
-0.0612245	0.714286	0.0302242
-0.0612245	0.755102	0.0261331
-0.0612245	0.795918	0.0219382
-0.0612245	0.836735	0.0176561
-0.0612245	0.877551	0.0133039
-0.0612245	0.918367	0.00889873
-0.0612245	0.959184	0.00445823
-0.0612245	1	0
-0.0204082	-1	0.00444442
-0.0204082	-0.959184	0.00887145
-0.0204082	-0.918367	0.0132638
-0.0204082	-0.877551	0.0176042
-0.0204082	-0.836735	0.0218757
-0.0204082	-0.795918	0.0260616
-0.0204082	-0.755102	0.0301454
-0.0204082	-0.714286	0.0341112
-0.0204082	-0.673469	0.0379433
-0.0204082	-0.632653	0.0416268
-0.0204082	-0.591837	0.0451471
-0.0204082	-0.55102	0.0484904
-0.0204082	-0.510204	0.0516434
-0.0204082	-0.469388	0.0545938
-0.0204082	-0.428571	0.0573298
-0.0204082	-0.387755	0.0598406
-0.0204082	-0.346939	0.0621163
-0.0204082	-0.306122	0.0641478
-0.0204082	-0.265306	0.0659269
-0.0204082	-0.22449	0.0674466
-0.0204082	-0.183673	0.0687007
-0.0204082	-0.142857	0.0696842
-0.0204082	-0.102041	0.070393
-0.0204082	-0.0612245	0.0708242
-0.0204082	-0.0204082	0.0709759
-0.0204082	0.0204082	0.0708475
-0.0204082	0.0612245	0.0704393
-0.0204082	0.102041	0.0697528
-0.0204082	0.142857	0.0687905
-0.0204082	0.183673	0.0675561
-0.0204082	0.22449	0.0660545
-0.0204082	0.265306	0.0642914
-0.0204082	0.306122	0.0622737
-0.0204082	0.346939	0.0600093
-0.0204082	0.387755	0.0575071
-0.0204082	0.428571	0.0547769
-0.0204082	0.469388	0.0518294
-0.0204082	0.510204	0.0486764
-0.0204082	0.55102	0.0453302
-0.0204082	0.591837	0.0418041
-0.0204082	0.632653	0.038112
-0.0204082	0.673469	0.0342685
-0.0204082	0.714286	0.030289
-0.0204082	0.755102	0.0261891
-0.0204082	0.795918	0.0219852
-0.0204082	0.836735	0.017694
-0.0204082	0.877551	0.0133324
-0.0204082	0.918367	0.0089178
-0.0204082	0.959184	0.00446778
-0.0204082	1	0
0.0204082	-1	0.00443638
0.0204082	-0.959184	0.0088554
0.0204082	-0.918367	0.0132398
0.0204082	-0.877551	0.0175723
0.0204082	-0.836735	0.0218361
0.0204082	-0.795918	0.0260144
0.0204082	-0.755102	0.0300909
0.0204082	-0.714286	0.0340495
0.0204082	-0.673469	0.0378747
0.0204082	-0.632653	0.0415515
0.0204082	-0.591837	0.0450654
0.0204082	-0.55102	0.0484026
0.0204082	-0.510204	0.05155
0.0204082	-0.469388	0.054495
0.0204082	-0.428571	0.0572261
0.0204082	-0.387755	0.0597324
0.0204082	-0.346939	0.0620039
0.0204082	-0.306122	0.0640317
0.0204082	-0.265306	0.0658076
0.0204082	-0.22449	0.0673246
0.0204082	-0.183673	0.0685764
0.0204082	-0.142857	0.0695581
0.0204082	-0.102041	0.0702656
0.0204082	-0.0612245	0.070696
0.0204082	-0.0204082	0.0708475
0.0204082	0.0204082	0.0707193
0.0204082	0.0612245	0.0703119
0.0204082	0.102041	0.0696266
0.0204082	0.142857	0.068666
0.0204082	0.183673	0.0674339
0.0204082	0.22449	0.065935
0.0204082	0.265306	0.0641751
0.0204082	0.306122	0.062161
0.0204082	0.346939	0.0599007
0.0204082	0.387755	0.057403
0.0204082	0.428571	0.0546777
0.0204082	0.469388	0.0517356
0.0204082	0.510204	0.0485883
0.0204082	0.55102	0.0452482
0.0204082	0.591837	0.0417284
0.0204082	0.632653	0.038043
0.0204082	0.673469	0.0342065
0.0204082	0.714286	0.0302342
0.0204082	0.755102	0.0261418
0.0204082	0.795918	0.0219455
0.0204082	0.836735	0.017662
0.0204082	0.877551	0.0133083
0.0204082	0.918367	0.00890167
0.0204082	0.959184	0.0044597
0.0204082	1	0
0.0612245	-1	0.00441082
0.0612245	-0.959184	0.00880438
0.0612245	-0.918367	0.0131635
0.0612245	-0.877551	0.0174711
0.0612245	-0.836735	0.0217103
0.0612245	-0.795918	0.0258645
0.0612245	-0.755102	0.0299175
0.0612245	-0.714286	0.0338533
0.0612245	-0.673469	0.0376565
0.0612245	-0.632653	0.0413121
0.0612245	-0.591837	0.0448058
0.0612245	-0.55102	0.0481237
0.0612245	-0.510204	0.0512529
0.0612245	-0.469388	0.054181
0.0612245	-0.428571	0.0568964
0.0612245	-0.387755	0.0593882
0.0612245	-0.346939	0.0616467
0.0612245	-0.306122	0.0636628
0.0612245	-0.265306	0.0654285
0.0612245	-0.22449	0.0669367
0.0612245	-0.183673	0.0681813
0.0612245	-0.142857	0.0691573
0.0612245	-0.102041	0.0698607
0.0612245	-0.0612245	0.0702887
0.0612245	-0.0204082	0.0704393
0.0612245	0.0204082	0.0703119
0.0612245	0.0612245	0.0699067
0.0612245	0.102041	0.0692254
0.0612245	0.142857	0.0682704
0.0612245	0.183673	0.0670454
0.0612245	0.22449	0.0655551
0.0612245	0.265306	0.0638053
0.0612245	0.306122	0.0618029
0.0612245	0.346939	0.0595556
0.0612245	0.387755	0.0570723
0.0612245	0.428571	0.0543627
0.0612245	0.469388	0.0514376
0.0612245	0.510204	0.0483084
0.0612245	0.55102	0.0449875
0.0612245	0.591837	0.041488
0.0612245	0.632653	0.0378238
0.0612245	0.673469	0.0340095
0.0612245	0.714286	0.03006
0.0612245	0.755102	0.0259911
0.0612245	0.795918	0.021819
0.0612245	0.836735	0.0175602
0.0612245	0.877551	0.0132316
0.0612245	0.918367	0.00885038
0.0612245	0.959184	0.004434
0.0612245	1	0
0.102041	-1	0.00436783
0.102041	-0.959184	0.00871856
0.102041	-0.918367	0.0130352
0.102041	-0.877551	0.0173008
0.102041	-0.836735	0.0214987
0.102041	-0.795918	0.0256124
0.102041	-0.755102	0.0296259
0.102041	-0.714286	0.0335233
0.102041	-0.673469	0.0372894
0.102041	-0.632653	0.0409094
0.102041	-0.591837	0.0443691
0.102041	-0.55102	0.0476547
0.102041	-0.510204	0.0507534
0.102041	-0.469388	0.0536529
0.102041	-0.428571	0.0563418
0.102041	-0.387755	0.0588094
0.102041	-0.346939	0.0610458
0.102041	-0.306122	0.0630423
0.102041	-0.265306	0.0647908
0.102041	-0.22449	0.0662843
0.102041	-0.183673	0.0675168
0.102041	-0.142857	0.0684833
0.102041	-0.102041	0.0691799
0.102041	-0.0612245	0.0696036
0.102041	-0.0204082	0.0697528
0.102041	0.0204082	0.0696266
0.102041	0.0612245	0.0692254
0.102041	0.102041	0.0685507
0.102041	0.142857	0.067605
0.102041	0.183673	0.0663919
0.102041	0.22449	0.0649162
0.102041	0.265306	0.0631834
0.102041	0.306122	0.0612005
0.102041	0.346939	0.0589751
0.102041	0.387755	0.056516
0.102041	0.428571	0.0538329
0.102041	0.469388	0.0509362
0.102041	0.510204	0.0478375
0.102041	0.55102	0.044549
0.102041	0.591837	0.0410836
0.102041	0.632653	0.0374552
0.102041	0.673469	0.033678
0.102041	0.714286	0.029767
0.102041	0.755102	0.0257378
0.102041	0.795918	0.0216064
0.102041	0.836735	0.017389
0.102041	0.877551	0.0131026
0.102041	0.918367	0.00876412
0.102041	0.959184	0.00439078
0.102041	1	0
0.142857	-1	0.00430757
0.142857	-0.959184	0.00859829
0.142857	-0.918367	0.0128554
0.142857	-0.877551	0.0170621
0.142857	-0.836735	0.0212021
0.142857	-0.795918	0.0252591
0.142857	-0.755102	0.0292172
0.142857	-0.714286	0.0330609
0.142857	-0.673469	0.036775
0.142857	-0.632653	0.0403451
0.142857	-0.591837	0.043757
0.142857	-0.55102	0.0469973
0.142857	-0.510204	0.0500532
0.142857	-0.469388	0.0529128
0.142857	-0.428571	0.0555645
0.142857	-0.387755	0.0579981
0.142857	-0.346939	0.0602037
0.142857	-0.306122	0.0621726
0.142857	-0.265306	0.0638969
0.142857	-0.22449	0.0653698
0.142857	-0.183673	0.0665853
0.142857	-0.142857	0.0675385
0.142857	-0.102041	0.0682255
0.142857	-0.0612245	0.0686434
0.142857	-0.0204082	0.0687905
0.142857	0.0204082	0.068666
0.142857	0.0612245	0.0682704
0.142857	0.102041	0.067605
0.142857	0.142857	0.0666723
0.142857	0.183673	0.065476
0.142857	0.22449	0.0640206
0.142857	0.265306	0.0623118
0.142857	0.306122	0.0603562
0.142857	0.346939	0.0581615
0.142857	0.387755	0.0557363
0.142857	0.428571	0.0530902
0.142857	0.469388	0.0502335
0.142857	0.510204	0.0471776
0.142857	0.55102	0.0439344
0.142857	0.591837	0.0405169
0.142857	0.632653	0.0369385
0.142857	0.673469	0.0332134
0.142857	0.714286	0.0293564
0.142857	0.755102	0.0253828
0.142857	0.795918	0.0213083
0.142857	0.836735	0.0171491
0.142857	0.877551	0.0129219
0.142857	0.918367	0.00864321
0.142857	0.959184	0.00433021
0.142857	1	0
0.183673	-1	0.00423028
0.183673	-0.959184	0.008444
0.183673	-0.918367	0.0126247
0.183673	-0.877551	0.016756
0.183673	-0.836735	0.0208217
0.183673	-0.795918	0.0248059
0.183673	-0.755102	0.0286929
0.183673	-0.714286	0.0324676
0.183673	-0.673469	0.0361151
0.183673	-0.632653	0.0396211
0.183673	-0.591837	0.0429718
0.183673	-0.55102	0.046154
0.183673	-0.510204	0.0491551
0.183673	-0.469388	0.0519633
0.183673	-0.428571	0.0545675
0.183673	-0.387755	0.0569574
0.183673	-0.346939	0.0591234
0.183673	-0.306122	0.061057
0.183673	-0.265306	0.0627504
0.183673	-0.22449	0.0641969
0.183673	-0.183673	0.0653905
0.183673	-0.142857	0.0663266
0.183673	-0.102041	0.0670013
0.183673	-0.0612245	0.0674117
0.183673	-0.0204082	0.0675561
0.183673	0.0204082	0.0674339
0.183673	0.0612245	0.0670454
0.183673	0.102041	0.0663919
0.183673	0.142857	0.065476
0.183673	0.183673	0.0643011
0.183673	0.22449	0.0628718
0.183673	0.265306	0.0611937
0.183673	0.306122	0.0592732
0.183673	0.346939	0.0571179
0.183673	0.387755	0.0547362
0.183673	0.428571	0.0521376
0.183673	0.469388	0.0493322
0.183673	0.510204	0.046331
0.183673	0.55102	0.0431461
0.183673	0.591837	0.0397898
0.183673	0.632653	0.0362757
0.183673	0.673469	0.0326174
0.183673	0.714286	0.0288296
0.183673	0.755102	0.0249273
0.183673	0.795918	0.0209259
0.183673	0.836735	0.0168414
0.183673	0.877551	0.01269
0.183673	0.918367	0.00848812
0.183673	0.959184	0.00425251
0.183673	1	0
0.22449	-1	0.00413625
0.22449	-0.959184	0.00825631
0.22449	-0.918367	0.0123441
0.22449	-0.877551	0.0163835
0.22449	-0.836735	0.0203588
0.22449	-0.795918	0.0242545
0.22449	-0.755102	0.0280551
0.22449	-0.714286	0.0317459
0.22449	-0.673469	0.0353124
0.22449	-0.632653	0.0387404
0.22449	-0.591837	0.0420166
0.22449	-0.55102	0.0451281
0.22449	-0.510204	0.0480625
0.22449	-0.469388	0.0508083
0.22449	-0.428571	0.0533546
0.22449	-0.387755	0.0556913
0.22449	-0.346939	0.0578092
0.22449	-0.306122	0.0596998
0.22449	-0.265306	0.0613556
0.22449	-0.22449	0.0627699
0.22449	-0.183673	0.063937
0.22449	-0.142857	0.0648523
0.22449	-0.102041	0.065512
0.22449	-0.0612245	0.0659133
0.22449	-0.0204082	0.0660545
0.22449	0.0204082	0.065935
0.22449	0.0612245	0.0655551
0.22449	0.102041	0.0649162
0.22449	0.142857	0.0640206
0.22449	0.183673	0.0628718
0.22449	0.22449	0.0614743
0.22449	0.265306	0.0598335
0.22449	0.306122	0.0579557
0.22449	0.346939	0.0558483
0.22449	0.387755	0.0535196
0.22449	0.428571	0.0509787
0.22449	0.469388	0.0482356
0.22449	0.510204	0.0453012
0.22449	0.55102	0.042187
0.22449	0.591837	0.0389054
0.22449	0.632653	0.0354693
0.22449	0.673469	0.0318924
0.22449	0.714286	0.0281888
0.22449	0.755102	0.0243732
0.22449	0.795918	0.0204608
0.22449	0.836735	0.0164671
0.22449	0.877551	0.0124079
0.22449	0.918367	0.00829945
0.22449	0.959184	0.00415799
0.22449	1	0
0.265306	-1	0.00402584
0.265306	-0.959184	0.00803593
0.265306	-0.918367	0.0120146
0.265306	-0.877551	0.0159462
0.265306	-0.836735	0.0198154
0.265306	-0.795918	0.0236071
0.265306	-0.755102	0.0273063
0.265306	-0.714286	0.0308986
0.265306	-0.673469	0.0343698
0.265306	-0.632653	0.0377064
0.265306	-0.591837	0.0408951
0.265306	-0.55102	0.0439235
0.265306	-0.510204	0.0467796
0.265306	-0.469388	0.0494521
0.265306	-0.428571	0.0519305
0.265306	-0.387755	0.0542048
0.265306	-0.346939	0.0562662
0.265306	-0.306122	0.0581063
0.265306	-0.265306	0.0597179
0.265306	-0.22449	0.0610945
0.265306	-0.183673	0.0622304
0.265306	-0.142857	0.0631213
0.265306	-0.102041	0.0637633
0.265306	-0.0612245	0.0641539
0.265306	-0.0204082	0.0642914
0.265306	0.0204082	0.0641751
0.265306	0.0612245	0.0638053
0.265306	0.102041	0.0631834
0.265306	0.142857	0.0623118
0.265306	0.183673	0.0611937
0.265306	0.22449	0.0598335
0.265306	0.265306	0.0582364
0.265306	0.306122	0.0564087
0.265306	0.346939	0.0543576
0.265306	0.387755	0.052091
0.265306	0.428571	0.0496179
0.265306	0.469388	0.0469481
0.265306	0.510204	0.044092
0.265306	0.55102	0.041061
0.265306	0.591837	0.0378669
0.265306	0.632653	0.0345226
0.265306	0.673469	0.0310411
0.265306	0.714286	0.0274364
0.265306	0.755102	0.0237226
0.265306	0.795918	0.0199147
0.265306	0.836735	0.0160275
0.265306	0.877551	0.0120767
0.265306	0.918367	0.00807792
0.265306	0.959184	0.004047
0.265306	1	0
0.306122	-1	0.0038995
0.306122	-0.959184	0.00778374
0.306122	-0.918367	0.0116375
0.306122	-0.877551	0.0154458
0.306122	-0.836735	0.0191935
0.306122	-0.795918	0.0228662
0.306122	-0.755102	0.0264493
0.306122	-0.714286	0.0299289
0.306122	-0.673469	0.0332912
0.306122	-0.632653	0.036523
0.306122	-0.591837	0.0396117
0.306122	-0.55102	0.042545
0.306122	-0.510204	0.0453115
0.306122	-0.469388	0.0479001
0.306122	-0.428571	0.0503007
0.306122	-0.387755	0.0525037
0.306122	-0.346939	0.0545003
0.306122	-0.306122	0.0562827
0.306122	-0.265306	0.0578437
0.306122	-0.22449	0.0591771
0.306122	-0.183673	0.0602774
0.306122	-0.142857	0.0611403
0.306122	-0.102041	0.0617622
0.306122	-0.0612245	0.0621405
0.306122	-0.0204082	0.0622737
0.306122	0.0204082	0.062161
0.306122	0.0612245	0.0618029
0.306122	0.102041	0.0612005
0.306122	0.142857	0.0603562
0.306122	0.183673	0.0592732
0.306122	0.22449	0.0579557
0.306122	0.265306	0.0564087
0.306122	0.306122	0.0546384
0.306122	0.346939	0.0526516
0.306122	0.387755	0.0504562
0.306122	0.428571	0.0480607
0.306122	0.469388	0.0454747
0.306122	0.510204	0.0427082
0.306122	0.55102	0.0397723
0.306122	0.591837	0.0366785
0.306122	0.632653	0.0334391
0.306122	0.673469	0.0300669
0.306122	0.714286	0.0265753
0.306122	0.755102	0.0229781
0.306122	0.795918	0.0192897
0.306122	0.836735	0.0155245
0.306122	0.877551	0.0116977
0.306122	0.918367	0.0078244
0.306122	0.959184	0.00391999
0.306122	1	0
0.346939	-1	0.0037577
0.346939	-0.959184	0.0075007
0.346939	-0.918367	0.0112144
0.346939	-0.877551	0.0148841
0.346939	-0.836735	0.0184956
0.346939	-0.795918	0.0220347
0.346939	-0.755102	0.0254876
0.346939	-0.714286	0.0288406
0.346939	-0.673469	0.0320806
0.346939	-0.632653	0.035195
0.346939	-0.591837	0.0381713
0.346939	-0.55102	0.040998
0.346939	-0.510204	0.0436639
0.346939	-0.469388	0.0461584
0.346939	-0.428571	0.0484716
0.346939	-0.387755	0.0505945
0.346939	-0.346939	0.0525186
0.346939	-0.306122	0.0542362
0.346939	-0.265306	0.0557404
0.346939	-0.22449	0.0570253
0.346939	-0.183673	0.0580856
0.346939	-0.142857	0.0589171
0.346939	-0.102041	0.0595164
0.346939	-0.0612245	0.059881
0.346939	-0.0204082	0.0600093
0.346939	0.0204082	0.0599007
0.346939	0.0612245	0.0595556
0.346939	0.102041	0.0589751
0.346939	0.142857	0.0581615
0.346939	0.183673	0.0571179
0.346939	0.22449	0.0558483
0.346939	0.265306	0.0543576
0.346939	0.306122	0.0526516
0.346939	0.346939	0.0507371
0.346939	0.387755	0.0486215
0.346939	0.428571	0.0463132
0.346939	0.469388	0.0438211
0.346939	0.510204	0.0411553
0.346939	0.55102	0.0383261
0.346939	0.591837	0.0353448
0.346939	0.632653	0.0322232
0.346939	0.673469	0.0289736
0.346939	0.714286	0.025609
0.346939	0.755102	0.0221426
0.346939	0.795918	0.0185882
0.346939	0.836735	0.01496
0.346939	0.877551	0.0112724
0.346939	0.918367	0.00753989
0.346939	0.959184	0.00377745
0.346939	1	0
0.387755	-1	0.00360102
0.387755	-0.959184	0.00718794
0.387755	-0.918367	0.0107467
0.387755	-0.877551	0.0142635
0.387755	-0.836735	0.0177244
0.387755	-0.795918	0.0211159
0.387755	-0.755102	0.0244248
0.387755	-0.714286	0.027638
0.387755	-0.673469	0.0307429
0.387755	-0.632653	0.0337274
0.387755	-0.591837	0.0365797
0.387755	-0.55102	0.0392885
0.387755	-0.510204	0.0418432
0.387755	-0.469388	0.0442337
0.387755	-0.428571	0.0464505
0.387755	-0.387755	0.0484849
0.387755	-0.346939	0.0503287
0.387755	-0.306122	0.0519747
0.387755	-0.265306	0.0534162
0.387755	-0.22449	0.0546475
0.387755	-0.183673	0.0556636
0.387755	-0.142857	0.0564604
0.387755	-0.102041	0.0570347
0.387755	-0.0612245	0.0573841
0.387755	-0.0204082	0.0575071
0.387755	0.0204082	0.057403
0.387755	0.0612245	0.0570723
0.387755	0.102041	0.056516
0.387755	0.142857	0.0557363
0.387755	0.183673	0.0547362
0.387755	0.22449	0.0535196
0.387755	0.265306	0.052091
0.387755	0.306122	0.0504562
0.387755	0.346939	0.0486215
0.387755	0.387755	0.0465941
0.387755	0.428571	0.044382
0.387755	0.469388	0.0419939
0.387755	0.510204	0.0394392
0.387755	0.55102	0.036728
0.387755	0.591837	0.033871
0.387755	0.632653	0.0308796
0.387755	0.673469	0.0277655
0.387755	0.714286	0.0245412
0.387755	0.755102	0.0212193
0.387755	0.795918	0.0178132
0.387755	0.836735	0.0143362
0.387755	0.877551	0.0108023
0.387755	0.918367	0.0072255
0.387755	0.959184	0.00361994
0.387755	1	0
0.428571	-1	0.00343005
0.428571	-0.959184	0.00684669
0.428571	-0.918367	0.0102365
0.428571	-0.877551	0.0135863
0.428571	-0.836735	0.0168829
0.428571	-0.795918	0.0201134
0.428571	-0.755102	0.0232652
0.428571	-0.714286	0.0263259
0.428571	-0.673469	0.0292834
0.428571	-0.632653	0.0321262
0.428571	-0.591837	0.034843
0.428571	-0.55102	0.0374232
0.428571	-0.510204	0.0398567
0.428571	-0.469388	0.0421336
0.428571	-0.428571	0.0442452
0.428571	-0.387755	0.046183
0.428571	-0.346939	0.0479393
0.428571	-0.306122	0.0495071
0.428571	-0.265306	0.0508802
0.428571	-0.22449	0.052053
0.428571	-0.183673	0.0530209
0.428571	-0.142857	0.0537799
0.428571	-0.102041	0.0543269
0.428571	-0.0612245	0.0546597
0.428571	-0.0204082	0.0547769
0.428571	0.0204082	0.0546777
0.428571	0.0612245	0.0543627
0.428571	0.102041	0.0538329
0.428571	0.142857	0.0530902
0.428571	0.183673	0.0521376
0.428571	0.22449	0.0509787
0.428571	0.265306	0.0496179
0.428571	0.306122	0.0480607
0.428571	0.346939	0.0463132
0.428571	0.387755	0.044382
0.428571	0.428571	0.0422749
0.428571	0.469388	0.0400002
0.428571	0.510204	0.0375668
0.428571	0.55102	0.0349843
0.428571	0.591837	0.032263
0.428571	0.632653	0.0294135
0.428571	0.673469	0.0264473
0.428571	0.714286	0.023376
0.428571	0.755102	0.0202119
0.428571	0.795918	0.0169675
0.428571	0.836735	0.0136556
0.428571	0.877551	0.0102895
0.428571	0.918367	0.00688246
0.428571	0.959184	0.00344808
0.428571	1	0
0.469388	-1	0.00324549
0.469388	-0.959184	0.00647828
0.469388	-0.918367	0.00968572
0.469388	-0.877551	0.0128553
0.469388	-0.836735	0.0159745
0.469388	-0.795918	0.0190312
0.469388	-0.755102	0.0220134
0.469388	-0.714286	0.0249093
0.469388	-0.673469	0.0277077
0.469388	-0.632653	0.0303975
0.469388	-0.591837	0.0329682
0.469388	-0.55102	0.0354096
0.469388	-0.510204	0.037712
0.469388	-0.469388	0.0398665
0.469388	-0.428571	0.0418645
0.469388	-0.387755	0.043698
0.469388	-0.346939	0.0453598
0.469388	-0.306122	0.0468432
0.469388	-0.265306	0.0481424
0.469388	-0.22449	0.0492522
0.469388	-0.183673	0.050168
0.469388	-0.142857	0.0508861
0.469388	-0.102041	0.0514037
0.469388	-0.0612245	0.0517186
0.469388	-0.0204082	0.0518294
0.469388	0.0204082	0.0517356
0.469388	0.0612245	0.0514376
0.469388	0.102041	0.0509362
0.469388	0.142857	0.0502335
0.469388	0.183673	0.0493322
0.469388	0.22449	0.0482356
0.469388	0.265306	0.0469481
0.469388	0.306122	0.0454747
0.469388	0.346939	0.0438211
0.469388	0.387755	0.0419939
0.469388	0.428571	0.0400002
0.469388	0.469388	0.0378479
0.469388	0.510204	0.0355454
0.469388	0.55102	0.0331019
0.469388	0.591837	0.030527
0.469388	0.632653	0.0278309
0.469388	0.673469	0.0250242
0.469388	0.714286	0.0221182
0.469388	0.755102	0.0191243
0.469388	0.795918	0.0160545
0.469388	0.836735	0.0129208
0.469388	0.877551	0.00973583
0.469388	0.918367	0.00651213
0.469388	0.959184	0.00326255
0.469388	1	0
0.510204	-1	0.00304805
0.510204	-0.959184	0.00608418
0.510204	-0.918367	0.00909649
0.510204	-0.877551	0.0120732
0.510204	-0.836735	0.0150027
0.510204	-0.795918	0.0178734
0.510204	-0.755102	0.0206742
0.510204	-0.714286	0.023394
0.510204	-0.673469	0.0260221
0.510204	-0.632653	0.0285483
0.510204	-0.591837	0.0309626
0.510204	-0.55102	0.0332554
0.510204	-0.510204	0.0354178
0.510204	-0.469388	0.0374412
0.510204	-0.428571	0.0393176
0.510204	-0.387755	0.0410396
0.510204	-0.346939	0.0426003
0.510204	-0.306122	0.0439935
0.510204	-0.265306	0.0452137
0.510204	-0.22449	0.0462559
0.510204	-0.183673	0.047116
0.510204	-0.142857	0.0477905
0.510204	-0.102041	0.0482766
0.510204	-0.0612245	0.0485723
0.510204	-0.0204082	0.0486764
0.510204	0.0204082	0.0485883
0.510204	0.0612245	0.0483084
0.510204	0.102041	0.0478375
0.510204	0.142857	0.0471776
0.510204	0.183673	0.046331
0.510204	0.22449	0.0453012
0.510204	0.265306	0.044092
0.510204	0.306122	0.0427082
0.510204	0.346939	0.0411553
0.510204	0.387755	0.0394392
0.510204	0.428571	0.0375668
0.510204	0.469388	0.0355454
0.510204	0.510204	0.033383
0.510204	0.55102	0.0310881
0.510204	0.591837	0.0286699
0.510204	0.632653	0.0261378
0.510204	0.673469	0.0235019
0.510204	0.714286	0.0207727
0.510204	0.755102	0.0179609
0.510204	0.795918	0.0150778
0.510204	0.836735	0.0121348
0.510204	0.877551	0.00914355
0.510204	0.918367	0.00611596
0.510204	0.959184	0.00306407
0.510204	1	0
0.55102	-1	0.00283852
0.55102	-0.959184	0.00566593
0.55102	-0.918367	0.00847117
0.55102	-0.877551	0.0112433
0.55102	-0.836735	0.0139713
0.55102	-0.795918	0.0166447
0.55102	-0.755102	0.019253
0.55102	-0.714286	0.0217858
0.55102	-0.673469	0.0242333
0.55102	-0.632653	0.0265858
0.55102	-0.591837	0.0288341
0.55102	-0.55102	0.0309693
0.55102	-0.510204	0.0329831
0.55102	-0.469388	0.0348674
0.55102	-0.428571	0.0366148
0.55102	-0.387755	0.0382184
0.55102	-0.346939	0.0396718
0.55102	-0.306122	0.0409692
0.55102	-0.265306	0.0421055
0.55102	-0.22449	0.0430761
0.55102	-0.183673	0.0438771
0.55102	-0.142857	0.0445052
0.55102	-0.102041	0.0449579
0.55102	-0.0612245	0.0452332
0.55102	-0.0204082	0.0453302
0.55102	0.0204082	0.0452482
0.55102	0.0612245	0.0449875
0.55102	0.102041	0.044549
0.55102	0.142857	0.0439344
0.55102	0.183673	0.0431461
0.55102	0.22449	0.042187
0.55102	0.265306	0.041061
0.55102	0.306122	0.0397723
0.55102	0.346939	0.0383261
0.55102	0.387755	0.036728
0.55102	0.428571	0.0349843
0.55102	0.469388	0.0331019
0.55102	0.510204	0.0310881
0.55102	0.55102	0.028951
0.55102	0.591837	0.026699
0.55102	0.632653	0.024341
0.55102	0.673469	0.0218863
0.55102	0.714286	0.0193447
0.55102	0.755102	0.0167262
0.55102	0.795918	0.0140413
0.55102	0.836735	0.0113006
0.55102	0.877551	0.00851498
0.55102	0.918367	0.00569553
0.55102	0.959184	0.00285344
0.55102	1	0
0.591837	-1	0.00261772
0.591837	-0.959184	0.00522519
0.591837	-0.918367	0.00781222
0.591837	-0.877551	0.0103687
0.591837	-0.836735	0.0128845
0.591837	-0.795918	0.01535
0.591837	-0.755102	0.0177553
0.591837	-0.714286	0.0200911
0.591837	-0.673469	0.0223482
0.591837	-0.632653	0.0245177
0.591837	-0.591837	0.0265912
0.591837	-0.55102	0.0285603
0.591837	-0.510204	0.0304174
0.591837	-0.469388	0.0321551
0.591837	-0.428571	0.0337666
0.591837	-0.387755	0.0352455
0.591837	-0.346939	0.0365858
0.591837	-0.306122	0.0377824
0.591837	-0.265306	0.0388302
0.591837	-0.22449	0.0397253
0.591837	-0.183673	0.040464
0.591837	-0.142857	0.0410432
0.591837	-0.102041	0.0414607
0.591837	-0.0612245	0.0417147
0.591837	-0.0204082	0.0418041
0.591837	0.0204082	0.0417284
0.591837	0.0612245	0.041488
0.591837	0.102041	0.0410836
0.591837	0.142857	0.0405169
0.591837	0.183673	0.0397898
0.591837	0.22449	0.0389054
0.591837	0.265306	0.0378669
0.591837	0.306122	0.0366785
0.591837	0.346939	0.0353448
0.591837	0.387755	0.033871
0.591837	0.428571	0.032263
0.591837	0.469388	0.030527
0.591837	0.510204	0.0286699
0.591837	0.55102	0.026699
0.591837	0.591837	0.0246221
0.591837	0.632653	0.0224475
0.591837	0.673469	0.0201838
0.591837	0.714286	0.0178399
0.591837	0.755102	0.0154251
0.591837	0.795918	0.0129491
0.591837	0.836735	0.0104216
0.591837	0.877551	0.00785263
0.591837	0.918367	0.00525249
0.591837	0.959184	0.00263147
0.591837	1	0
0.632653	-1	0.00238652
0.632653	-0.959184	0.00476371
0.632653	-0.918367	0.00712225
0.632653	-0.877551	0.00945292
0.632653	-0.836735	0.0117466
0.632653	-0.795918	0.0139943
0.632653	-0.755102	0.0161872
0.632653	-0.714286	0.0183167
0.632653	-0.673469	0.0203744
0.632653	-0.632653	0.0223524
0.632653	-0.591837	0.0242427
0.632653	-0.55102	0.0260379
0.632653	-0.510204	0.027731
0.632653	-0.469388	0.0293152
0.632653	-0.428571	0.0307844
0.632653	-0.387755	0.0321327
0.632653	-0.346939	0.0333546
0.632653	-0.306122	0.0344455
0.632653	-0.265306	0.0354008
0.632653	-0.22449	0.0362168
0.632653	-0.183673	0.0368902
0.632653	-0.142857	0.0374183
0.632653	-0.102041	0.0377989
0.632653	-0.0612245	0.0380305
0.632653	-0.0204082	0.038112
0.632653	0.0204082	0.038043
0.632653	0.0612245	0.0378238
0.632653	0.102041	0.0374552
0.632653	0.142857	0.0369385
0.632653	0.183673	0.0362757
0.632653	0.22449	0.0354693
0.632653	0.265306	0.0345226
0.632653	0.306122	0.0334391
0.632653	0.346939	0.0322232
0.632653	0.387755	0.0308796
0.632653	0.428571	0.0294135
0.632653	0.469388	0.0278309
0.632653	0.510204	0.0261378
0.632653	0.55102	0.024341
0.632653	0.591837	0.0224475
0.632653	0.632653	0.020465
0.632653	0.673469	0.0184012
0.632653	0.714286	0.0162643
0.632653	0.755102	0.0140628
0.632653	0.795918	0.0118054
0.632653	0.836735	0.00950114
0.632653	0.877551	0.00715909
0.632653	0.918367	0.00478859
0.632653	0.959184	0.00239907
0.632653	1	0
0.673469	-1	0.00214585
0.673469	-0.959184	0.00428331
0.673469	-0.918367	0.006404
0.673469	-0.877551	0.00849964
0.673469	-0.836735	0.010562
0.673469	-0.795918	0.012583
0.673469	-0.755102	0.0145548
0.673469	-0.714286	0.0164695
0.673469	-0.673469	0.0183198
0.673469	-0.632653	0.0200982
0.673469	-0.591837	0.0217979
0.673469	-0.55102	0.0234121
0.673469	-0.510204	0.0249344
0.673469	-0.469388	0.0263589
0.673469	-0.428571	0.0276799
0.673469	-0.387755	0.0288922
0.673469	-0.346939	0.029991
0.673469	-0.306122	0.0309718
0.673469	-0.265306	0.0318308
0.673469	-0.22449	0.0325645
0.673469	-0.183673	0.03317
0.673469	-0.142857	0.0336449
0.673469	-0.102041	0.0339871
0.673469	-0.0612245	0.0341953
0.673469	-0.0204082	0.0342685
0.673469	0.0204082	0.0342065
0.673469	0.0612245	0.0340095
0.673469	0.102041	0.033678
0.673469	0.142857	0.0332134
0.673469	0.183673	0.0326174
0.673469	0.22449	0.0318924
0.673469	0.265306	0.0310411
0.673469	0.306122	0.0300669
0.673469	0.346939	0.0289736
0.673469	0.387755	0.0277655
0.673469	0.428571	0.0264473
0.673469	0.469388	0.0250242
0.673469	0.510204	0.0235019
0.673469	0.55102	0.0218863
0.673469	0.591837	0.0201838
0.673469	0.632653	0.0184012
0.673469	0.673469	0.0165455
0.673469	0.714286	0.0146241
0.673469	0.755102	0.0126446
0.673469	0.795918	0.0106149
0.673469	0.836735	0.00854299
0.673469	0.877551	0.00643713
0.673469	0.918367	0.00430569
0.673469	0.959184	0.00215713
0.673469	1	0
0.714286	-1	0.00189666
0.714286	-0.959184	0.0037859
0.714286	-0.918367	0.00566032
0.714286	-0.877551	0.00751259
0.714286	-0.836735	0.00933546
0.714286	-0.795918	0.0111218
0.714286	-0.755102	0.0128646
0.714286	-0.714286	0.014557
0.714286	-0.673469	0.0161923
0.714286	-0.632653	0.0177643
0.714286	-0.591837	0.0192665
0.714286	-0.55102	0.0206933
0.714286	-0.510204	0.0220388
0.714286	-0.469388	0.0232979
0.714286	-0.428571	0.0244655
0.714286	-0.387755	0.025537
0.714286	-0.346939	0.0265082
0.714286	-0.306122	0.0273751
0.714286	-0.265306	0.0281343
0.714286	-0.22449	0.0287829
0.714286	-0.183673	0.0293181
0.714286	-0.142857	0.0297377
0.714286	-0.102041	0.0300402
0.714286	-0.0612245	0.0302242
0.714286	-0.0204082	0.030289
0.714286	0.0204082	0.0302342
0.714286	0.0612245	0.03006
0.714286	0.102041	0.029767
0.714286	0.142857	0.0293564
0.714286	0.183673	0.0288296
0.714286	0.22449	0.0281888
0.714286	0.265306	0.0274364
0.714286	0.306122	0.0265753
0.714286	0.346939	0.025609
0.714286	0.387755	0.0245412
0.714286	0.428571	0.023376
0.714286	0.469388	0.0221182
0.714286	0.510204	0.0207727
0.714286	0.55102	0.0193447
0.714286	0.591837	0.0178399
0.714286	0.632653	0.0162643
0.714286	0.673469	0.0146241
0.714286	0.714286	0.0129258
0.714286	0.755102	0.0111762
0.714286	0.795918	0.00938221
0.714286	0.836735	0.00755091
0.714286	0.877551	0.0056896
0.714286	0.918367	0.00380567
0.714286	0.959184	0.00190663
0.714286	1	0
0.755102	-1	0.00163993
0.755102	-0.959184	0.00327344
0.755102	-0.918367	0.00489415
0.755102	-0.877551	0.0064957
0.755102	-0.836735	0.00807183
0.755102	-0.795918	0.00961636
0.755102	-0.755102	0.0111232
0.755102	-0.714286	0.0125866
0.755102	-0.673469	0.0140006
0.755102	-0.632653	0.0153597
0.755102	-0.591837	0.0166587
0.755102	-0.55102	0.0178923
0.755102	-0.510204	0.0190557
0.755102	-0.469388	0.0201444
0.755102	-0.428571	0.0211539
0.755102	-0.387755	0.0220804
0.755102	-0.346939	0.0229201
0.755102	-0.306122	0.0236697
0.755102	-0.265306	0.0243261
0.755102	-0.22449	0.0248869
0.755102	-0.183673	0.0253496
0.755102	-0.142857	0.0257125
0.755102	-0.102041	0.025974
0.755102	-0.0612245	0.0261331
0.755102	-0.0204082	0.0261891
0.755102	0.0204082	0.0261418
0.755102	0.0612245	0.0259911
0.755102	0.102041	0.0257378
0.755102	0.142857	0.0253828
0.755102	0.183673	0.0249273
0.755102	0.22449	0.0243732
0.755102	0.265306	0.0237226
0.755102	0.306122	0.0229781
0.755102	0.346939	0.0221426
0.755102	0.387755	0.0212193
0.755102	0.428571	0.0202119
0.755102	0.469388	0.0191243
0.755102	0.510204	0.0179609
0.755102	0.55102	0.0167262
0.755102	0.591837	0.0154251
0.755102	0.632653	0.0140628
0.755102	0.673469	0.0126446
0.755102	0.714286	0.0111762
0.755102	0.755102	0.00966344
0.755102	0.795918	0.00811225
0.755102	0.836735	0.00652883
0.755102	0.877551	0.00491946
0.755102	0.918367	0.00329055
0.755102	0.959184	0.00164855
0.755102	1	0
0.795918	-1	0.00137669
0.795918	-0.959184	0.00274799
0.795918	-0.918367	0.00410853
0.795918	-0.877551	0.005453
0.795918	-0.836735	0.00677613
0.795918	-0.795918	0.00807273
0.795918	-0.755102	0.00933773
0.795918	-0.714286	0.0105662
0.795918	-0.673469	0.0117532
0.795918	-0.632653	0.0128942
0.795918	-0.591837	0.0139846
0.795918	-0.55102	0.0150202
0.795918	-0.510204	0.0159969
0.795918	-0.469388	0.0169108
0.795918	-0.428571	0.0177583
0.795918	-0.387755	0.018536
0.795918	-0.346939	0.0192409
0.795918	-0.306122	0.0198702
0.795918	-0.265306	0.0204213
0.795918	-0.22449	0.020892
0.795918	-0.183673	0.0212805
0.795918	-0.142857	0.0215851
0.795918	-0.102041	0.0218047
0.795918	-0.0612245	0.0219382
0.795918	-0.0204082	0.0219852
0.795918	0.0204082	0.0219455
0.795918	0.0612245	0.021819
0.795918	0.102041	0.0216064
0.795918	0.142857	0.0213083
0.795918	0.183673	0.0209259
0.795918	0.22449	0.0204608
0.795918	0.265306	0.0199147
0.795918	0.306122	0.0192897
0.795918	0.346939	0.0185882
0.795918	0.387755	0.0178132
0.795918	0.428571	0.0169675
0.795918	0.469388	0.0160545
0.795918	0.510204	0.0150778
0.795918	0.55102	0.0140413
0.795918	0.591837	0.0129491
0.795918	0.632653	0.0118054
0.795918	0.673469	0.0106149
0.795918	0.714286	0.00938221
0.795918	0.755102	0.00811225
0.795918	0.795918	0.00681006
0.795918	0.836735	0.00548082
0.795918	0.877551	0.00412979
0.795918	0.918367	0.00276234
0.795918	0.959184	0.00138392
0.795918	1	0
0.836735	-1	0.00110797
0.836735	-0.959184	0.00221161
0.836735	-0.918367	0.00330659
0.836735	-0.877551	0.00438864
0.836735	-0.836735	0.00545351
0.836735	-0.795918	0.00649703
0.836735	-0.755102	0.00751511
0.836735	-0.714286	0.00850376
0.836735	-0.673469	0.00945909
0.836735	-0.632653	0.0103774
0.836735	-0.591837	0.011255
0.836735	-0.55102	0.0120884
0.836735	-0.510204	0.0128745
0.836735	-0.469388	0.01361
0.836735	-0.428571	0.014292
0.836735	-0.387755	0.014918
0.836735	-0.346939	0.0154853
0.836735	-0.306122	0.0159917
0.836735	-0.265306	0.0164353
0.836735	-0.22449	0.0168141
0.836735	-0.183673	0.0171268
0.836735	-0.142857	0.0173719
0.836735	-0.102041	0.0175486
0.836735	-0.0612245	0.0176561
0.836735	-0.0204082	0.017694
0.836735	0.0204082	0.017662
0.836735	0.0612245	0.0175602
0.836735	0.102041	0.017389
0.836735	0.142857	0.0171491
0.836735	0.183673	0.0168414
0.836735	0.22449	0.0164671
0.836735	0.265306	0.0160275
0.836735	0.306122	0.0155245
0.836735	0.346939	0.01496
0.836735	0.387755	0.0143362
0.836735	0.428571	0.0136556
0.836735	0.469388	0.0129208
0.836735	0.510204	0.0121348
0.836735	0.55102	0.0113006
0.836735	0.591837	0.0104216
0.836735	0.632653	0.00950114
0.836735	0.673469	0.00854299
0.836735	0.714286	0.00755091
0.836735	0.755102	0.00652883
0.836735	0.795918	0.00548082
0.836735	0.836735	0.00441102
0.836735	0.877551	0.0033237
0.836735	0.918367	0.00222317
0.836735	0.959184	0.0011138
0.836735	1	0
0.877551	-1	0.000834856
0.877551	-0.959184	0.00166645
0.877551	-0.918367	0.00249151
0.877551	-0.877551	0.00330683
0.877551	-0.836735	0.00410921
0.877551	-0.795918	0.0048955
0.877551	-0.755102	0.00566262
0.877551	-0.714286	0.00640757
0.877551	-0.673469	0.00712741
0.877551	-0.632653	0.00781933
0.877551	-0.591837	0.0084806
0.877551	-0.55102	0.00910861
0.877551	-0.510204	0.00970088
0.877551	-0.469388	0.0102551
0.877551	-0.428571	0.010769
0.877551	-0.387755	0.0112407
0.877551	-0.346939	0.0116682
0.877551	-0.306122	0.0120498
0.877551	-0.265306	0.012384
0.877551	-0.22449	0.0126694
0.877551	-0.183673	0.012905
0.877551	-0.142857	0.0130897
0.877551	-0.102041	0.0132229
0.877551	-0.0612245	0.0133039
0.877551	-0.0204082	0.0133324
0.877551	0.0204082	0.0133083
0.877551	0.0612245	0.0132316
0.877551	0.102041	0.0131026
0.877551	0.142857	0.0129219
0.877551	0.183673	0.01269
0.877551	0.22449	0.0124079
0.877551	0.265306	0.0120767
0.877551	0.306122	0.0116977
0.877551	0.346939	0.0112724
0.877551	0.387755	0.0108023
0.877551	0.428571	0.0102895
0.877551	0.469388	0.00973583
0.877551	0.510204	0.00914355
0.877551	0.55102	0.00851498
0.877551	0.591837	0.00785263
0.877551	0.632653	0.00715909
0.877551	0.673469	0.00643713
0.877551	0.714286	0.0056896
0.877551	0.755102	0.00491946
0.877551	0.795918	0.00412979
0.877551	0.836735	0.0033237
0.877551	0.877551	0.0025044
0.877551	0.918367	0.00167515
0.877551	0.959184	0.000839244
0.877551	1	0
0.918367	-1	0.000558421
0.918367	-0.959184	0.00111466
0.918367	-0.918367	0.00166653
0.918367	-0.877551	0.00221188
0.918367	-0.836735	0.00274858
0.918367	-0.795918	0.00327452
0.918367	-0.755102	0.00378763
0.918367	-0.714286	0.00428591
0.918367	-0.673469	0.00476741
0.918367	-0.632653	0.00523022
0.918367	-0.591837	0.00567253
0.918367	-0.55102	0.00609259
0.918367	-0.510204	0.00648876
0.918367	-0.469388	0.00685946
0.918367	-0.428571	0.00720323
0.918367	-0.387755	0.0075187
0.918367	-0.346939	0.00780463
0.918367	-0.306122	0.00805988
0.918367	-0.265306	0.00828342
0.918367	-0.22449	0.00847436
0.918367	-0.183673	0.00863193
0.918367	-0.142857	0.0087555
0.918367	-0.102041	0.00884455
0.918367	-0.0612245	0.00889873
0.918367	-0.0204082	0.0089178
0.918367	0.0204082	0.00890167
0.918367	0.0612245	0.00885038
0.918367	0.102041	0.00876412
0.918367	0.142857	0.00864321
0.918367	0.183673	0.00848812
0.918367	0.22449	0.00829945
0.918367	0.265306	0.00807792
0.918367	0.306122	0.0078244
0.918367	0.346939	0.00753989
0.918367	0.387755	0.0072255
0.918367	0.428571	0.00688246
0.918367	0.469388	0.00651213
0.918367	0.510204	0.00611596
0.918367	0.55102	0.00569553
0.918367	0.591837	0.00525249
0.918367	0.632653	0.00478859
0.918367	0.673469	0.00430569
0.918367	0.714286	0.00380567
0.918367	0.755102	0.00329055
0.918367	0.795918	0.00276234
0.918367	0.836735	0.00222317
0.918367	0.877551	0.00167515
0.918367	0.918367	0.00112048
0.918367	0.959184	0.000561356
0.918367	1	0
0.959184	-1	0.000279766
0.959184	-0.959184	0.000558438
0.959184	-0.918367	0.000834925
0.959184	-0.877551	0.00110814
0.959184	-0.836735	0.00137703
0.959184	-0.795918	0.00164052
0.959184	-0.755102	0.00189759
0.959184	-0.714286	0.00214722
0.959184	-0.673469	0.00238845
0.959184	-0.632653	0.00262032
0.959184	-0.591837	0.00284191
0.959184	-0.55102	0.00305236
0.959184	-0.510204	0.00325084
0.959184	-0.469388	0.00343656
0.959184	-0.428571	0.00360879
0.959184	-0.387755	0.00376684
0.959184	-0.346939	0.00391009
0.959184	-0.306122	0.00403796
0.959184	-0.265306	0.00414996
0.959184	-0.22449	0.00424562
0.959184	-0.183673	0.00432456
0.959184	-0.142857	0.00438647
0.959184	-0.102041	0.00443108
0.959184	-0.0612245	0.00445823
0.959184	-0.0204082	0.00446778
0.959184	0.0204082	0.0044597
0.959184	0.0612245	0.004434
0.959184	0.102041	0.00439078
0.959184	0.142857	0.00433021
0.959184	0.183673	0.00425251
0.959184	0.22449	0.00415799
0.959184	0.265306	0.004047
0.959184	0.306122	0.00391999
0.959184	0.346939	0.00377745
0.959184	0.387755	0.00361994
0.959184	0.428571	0.00344808
0.959184	0.469388	0.00326255
0.959184	0.510204	0.00306407
0.959184	0.55102	0.00285344
0.959184	0.591837	0.00263147
0.959184	0.632653	0.00239907
0.959184	0.673469	0.00215713
0.959184	0.714286	0.00190663
0.959184	0.755102	0.00164855
0.959184	0.795918	0.00138392
0.959184	0.836735	0.0011138
0.959184	0.877551	0.000839244
0.959184	0.918367	0.000561356
0.959184	0.959184	0.000281237
0.959184	1	0
1	-1	0
1	-0.959184	0
1	-0.918367	0
1	-0.877551	0
1	-0.836735	0
1	-0.795918	0
1	-0.755102	0
1	-0.714286	0
1	-0.673469	0
1	-0.632653	0
1	-0.591837	0
1	-0.55102	0
1	-0.510204	0
1	-0.469388	0
1	-0.428571	0
1	-0.387755	0
1	-0.346939	0
1	-0.306122	0
1	-0.265306	0
1	-0.22449	0
1	-0.183673	0
1	-0.142857	0
1	-0.102041	0
1	-0.0612245	0
1	-0.0204082	0
1	0.0204082	0
1	0.0612245	0
1	0.102041	0
1	0.142857	0
1	0.183673	0
1	0.22449	0
1	0.265306	0
1	0.306122	0
1	0.346939	0
1	0.387755	0
1	0.428571	0
1	0.469388	0
1	0.510204	0
1	0.55102	0
1	0.591837	0
1	0.632653	0
1	0.673469	0
1	0.714286	0
1	0.755102	0
1	0.795918	0
1	0.836735	0
1	0.877551	0
1	0.918367	0
1	0.959184	0
1	1	0
