-1	-1	0.00117771
-1	-0.959184	0.0023534
-1	-0.918367	0.00352499
-1	-0.877551	0.00469024
-1	-0.836735	0.00584669
-1	-0.795918	0.0069916
-1	-0.755102	0.00812192
-1	-0.714286	0.00923421
-1	-0.673469	0.0103247
-1	-0.632653	0.0113892
-1	-0.591837	0.0124232
-1	-0.55102	0.0134219
-1	-0.510204	0.0143801
-1	-0.469388	0.0152926
-1	-0.428571	0.0161537
-1	-0.387755	0.0169581
-1	-0.346939	0.0177002
-1	-0.306122	0.0183747
-1	-0.265306	0.0189765
-1	-0.22449	0.0195009
-1	-0.183673	0.0199436
-1	-0.142857	0.0203008
-1	-0.102041	0.0205695
-1	-0.0612245	0.020747
-1	-0.0204082	0.0208317
-1	0.0204082	0.0208226
-1	0.0612245	0.0207194
-1	0.102041	0.0205228
-1	0.142857	0.020234
-1	0.183673	0.0198552
-1	0.22449	0.019389
-1	0.265306	0.0188389
-1	0.306122	0.0182087
-1	0.346939	0.0175029
-1	0.387755	0.0167262
-1	0.428571	0.0158836
-1	0.469388	0.0149805
-1	0.510204	0.0140221
-1	0.55102	0.0130137
-1	0.591837	0.0119607
-1	0.632653	0.0108683
-1	0.673469	0.00974127
-1	0.714286	0.00858452
-1	0.755102	0.00740249
-1	0.795918	0.00619942
-1	0.836735	0.00497929
-1	0.877551	0.00374583
-1	0.918367	0.00250257
-1	0.959184	0.00125288
-1	1	0
-0.959184	-1	0.0023534
-0.959184	-0.959184	0.00470278
-0.959184	-0.918367	0.00704396
-0.959184	-0.877551	0.00937247
-0.959184	-0.836735	0.0116834
-0.959184	-0.795918	0.0139713
-0.959184	-0.755102	0.01623
-0.959184	-0.714286	0.0184526
-0.959184	-0.673469	0.0206318
-0.959184	-0.632653	0.022759
-0.959184	-0.591837	0.0248253
-0.959184	-0.55102	0.0268209
-0.959184	-0.510204	0.0287357
-0.959184	-0.469388	0.030559
-0.959184	-0.428571	0.0322798
-0.959184	-0.387755	0.0338872
-0.959184	-0.346939	0.0353701
-0.959184	-0.306122	0.0367179
-0.959184	-0.265306	0.0379205
-0.959184	-0.22449	0.0389684
-0.959184	-0.183673	0.0398531
-0.959184	-0.142857	0.040567
-0.959184	-0.102041	0.0411038
-0.959184	-0.0612245	0.0414586
-0.959184	-0.0204082	0.0416279
-0.959184	0.0204082	0.0416096
-0.959184	0.0612245	0.0414035
-0.959184	0.102041	0.0410105
-0.959184	0.142857	0.0404334
-0.959184	0.183673	0.0396764
-0.959184	0.22449	0.0387448
-0.959184	0.265306	0.0376455
-0.959184	0.306122	0.0363862
-0.959184	0.346939	0.0349758
-0.959184	0.387755	0.0334238
-0.959184	0.428571	0.0317401
-0.959184	0.469388	0.0299354
-0.959184	0.510204	0.0280202
-0.959184	0.55102	0.0260052
-0.959184	0.591837	0.023901
-0.959184	0.632653	0.0217179
-0.959184	0.673469	0.0194659
-0.959184	0.714286	0.0171544
-0.959184	0.755102	0.0147923
-0.959184	0.795918	0.0123883
-0.959184	0.836735	0.00995008
-0.959184	0.877551	0.00748526
-0.959184	0.918367	0.00500087
-0.959184	0.959184	0.00250362
-0.959184	1	0
-0.918367	-1	0.00352499
-0.918367	-0.959184	0.00704396
-0.918367	-0.918367	0.0105507
-0.918367	-0.877551	0.0140384
-0.918367	-0.836735	0.0174997
-0.918367	-0.795918	0.0209266
-0.918367	-0.755102	0.0243097
-0.918367	-0.714286	0.0276389
-0.918367	-0.673469	0.0309029
-0.918367	-0.632653	0.0340891
-0.918367	-0.591837	0.037184
-0.918367	-0.55102	0.0401732
-0.918367	-0.510204	0.0430412
-0.918367	-0.469388	0.0457721
-0.918367	-0.428571	0.0483496
-0.918367	-0.387755	0.0507571
-0.918367	-0.346939	0.0529783
-0.918367	-0.306122	0.0549971
-0.918367	-0.265306	0.0567984
-0.918367	-0.22449	0.058368
-0.918367	-0.183673	0.0596931
-0.918367	-0.142857	0.0607624
-0.918367	-0.102041	0.0615664
-0.918367	-0.0612245	0.0620979
-0.918367	-0.0204082	0.0623514
-0.918367	0.0204082	0.0623241
-0.918367	0.0612245	0.0620153
-0.918367	0.102041	0.0614267
-0.918367	0.142857	0.0605624
-0.918367	0.183673	0.0594284
-0.918367	0.22449	0.0580331
-0.918367	0.265306	0.0563865
-0.918367	0.306122	0.0545004
-0.918367	0.346939	0.0523878
-0.918367	0.387755	0.0500631
-0.918367	0.428571	0.0475413
-0.918367	0.469388	0.0448381
-0.918367	0.510204	0.0419694
-0.918367	0.55102	0.0389513
-0.918367	0.591837	0.0357996
-0.918367	0.632653	0.0325298
-0.918367	0.673469	0.0291566
-0.918367	0.714286	0.0256943
-0.918367	0.755102	0.0221564
-0.918367	0.795918	0.0185555
-0.918367	0.836735	0.0149035
-0.918367	0.877551	0.0112116
-0.918367	0.918367	0.00749045
-0.918367	0.959184	0.00375
-0.918367	1	0
-0.877551	-1	0.00469024
-0.877551	-0.959184	0.00937247
-0.877551	-0.918367	0.0140384
-0.877551	-0.877551	0.018679
-0.877551	-0.836735	0.0232846
-0.877551	-0.795918	0.0278442
-0.877551	-0.755102	0.0323457
-0.877551	-0.714286	0.0367754
-0.877551	-0.673469	0.0411183
-0.877551	-0.632653	0.0453578
-0.877551	-0.591837	0.0494758
-0.877551	-0.55102	0.0534531
-0.877551	-0.510204	0.0572692
-0.877551	-0.469388	0.0609029
-0.877551	-0.428571	0.0643324
-0.877551	-0.387755	0.0675358
-0.877551	-0.346939	0.0704912
-0.877551	-0.306122	0.0731773
-0.877551	-0.265306	0.0755741
-0.877551	-0.22449	0.0776626
-0.877551	-0.183673	0.0794257
-0.877551	-0.142857	0.0808484
-0.877551	-0.102041	0.0819183
-0.877551	-0.0612245	0.0826253
-0.877551	-0.0204082	0.0829627
-0.877551	0.0204082	0.0829263
-0.877551	0.0612245	0.0825154
-0.877551	0.102041	0.0817323
-0.877551	0.142857	0.0805822
-0.877551	0.183673	0.0790734
-0.877551	0.22449	0.0772169
-0.877551	0.265306	0.075026
-0.877551	0.306122	0.0725164
-0.877551	0.346939	0.0697055
-0.877551	0.387755	0.0666123
-0.877551	0.428571	0.0632568
-0.877551	0.469388	0.05966
-0.877551	0.510204	0.0558431
-0.877551	0.55102	0.0518274
-0.877551	0.591837	0.0476338
-0.877551	0.632653	0.043283
-0.877551	0.673469	0.0387948
-0.877551	0.714286	0.034188
-0.877551	0.755102	0.0294806
-0.877551	0.795918	0.0246893
-0.877551	0.836735	0.0198301
-0.877551	0.877551	0.0149179
-0.877551	0.918367	0.00996656
-0.877551	0.959184	0.00498963
-0.877551	1	0
-0.836735	-1	0.00584669
-0.836735	-0.959184	0.0116834
-0.836735	-0.918367	0.0174997
-0.836735	-0.877551	0.0232846
-0.836735	-0.836735	0.0290257
-0.836735	-0.795918	0.0347096
-0.836735	-0.755102	0.040321
-0.836735	-0.714286	0.045843
-0.836735	-0.673469	0.0512567
-0.836735	-0.632653	0.0565414
-0.836735	-0.591837	0.0616748
-0.836735	-0.55102	0.0666327
-0.836735	-0.510204	0.0713897
-0.836735	-0.469388	0.0759194
-0.836735	-0.428571	0.0801945
-0.836735	-0.387755	0.0841876
-0.836735	-0.346939	0.0878717
-0.836735	-0.306122	0.0912202
-0.836735	-0.265306	0.0942079
-0.836735	-0.22449	0.0968113
-0.836735	-0.183673	0.0990091
-0.836735	-0.142857	0.100783
-0.836735	-0.102041	0.102116
-0.836735	-0.0612245	0.102998
-0.836735	-0.0204082	0.103418
-0.836735	0.0204082	0.103373
-0.836735	0.0612245	0.102861
-0.836735	0.102041	0.101884
-0.836735	0.142857	0.100451
-0.836735	0.183673	0.09857
-0.836735	0.22449	0.0962557
-0.836735	0.265306	0.0935246
-0.836735	0.306122	0.0903962
-0.836735	0.346939	0.0868923
-0.836735	0.387755	0.0830364
-0.836735	0.428571	0.0788536
-0.836735	0.469388	0.07437
-0.836735	0.510204	0.069612
-0.836735	0.55102	0.0646061
-0.836735	0.591837	0.0593786
-0.836735	0.632653	0.0539551
-0.836735	0.673469	0.0483602
-0.836735	0.714286	0.0426175
-0.836735	0.755102	0.0367494
-0.836735	0.795918	0.0307768
-0.836735	0.836735	0.0247195
-0.836735	0.877551	0.0185961
-0.836735	0.918367	0.012424
-0.836735	0.959184	0.00621989
-0.836735	1	0
-0.795918	-1	0.0069916
-0.795918	-0.959184	0.0139713
-0.795918	-0.918367	0.0209266
-0.795918	-0.877551	0.0278442
-0.795918	-0.836735	0.0347096
-0.795918	-0.795918	0.0415065
-0.795918	-0.755102	0.0482167
-0.795918	-0.714286	0.05482
-0.795918	-0.673469	0.0612938
-0.795918	-0.632653	0.0676134
-0.795918	-0.591837	0.073752
-0.795918	-0.55102	0.0796808
-0.795918	-0.510204	0.0853693
-0.795918	-0.469388	0.0907859
-0.795918	-0.428571	0.0958982
-0.795918	-0.387755	0.100673
-0.795918	-0.346939	0.105079
-0.795918	-0.306122	0.109083
-0.795918	-0.265306	0.112656
-0.795918	-0.22449	0.115769
-0.795918	-0.183673	0.118397
-0.795918	-0.142857	0.120518
-0.795918	-0.102041	0.122113
-0.795918	-0.0612245	0.123167
-0.795918	-0.0204082	0.12367
-0.795918	0.0204082	0.123615
-0.795918	0.0612245	0.123003
-0.795918	0.102041	0.121835
-0.795918	0.142857	0.120121
-0.795918	0.183673	0.117872
-0.795918	0.22449	0.115104
-0.795918	0.265306	0.111839
-0.795918	0.306122	0.108098
-0.795918	0.346939	0.103908
-0.795918	0.387755	0.0992966
-0.795918	0.428571	0.0942948
-0.795918	0.469388	0.0889332
-0.795918	0.510204	0.0832434
-0.795918	0.55102	0.0772573
-0.795918	0.591837	0.0710062
-0.795918	0.632653	0.0645206
-0.795918	0.673469	0.0578301
-0.795918	0.714286	0.050963
-0.795918	0.755102	0.0439457
-0.795918	0.795918	0.0368036
-0.795918	0.836735	0.0295601
-0.795918	0.877551	0.0222376
-0.795918	0.918367	0.0148568
-0.795918	0.959184	0.00743788
-0.795918	1	0
-0.755102	-1	0.00812192
-0.755102	-0.959184	0.01623
-0.755102	-0.918367	0.0243097
-0.755102	-0.877551	0.0323457
-0.755102	-0.836735	0.040321
-0.755102	-0.795918	0.0482167
-0.755102	-0.755102	0.0560118
-0.755102	-0.714286	0.0636826
-0.755102	-0.673469	0.0712029
-0.755102	-0.632653	0.0785442
-0.755102	-0.591837	0.0856752
-0.755102	-0.55102	0.0925624
-0.755102	-0.510204	0.0991706
-0.755102	-0.469388	0.105463
-0.755102	-0.428571	0.111402
-0.755102	-0.387755	0.116949
-0.755102	-0.346939	0.122066
-0.755102	-0.306122	0.126718
-0.755102	-0.265306	0.130868
-0.755102	-0.22449	0.134485
-0.755102	-0.183673	0.137538
-0.755102	-0.142857	0.140001
-0.755102	-0.102041	0.141854
-0.755102	-0.0612245	0.143078
-0.755102	-0.0204082	0.143662
-0.755102	0.0204082	0.1436
-0.755102	0.0612245	0.142888
-0.755102	0.102041	0.141532
-0.755102	0.142857	0.13954
-0.755102	0.183673	0.136928
-0.755102	0.22449	0.133713
-0.755102	0.265306	0.129919
-0.755102	0.306122	0.125573
-0.755102	0.346939	0.120706
-0.755102	0.387755	0.115349
-0.755102	0.428571	0.109539
-0.755102	0.469388	0.103311
-0.755102	0.510204	0.096701
-0.755102	0.55102	0.0897471
-0.755102	0.591837	0.0824854
-0.755102	0.632653	0.0749514
-0.755102	0.673469	0.0671793
-0.755102	0.714286	0.0592019
-0.755102	0.755102	0.0510503
-0.755102	0.795918	0.0427535
-0.755102	0.836735	0.034339
-0.755102	0.877551	0.0258326
-0.755102	0.918367	0.0172587
-0.755102	0.959184	0.00864033
-0.755102	1	0
-0.714286	-1	0.00923421
-0.714286	-0.959184	0.0184526
-0.714286	-0.918367	0.0276389
-0.714286	-0.877551	0.0367754
-0.714286	-0.836735	0.045843
-0.714286	-0.795918	0.05482
-0.714286	-0.755102	0.0636826
-0.714286	-0.714286	0.0724038
-0.714286	-0.673469	0.0809541
-0.714286	-0.632653	0.0893008
-0.714286	-0.591837	0.0974083
-0.714286	-0.55102	0.105239
-0.714286	-0.510204	0.112752
-0.714286	-0.469388	0.119906
-0.714286	-0.428571	0.126658
-0.714286	-0.387755	0.132965
-0.714286	-0.346939	0.138783
-0.714286	-0.306122	0.144072
-0.714286	-0.265306	0.14879
-0.714286	-0.22449	0.152902
-0.714286	-0.183673	0.156373
-0.714286	-0.142857	0.159174
-0.714286	-0.102041	0.16128
-0.714286	-0.0612245	0.162673
-0.714286	-0.0204082	0.163337
-0.714286	0.0204082	0.163265
-0.714286	0.0612245	0.162456
-0.714286	0.102041	0.160914
-0.714286	0.142857	0.15865
-0.714286	0.183673	0.15568
-0.714286	0.22449	0.152024
-0.714286	0.265306	0.147711
-0.714286	0.306122	0.14277
-0.714286	0.346939	0.137236
-0.714286	0.387755	0.131146
-0.714286	0.428571	0.12454
-0.714286	0.469388	0.117459
-0.714286	0.510204	0.109944
-0.714286	0.55102	0.102038
-0.714286	0.591837	0.0937817
-0.714286	0.632653	0.0852159
-0.714286	0.673469	0.0763794
-0.714286	0.714286	0.0673096
-0.714286	0.755102	0.0580415
-0.714286	0.795918	0.0486085
-0.714286	0.836735	0.0390417
-0.714286	0.877551	0.0293704
-0.714286	0.918367	0.0196222
-0.714286	0.959184	0.00982362
-0.714286	1	0
-0.673469	-1	0.0103247
-0.673469	-0.959184	0.0206318
-0.673469	-0.918367	0.0309029
-0.673469	-0.877551	0.0411183
-0.673469	-0.836735	0.0512567
-0.673469	-0.795918	0.0612938
-0.673469	-0.755102	0.0712029
-0.673469	-0.714286	0.0809541
-0.673469	-0.673469	0.0905141
-0.673469	-0.632653	0.0998464
-0.673469	-0.591837	0.108911
-0.673469	-0.55102	0.117666
-0.673469	-0.510204	0.126067
-0.673469	-0.469388	0.134066
-0.673469	-0.428571	0.141615
-0.673469	-0.387755	0.148666
-0.673469	-0.346939	0.155172
-0.673469	-0.306122	0.161085
-0.673469	-0.265306	0.166361
-0.673469	-0.22449	0.170958
-0.673469	-0.183673	0.174839
-0.673469	-0.142857	0.177971
-0.673469	-0.102041	0.180326
-0.673469	-0.0612245	0.181882
-0.673469	-0.0204082	0.182625
-0.673469	0.0204082	0.182545
-0.673469	0.0612245	0.181641
-0.673469	0.102041	0.179917
-0.673469	0.142857	0.177385
-0.673469	0.183673	0.174064
-0.673469	0.22449	0.169977
-0.673469	0.265306	0.165154
-0.673469	0.306122	0.15963
-0.673469	0.346939	0.153442
-0.673469	0.387755	0.146633
-0.673469	0.428571	0.139247
-0.673469	0.469388	0.13133
-0.673469	0.510204	0.122927
-0.673469	0.55102	0.114088
-0.673469	0.591837	0.104856
-0.673469	0.632653	0.0952791
-0.673469	0.673469	0.0853991
-0.673469	0.714286	0.0752582
-0.673469	0.755102	0.0648957
-0.673469	0.795918	0.0543488
-0.673469	0.836735	0.0436522
-0.673469	0.877551	0.0328388
-0.673469	0.918367	0.0219395
-0.673469	0.959184	0.0109837
-0.673469	1	0
-0.632653	-1	0.0113892
-0.632653	-0.959184	0.022759
-0.632653	-0.918367	0.0340891
-0.632653	-0.877551	0.0453578
-0.632653	-0.836735	0.0565414
-0.632653	-0.795918	0.0676134
-0.632653	-0.755102	0.0785442
-0.632653	-0.714286	0.0893008
-0.632653	-0.673469	0.0998464
-0.632653	-0.632653	0.110141
-0.632653	-0.591837	0.12014
-0.632653	-0.55102	0.129798
-0.632653	-0.510204	0.139065
-0.632653	-0.469388	0.147888
-0.632653	-0.428571	0.156216
-0.632653	-0.387755	0.163994
-0.632653	-0.346939	0.171171
-0.632653	-0.306122	0.177693
-0.632653	-0.265306	0.183513
-0.632653	-0.22449	0.188584
-0.632653	-0.183673	0.192865
-0.632653	-0.142857	0.19632
-0.632653	-0.102041	0.198918
-0.632653	-0.0612245	0.200635
-0.632653	-0.0204082	0.201454
-0.632653	0.0204082	0.201366
-0.632653	0.0612245	0.200368
-0.632653	0.102041	0.198466
-0.632653	0.142857	0.195674
-0.632653	0.183673	0.19201
-0.632653	0.22449	0.187502
-0.632653	0.265306	0.182182
-0.632653	0.306122	0.176088
-0.632653	0.346939	0.169262
-0.632653	0.387755	0.161751
-0.632653	0.428571	0.153604
-0.632653	0.469388	0.14487
-0.632653	0.510204	0.135601
-0.632653	0.55102	0.12585
-0.632653	0.591837	0.115667
-0.632653	0.632653	0.105103
-0.632653	0.673469	0.094204
-0.632653	0.714286	0.0830176
-0.632653	0.755102	0.0715867
-0.632653	0.795918	0.0599523
-0.632653	0.836735	0.0481529
-0.632653	0.877551	0.0362246
-0.632653	0.918367	0.0242015
-0.632653	0.959184	0.0121162
-0.632653	1	0
-0.591837	-1	0.0124232
-0.591837	-0.959184	0.0248253
-0.591837	-0.918367	0.037184
-0.591837	-0.877551	0.0494758
-0.591837	-0.836735	0.0616748
-0.591837	-0.795918	0.073752
-0.591837	-0.755102	0.0856752
-0.591837	-0.714286	0.0974083
-0.591837	-0.673469	0.108911
-0.591837	-0.632653	0.12014
-0.591837	-0.591837	0.131048
-0.591837	-0.55102	0.141582
-0.591837	-0.510204	0.15169
-0.591837	-0.469388	0.161315
-0.591837	-0.428571	0.170398
-0.591837	-0.387755	0.178883
-0.591837	-0.346939	0.186711
-0.591837	-0.306122	0.193825
-0.591837	-0.265306	0.200174
-0.591837	-0.22449	0.205705
-0.591837	-0.183673	0.210375
-0.591837	-0.142857	0.214143
-0.591837	-0.102041	0.216977
-0.591837	-0.0612245	0.21885
-0.591837	-0.0204082	0.219743
-0.591837	0.0204082	0.219647
-0.591837	0.0612245	0.218559
-0.591837	0.102041	0.216484
-0.591837	0.142857	0.213438
-0.591837	0.183673	0.209442
-0.591837	0.22449	0.204525
-0.591837	0.265306	0.198722
-0.591837	0.306122	0.192074
-0.591837	0.346939	0.184629
-0.591837	0.387755	0.176436
-0.591837	0.428571	0.167549
-0.591837	0.469388	0.158022
-0.591837	0.510204	0.147912
-0.591837	0.55102	0.137276
-0.591837	0.591837	0.126169
-0.591837	0.632653	0.114645
-0.591837	0.673469	0.102757
-0.591837	0.714286	0.0905546
-0.591837	0.755102	0.0780859
-0.591837	0.795918	0.0653953
-0.591837	0.836735	0.0525246
-0.591837	0.877551	0.0395133
-0.591837	0.918367	0.0263987
-0.591837	0.959184	0.0132162
-0.591837	1	0
-0.55102	-1	0.0134219
-0.55102	-0.959184	0.0268209
-0.55102	-0.918367	0.0401732
-0.55102	-0.877551	0.0534531
-0.55102	-0.836735	0.0666327
-0.55102	-0.795918	0.0796808
-0.55102	-0.755102	0.0925624
-0.55102	-0.714286	0.105239
-0.55102	-0.673469	0.117666
-0.55102	-0.632653	0.129798
-0.55102	-0.591837	0.141582
-0.55102	-0.55102	0.152964
-0.55102	-0.510204	0.163884
-0.55102	-0.469388	0.174282
-0.55102	-0.428571	0.184096
-0.55102	-0.387755	0.193263
-0.55102	-0.346939	0.20172
-0.55102	-0.306122	0.209406
-0.55102	-0.265306	0.216265
-0.55102	-0.22449	0.222241
-0.55102	-0.183673	0.227286
-0.55102	-0.142857	0.231357
-0.55102	-0.102041	0.234419
-0.55102	-0.0612245	0.236442
-0.55102	-0.0204082	0.237407
-0.55102	0.0204082	0.237303
-0.55102	0.0612245	0.236128
-0.55102	0.102041	0.233887
-0.55102	0.142857	0.230596
-0.55102	0.183673	0.226278
-0.55102	0.22449	0.220965
-0.55102	0.265306	0.214696
-0.55102	0.306122	0.207515
-0.55102	0.346939	0.199471
-0.55102	0.387755	0.190619
-0.55102	0.428571	0.181018
-0.55102	0.469388	0.170725
-0.55102	0.510204	0.159803
-0.55102	0.55102	0.148311
-0.55102	0.591837	0.136311
-0.55102	0.632653	0.123861
-0.55102	0.673469	0.111017
-0.55102	0.714286	0.097834
-0.55102	0.755102	0.084363
-0.55102	0.795918	0.0706522
-0.55102	0.836735	0.0567469
-0.55102	0.877551	0.0426897
-0.55102	0.918367	0.0285208
-0.55102	0.959184	0.0142786
-0.55102	1	0
-0.510204	-1	0.0143801
-0.510204	-0.959184	0.0287357
-0.510204	-0.918367	0.0430412
-0.510204	-0.877551	0.0572692
-0.510204	-0.836735	0.0713897
-0.510204	-0.795918	0.0853693
-0.510204	-0.755102	0.0991706
-0.510204	-0.714286	0.112752
-0.510204	-0.673469	0.126067
-0.510204	-0.632653	0.139065
-0.510204	-0.591837	0.15169
-0.510204	-0.55102	0.163884
-0.510204	-0.510204	0.175584
-0.510204	-0.469388	0.186724
-0.510204	-0.428571	0.197239
-0.510204	-0.387755	0.20706
-0.510204	-0.346939	0.21612
-0.510204	-0.306122	0.224356
-0.510204	-0.265306	0.231704
-0.510204	-0.22449	0.238107
-0.510204	-0.183673	0.243512
-0.510204	-0.142857	0.247874
-0.510204	-0.102041	0.251154
-0.510204	-0.0612245	0.253322
-0.510204	-0.0204082	0.254356
-0.510204	0.0204082	0.254244
-0.510204	0.0612245	0.252985
-0.510204	0.102041	0.250584
-0.510204	0.142857	0.247058
-0.510204	0.183673	0.242432
-0.510204	0.22449	0.23674
-0.510204	0.265306	0.230023
-0.510204	0.306122	0.222329
-0.510204	0.346939	0.213711
-0.510204	0.387755	0.204228
-0.510204	0.428571	0.19394
-0.510204	0.469388	0.182913
-0.510204	0.510204	0.171211
-0.510204	0.55102	0.158899
-0.510204	0.591837	0.146042
-0.510204	0.632653	0.132703
-0.510204	0.673469	0.118943
-0.510204	0.714286	0.104818
-0.510204	0.755102	0.0903858
-0.510204	0.795918	0.0756962
-0.510204	0.836735	0.0607981
-0.510204	0.877551	0.0457374
-0.510204	0.918367	0.030557
-0.510204	0.959184	0.0152979
-0.510204	1	0
-0.469388	-1	0.0152926
-0.469388	-0.959184	0.030559
-0.469388	-0.918367	0.0457721
-0.469388	-0.877551	0.0609029
-0.469388	-0.836735	0.0759194
-0.469388	-0.795918	0.0907859
-0.469388	-0.755102	0.105463
-0.469388	-0.714286	0.119906
-0.469388	-0.673469	0.134066
-0.469388	-0.632653	0.147888
-0.469388	-0.591837	0.161315
-0.469388	-0.55102	0.174282
-0.469388	-0.510204	0.186724
-0.469388	-0.469388	0.198572
-0.469388	-0.428571	0.209753
-0.469388	-0.387755	0.220197
-0.469388	-0.346939	0.229833
-0.469388	-0.306122	0.238591
-0.469388	-0.265306	0.246405
-0.469388	-0.22449	0.253214
-0.469388	-0.183673	0.258962
-0.469388	-0.142857	0.263601
-0.469388	-0.102041	0.267089
-0.469388	-0.0612245	0.269394
-0.469388	-0.0204082	0.270494
-0.469388	0.0204082	0.270375
-0.469388	0.0612245	0.269036
-0.469388	0.102041	0.266482
-0.469388	0.142857	0.262733
-0.469388	0.183673	0.257813
-0.469388	0.22449	0.25176
-0.469388	0.265306	0.244617
-0.469388	0.306122	0.236435
-0.469388	0.346939	0.22727
-0.469388	0.387755	0.217185
-0.469388	0.428571	0.206246
-0.469388	0.469388	0.194519
-0.469388	0.510204	0.182074
-0.469388	0.55102	0.168981
-0.469388	0.591837	0.155308
-0.469388	0.632653	0.141123
-0.469388	0.673469	0.126489
-0.469388	0.714286	0.111469
-0.469388	0.755102	0.0961206
-0.469388	0.795918	0.080499
-0.469388	0.836735	0.0646557
-0.469388	0.877551	0.0486394
-0.469388	0.918367	0.0324958
-0.469388	0.959184	0.0162686
-0.469388	1	0
-0.428571	-1	0.0161537
-0.428571	-0.959184	0.0322798
-0.428571	-0.918367	0.0483496
-0.428571	-0.877551	0.0643324
-0.428571	-0.836735	0.0801945
-0.428571	-0.795918	0.0958982
-0.428571	-0.755102	0.111402
-0.428571	-0.714286	0.126658
-0.428571	-0.673469	0.141615
-0.428571	-0.632653	0.156216
-0.428571	-0.591837	0.170398
-0.428571	-0.55102	0.184096
-0.428571	-0.510204	0.197239
-0.428571	-0.469388	0.209753
-0.428571	-0.428571	0.221564
-0.428571	-0.387755	0.232596
-0.428571	-0.346939	0.242774
-0.428571	-0.306122	0.252025
-0.428571	-0.265306	0.26028
-0.428571	-0.22449	0.267472
-0.428571	-0.183673	0.273544
-0.428571	-0.142857	0.278444
-0.428571	-0.102041	0.282128
-0.428571	-0.0612245	0.284563
-0.428571	-0.0204082	0.285725
-0.428571	0.0204082	0.2856
-0.428571	0.0612245	0.284185
-0.428571	0.102041	0.281488
-0.428571	0.142857	0.277527
-0.428571	0.183673	0.272331
-0.428571	0.22449	0.265937
-0.428571	0.265306	0.258391
-0.428571	0.306122	0.249748
-0.428571	0.346939	0.240068
-0.428571	0.387755	0.229415
-0.428571	0.428571	0.217859
-0.428571	0.469388	0.205472
-0.428571	0.510204	0.192326
-0.428571	0.55102	0.178496
-0.428571	0.591837	0.164054
-0.428571	0.632653	0.149069
-0.428571	0.673469	0.133612
-0.428571	0.714286	0.117746
-0.428571	0.755102	0.101533
-0.428571	0.795918	0.0850319
-0.428571	0.836735	0.0682965
-0.428571	0.877551	0.0513783
-0.428571	0.918367	0.0343256
-0.428571	0.959184	0.0171847
-0.428571	1	0
-0.387755	-1	0.0169581
-0.387755	-0.959184	0.0338872
-0.387755	-0.918367	0.0507571
-0.387755	-0.877551	0.0675358
-0.387755	-0.836735	0.0841876
-0.387755	-0.795918	0.100673
-0.387755	-0.755102	0.116949
-0.387755	-0.714286	0.132965
-0.387755	-0.673469	0.148666
-0.387755	-0.632653	0.163994
-0.387755	-0.591837	0.178883
-0.387755	-0.55102	0.193263
-0.387755	-0.510204	0.20706
-0.387755	-0.469388	0.220197
-0.387755	-0.428571	0.232596
-0.387755	-0.387755	0.244178
-0.387755	-0.346939	0.254863
-0.387755	-0.306122	0.264574
-0.387755	-0.265306	0.273239
-0.387755	-0.22449	0.28079
-0.387755	-0.183673	0.287164
-0.387755	-0.142857	0.292308
-0.387755	-0.102041	0.296176
-0.387755	-0.0612245	0.298732
-0.387755	-0.0204082	0.299952
-0.387755	0.0204082	0.29982
-0.387755	0.0612245	0.298335
-0.387755	0.102041	0.295503
-0.387755	0.142857	0.291345
-0.387755	0.183673	0.28589
-0.387755	0.22449	0.279178
-0.387755	0.265306	0.271257
-0.387755	0.306122	0.262184
-0.387755	0.346939	0.252021
-0.387755	0.387755	0.240838
-0.387755	0.428571	0.228707
-0.387755	0.469388	0.215703
-0.387755	0.510204	0.201903
-0.387755	0.55102	0.187384
-0.387755	0.591837	0.172222
-0.387755	0.632653	0.156492
-0.387755	0.673469	0.140265
-0.387755	0.714286	0.123609
-0.387755	0.755102	0.106589
-0.387755	0.795918	0.0892659
-0.387755	0.836735	0.0716972
-0.387755	0.877551	0.0539366
-0.387755	0.918367	0.0360348
-0.387755	0.959184	0.0180404
-0.387755	1	0
-0.346939	-1	0.0177002
-0.346939	-0.959184	0.0353701
-0.346939	-0.918367	0.0529783
-0.346939	-0.877551	0.0704912
-0.346939	-0.836735	0.0878717
-0.346939	-0.795918	0.105079
-0.346939	-0.755102	0.122066
-0.346939	-0.714286	0.138783
-0.346939	-0.673469	0.155172
-0.346939	-0.632653	0.171171
-0.346939	-0.591837	0.186711
-0.346939	-0.55102	0.20172
-0.346939	-0.510204	0.21612
-0.346939	-0.469388	0.229833
-0.346939	-0.428571	0.242774
-0.346939	-0.387755	0.254863
-0.346939	-0.346939	0.266015
-0.346939	-0.306122	0.276151
-0.346939	-0.265306	0.285196
-0.346939	-0.22449	0.293077
-0.346939	-0.183673	0.29973
-0.346939	-0.142857	0.305099
-0.346939	-0.102041	0.309136
-0.346939	-0.0612245	0.311804
-0.346939	-0.0204082	0.313077
-0.346939	0.0204082	0.31294
-0.346939	0.0612245	0.311389
-0.346939	0.102041	0.308434
-0.346939	0.142857	0.304094
-0.346939	0.183673	0.2984
-0.346939	0.22449	0.291394
-0.346939	0.265306	0.283127
-0.346939	0.306122	0.273656
-0.346939	0.346939	0.263049
-0.346939	0.387755	0.251377
-0.346939	0.428571	0.238715
-0.346939	0.469388	0.225141
-0.346939	0.510204	0.210738
-0.346939	0.55102	0.195584
-0.346939	0.591837	0.179758
-0.346939	0.632653	0.16334
-0.346939	0.673469	0.146403
-0.346939	0.714286	0.129018
-0.346939	0.755102	0.111253
-0.346939	0.795918	0.0931721
-0.346939	0.836735	0.0748346
-0.346939	0.877551	0.0562968
-0.346939	0.918367	0.0376117
-0.346939	0.959184	0.0188298
-0.346939	1	0
-0.306122	-1	0.0183747
-0.306122	-0.959184	0.0367179
-0.306122	-0.918367	0.0549971
-0.306122	-0.877551	0.0731773
-0.306122	-0.836735	0.0912202
-0.306122	-0.795918	0.109083
-0.306122	-0.755102	0.126718
-0.306122	-0.714286	0.144072
-0.306122	-0.673469	0.161085
-0.306122	-0.632653	0.177693
-0.306122	-0.591837	0.193825
-0.306122	-0.55102	0.209406
-0.306122	-0.510204	0.224356
-0.306122	-0.469388	0.238591
-0.306122	-0.428571	0.252025
-0.306122	-0.387755	0.264574
-0.306122	-0.346939	0.276151
-0.306122	-0.306122	0.286674
-0.306122	-0.265306	0.296063
-0.306122	-0.22449	0.304244
-0.306122	-0.183673	0.311151
-0.306122	-0.142857	0.316724
-0.306122	-0.102041	0.320915
-0.306122	-0.0612245	0.323685
-0.306122	-0.0204082	0.325006
-0.306122	0.0204082	0.324864
-0.306122	0.0612245	0.323254
-0.306122	0.102041	0.320187
-0.306122	0.142857	0.315681
-0.306122	0.183673	0.309771
-0.306122	0.22449	0.302498
-0.306122	0.265306	0.293915
-0.306122	0.306122	0.284084
-0.306122	0.346939	0.273073
-0.306122	0.387755	0.260955
-0.306122	0.428571	0.247811
-0.306122	0.469388	0.233721
-0.306122	0.510204	0.218768
-0.306122	0.55102	0.203036
-0.306122	0.591837	0.186608
-0.306122	0.632653	0.169564
-0.306122	0.673469	0.151981
-0.306122	0.714286	0.133934
-0.306122	0.755102	0.115492
-0.306122	0.795918	0.0967225
-0.306122	0.836735	0.0776863
-0.306122	0.877551	0.058442
-0.306122	0.918367	0.0390449
-0.306122	0.959184	0.0195473
-0.306122	1	0
-0.265306	-1	0.0189765
-0.265306	-0.959184	0.0379205
-0.265306	-0.918367	0.0567984
-0.265306	-0.877551	0.0755741
-0.265306	-0.836735	0.0942079
-0.265306	-0.795918	0.112656
-0.265306	-0.755102	0.130868
-0.265306	-0.714286	0.14879
-0.265306	-0.673469	0.166361
-0.265306	-0.632653	0.183513
-0.265306	-0.591837	0.200174
-0.265306	-0.55102	0.216265
-0.265306	-0.510204	0.231704
-0.265306	-0.469388	0.246405
-0.265306	-0.428571	0.26028
-0.265306	-0.387755	0.273239
-0.265306	-0.346939	0.285196
-0.265306	-0.306122	0.296063
-0.265306	-0.265306	0.305759
-0.265306	-0.22449	0.314209
-0.265306	-0.183673	0.321341
-0.265306	-0.142857	0.327097
-0.265306	-0.102041	0.331425
-0.265306	-0.0612245	0.334286
-0.265306	-0.0204082	0.335651
-0.265306	0.0204082	0.335503
-0.265306	0.0612245	0.333841
-0.265306	0.102041	0.330673
-0.265306	0.142857	0.32602
-0.265306	0.183673	0.319916
-0.265306	0.22449	0.312405
-0.265306	0.265306	0.303541
-0.265306	0.306122	0.293388
-0.265306	0.346939	0.282016
-0.265306	0.387755	0.269502
-0.265306	0.428571	0.255927
-0.265306	0.469388	0.241375
-0.265306	0.510204	0.225933
-0.265306	0.55102	0.209686
-0.265306	0.591837	0.19272
-0.265306	0.632653	0.175118
-0.265306	0.673469	0.156959
-0.265306	0.714286	0.138321
-0.265306	0.755102	0.119275
-0.265306	0.795918	0.0998904
-0.265306	0.836735	0.0802307
-0.265306	0.877551	0.0603561
-0.265306	0.918367	0.0403237
-0.265306	0.959184	0.0201875
-0.265306	1	0
-0.22449	-1	0.0195009
-0.22449	-0.959184	0.0389684
-0.22449	-0.918367	0.058368
-0.22449	-0.877551	0.0776626
-0.22449	-0.836735	0.0968113
-0.22449	-0.795918	0.115769
-0.22449	-0.755102	0.134485
-0.22449	-0.714286	0.152902
-0.22449	-0.673469	0.170958
-0.22449	-0.632653	0.188584
-0.22449	-0.591837	0.205705
-0.22449	-0.55102	0.222241
-0.22449	-0.510204	0.238107
-0.22449	-0.469388	0.253214
-0.22449	-0.428571	0.267472
-0.22449	-0.387755	0.28079
-0.22449	-0.346939	0.293077
-0.22449	-0.306122	0.304244
-0.22449	-0.265306	0.314209
-0.22449	-0.22449	0.322891
-0.22449	-0.183673	0.330221
-0.22449	-0.142857	0.336136
-0.22449	-0.102041	0.340584
-0.22449	-0.0612245	0.343523
-0.22449	-0.0204082	0.344926
-0.22449	0.0204082	0.344774
-0.22449	0.0612245	0.343066
-0.22449	0.102041	0.33981
-0.22449	0.142857	0.335029
-0.22449	0.183673	0.328756
-0.22449	0.22449	0.321038
-0.22449	0.265306	0.311929
-0.22449	0.306122	0.301495
-0.22449	0.346939	0.289809
-0.22449	0.387755	0.276949
-0.22449	0.428571	0.262999
-0.22449	0.469388	0.248045
-0.22449	0.510204	0.232176
-0.22449	0.55102	0.215481
-0.22449	0.591837	0.198046
-0.22449	0.632653	0.179957
-0.22449	0.673469	0.161296
-0.22449	0.714286	0.142143
-0.22449	0.755102	0.122571
-0.22449	0.795918	0.102651
-0.22449	0.836735	0.0824478
-0.22449	0.877551	0.062024
-0.22449	0.918367	0.041438
-0.22449	0.959184	0.0207454
-0.22449	1	0
-0.183673	-1	0.0199436
-0.183673	-0.959184	0.0398531
-0.183673	-0.918367	0.0596931
-0.183673	-0.877551	0.0794257
-0.183673	-0.836735	0.0990091
-0.183673	-0.795918	0.118397
-0.183673	-0.755102	0.137538
-0.183673	-0.714286	0.156373
-0.183673	-0.673469	0.174839
-0.183673	-0.632653	0.192865
-0.183673	-0.591837	0.210375
-0.183673	-0.55102	0.227286
-0.183673	-0.510204	0.243512
-0.183673	-0.469388	0.258962
-0.183673	-0.428571	0.273544
-0.183673	-0.387755	0.287164
-0.183673	-0.346939	0.29973
-0.183673	-0.306122	0.311151
-0.183673	-0.265306	0.321341
-0.183673	-0.22449	0.330221
-0.183673	-0.183673	0.337717
-0.183673	-0.142857	0.343766
-0.183673	-0.102041	0.348315
-0.183673	-0.0612245	0.351321
-0.183673	-0.0204082	0.352756
-0.183673	0.0204082	0.352601
-0.183673	0.0612245	0.350854
-0.183673	0.102041	0.347524
-0.183673	0.142857	0.342634
-0.183673	0.183673	0.336219
-0.183673	0.22449	0.328325
-0.183673	0.265306	0.31901
-0.183673	0.306122	0.30834
-0.183673	0.346939	0.296388
-0.183673	0.387755	0.283236
-0.183673	0.428571	0.268969
-0.183673	0.469388	0.253676
-0.183673	0.510204	0.237447
-0.183673	0.55102	0.220372
-0.183673	0.591837	0.202541
-0.183673	0.632653	0.184042
-0.183673	0.673469	0.164958
-0.183673	0.714286	0.14537
-0.183673	0.755102	0.125354
-0.183673	0.795918	0.104981
-0.183673	0.836735	0.0843195
-0.183673	0.877551	0.0634321
-0.183673	0.918367	0.0423787
-0.183673	0.959184	0.0212164
-0.183673	1	0
-0.142857	-1	0.0203008
-0.142857	-0.959184	0.040567
-0.142857	-0.918367	0.0607624
-0.142857	-0.877551	0.0808484
-0.142857	-0.836735	0.100783
-0.142857	-0.795918	0.120518
-0.142857	-0.755102	0.140001
-0.142857	-0.714286	0.159174
-0.142857	-0.673469	0.177971
-0.142857	-0.632653	0.19632
-0.142857	-0.591837	0.214143
-0.142857	-0.55102	0.231357
-0.142857	-0.510204	0.247874
-0.142857	-0.469388	0.263601
-0.142857	-0.428571	0.278444
-0.142857	-0.387755	0.292308
-0.142857	-0.346939	0.305099
-0.142857	-0.306122	0.316724
-0.142857	-0.265306	0.327097
-0.142857	-0.22449	0.336136
-0.142857	-0.183673	0.343766
-0.142857	-0.142857	0.349924
-0.142857	-0.102041	0.354554
-0.142857	-0.0612245	0.357614
-0.142857	-0.0204082	0.359074
-0.142857	0.0204082	0.358917
-0.142857	0.0612245	0.357138
-0.142857	0.102041	0.353749
-0.142857	0.142857	0.348771
-0.142857	0.183673	0.342241
-0.142857	0.22449	0.334206
-0.142857	0.265306	0.324724
-0.142857	0.306122	0.313863
-0.142857	0.346939	0.301697
-0.142857	0.387755	0.28831
-0.142857	0.428571	0.273787
-0.142857	0.469388	0.25822
-0.142857	0.510204	0.2417
-0.142857	0.55102	0.22432
-0.142857	0.591837	0.206169
-0.142857	0.632653	0.187339
-0.142857	0.673469	0.167913
-0.142857	0.714286	0.147974
-0.142857	0.755102	0.127599
-0.142857	0.795918	0.106862
-0.142857	0.836735	0.0858298
-0.142857	0.877551	0.0645683
-0.142857	0.918367	0.0431378
-0.142857	0.959184	0.0215964
-0.142857	1	0
-0.102041	-1	0.0205695
-0.102041	-0.959184	0.0411038
-0.102041	-0.918367	0.0615664
-0.102041	-0.877551	0.0819183
-0.102041	-0.836735	0.102116
-0.102041	-0.795918	0.122113
-0.102041	-0.755102	0.141854
-0.102041	-0.714286	0.16128
-0.102041	-0.673469	0.180326
-0.102041	-0.632653	0.198918
-0.102041	-0.591837	0.216977
-0.102041	-0.55102	0.234419
-0.102041	-0.510204	0.251154
-0.102041	-0.469388	0.267089
-0.102041	-0.428571	0.282128
-0.102041	-0.387755	0.296176
-0.102041	-0.346939	0.309136
-0.102041	-0.306122	0.320915
-0.102041	-0.265306	0.331425
-0.102041	-0.22449	0.340584
-0.102041	-0.183673	0.348315
-0.102041	-0.142857	0.354554
-0.102041	-0.102041	0.359245
-0.102041	-0.0612245	0.362346
-0.102041	-0.0204082	0.363825
-0.102041	0.0204082	0.363666
-0.102041	0.0612245	0.361864
-0.102041	0.102041	0.35843
-0.102041	0.142857	0.353386
-0.102041	0.183673	0.34677
-0.102041	0.22449	0.338629
-0.102041	0.265306	0.329021
-0.102041	0.306122	0.318016
-0.102041	0.346939	0.305689
-0.102041	0.387755	0.292124
-0.102041	0.428571	0.27741
-0.102041	0.469388	0.261637
-0.102041	0.510204	0.244898
-0.102041	0.55102	0.227288
-0.102041	0.591837	0.208898
-0.102041	0.632653	0.189818
-0.102041	0.673469	0.170135
-0.102041	0.714286	0.149932
-0.102041	0.755102	0.129288
-0.102041	0.795918	0.108276
-0.102041	0.836735	0.0869656
-0.102041	0.877551	0.0654227
-0.102041	0.918367	0.0437087
-0.102041	0.959184	0.0218822
-0.102041	1	0
-0.0612245	-1	0.020747
-0.0612245	-0.959184	0.0414586
-0.0612245	-0.918367	0.0620979
-0.0612245	-0.877551	0.0826253
-0.0612245	-0.836735	0.102998
-0.0612245	-0.795918	0.123167
-0.0612245	-0.755102	0.143078
-0.0612245	-0.714286	0.162673
-0.0612245	-0.673469	0.181882
-0.0612245	-0.632653	0.200635
-0.0612245	-0.591837	0.21885
-0.0612245	-0.55102	0.236442
-0.0612245	-0.510204	0.253322
-0.0612245	-0.469388	0.269394
-0.0612245	-0.428571	0.284563
-0.0612245	-0.387755	0.298732
-0.0612245	-0.346939	0.311804
-0.0612245	-0.306122	0.323685
-0.0612245	-0.265306	0.334286
-0.0612245	-0.22449	0.343523
-0.0612245	-0.183673	0.351321
-0.0612245	-0.142857	0.357614
-0.0612245	-0.102041	0.362346
-0.0612245	-0.0612245	0.365473
-0.0612245	-0.0204082	0.366965
-0.0612245	0.0204082	0.366805
-0.0612245	0.0612245	0.364987
-0.0612245	0.102041	0.361523
-0.0612245	0.142857	0.356436
-0.0612245	0.183673	0.349763
-0.0612245	0.22449	0.341551
-0.0612245	0.265306	0.331861
-0.0612245	0.306122	0.32076
-0.0612245	0.346939	0.308327
-0.0612245	0.387755	0.294646
-0.0612245	0.428571	0.279804
-0.0612245	0.469388	0.263895
-0.0612245	0.510204	0.247012
-0.0612245	0.55102	0.229249
-0.0612245	0.591837	0.210701
-0.0612245	0.632653	0.191456
-0.0612245	0.673469	0.171603
-0.0612245	0.714286	0.151226
-0.0612245	0.755102	0.130403
-0.0612245	0.795918	0.10921
-0.0612245	0.836735	0.0877162
-0.0612245	0.877551	0.0659874
-0.0612245	0.918367	0.0440859
-0.0612245	0.959184	0.0220711
-0.0612245	1	0
-0.0204082	-1	0.0208317
-0.0204082	-0.959184	0.0416279
-0.0204082	-0.918367	0.0623514
-0.0204082	-0.877551	0.0829627
-0.0204082	-0.836735	0.103418
-0.0204082	-0.795918	0.12367
-0.0204082	-0.755102	0.143662
-0.0204082	-0.714286	0.163337
-0.0204082	-0.673469	0.182625
-0.0204082	-0.632653	0.201454
-0.0204082	-0.591837	0.219743
-0.0204082	-0.55102	0.237407
-0.0204082	-0.510204	0.254356
-0.0204082	-0.469388	0.270494
-0.0204082	-0.428571	0.285725
-0.0204082	-0.387755	0.299952
-0.0204082	-0.346939	0.313077
-0.0204082	-0.306122	0.325006
-0.0204082	-0.265306	0.335651
-0.0204082	-0.22449	0.344926
-0.0204082	-0.183673	0.352756
-0.0204082	-0.142857	0.359074
-0.0204082	-0.102041	0.363825
-0.0204082	-0.0612245	0.366965
-0.0204082	-0.0204082	0.368463
-0.0204082	0.0204082	0.368302
-0.0204082	0.0612245	0.366477
-0.0204082	0.102041	0.362999
-0.0204082	0.142857	0.357891
-0.0204082	0.183673	0.351191
-0.0204082	0.22449	0.342945
-0.0204082	0.265306	0.333215
-0.0204082	0.306122	0.32207
-0.0204082	0.346939	0.309586
-0.0204082	0.387755	0.295849
-0.0204082	0.428571	0.280946
-0.0204082	0.469388	0.264972
-0.0204082	0.510204	0.24802
-0.0204082	0.55102	0.230185
-0.0204082	0.591837	0.211561
-0.0204082	0.632653	0.192238
-0.0204082	0.673469	0.172304
-0.0204082	0.714286	0.151843
-0.0204082	0.755102	0.130936
-0.0204082	0.795918	0.109656
-0.0204082	0.836735	0.0880743
-0.0204082	0.877551	0.0662568
-0.0204082	0.918367	0.0442659
-0.0204082	0.959184	0.0221612
-0.0204082	1	0
0.0204082	-1	0.0208226
0.0204082	-0.959184	0.0416096
0.0204082	-0.918367	0.0623241
0.0204082	-0.877551	0.0829263
0.0204082	-0.836735	0.103373
0.0204082	-0.795918	0.123615
0.0204082	-0.755102	0.1436
0.0204082	-0.714286	0.163265
0.0204082	-0.673469	0.182545
0.0204082	-0.632653	0.201366
0.0204082	-0.591837	0.219647
0.0204082	-0.55102	0.237303
0.0204082	-0.510204	0.254244
0.0204082	-0.469388	0.270375
0.0204082	-0.428571	0.2856
0.0204082	-0.387755	0.29982
0.0204082	-0.346939	0.31294
0.0204082	-0.306122	0.324864
0.0204082	-0.265306	0.335503
0.0204082	-0.22449	0.344774
0.0204082	-0.183673	0.352601
0.0204082	-0.142857	0.358917
0.0204082	-0.102041	0.363666
0.0204082	-0.0612245	0.366805
0.0204082	-0.0204082	0.368302
0.0204082	0.0204082	0.36814
0.0204082	0.0612245	0.366316
0.0204082	0.102041	0.36284
0.0204082	0.142857	0.357735
0.0204082	0.183673	0.351037
0.0204082	0.22449	0.342795
0.0204082	0.265306	0.333069
0.0204082	0.306122	0.321929
0.0204082	0.346939	0.30945
0.0204082	0.387755	0.295719
0.0204082	0.428571	0.280823
0.0204082	0.469388	0.264856
0.0204082	0.510204	0.247912
0.0204082	0.55102	0.230085
0.0204082	0.591837	0.211468
0.0204082	0.632653	0.192153
0.0204082	0.673469	0.172228
0.0204082	0.714286	0.151777
0.0204082	0.755102	0.130878
0.0204082	0.795918	0.109608
0.0204082	0.836735	0.0880357
0.0204082	0.877551	0.0662278
0.0204082	0.918367	0.0442465
0.0204082	0.959184	0.0221515
0.0204082	1	0
0.0612245	-1	0.0207194
0.0612245	-0.959184	0.0414035
0.0612245	-0.918367	0.0620153
0.0612245	-0.877551	0.0825154
0.0612245	-0.836735	0.102861
0.0612245	-0.795918	0.123003
0.0612245	-0.755102	0.142888
0.0612245	-0.714286	0.162456
0.0612245	-0.673469	0.181641
0.0612245	-0.632653	0.200368
0.0612245	-0.591837	0.218559
0.0612245	-0.55102	0.236128
0.0612245	-0.510204	0.252985
0.0612245	-0.469388	0.269036
0.0612245	-0.428571	0.284185
0.0612245	-0.387755	0.298335
0.0612245	-0.346939	0.311389
0.0612245	-0.306122	0.323254
0.0612245	-0.265306	0.333841
0.0612245	-0.22449	0.343066
0.0612245	-0.183673	0.350854
0.0612245	-0.142857	0.357138
0.0612245	-0.102041	0.361864
0.0612245	-0.0612245	0.364987
0.0612245	-0.0204082	0.366477
0.0612245	0.0204082	0.366316
0.0612245	0.0612245	0.364502
0.0612245	0.102041	0.361042
0.0612245	0.142857	0.355962
0.0612245	0.183673	0.349298
0.0612245	0.22449	0.341097
0.0612245	0.265306	0.331419
0.0612245	0.306122	0.320334
0.0612245	0.346939	0.307917
0.0612245	0.387755	0.294254
0.0612245	0.428571	0.279432
0.0612245	0.469388	0.263544
0.0612245	0.510204	0.246683
0.0612245	0.55102	0.228945
0.0612245	0.591837	0.21042
0.0612245	0.632653	0.191201
0.0612245	0.673469	0.171375
0.0612245	0.714286	0.151025
0.0612245	0.755102	0.13023
0.0612245	0.795918	0.109065
0.0612245	0.836735	0.0875995
0.0612245	0.877551	0.0658996
0.0612245	0.918367	0.0440273
0.0612245	0.959184	0.0220417
0.0612245	1	0
0.102041	-1	0.0205228
0.102041	-0.959184	0.0410105
0.102041	-0.918367	0.0614267
0.102041	-0.877551	0.0817323
0.102041	-0.836735	0.101884
0.102041	-0.795918	0.121835
0.102041	-0.755102	0.141532
0.102041	-0.714286	0.160914
0.102041	-0.673469	0.179917
0.102041	-0.632653	0.198466
0.102041	-0.591837	0.216484
0.102041	-0.55102	0.233887
0.102041	-0.510204	0.250584
0.102041	-0.469388	0.266482
0.102041	-0.428571	0.281488
0.102041	-0.387755	0.295503
0.102041	-0.346939	0.308434
0.102041	-0.306122	0.320187
0.102041	-0.265306	0.330673
0.102041	-0.22449	0.33981
0.102041	-0.183673	0.347524
0.102041	-0.142857	0.353749
0.102041	-0.102041	0.35843
0.102041	-0.0612245	0.361523
0.102041	-0.0204082	0.362999
0.102041	0.0204082	0.36284
0.102041	0.0612245	0.361042
0.102041	0.102041	0.357616
0.102041	0.142857	0.352584
0.102041	0.183673	0.345983
0.102041	0.22449	0.33786
0.102041	0.265306	0.328274
0.102041	0.306122	0.317293
0.102041	0.346939	0.304995
0.102041	0.387755	0.291461
0.102041	0.428571	0.27678
0.102041	0.469388	0.261043
0.102041	0.510204	0.244342
0.102041	0.55102	0.226772
0.102041	0.591837	0.208423
0.102041	0.632653	0.189387
0.102041	0.673469	0.169748
0.102041	0.714286	0.149591
0.102041	0.755102	0.128994
0.102041	0.795918	0.10803
0.102041	0.836735	0.0867682
0.102041	0.877551	0.0652742
0.102041	0.918367	0.0436094
0.102041	0.959184	0.0218325
0.102041	1	0
0.142857	-1	0.020234
0.142857	-0.959184	0.0404334
0.142857	-0.918367	0.0605624
0.142857	-0.877551	0.0805822
0.142857	-0.836735	0.100451
0.142857	-0.795918	0.120121
0.142857	-0.755102	0.13954
0.142857	-0.714286	0.15865
0.142857	-0.673469	0.177385
0.142857	-0.632653	0.195674
0.142857	-0.591837	0.213438
0.142857	-0.55102	0.230596
0.142857	-0.510204	0.247058
0.142857	-0.469388	0.262733
0.142857	-0.428571	0.277527
0.142857	-0.387755	0.291345
0.142857	-0.346939	0.304094
0.142857	-0.306122	0.315681
0.142857	-0.265306	0.32602
0.142857	-0.22449	0.335029
0.142857	-0.183673	0.342634
0.142857	-0.142857	0.348771
0.142857	-0.102041	0.353386
0.142857	-0.0612245	0.356436
0.142857	-0.0204082	0.357891
0.142857	0.0204082	0.357735
0.142857	0.0612245	0.355962
0.142857	0.102041	0.352584
0.142857	0.142857	0.347623
0.142857	0.183673	0.341114
0.142857	0.22449	0.333106
0.142857	0.265306	0.323655
0.142857	0.306122	0.312829
0.142857	0.346939	0.300703
0.142857	0.387755	0.28736
0.142857	0.428571	0.272885
0.142857	0.469388	0.25737
0.142857	0.510204	0.240904
0.142857	0.55102	0.223581
0.142857	0.591837	0.205491
0.142857	0.632653	0.186722
0.142857	0.673469	0.16736
0.142857	0.714286	0.147487
0.142857	0.755102	0.127179
0.142857	0.795918	0.10651
0.142857	0.836735	0.0855472
0.142857	0.877551	0.0643557
0.142857	0.918367	0.0429958
0.142857	0.959184	0.0215253
0.142857	1	0
0.183673	-1	0.0198552
0.183673	-0.959184	0.0396764
0.183673	-0.918367	0.0594284
0.183673	-0.877551	0.0790734
0.183673	-0.836735	0.09857
0.183673	-0.795918	0.117872
0.183673	-0.755102	0.136928
0.183673	-0.714286	0.15568
0.183673	-0.673469	0.174064
0.183673	-0.632653	0.19201
0.183673	-0.591837	0.209442
0.183673	-0.55102	0.226278
0.183673	-0.510204	0.242432
0.183673	-0.469388	0.257813
0.183673	-0.428571	0.272331
0.183673	-0.387755	0.28589
0.183673	-0.346939	0.2984
0.183673	-0.306122	0.309771
0.183673	-0.265306	0.319916
0.183673	-0.22449	0.328756
0.183673	-0.183673	0.336219
0.183673	-0.142857	0.342241
0.183673	-0.102041	0.34677
0.183673	-0.0612245	0.349763
0.183673	-0.0204082	0.351191
0.183673	0.0204082	0.351037
0.183673	0.0612245	0.349298
0.183673	0.102041	0.345983
0.183673	0.142857	0.341114
0.183673	0.183673	0.334728
0.183673	0.22449	0.326869
0.183673	0.265306	0.317595
0.183673	0.306122	0.306972
0.183673	0.346939	0.295073
0.183673	0.387755	0.28198
0.183673	0.428571	0.267776
0.183673	0.469388	0.252551
0.183673	0.510204	0.236394
0.183673	0.55102	0.219395
0.183673	0.591837	0.201643
0.183673	0.632653	0.183226
0.183673	0.673469	0.164226
0.183673	0.714286	0.144725
0.183673	0.755102	0.124798
0.183673	0.795918	0.104515
0.183673	0.836735	0.0839455
0.183673	0.877551	0.0631508
0.183673	0.918367	0.0421908
0.183673	0.959184	0.0211223
0.183673	1	0
0.22449	-1	0.019389
0.22449	-0.959184	0.0387448
0.22449	-0.918367	0.0580331
0.22449	-0.877551	0.0772169
0.22449	-0.836735	0.0962557
0.22449	-0.795918	0.115104
0.22449	-0.755102	0.133713
0.22449	-0.714286	0.152024
0.22449	-0.673469	0.169977
0.22449	-0.632653	0.187502
0.22449	-0.591837	0.204525
0.22449	-0.55102	0.220965
0.22449	-0.510204	0.23674
0.22449	-0.469388	0.25176
0.22449	-0.428571	0.265937
0.22449	-0.387755	0.279178
0.22449	-0.346939	0.291394
0.22449	-0.306122	0.302498
0.22449	-0.265306	0.312405
0.22449	-0.22449	0.321038
0.22449	-0.183673	0.328325
0.22449	-0.142857	0.334206
0.22449	-0.102041	0.338629
0.22449	-0.0612245	0.341551
0.22449	-0.0204082	0.342945
0.22449	0.0204082	0.342795
0.22449	0.0612245	0.341097
0.22449	0.102041	0.33786
0.22449	0.142857	0.333106
0.22449	0.183673	0.326869
0.22449	0.22449	0.319195
0.22449	0.265306	0.310138
0.22449	0.306122	0.299765
0.22449	0.346939	0.288146
0.22449	0.387755	0.275359
0.22449	0.428571	0.261489
0.22449	0.469388	0.246621
0.22449	0.510204	0.230844
0.22449	0.55102	0.214244
0.22449	0.591837	0.196909
0.22449	0.632653	0.178924
0.22449	0.673469	0.160371
0.22449	0.714286	0.141327
0.22449	0.755102	0.121868
0.22449	0.795918	0.102062
0.22449	0.836735	0.0819746
0.22449	0.877551	0.0616681
0.22449	0.918367	0.0412002
0.22449	0.959184	0.0206264
0.22449	1	0
0.265306	-1	0.0188389
0.265306	-0.959184	0.0376455
0.265306	-0.918367	0.0563865
0.265306	-0.877551	0.075026
0.265306	-0.836735	0.0935246
0.265306	-0.795918	0.111839
0.265306	-0.755102	0.129919
0.265306	-0.714286	0.147711
0.265306	-0.673469	0.165154
0.265306	-0.632653	0.182182
0.265306	-0.591837	0.198722
0.265306	-0.55102	0.214696
0.265306	-0.510204	0.230023
0.265306	-0.469388	0.244617
0.265306	-0.428571	0.258391
0.265306	-0.387755	0.271257
0.265306	-0.346939	0.283127
0.265306	-0.306122	0.293915
0.265306	-0.265306	0.303541
0.265306	-0.22449	0.311929
0.265306	-0.183673	0.31901
0.265306	-0.142857	0.324724
0.265306	-0.102041	0.329021
0.265306	-0.0612245	0.331861
0.265306	-0.0204082	0.333215
0.265306	0.0204082	0.333069
0.265306	0.0612245	0.331419
0.265306	0.102041	0.328274
0.265306	0.142857	0.323655
0.265306	0.183673	0.317595
0.265306	0.22449	0.310138
0.265306	0.265306	0.301339
0.265306	0.306122	0.29126
0.265306	0.346939	0.27997
0.265306	0.387755	0.267547
0.265306	0.428571	0.25407
0.265306	0.469388	0.239624
0.265306	0.510204	0.224294
0.265306	0.55102	0.208165
0.265306	0.591837	0.191322
0.265306	0.632653	0.173847
0.265306	0.673469	0.15582
0.265306	0.714286	0.137317
0.265306	0.755102	0.11841
0.265306	0.795918	0.0991658
0.265306	0.836735	0.0796487
0.265306	0.877551	0.0599184
0.265306	0.918367	0.0400312
0.265306	0.959184	0.0200411
0.265306	1	0
0.306122	-1	0.0182087
0.306122	-0.959184	0.0363862
0.306122	-0.918367	0.0545004
0.306122	-0.877551	0.0725164
0.306122	-0.836735	0.0903962
0.306122	-0.795918	0.108098
0.306122	-0.755102	0.125573
0.306122	-0.714286	0.14277
0.306122	-0.673469	0.15963
0.306122	-0.632653	0.176088
0.306122	-0.591837	0.192074
0.306122	-0.55102	0.207515
0.306122	-0.510204	0.222329
0.306122	-0.469388	0.236435
0.306122	-0.428571	0.249748
0.306122	-0.387755	0.262184
0.306122	-0.346939	0.273656
0.306122	-0.306122	0.284084
0.306122	-0.265306	0.293388
0.306122	-0.22449	0.301495
0.306122	-0.183673	0.30834
0.306122	-0.142857	0.313863
0.306122	-0.102041	0.318016
0.306122	-0.0612245	0.32076
0.306122	-0.0204082	0.32207
0.306122	0.0204082	0.321929
0.306122	0.0612245	0.320334
0.306122	0.102041	0.317293
0.306122	0.142857	0.312829
0.306122	0.183673	0.306972
0.306122	0.22449	0.299765
0.306122	0.265306	0.29126
0.306122	0.306122	0.281517
0.306122	0.346939	0.270605
0.306122	0.387755	0.258598
0.306122	0.428571	0.245572
0.306122	0.469388	0.231609
0.306122	0.510204	0.216791
0.306122	0.55102	0.201202
0.306122	0.591837	0.184922
0.306122	0.632653	0.168032
0.306122	0.673469	0.150608
0.306122	0.714286	0.132724
0.306122	0.755102	0.114449
0.306122	0.795918	0.0958488
0.306122	0.836735	0.0769845
0.306122	0.877551	0.0579141
0.306122	0.918367	0.0386922
0.306122	0.959184	0.0193707
0.306122	1	0
0.346939	-1	0.0175029
0.346939	-0.959184	0.0349758
0.346939	-0.918367	0.0523878
0.346939	-0.877551	0.0697055
0.346939	-0.836735	0.0868923
0.346939	-0.795918	0.103908
0.346939	-0.755102	0.120706
0.346939	-0.714286	0.137236
0.346939	-0.673469	0.153442
0.346939	-0.632653	0.169262
0.346939	-0.591837	0.184629
0.346939	-0.55102	0.199471
0.346939	-0.510204	0.213711
0.346939	-0.469388	0.22727
0.346939	-0.428571	0.240068
0.346939	-0.387755	0.252021
0.346939	-0.346939	0.263049
0.346939	-0.306122	0.273073
0.346939	-0.265306	0.282016
0.346939	-0.22449	0.289809
0.346939	-0.183673	0.296388
0.346939	-0.142857	0.301697
0.346939	-0.102041	0.305689
0.346939	-0.0612245	0.308327
0.346939	-0.0204082	0.309586
0.346939	0.0204082	0.30945
0.346939	0.0612245	0.307917
0.346939	0.102041	0.304995
0.346939	0.142857	0.300703
0.346939	0.183673	0.295073
0.346939	0.22449	0.288146
0.346939	0.265306	0.27997
0.346939	0.306122	0.270605
0.346939	0.346939	0.260117
0.346939	0.387755	0.248574
0.346939	0.428571	0.236053
0.346939	0.469388	0.222632
0.346939	0.510204	0.208388
0.346939	0.55102	0.193403
0.346939	0.591837	0.177755
0.346939	0.632653	0.161519
0.346939	0.673469	0.144771
0.346939	0.714286	0.12758
0.346939	0.755102	0.110013
0.346939	0.795918	0.0921335
0.346939	0.836735	0.0740004
0.346939	0.877551	0.0556693
0.346939	0.918367	0.0371924
0.346939	0.959184	0.0186199
0.346939	1	0
0.387755	-1	0.0167262
0.387755	-0.959184	0.0334238
0.387755	-0.918367	0.0500631
0.387755	-0.877551	0.0666123
0.387755	-0.836735	0.0830364
0.387755	-0.795918	0.0992966
0.387755	-0.755102	0.115349
0.387755	-0.714286	0.131146
0.387755	-0.673469	0.146633
0.387755	-0.632653	0.161751
0.387755	-0.591837	0.176436
0.387755	-0.55102	0.190619
0.387755	-0.510204	0.204228
0.387755	-0.469388	0.217185
0.387755	-0.428571	0.229415
0.387755	-0.387755	0.240838
0.387755	-0.346939	0.251377
0.387755	-0.306122	0.260955
0.387755	-0.265306	0.269502
0.387755	-0.22449	0.276949
0.387755	-0.183673	0.283236
0.387755	-0.142857	0.28831
0.387755	-0.102041	0.292124
0.387755	-0.0612245	0.294646
0.387755	-0.0204082	0.295849
0.387755	0.0204082	0.295719
0.387755	0.0612245	0.294254
0.387755	0.102041	0.291461
0.387755	0.142857	0.28736
0.387755	0.183673	0.28198
0.387755	0.22449	0.275359
0.387755	0.265306	0.267547
0.387755	0.306122	0.258598
0.387755	0.346939	0.248574
0.387755	0.387755	0.237544
0.387755	0.428571	0.225579
0.387755	0.469388	0.212752
0.387755	0.510204	0.199141
0.387755	0.55102	0.184821
0.387755	0.591837	0.169867
0.387755	0.632653	0.154352
0.387755	0.673469	0.138346
0.387755	0.714286	0.121918
0.387755	0.755102	0.105131
0.387755	0.795918	0.0880451
0.387755	0.836735	0.0707167
0.387755	0.877551	0.0531989
0.387755	0.918367	0.035542
0.387755	0.959184	0.0177936
0.387755	1	0
0.428571	-1	0.0158836
0.428571	-0.959184	0.0317401
0.428571	-0.918367	0.0475413
0.428571	-0.877551	0.0632568
0.428571	-0.836735	0.0788536
0.428571	-0.795918	0.0942948
0.428571	-0.755102	0.109539
0.428571	-0.714286	0.12454
0.428571	-0.673469	0.139247
0.428571	-0.632653	0.153604
0.428571	-0.591837	0.167549
0.428571	-0.55102	0.181018
0.428571	-0.510204	0.19394
0.428571	-0.469388	0.206246
0.428571	-0.428571	0.217859
0.428571	-0.387755	0.228707
0.428571	-0.346939	0.238715
0.428571	-0.306122	0.247811
0.428571	-0.265306	0.255927
0.428571	-0.22449	0.262999
0.428571	-0.183673	0.268969
0.428571	-0.142857	0.273787
0.428571	-0.102041	0.27741
0.428571	-0.0612245	0.279804
0.428571	-0.0204082	0.280946
0.428571	0.0204082	0.280823
0.428571	0.0612245	0.279432
0.428571	0.102041	0.27678
0.428571	0.142857	0.272885
0.428571	0.183673	0.267776
0.428571	0.22449	0.261489
0.428571	0.265306	0.25407
0.428571	0.306122	0.245572
0.428571	0.346939	0.236053
0.428571	0.387755	0.225579
0.428571	0.428571	0.214216
0.428571	0.469388	0.202036
0.428571	0.510204	0.18911
0.428571	0.55102	0.175511
0.428571	0.591837	0.16131
0.428571	0.632653	0.146577
0.428571	0.673469	0.131378
0.428571	0.714286	0.115777
0.428571	0.755102	0.0998355
0.428571	0.795918	0.0836101
0.428571	0.836735	0.0671545
0.428571	0.877551	0.0505192
0.428571	0.918367	0.0337517
0.428571	0.959184	0.0168973
0.428571	1	0
0.469388	-1	0.0149805
0.469388	-0.959184	0.0299354
0.469388	-0.918367	0.0448381
0.469388	-0.877551	0.05966
0.469388	-0.836735	0.07437
0.469388	-0.795918	0.0889332
0.469388	-0.755102	0.103311
0.469388	-0.714286	0.117459
0.469388	-0.673469	0.13133
0.469388	-0.632653	0.14487
0.469388	-0.591837	0.158022
0.469388	-0.55102	0.170725
0.469388	-0.510204	0.182913
0.469388	-0.469388	0.194519
0.469388	-0.428571	0.205472
0.469388	-0.387755	0.215703
0.469388	-0.346939	0.225141
0.469388	-0.306122	0.233721
0.469388	-0.265306	0.241375
0.469388	-0.22449	0.248045
0.469388	-0.183673	0.253676
0.469388	-0.142857	0.25822
0.469388	-0.102041	0.261637
0.469388	-0.0612245	0.263895
0.469388	-0.0204082	0.264972
0.469388	0.0204082	0.264856
0.469388	0.0612245	0.263544
0.469388	0.102041	0.261043
0.469388	0.142857	0.25737
0.469388	0.183673	0.252551
0.469388	0.22449	0.246621
0.469388	0.265306	0.239624
0.469388	0.306122	0.231609
0.469388	0.346939	0.222632
0.469388	0.387755	0.212752
0.469388	0.428571	0.202036
0.469388	0.469388	0.190548
0.469388	0.510204	0.178358
0.469388	0.55102	0.165532
0.469388	0.591837	0.152138
0.469388	0.632653	0.138243
0.469388	0.673469	0.123908
0.469388	0.714286	0.109194
0.469388	0.755102	0.0941589
0.469388	0.795918	0.0788561
0.469388	0.836735	0.0633362
0.469388	0.877551	0.0476467
0.469388	0.918367	0.0318326
0.469388	0.959184	0.0159366
0.469388	1	0
0.510204	-1	0.0140221
0.510204	-0.959184	0.0280202
0.510204	-0.918367	0.0419694
0.510204	-0.877551	0.0558431
0.510204	-0.836735	0.069612
0.510204	-0.795918	0.0832434
0.510204	-0.755102	0.096701
0.510204	-0.714286	0.109944
0.510204	-0.673469	0.122927
0.510204	-0.632653	0.135601
0.510204	-0.591837	0.147912
0.510204	-0.55102	0.159803
0.510204	-0.510204	0.171211
0.510204	-0.469388	0.182074
0.510204	-0.428571	0.192326
0.510204	-0.387755	0.201903
0.510204	-0.346939	0.210738
0.510204	-0.306122	0.218768
0.510204	-0.265306	0.225933
0.510204	-0.22449	0.232176
0.510204	-0.183673	0.237447
0.510204	-0.142857	0.2417
0.510204	-0.102041	0.244898
0.510204	-0.0612245	0.247012
0.510204	-0.0204082	0.24802
0.510204	0.0204082	0.247912
0.510204	0.0612245	0.246683
0.510204	0.102041	0.244342
0.510204	0.142857	0.240904
0.510204	0.183673	0.236394
0.510204	0.22449	0.230844
0.510204	0.265306	0.224294
0.510204	0.306122	0.216791
0.510204	0.346939	0.208388
0.510204	0.387755	0.199141
0.510204	0.428571	0.18911
0.510204	0.469388	0.178358
0.510204	0.510204	0.166947
0.510204	0.55102	0.154942
0.510204	0.591837	0.142405
0.510204	0.632653	0.129398
0.510204	0.673469	0.11598
0.510204	0.714286	0.102208
0.510204	0.755102	0.0881348
0.510204	0.795918	0.0738111
0.510204	0.836735	0.0592841
0.510204	0.877551	0.0445984
0.510204	0.918367	0.029796
0.510204	0.959184	0.014917
0.510204	1	0
0.55102	-1	0.0130137
0.55102	-0.959184	0.0260052
0.55102	-0.918367	0.0389513
0.55102	-0.877551	0.0518274
0.55102	-0.836735	0.0646061
0.55102	-0.795918	0.0772573
0.55102	-0.755102	0.0897471
0.55102	-0.714286	0.102038
0.55102	-0.673469	0.114088
0.55102	-0.632653	0.12585
0.55102	-0.591837	0.137276
0.55102	-0.55102	0.148311
0.55102	-0.510204	0.158899
0.55102	-0.469388	0.168981
0.55102	-0.428571	0.178496
0.55102	-0.387755	0.187384
0.55102	-0.346939	0.195584
0.55102	-0.306122	0.203036
0.55102	-0.265306	0.209686
0.55102	-0.22449	0.215481
0.55102	-0.183673	0.220372
0.55102	-0.142857	0.22432
0.55102	-0.102041	0.227288
0.55102	-0.0612245	0.229249
0.55102	-0.0204082	0.230185
0.55102	0.0204082	0.230085
0.55102	0.0612245	0.228945
0.55102	0.102041	0.226772
0.55102	0.142857	0.223581
0.55102	0.183673	0.219395
0.55102	0.22449	0.214244
0.55102	0.265306	0.208165
0.55102	0.306122	0.201202
0.55102	0.346939	0.193403
0.55102	0.387755	0.184821
0.55102	0.428571	0.175511
0.55102	0.469388	0.165532
0.55102	0.510204	0.154942
0.55102	0.55102	0.1438
0.55102	0.591837	0.132165
0.55102	0.632653	0.120093
0.55102	0.673469	0.10764
0.55102	0.714286	0.0948582
0.55102	0.755102	0.081797
0.55102	0.795918	0.0685033
0.55102	0.836735	0.0550209
0.55102	0.877551	0.0413913
0.55102	0.918367	0.0276533
0.55102	0.959184	0.0138443
0.55102	1	0
0.591837	-1	0.0119607
0.591837	-0.959184	0.023901
0.591837	-0.918367	0.0357996
0.591837	-0.877551	0.0476338
0.591837	-0.836735	0.0593786
0.591837	-0.795918	0.0710062
0.591837	-0.755102	0.0824854
0.591837	-0.714286	0.0937817
0.591837	-0.673469	0.104856
0.591837	-0.632653	0.115667
0.591837	-0.591837	0.126169
0.591837	-0.55102	0.136311
0.591837	-0.510204	0.146042
0.591837	-0.469388	0.155308
0.591837	-0.428571	0.164054
0.591837	-0.387755	0.172222
0.591837	-0.346939	0.179758
0.591837	-0.306122	0.186608
0.591837	-0.265306	0.19272
0.591837	-0.22449	0.198046
0.591837	-0.183673	0.202541
0.591837	-0.142857	0.206169
0.591837	-0.102041	0.208898
0.591837	-0.0612245	0.210701
0.591837	-0.0204082	0.211561
0.591837	0.0204082	0.211468
0.591837	0.0612245	0.21042
0.591837	0.102041	0.208423
0.591837	0.142857	0.205491
0.591837	0.183673	0.201643
0.591837	0.22449	0.196909
0.591837	0.265306	0.191322
0.591837	0.306122	0.184922
0.591837	0.346939	0.177755
0.591837	0.387755	0.169867
0.591837	0.428571	0.16131
0.591837	0.469388	0.152138
0.591837	0.510204	0.142405
0.591837	0.55102	0.132165
0.591837	0.591837	0.121471
0.591837	0.632653	0.110376
0.591837	0.673469	0.0989307
0.591837	0.714286	0.087183
0.591837	0.755102	0.0751786
0.591837	0.795918	0.0629605
0.591837	0.836735	0.050569
0.591837	0.877551	0.0380422
0.591837	0.918367	0.0254158
0.591837	0.959184	0.0127241
0.591837	1	0
0.632653	-1	0.0108683
0.632653	-0.959184	0.0217179
0.632653	-0.918367	0.0325298
0.632653	-0.877551	0.043283
0.632653	-0.836735	0.0539551
0.632653	-0.795918	0.0645206
0.632653	-0.755102	0.0749514
0.632653	-0.714286	0.0852159
0.632653	-0.673469	0.0952791
0.632653	-0.632653	0.105103
0.632653	-0.591837	0.114645
0.632653	-0.55102	0.123861
0.632653	-0.510204	0.132703
0.632653	-0.469388	0.141123
0.632653	-0.428571	0.149069
0.632653	-0.387755	0.156492
0.632653	-0.346939	0.16334
0.632653	-0.306122	0.169564
0.632653	-0.265306	0.175118
0.632653	-0.22449	0.179957
0.632653	-0.183673	0.184042
0.632653	-0.142857	0.187339
0.632653	-0.102041	0.189818
0.632653	-0.0612245	0.191456
0.632653	-0.0204082	0.192238
0.632653	0.0204082	0.192153
0.632653	0.0612245	0.191201
0.632653	0.102041	0.189387
0.632653	0.142857	0.186722
0.632653	0.183673	0.183226
0.632653	0.22449	0.178924
0.632653	0.265306	0.173847
0.632653	0.306122	0.168032
0.632653	0.346939	0.161519
0.632653	0.387755	0.154352
0.632653	0.428571	0.146577
0.632653	0.469388	0.138243
0.632653	0.510204	0.129398
0.632653	0.55102	0.120093
0.632653	0.591837	0.110376
0.632653	0.632653	0.100295
0.632653	0.673469	0.0898946
0.632653	0.714286	0.0792199
0.632653	0.755102	0.068312
0.632653	0.795918	0.0572098
0.632653	0.836735	0.0459502
0.632653	0.877551	0.0345675
0.632653	0.918367	0.0230944
0.632653	0.959184	0.0115619
0.632653	1	0
0.673469	-1	0.00974127
0.673469	-0.959184	0.0194659
0.673469	-0.918367	0.0291566
0.673469	-0.877551	0.0387948
0.673469	-0.836735	0.0483602
0.673469	-0.795918	0.0578301
0.673469	-0.755102	0.0671793
0.673469	-0.714286	0.0763794
0.673469	-0.673469	0.0853991
0.673469	-0.632653	0.094204
0.673469	-0.591837	0.102757
0.673469	-0.55102	0.111017
0.673469	-0.510204	0.118943
0.673469	-0.469388	0.126489
0.673469	-0.428571	0.133612
0.673469	-0.387755	0.140265
0.673469	-0.346939	0.146403
0.673469	-0.306122	0.151981
0.673469	-0.265306	0.156959
0.673469	-0.22449	0.161296
0.673469	-0.183673	0.164958
0.673469	-0.142857	0.167913
0.673469	-0.102041	0.170135
0.673469	-0.0612245	0.171603
0.673469	-0.0204082	0.172304
0.673469	0.0204082	0.172228
0.673469	0.0612245	0.171375
0.673469	0.102041	0.169748
0.673469	0.142857	0.16736
0.673469	0.183673	0.164226
0.673469	0.22449	0.160371
0.673469	0.265306	0.15582
0.673469	0.306122	0.150608
0.673469	0.346939	0.144771
0.673469	0.387755	0.138346
0.673469	0.428571	0.131378
0.673469	0.469388	0.123908
0.673469	0.510204	0.11598
0.673469	0.55102	0.10764
0.673469	0.591837	0.0989307
0.673469	0.632653	0.0898946
0.673469	0.673469	0.0805731
0.673469	0.714286	0.0710053
0.673469	0.755102	0.0612284
0.673469	0.795918	0.0512775
0.673469	0.836735	0.0411854
0.673469	0.877551	0.030983
0.673469	0.918367	0.0206996
0.673469	0.959184	0.010363
0.673469	1	0
0.714286	-1	0.00858452
0.714286	-0.959184	0.0171544
0.714286	-0.918367	0.0256943
0.714286	-0.877551	0.034188
0.714286	-0.836735	0.0426175
0.714286	-0.795918	0.050963
0.714286	-0.755102	0.0592019
0.714286	-0.714286	0.0673096
0.714286	-0.673469	0.0752582
0.714286	-0.632653	0.0830176
0.714286	-0.591837	0.0905546
0.714286	-0.55102	0.097834
0.714286	-0.510204	0.104818
0.714286	-0.469388	0.111469
0.714286	-0.428571	0.117746
0.714286	-0.387755	0.123609
0.714286	-0.346939	0.129018
0.714286	-0.306122	0.133934
0.714286	-0.265306	0.138321
0.714286	-0.22449	0.142143
0.714286	-0.183673	0.14537
0.714286	-0.142857	0.147974
0.714286	-0.102041	0.149932
0.714286	-0.0612245	0.151226
0.714286	-0.0204082	0.151843
0.714286	0.0204082	0.151777
0.714286	0.0612245	0.151025
0.714286	0.102041	0.149591
0.714286	0.142857	0.147487
0.714286	0.183673	0.144725
0.714286	0.22449	0.141327
0.714286	0.265306	0.137317
0.714286	0.306122	0.132724
0.714286	0.346939	0.12758
0.714286	0.387755	0.121918
0.714286	0.428571	0.115777
0.714286	0.469388	0.109194
0.714286	0.510204	0.102208
0.714286	0.55102	0.0948582
0.714286	0.591837	0.087183
0.714286	0.632653	0.0792199
0.714286	0.673469	0.0710053
0.714286	0.714286	0.0625736
0.714286	0.755102	0.0539577
0.714286	0.795918	0.0451884
0.714286	0.836735	0.0362947
0.714286	0.877551	0.0273039
0.714286	0.918367	0.0182416
0.714286	0.959184	0.00913243
0.714286	1	0
0.755102	-1	0.00740249
0.755102	-0.959184	0.0147923
0.755102	-0.918367	0.0221564
0.755102	-0.877551	0.0294806
0.755102	-0.836735	0.0367494
0.755102	-0.795918	0.0439457
0.755102	-0.755102	0.0510503
0.755102	-0.714286	0.0580415
0.755102	-0.673469	0.0648957
0.755102	-0.632653	0.0715867
0.755102	-0.591837	0.0780859
0.755102	-0.55102	0.084363
0.755102	-0.510204	0.0903858
0.755102	-0.469388	0.0961206
0.755102	-0.428571	0.101533
0.755102	-0.387755	0.106589
0.755102	-0.346939	0.111253
0.755102	-0.306122	0.115492
0.755102	-0.265306	0.119275
0.755102	-0.22449	0.122571
0.755102	-0.183673	0.125354
0.755102	-0.142857	0.127599
0.755102	-0.102041	0.129288
0.755102	-0.0612245	0.130403
0.755102	-0.0204082	0.130936
0.755102	0.0204082	0.130878
0.755102	0.0612245	0.13023
0.755102	0.102041	0.128994
0.755102	0.142857	0.127179
0.755102	0.183673	0.124798
0.755102	0.22449	0.121868
0.755102	0.265306	0.11841
0.755102	0.306122	0.114449
0.755102	0.346939	0.110013
0.755102	0.387755	0.105131
0.755102	0.428571	0.0998355
0.755102	0.469388	0.0941589
0.755102	0.510204	0.0881348
0.755102	0.55102	0.081797
0.755102	0.591837	0.0751786
0.755102	0.632653	0.068312
0.755102	0.673469	0.0612284
0.755102	0.714286	0.0539577
0.755102	0.755102	0.0465281
0.755102	0.795918	0.0389663
0.755102	0.836735	0.0312972
0.755102	0.877551	0.0235444
0.755102	0.918367	0.0157299
0.755102	0.959184	0.00787496
0.755102	1	0
0.795918	-1	0.00619942
0.795918	-0.959184	0.0123883
0.795918	-0.918367	0.0185555
0.795918	-0.877551	0.0246893
0.795918	-0.836735	0.0307768
0.795918	-0.795918	0.0368036
0.795918	-0.755102	0.0427535
0.795918	-0.714286	0.0486085
0.795918	-0.673469	0.0543488
0.795918	-0.632653	0.0599523
0.795918	-0.591837	0.0653953
0.795918	-0.55102	0.0706522
0.795918	-0.510204	0.0756962
0.795918	-0.469388	0.080499
0.795918	-0.428571	0.0850319
0.795918	-0.387755	0.0892659
0.795918	-0.346939	0.0931721
0.795918	-0.306122	0.0967225
0.795918	-0.265306	0.0998904
0.795918	-0.22449	0.102651
0.795918	-0.183673	0.104981
0.795918	-0.142857	0.106862
0.795918	-0.102041	0.108276
0.795918	-0.0612245	0.10921
0.795918	-0.0204082	0.109656
0.795918	0.0204082	0.109608
0.795918	0.0612245	0.109065
0.795918	0.102041	0.10803
0.795918	0.142857	0.10651
0.795918	0.183673	0.104515
0.795918	0.22449	0.102062
0.795918	0.265306	0.0991658
0.795918	0.306122	0.0958488
0.795918	0.346939	0.0921335
0.795918	0.387755	0.0880451
0.795918	0.428571	0.0836101
0.795918	0.469388	0.0788561
0.795918	0.510204	0.0738111
0.795918	0.55102	0.0685033
0.795918	0.591837	0.0629605
0.795918	0.632653	0.0572098
0.795918	0.673469	0.0512775
0.795918	0.714286	0.0451884
0.795918	0.755102	0.0389663
0.795918	0.795918	0.0326334
0.795918	0.836735	0.0262107
0.795918	0.877551	0.0197179
0.795918	0.918367	0.0131734
0.795918	0.959184	0.00659511
0.795918	1	0
0.836735	-1	0.00497929
0.836735	-0.959184	0.00995008
0.836735	-0.918367	0.0149035
0.836735	-0.877551	0.0198301
0.836735	-0.836735	0.0247195
0.836735	-0.795918	0.0295601
0.836735	-0.755102	0.034339
0.836735	-0.714286	0.0390417
0.836735	-0.673469	0.0436522
0.836735	-0.632653	0.0481529
0.836735	-0.591837	0.0525246
0.836735	-0.55102	0.0567469
0.836735	-0.510204	0.0607981
0.836735	-0.469388	0.0646557
0.836735	-0.428571	0.0682965
0.836735	-0.387755	0.0716972
0.836735	-0.346939	0.0748346
0.836735	-0.306122	0.0776863
0.836735	-0.265306	0.0802307
0.836735	-0.22449	0.0824478
0.836735	-0.183673	0.0843195
0.836735	-0.142857	0.0858298
0.836735	-0.102041	0.0869656
0.836735	-0.0612245	0.0877162
0.836735	-0.0204082	0.0880743
0.836735	0.0204082	0.0880357
0.836735	0.0612245	0.0875995
0.836735	0.102041	0.0867682
0.836735	0.142857	0.0855472
0.836735	0.183673	0.0839455
0.836735	0.22449	0.0819746
0.836735	0.265306	0.0796487
0.836735	0.306122	0.0769845
0.836735	0.346939	0.0740004
0.836735	0.387755	0.0707167
0.836735	0.428571	0.0671545
0.836735	0.469388	0.0633362
0.836735	0.510204	0.0592841
0.836735	0.55102	0.0550209
0.836735	0.591837	0.050569
0.836735	0.632653	0.0459502
0.836735	0.673469	0.0411854
0.836735	0.714286	0.0362947
0.836735	0.755102	0.0312972
0.836735	0.795918	0.0262107
0.836735	0.836735	0.0210521
0.836735	0.877551	0.0158371
0.836735	0.918367	0.0105807
0.836735	0.959184	0.0052971
0.836735	1	0
0.877551	-1	0.00374583
0.877551	-0.959184	0.00748526
0.877551	-0.918367	0.0112116
0.877551	-0.877551	0.0149179
0.877551	-0.836735	0.0185961
0.877551	-0.795918	0.0222376
0.877551	-0.755102	0.0258326
0.877551	-0.714286	0.0293704
0.877551	-0.673469	0.0328388
0.877551	-0.632653	0.0362246
0.877551	-0.591837	0.0395133
0.877551	-0.55102	0.0426897
0.877551	-0.510204	0.0457374
0.877551	-0.469388	0.0486394
0.877551	-0.428571	0.0513783
0.877551	-0.387755	0.0539366
0.877551	-0.346939	0.0562968
0.877551	-0.306122	0.058442
0.877551	-0.265306	0.0603561
0.877551	-0.22449	0.062024
0.877551	-0.183673	0.0634321
0.877551	-0.142857	0.0645683
0.877551	-0.102041	0.0654227
0.877551	-0.0612245	0.0659874
0.877551	-0.0204082	0.0662568
0.877551	0.0204082	0.0662278
0.877551	0.0612245	0.0658996
0.877551	0.102041	0.0652742
0.877551	0.142857	0.0643557
0.877551	0.183673	0.0631508
0.877551	0.22449	0.0616681
0.877551	0.265306	0.0599184
0.877551	0.306122	0.0579141
0.877551	0.346939	0.0556693
0.877551	0.387755	0.0531989
0.877551	0.428571	0.0505192
0.877551	0.469388	0.0476467
0.877551	0.510204	0.0445984
0.877551	0.55102	0.0413913
0.877551	0.591837	0.0380422
0.877551	0.632653	0.0345675
0.877551	0.673469	0.030983
0.877551	0.714286	0.0273039
0.877551	0.755102	0.0235444
0.877551	0.795918	0.0197179
0.877551	0.836735	0.0158371
0.877551	0.877551	0.011914
0.877551	0.918367	0.0079597
0.877551	0.959184	0.00398492
0.877551	1	0
0.918367	-1	0.00250257
0.918367	-0.959184	0.00500087
0.918367	-0.918367	0.00749045
0.918367	-0.877551	0.00996656
0.918367	-0.836735	0.012424
0.918367	-0.795918	0.0148568
0.918367	-0.755102	0.0172587
0.918367	-0.714286	0.0196222
0.918367	-0.673469	0.0219395
0.918367	-0.632653	0.0242015
0.918367	-0.591837	0.0263987
0.918367	-0.55102	0.0285208
0.918367	-0.510204	0.030557
0.918367	-0.469388	0.0324958
0.918367	-0.428571	0.0343256
0.918367	-0.387755	0.0360348
0.918367	-0.346939	0.0376117
0.918367	-0.306122	0.0390449
0.918367	-0.265306	0.0403237
0.918367	-0.22449	0.041438
0.918367	-0.183673	0.0423787
0.918367	-0.142857	0.0431378
0.918367	-0.102041	0.0437087
0.918367	-0.0612245	0.0440859
0.918367	-0.0204082	0.0442659
0.918367	0.0204082	0.0442465
0.918367	0.0612245	0.0440273
0.918367	0.102041	0.0436094
0.918367	0.142857	0.0429958
0.918367	0.183673	0.0421908
0.918367	0.22449	0.0412002
0.918367	0.265306	0.0400312
0.918367	0.306122	0.0386922
0.918367	0.346939	0.0371924
0.918367	0.387755	0.035542
0.918367	0.428571	0.0337517
0.918367	0.469388	0.0318326
0.918367	0.510204	0.029796
0.918367	0.55102	0.0276533
0.918367	0.591837	0.0254158
0.918367	0.632653	0.0230944
0.918367	0.673469	0.0206996
0.918367	0.714286	0.0182416
0.918367	0.755102	0.0157299
0.918367	0.795918	0.0131734
0.918367	0.836735	0.0105807
0.918367	0.877551	0.0079597
0.918367	0.918367	0.00531784
0.918367	0.959184	0.00266231
0.918367	1	0
0.959184	-1	0.00125288
0.959184	-0.959184	0.00250362
0.959184	-0.918367	0.00375
0.959184	-0.877551	0.00498963
0.959184	-0.836735	0.00621989
0.959184	-0.795918	0.00743788
0.959184	-0.755102	0.00864033
0.959184	-0.714286	0.00982362
0.959184	-0.673469	0.0109837
0.959184	-0.632653	0.0121162
0.959184	-0.591837	0.0132162
0.959184	-0.55102	0.0142786
0.959184	-0.510204	0.0152979
0.959184	-0.469388	0.0162686
0.959184	-0.428571	0.0171847
0.959184	-0.387755	0.0180404
0.959184	-0.346939	0.0188298
0.959184	-0.306122	0.0195473
0.959184	-0.265306	0.0201875
0.959184	-0.22449	0.0207454
0.959184	-0.183673	0.0212164
0.959184	-0.142857	0.0215964
0.959184	-0.102041	0.0218822
0.959184	-0.0612245	0.0220711
0.959184	-0.0204082	0.0221612
0.959184	0.0204082	0.0221515
0.959184	0.0612245	0.0220417
0.959184	0.102041	0.0218325
0.959184	0.142857	0.0215253
0.959184	0.183673	0.0211223
0.959184	0.22449	0.0206264
0.959184	0.265306	0.0200411
0.959184	0.306122	0.0193707
0.959184	0.346939	0.0186199
0.959184	0.387755	0.0177936
0.959184	0.428571	0.0168973
0.959184	0.469388	0.0159366
0.959184	0.510204	0.014917
0.959184	0.55102	0.0138443
0.959184	0.591837	0.0127241
0.959184	0.632653	0.0115619
0.959184	0.673469	0.010363
0.959184	0.714286	0.00913243
0.959184	0.755102	0.00787496
0.959184	0.795918	0.00659511
0.959184	0.836735	0.0052971
0.959184	0.877551	0.00398492
0.959184	0.918367	0.00266231
0.959184	0.959184	0.00133285
0.959184	1	0
1	-1	0
1	-0.959184	0
1	-0.918367	0
1	-0.877551	0
1	-0.836735	0
1	-0.795918	0
1	-0.755102	0
1	-0.714286	0
1	-0.673469	0
1	-0.632653	0
1	-0.591837	0
1	-0.55102	0
1	-0.510204	0
1	-0.469388	0
1	-0.428571	0
1	-0.387755	0
1	-0.346939	0
1	-0.306122	0
1	-0.265306	0
1	-0.22449	0
1	-0.183673	0
1	-0.142857	0
1	-0.102041	0
1	-0.0612245	0
1	-0.0204082	0
1	0.0204082	0
1	0.0612245	0
1	0.102041	0
1	0.142857	0
1	0.183673	0
1	0.22449	0
1	0.265306	0
1	0.306122	0
1	0.346939	0
1	0.387755	0
1	0.428571	0
1	0.469388	0
1	0.510204	0
1	0.55102	0
1	0.591837	0
1	0.632653	0
1	0.673469	0
1	0.714286	0
1	0.755102	0
1	0.795918	0
1	0.836735	0
1	0.877551	0
1	0.918367	0
1	0.959184	0
1	1	0
