-1	-1	6.13829e-05
-1	-0.959184	0.000122524
-1	-0.918367	0.000183182
-1	-0.877551	0.000243117
-1	-0.836735	0.000302094
-1	-0.795918	0.000359879
-1	-0.755102	0.000416245
-1	-0.714286	0.00047097
-1	-0.673469	0.000523837
-1	-0.632653	0.000574638
-1	-0.591837	0.000623173
-1	-0.55102	0.00066925
-1	-0.510204	0.000712688
-1	-0.469388	0.000753314
-1	-0.428571	0.000790969
-1	-0.387755	0.000825504
-1	-0.346939	0.000856782
-1	-0.306122	0.000884681
-1	-0.265306	0.000909089
-1	-0.22449	0.00092991
-1	-0.183673	0.000947063
-1	-0.142857	0.000960478
-1	-0.102041	0.000970104
-1	-0.0612245	0.000975901
-1	-0.0204082	0.000977847
-1	0.0204082	0.000975934
-1	0.0612245	0.000970169
-1	0.102041	0.000960575
-1	0.142857	0.00094719
-1	0.183673	0.000930066
-1	0.22449	0.00090927
-1	0.265306	0.000884884
-1	0.306122	0.000857006
-1	0.346939	0.000825743
-1	0.387755	0.000791221
-1	0.428571	0.000753574
-1	0.469388	0.000712952
-1	0.510204	0.000669514
-1	0.55102	0.000623433
-1	0.591837	0.00057489
-1	0.632653	0.000524076
-1	0.673469	0.000471193
-1	0.714286	0.000416449
-1	0.755102	0.00036006
-1	0.795918	0.000302249
-1	0.836735	0.000243244
-1	0.877551	0.000183279
-1	0.918367	0.00012259
-1	0.959184	6.14161e-05
-1	1	0
-0.959184	-1	0.000122524
-0.959184	-0.959184	0.000244565
-0.959184	-0.918367	0.000365641
-0.959184	-0.877551	0.000485275
-0.959184	-0.836735	0.000602996
-0.959184	-0.795918	0.000718339
-0.959184	-0.755102	0.000830849
-0.959184	-0.714286	0.000940082
-0.959184	-0.673469	0.00104561
-0.959184	-0.632653	0.00114701
-0.959184	-0.591837	0.00124389
-0.959184	-0.55102	0.00133586
-0.959184	-0.510204	0.00142257
-0.959184	-0.469388	0.00150366
-0.959184	-0.428571	0.00157882
-0.959184	-0.387755	0.00164775
-0.959184	-0.346939	0.00171019
-0.959184	-0.306122	0.00176587
-0.959184	-0.265306	0.00181459
-0.959184	-0.22449	0.00185615
-0.959184	-0.183673	0.00189039
-0.959184	-0.142857	0.00191717
-0.959184	-0.102041	0.00193638
-0.959184	-0.0612245	0.00194795
-0.959184	-0.0204082	0.00195184
-0.959184	0.0204082	0.00194802
-0.959184	0.0612245	0.00193651
-0.959184	0.102041	0.00191736
-0.959184	0.142857	0.00189064
-0.959184	0.183673	0.00185646
-0.959184	0.22449	0.00181495
-0.959184	0.265306	0.00176628
-0.959184	0.306122	0.00171063
-0.959184	0.346939	0.00164823
-0.959184	0.387755	0.00157932
-0.959184	0.428571	0.00150418
-0.959184	0.469388	0.00142309
-0.959184	0.510204	0.00133639
-0.959184	0.55102	0.00124441
-0.959184	0.591837	0.00114751
-0.959184	0.632653	0.00104609
-0.959184	0.673469	0.000940528
-0.959184	0.714286	0.000831256
-0.959184	0.755102	0.0007187
-0.959184	0.795918	0.000603306
-0.959184	0.836735	0.00048553
-0.959184	0.877551	0.000365835
-0.959184	0.918367	0.000244696
-0.959184	0.959184	0.00012259
-0.959184	1	0
-0.918367	-1	0.000183182
-0.918367	-0.959184	0.000365641
-0.918367	-0.918367	0.000546658
-0.918367	-0.877551	0.00072552
-0.918367	-0.836735	0.00090152
-0.918367	-0.795918	0.00107397
-0.918367	-0.755102	0.00124218
-0.918367	-0.714286	0.00140549
-0.918367	-0.673469	0.00156326
-0.918367	-0.632653	0.00171486
-0.918367	-0.591837	0.0018597
-0.918367	-0.55102	0.00199721
-0.918367	-0.510204	0.00212683
-0.918367	-0.469388	0.00224807
-0.918367	-0.428571	0.00236044
-0.918367	-0.387755	0.0024635
-0.918367	-0.346939	0.00255685
-0.918367	-0.306122	0.0026401
-0.918367	-0.265306	0.00271294
-0.918367	-0.22449	0.00277508
-0.918367	-0.183673	0.00282626
-0.918367	-0.142857	0.0028663
-0.918367	-0.102041	0.00289502
-0.918367	-0.0612245	0.00291233
-0.918367	-0.0204082	0.00291813
-0.918367	0.0204082	0.00291242
-0.918367	0.0612245	0.00289522
-0.918367	0.102041	0.00286659
-0.918367	0.142857	0.00282664
-0.918367	0.183673	0.00277554
-0.918367	0.22449	0.00271348
-0.918367	0.265306	0.00264071
-0.918367	0.306122	0.00255751
-0.918367	0.346939	0.00246422
-0.918367	0.387755	0.00236119
-0.918367	0.428571	0.00224885
-0.918367	0.469388	0.00212762
-0.918367	0.510204	0.00199799
-0.918367	0.55102	0.00186048
-0.918367	0.591837	0.00171561
-0.918367	0.632653	0.00156397
-0.918367	0.673469	0.00140615
-0.918367	0.714286	0.00124278
-0.918367	0.755102	0.00107451
-0.918367	0.795918	0.000901984
-0.918367	0.836735	0.0007259
-0.918367	0.877551	0.000546949
-0.918367	0.918367	0.000365837
-0.918367	0.959184	0.00018328
-0.918367	1	0
-0.877551	-1	0.000243117
-0.877551	-0.959184	0.000485275
-0.877551	-0.918367	0.00072552
-0.877551	-0.877551	0.000962903
-0.877551	-0.836735	0.00119649
-0.877551	-0.795918	0.00142536
-0.877551	-0.755102	0.00164861
-0.877551	-0.714286	0.00186535
-0.877551	-0.673469	0.00207474
-0.877551	-0.632653	0.00227595
-0.877551	-0.591837	0.00246818
-0.877551	-0.55102	0.00265067
-0.877551	-0.510204	0.00282271
-0.877551	-0.469388	0.00298362
-0.877551	-0.428571	0.00313276
-0.877551	-0.387755	0.00326954
-0.877551	-0.346939	0.00339342
-0.877551	-0.306122	0.00350392
-0.877551	-0.265306	0.00360059
-0.877551	-0.22449	0.00368306
-0.877551	-0.183673	0.00375099
-0.877551	-0.142857	0.00380413
-0.877551	-0.102041	0.00384225
-0.877551	-0.0612245	0.00386521
-0.877551	-0.0204082	0.00387292
-0.877551	0.0204082	0.00386534
-0.877551	0.0612245	0.00384251
-0.877551	0.102041	0.00380451
-0.877551	0.142857	0.0037515
-0.877551	0.183673	0.00368367
-0.877551	0.22449	0.00360131
-0.877551	0.265306	0.00350473
-0.877551	0.306122	0.00339431
-0.877551	0.346939	0.00327049
-0.877551	0.387755	0.00313376
-0.877551	0.428571	0.00298465
-0.877551	0.469388	0.00282376
-0.877551	0.510204	0.00265172
-0.877551	0.55102	0.00246921
-0.877551	0.591837	0.00227694
-0.877551	0.632653	0.00207569
-0.877551	0.673469	0.00186624
-0.877551	0.714286	0.00164941
-0.877551	0.755102	0.00142608
-0.877551	0.795918	0.00119711
-0.877551	0.836735	0.000963408
-0.877551	0.877551	0.000725905
-0.877551	0.918367	0.000485536
-0.877551	0.959184	0.000243248
-0.877551	1	0
-0.836735	-1	0.000302094
-0.836735	-0.959184	0.000602996
-0.836735	-0.918367	0.00090152
-0.836735	-0.877551	0.00119649
-0.836735	-0.836735	0.00148674
-0.836735	-0.795918	0.00177113
-0.836735	-0.755102	0.00204853
-0.836735	-0.714286	0.00231786
-0.836735	-0.673469	0.00257804
-0.836735	-0.632653	0.00282806
-0.836735	-0.591837	0.00306692
-0.836735	-0.55102	0.00329369
-0.836735	-0.510204	0.00350746
-0.836735	-0.469388	0.0037074
-0.836735	-0.428571	0.00389272
-0.836735	-0.387755	0.00406268
-0.836735	-0.346939	0.00421662
-0.836735	-0.306122	0.00435392
-0.836735	-0.265306	0.00447404
-0.836735	-0.22449	0.00457651
-0.836735	-0.183673	0.00466093
-0.836735	-0.142857	0.00472695
-0.836735	-0.102041	0.00477432
-0.836735	-0.0612245	0.00480286
-0.836735	-0.0204082	0.00481243
-0.836735	0.0204082	0.00480302
-0.836735	0.0612245	0.00477465
-0.836735	0.102041	0.00472743
-0.836735	0.142857	0.00466156
-0.836735	0.183673	0.00457728
-0.836735	0.22449	0.00447493
-0.836735	0.265306	0.00435492
-0.836735	0.306122	0.00421772
-0.836735	0.346939	0.00406386
-0.836735	0.387755	0.00389396
-0.836735	0.428571	0.00370868
-0.836735	0.469388	0.00350876
-0.836735	0.510204	0.00329499
-0.836735	0.55102	0.0030682
-0.836735	0.591837	0.0028293
-0.836735	0.632653	0.00257922
-0.836735	0.673469	0.00231896
-0.836735	0.714286	0.00204954
-0.836735	0.755102	0.00177202
-0.836735	0.795918	0.00148751
-0.836735	0.836735	0.00119712
-0.836735	0.877551	0.000902
-0.836735	0.918367	0.00060332
-0.836735	0.959184	0.000302257
-0.836735	1	0
-0.795918	-1	0.000359879
-0.795918	-0.959184	0.000718339
-0.795918	-0.918367	0.00107397
-0.795918	-0.877551	0.00142536
-0.795918	-0.836735	0.00177113
-0.795918	-0.795918	0.00210992
-0.795918	-0.755102	0.00244038
-0.795918	-0.714286	0.00276122
-0.795918	-0.673469	0.00307118
-0.795918	-0.632653	0.00336902
-0.795918	-0.591837	0.00365357
-0.795918	-0.55102	0.00392371
-0.795918	-0.510204	0.00417838
-0.795918	-0.469388	0.00441657
-0.795918	-0.428571	0.00463733
-0.795918	-0.387755	0.00483981
-0.795918	-0.346939	0.00502319
-0.795918	-0.306122	0.00518675
-0.795918	-0.265306	0.00532985
-0.795918	-0.22449	0.00545192
-0.795918	-0.183673	0.00555249
-0.795918	-0.142857	0.00563114
-0.795918	-0.102041	0.00568757
-0.795918	-0.0612245	0.00572156
-0.795918	-0.0204082	0.00573297
-0.795918	0.0204082	0.00572176
-0.795918	0.0612245	0.00568796
-0.795918	0.102041	0.00563171
-0.795918	0.142857	0.00555323
-0.795918	0.183673	0.00545283
-0.795918	0.22449	0.00533091
-0.795918	0.265306	0.00518794
-0.795918	0.306122	0.00502449
-0.795918	0.346939	0.00484121
-0.795918	0.387755	0.00463881
-0.795918	0.428571	0.00441809
-0.795918	0.469388	0.00417993
-0.795918	0.510204	0.00392526
-0.795918	0.55102	0.00365509
-0.795918	0.591837	0.00337049
-0.795918	0.632653	0.00307258
-0.795918	0.673469	0.00276253
-0.795918	0.714286	0.00244158
-0.795918	0.755102	0.00211098
-0.795918	0.795918	0.00177204
-0.795918	0.836735	0.00142611
-0.795918	0.877551	0.00107454
-0.795918	0.918367	0.000718724
-0.795918	0.959184	0.000360073
-0.795918	1	0
-0.755102	-1	0.000416245
-0.755102	-0.959184	0.000830849
-0.755102	-0.918367	0.00124218
-0.755102	-0.877551	0.00164861
-0.755102	-0.836735	0.00204853
-0.755102	-0.795918	0.00244038
-0.755102	-0.755102	0.00282261
-0.755102	-0.714286	0.0031937
-0.755102	-0.673469	0.0035522
-0.755102	-0.632653	0.00389669
-0.755102	-0.591837	0.00422581
-0.755102	-0.55102	0.00453827
-0.755102	-0.510204	0.00483282
-0.755102	-0.469388	0.00510831
-0.755102	-0.428571	0.00536366
-0.755102	-0.387755	0.00559784
-0.755102	-0.346939	0.00580994
-0.755102	-0.306122	0.00599913
-0.755102	-0.265306	0.00616464
-0.755102	-0.22449	0.00630583
-0.755102	-0.183673	0.00642215
-0.755102	-0.142857	0.00651312
-0.755102	-0.102041	0.00657839
-0.755102	-0.0612245	0.0066177
-0.755102	-0.0204082	0.0066309
-0.755102	0.0204082	0.00661793
-0.755102	0.0612245	0.00657884
-0.755102	0.102041	0.00651378
-0.755102	0.142857	0.00642301
-0.755102	0.183673	0.00630689
-0.755102	0.22449	0.00616587
-0.755102	0.265306	0.00600051
-0.755102	0.306122	0.00581146
-0.755102	0.346939	0.00559946
-0.755102	0.387755	0.00536536
-0.755102	0.428571	0.00511008
-0.755102	0.469388	0.00483461
-0.755102	0.510204	0.00454006
-0.755102	0.55102	0.00422757
-0.755102	0.591837	0.0038984
-0.755102	0.632653	0.00355382
-0.755102	0.673469	0.00319522
-0.755102	0.714286	0.00282399
-0.755102	0.755102	0.00244161
-0.755102	0.795918	0.00204959
-0.755102	0.836735	0.00164947
-0.755102	0.877551	0.00124284
-0.755102	0.918367	0.000831295
-0.755102	0.959184	0.00041647
-0.755102	1	0
-0.714286	-1	0.00047097
-0.714286	-0.959184	0.000940082
-0.714286	-0.918367	0.00140549
-0.714286	-0.877551	0.00186535
-0.714286	-0.836735	0.00231786
-0.714286	-0.795918	0.00276122
-0.714286	-0.755102	0.0031937
-0.714286	-0.714286	0.00361359
-0.714286	-0.673469	0.00401922
-0.714286	-0.632653	0.004409
-0.714286	-0.591837	0.00478139
-0.714286	-0.55102	0.00513492
-0.714286	-0.510204	0.0054682
-0.714286	-0.469388	0.00577992
-0.714286	-0.428571	0.00606883
-0.714286	-0.387755	0.0063338
-0.714286	-0.346939	0.00657379
-0.714286	-0.306122	0.00678784
-0.714286	-0.265306	0.00697512
-0.714286	-0.22449	0.00713487
-0.714286	-0.183673	0.00726648
-0.714286	-0.142857	0.00736941
-0.714286	-0.102041	0.00744326
-0.714286	-0.0612245	0.00748775
-0.714286	-0.0204082	0.00750268
-0.714286	0.0204082	0.007488
-0.714286	0.0612245	0.00744377
-0.714286	0.102041	0.00737016
-0.714286	0.142857	0.00726746
-0.714286	0.183673	0.00713607
-0.714286	0.22449	0.00697651
-0.714286	0.265306	0.00678941
-0.714286	0.306122	0.0065755
-0.714286	0.346939	0.00633564
-0.714286	0.387755	0.00607076
-0.714286	0.428571	0.00578191
-0.714286	0.469388	0.00547023
-0.714286	0.510204	0.00513695
-0.714286	0.55102	0.00478338
-0.714286	0.591837	0.00441093
-0.714286	0.632653	0.00402105
-0.714286	0.673469	0.0036153
-0.714286	0.714286	0.00319527
-0.714286	0.755102	0.00276261
-0.714286	0.795918	0.00231905
-0.714286	0.836735	0.00186633
-0.714286	0.877551	0.00140623
-0.714286	0.918367	0.000940587
-0.714286	0.959184	0.000471224
-0.714286	1	0
-0.673469	-1	0.000523837
-0.673469	-0.959184	0.00104561
-0.673469	-0.918367	0.00156326
-0.673469	-0.877551	0.00207474
-0.673469	-0.836735	0.00257804
-0.673469	-0.795918	0.00307118
-0.673469	-0.755102	0.0035522
-0.673469	-0.714286	0.00401922
-0.673469	-0.673469	0.00447038
-0.673469	-0.632653	0.00490392
-0.673469	-0.591837	0.00531811
-0.673469	-0.55102	0.00571133
-0.673469	-0.510204	0.00608202
-0.673469	-0.469388	0.00642872
-0.673469	-0.428571	0.00675007
-0.673469	-0.387755	0.00704478
-0.673469	-0.346939	0.00731171
-0.673469	-0.306122	0.00754979
-0.673469	-0.265306	0.00775809
-0.673469	-0.22449	0.00793578
-0.673469	-0.183673	0.00808215
-0.673469	-0.142857	0.00819664
-0.673469	-0.102041	0.00827878
-0.673469	-0.0612245	0.00832826
-0.673469	-0.0204082	0.00834487
-0.673469	0.0204082	0.00832854
-0.673469	0.0612245	0.00827935
-0.673469	0.102041	0.00819747
-0.673469	0.142857	0.00808324
-0.673469	0.183673	0.0079371
-0.673469	0.22449	0.00775963
-0.673469	0.265306	0.00755153
-0.673469	0.306122	0.00731362
-0.673469	0.346939	0.00704683
-0.673469	0.387755	0.00675221
-0.673469	0.428571	0.00643094
-0.673469	0.469388	0.00608427
-0.673469	0.510204	0.00571358
-0.673469	0.55102	0.00532033
-0.673469	0.591837	0.00490606
-0.673469	0.632653	0.00447242
-0.673469	0.673469	0.00402112
-0.673469	0.714286	0.00355394
-0.673469	0.755102	0.00307272
-0.673469	0.795918	0.00257937
-0.673469	0.836735	0.00207583
-0.673469	0.877551	0.00156409
-0.673469	0.918367	0.00104617
-0.673469	0.959184	0.00052412
-0.673469	1	0
-0.632653	-1	0.000574638
-0.632653	-0.959184	0.00114701
-0.632653	-0.918367	0.00171486
-0.632653	-0.877551	0.00227595
-0.632653	-0.836735	0.00282806
-0.632653	-0.795918	0.00336902
-0.632653	-0.755102	0.00389669
-0.632653	-0.714286	0.004409
-0.632653	-0.673469	0.00490392
-0.632653	-0.632653	0.00537949
-0.632653	-0.591837	0.00583386
-0.632653	-0.55102	0.00626521
-0.632653	-0.510204	0.00667185
-0.632653	-0.469388	0.00705217
-0.632653	-0.428571	0.00740468
-0.632653	-0.387755	0.00772798
-0.632653	-0.346939	0.00802079
-0.632653	-0.306122	0.00828196
-0.632653	-0.265306	0.00851046
-0.632653	-0.22449	0.00870538
-0.632653	-0.183673	0.00886596
-0.632653	-0.142857	0.00899155
-0.632653	-0.102041	0.00908166
-0.632653	-0.0612245	0.00913593
-0.632653	-0.0204082	0.00915415
-0.632653	0.0204082	0.00913624
-0.632653	0.0612245	0.00908227
-0.632653	0.102041	0.00899246
-0.632653	0.142857	0.00886715
-0.632653	0.183673	0.00870684
-0.632653	0.22449	0.00851216
-0.632653	0.265306	0.00828387
-0.632653	0.306122	0.00802288
-0.632653	0.346939	0.00773022
-0.632653	0.387755	0.00740704
-0.632653	0.428571	0.00705461
-0.632653	0.469388	0.00667432
-0.632653	0.510204	0.00626768
-0.632653	0.55102	0.00583629
-0.632653	0.591837	0.00538185
-0.632653	0.632653	0.00490616
-0.632653	0.673469	0.00441109
-0.632653	0.714286	0.0038986
-0.632653	0.755102	0.00337071
-0.632653	0.795918	0.00282951
-0.632653	0.836735	0.00227714
-0.632653	0.877551	0.00171577
-0.632653	0.918367	0.00114763
-0.632653	0.959184	0.000574949
-0.632653	1	0
-0.591837	-1	0.000623173
-0.591837	-0.959184	0.00124389
-0.591837	-0.918367	0.0018597
-0.591837	-0.877551	0.00246818
-0.591837	-0.836735	0.00306692
-0.591837	-0.795918	0.00365357
-0.591837	-0.755102	0.00422581
-0.591837	-0.714286	0.00478139
-0.591837	-0.673469	0.00531811
-0.591837	-0.632653	0.00583386
-0.591837	-0.591837	0.00632659
-0.591837	-0.55102	0.00679438
-0.591837	-0.510204	0.00723537
-0.591837	-0.469388	0.00764781
-0.591837	-0.428571	0.00803009
-0.591837	-0.387755	0.0083807
-0.591837	-0.346939	0.00869824
-0.591837	-0.306122	0.00898147
-0.591837	-0.265306	0.00922927
-0.591837	-0.22449	0.00944065
-0.591837	-0.183673	0.00961479
-0.591837	-0.142857	0.00975099
-0.591837	-0.102041	0.00984871
-0.591837	-0.0612245	0.00990756
-0.591837	-0.0204082	0.00992732
-0.591837	0.0204082	0.0099079
-0.591837	0.0612245	0.00984938
-0.591837	0.102041	0.00975198
-0.591837	0.142857	0.00961608
-0.591837	0.183673	0.00944223
-0.591837	0.22449	0.00923111
-0.591837	0.265306	0.00898354
-0.591837	0.306122	0.00870051
-0.591837	0.346939	0.00838313
-0.591837	0.387755	0.00803265
-0.591837	0.428571	0.00765045
-0.591837	0.469388	0.00723805
-0.591837	0.510204	0.00679706
-0.591837	0.55102	0.00632923
-0.591837	0.591837	0.00583641
-0.591837	0.632653	0.00532054
-0.591837	0.673469	0.00478366
-0.591837	0.714286	0.00422788
-0.591837	0.755102	0.00365541
-0.591837	0.795918	0.0030685
-0.591837	0.836735	0.00246947
-0.591837	0.877551	0.00186069
-0.591837	0.918367	0.00124456
-0.591837	0.959184	0.00062351
-0.591837	1	0
-0.55102	-1	0.00066925
-0.55102	-0.959184	0.00133586
-0.55102	-0.918367	0.00199721
-0.55102	-0.877551	0.00265067
-0.55102	-0.836735	0.00329369
-0.55102	-0.795918	0.00392371
-0.55102	-0.755102	0.00453827
-0.55102	-0.714286	0.00513492
-0.55102	-0.673469	0.00571133
-0.55102	-0.632653	0.00626521
-0.55102	-0.591837	0.00679438
-0.55102	-0.55102	0.00729675
-0.55102	-0.510204	0.00777034
-0.55102	-0.469388	0.00821329
-0.55102	-0.428571	0.00862384
-0.55102	-0.387755	0.00900036
-0.55102	-0.346939	0.00934139
-0.55102	-0.306122	0.00964556
-0.55102	-0.265306	0.00991168
-0.55102	-0.22449	0.0101387
-0.55102	-0.183673	0.0103257
-0.55102	-0.142857	0.010472
-0.55102	-0.102041	0.0105769
-0.55102	-0.0612245	0.0106401
-0.55102	-0.0204082	0.0106613
-0.55102	0.0204082	0.0106405
-0.55102	0.0612245	0.0105776
-0.55102	0.102041	0.010473
-0.55102	0.142857	0.0103271
-0.55102	0.183673	0.0101404
-0.55102	0.22449	0.00991365
-0.55102	0.265306	0.00964778
-0.55102	0.306122	0.00934382
-0.55102	0.346939	0.00900297
-0.55102	0.387755	0.00862658
-0.55102	0.428571	0.00821612
-0.55102	0.469388	0.00777322
-0.55102	0.510204	0.00729963
-0.55102	0.55102	0.00679721
-0.55102	0.591837	0.00626795
-0.55102	0.632653	0.00571394
-0.55102	0.673469	0.00513736
-0.55102	0.714286	0.00454049
-0.55102	0.755102	0.00392569
-0.55102	0.795918	0.00329538
-0.55102	0.836735	0.00265206
-0.55102	0.877551	0.00199827
-0.55102	0.918367	0.00133658
-0.55102	0.959184	0.000669612
-0.55102	1	0
-0.510204	-1	0.000712688
-0.510204	-0.959184	0.00142257
-0.510204	-0.918367	0.00212683
-0.510204	-0.877551	0.00282271
-0.510204	-0.836735	0.00350746
-0.510204	-0.795918	0.00417838
-0.510204	-0.755102	0.00483282
-0.510204	-0.714286	0.0054682
-0.510204	-0.673469	0.00608202
-0.510204	-0.632653	0.00667185
-0.510204	-0.591837	0.00723537
-0.510204	-0.55102	0.00777034
-0.510204	-0.510204	0.00827468
-0.510204	-0.469388	0.00874637
-0.510204	-0.428571	0.00918356
-0.510204	-0.387755	0.00958453
-0.510204	-0.346939	0.00994769
-0.510204	-0.306122	0.0102716
-0.510204	-0.265306	0.010555
-0.510204	-0.22449	0.0107967
-0.510204	-0.183673	0.0109959
-0.510204	-0.142857	0.0111517
-0.510204	-0.102041	0.0112634
-0.510204	-0.0612245	0.0113307
-0.510204	-0.0204082	0.0113533
-0.510204	0.0204082	0.0113311
-0.510204	0.0612245	0.0112642
-0.510204	0.102041	0.0111528
-0.510204	0.142857	0.0109974
-0.510204	0.183673	0.0107985
-0.510204	0.22449	0.0105571
-0.510204	0.265306	0.010274
-0.510204	0.306122	0.00995028
-0.510204	0.346939	0.00958731
-0.510204	0.387755	0.00918648
-0.510204	0.428571	0.00874939
-0.510204	0.469388	0.00827774
-0.510204	0.510204	0.00777341
-0.510204	0.55102	0.00723838
-0.510204	0.591837	0.00667477
-0.510204	0.632653	0.0060848
-0.510204	0.673469	0.0054708
-0.510204	0.714286	0.00483519
-0.510204	0.755102	0.00418048
-0.510204	0.795918	0.00350927
-0.510204	0.836735	0.00282419
-0.510204	0.877551	0.00212796
-0.510204	0.918367	0.00142333
-0.510204	0.959184	0.000713073
-0.510204	1	0
-0.469388	-1	0.000753314
-0.469388	-0.959184	0.00150366
-0.469388	-0.918367	0.00224807
-0.469388	-0.877551	0.00298362
-0.469388	-0.836735	0.0037074
-0.469388	-0.795918	0.00441657
-0.469388	-0.755102	0.00510831
-0.469388	-0.714286	0.00577992
-0.469388	-0.673469	0.00642872
-0.469388	-0.632653	0.00705217
-0.469388	-0.591837	0.00764781
-0.469388	-0.55102	0.00821329
-0.469388	-0.510204	0.00874637
-0.469388	-0.469388	0.00924495
-0.469388	-0.428571	0.00970707
-0.469388	-0.387755	0.0101309
-0.469388	-0.346939	0.0105148
-0.469388	-0.306122	0.0108571
-0.469388	-0.265306	0.0111567
-0.469388	-0.22449	0.0114122
-0.469388	-0.183673	0.0116227
-0.469388	-0.142857	0.0117873
-0.469388	-0.102041	0.0119055
-0.469388	-0.0612245	0.0119766
-0.469388	-0.0204082	0.0120005
-0.469388	0.0204082	0.011977
-0.469388	0.0612245	0.0119063
-0.469388	0.102041	0.0117885
-0.469388	0.142857	0.0116243
-0.469388	0.183673	0.0114141
-0.469388	0.22449	0.0111589
-0.469388	0.265306	0.0108596
-0.469388	0.306122	0.0105175
-0.469388	0.346939	0.0101338
-0.469388	0.387755	0.00971015
-0.469388	0.428571	0.00924814
-0.469388	0.469388	0.00874961
-0.469388	0.510204	0.00821653
-0.469388	0.55102	0.007651
-0.469388	0.591837	0.00705526
-0.469388	0.632653	0.00643166
-0.469388	0.673469	0.00578266
-0.469388	0.714286	0.00511082
-0.469388	0.755102	0.00441879
-0.469388	0.795918	0.00370931
-0.469388	0.836735	0.00298518
-0.469388	0.877551	0.00224927
-0.469388	0.918367	0.00150447
-0.469388	0.959184	0.000753721
-0.469388	1	0
-0.428571	-1	0.000790969
-0.428571	-0.959184	0.00157882
-0.428571	-0.918367	0.00236044
-0.428571	-0.877551	0.00313276
-0.428571	-0.836735	0.00389272
-0.428571	-0.795918	0.00463733
-0.428571	-0.755102	0.00536366
-0.428571	-0.714286	0.00606883
-0.428571	-0.673469	0.00675007
-0.428571	-0.632653	0.00740468
-0.428571	-0.591837	0.00803009
-0.428571	-0.55102	0.00862384
-0.428571	-0.510204	0.00918356
-0.428571	-0.469388	0.00970707
-0.428571	-0.428571	0.0101923
-0.428571	-0.387755	0.0106373
-0.428571	-0.346939	0.0110403
-0.428571	-0.306122	0.0113998
-0.428571	-0.265306	0.0117143
-0.428571	-0.22449	0.0119826
-0.428571	-0.183673	0.0122037
-0.428571	-0.142857	0.0123765
-0.428571	-0.102041	0.0125006
-0.428571	-0.0612245	0.0125753
-0.428571	-0.0204082	0.0126004
-0.428571	0.0204082	0.0125757
-0.428571	0.0612245	0.0125014
-0.428571	0.102041	0.0123778
-0.428571	0.142857	0.0122053
-0.428571	0.183673	0.0119847
-0.428571	0.22449	0.0117167
-0.428571	0.265306	0.0114025
-0.428571	0.306122	0.0110432
-0.428571	0.346939	0.0106404
-0.428571	0.387755	0.0101955
-0.428571	0.428571	0.00971041
-0.428571	0.469388	0.00918696
-0.428571	0.510204	0.00862724
-0.428571	0.55102	0.00803344
-0.428571	0.591837	0.00740792
-0.428571	0.632653	0.00675315
-0.428571	0.673469	0.00607171
-0.428571	0.714286	0.00536628
-0.428571	0.755102	0.00463967
-0.428571	0.795918	0.00389472
-0.428571	0.836735	0.0031344
-0.428571	0.877551	0.0023617
-0.428571	0.918367	0.00157967
-0.428571	0.959184	0.000791396
-0.428571	1	0
-0.387755	-1	0.000825504
-0.387755	-0.959184	0.00164775
-0.387755	-0.918367	0.0024635
-0.387755	-0.877551	0.00326954
-0.387755	-0.836735	0.00406268
-0.387755	-0.795918	0.00483981
-0.387755	-0.755102	0.00559784
-0.387755	-0.714286	0.0063338
-0.387755	-0.673469	0.00704478
-0.387755	-0.632653	0.00772798
-0.387755	-0.591837	0.0083807
-0.387755	-0.55102	0.00900036
-0.387755	-0.510204	0.00958453
-0.387755	-0.469388	0.0101309
-0.387755	-0.428571	0.0106373
-0.387755	-0.387755	0.0111017
-0.387755	-0.346939	0.0115224
-0.387755	-0.306122	0.0118976
-0.387755	-0.265306	0.0122258
-0.387755	-0.22449	0.0125058
-0.387755	-0.183673	0.0127365
-0.387755	-0.142857	0.0129169
-0.387755	-0.102041	0.0130464
-0.387755	-0.0612245	0.0131243
-0.387755	-0.0204082	0.0131505
-0.387755	0.0204082	0.0131248
-0.387755	0.0612245	0.0130473
-0.387755	0.102041	0.0129182
-0.387755	0.142857	0.0127382
-0.387755	0.183673	0.0125079
-0.387755	0.22449	0.0122282
-0.387755	0.265306	0.0119003
-0.387755	0.306122	0.0115254
-0.387755	0.346939	0.0111049
-0.387755	0.387755	0.0106407
-0.387755	0.428571	0.0101344
-0.387755	0.469388	0.00958808
-0.387755	0.510204	0.00900391
-0.387755	0.55102	0.00838419
-0.387755	0.591837	0.00773136
-0.387755	0.632653	0.007048
-0.387755	0.673469	0.0063368
-0.387755	0.714286	0.00560058
-0.387755	0.755102	0.00484224
-0.387755	0.795918	0.00406477
-0.387755	0.836735	0.00327125
-0.387755	0.877551	0.00246481
-0.387755	0.918367	0.00164864
-0.387755	0.959184	0.00082595
-0.387755	1	0
-0.346939	-1	0.000856782
-0.346939	-0.959184	0.00171019
-0.346939	-0.918367	0.00255685
-0.346939	-0.877551	0.00339342
-0.346939	-0.836735	0.00421662
-0.346939	-0.795918	0.00502319
-0.346939	-0.755102	0.00580994
-0.346939	-0.714286	0.00657379
-0.346939	-0.673469	0.00731171
-0.346939	-0.632653	0.00802079
-0.346939	-0.591837	0.00869824
-0.346939	-0.55102	0.00934139
-0.346939	-0.510204	0.00994769
-0.346939	-0.469388	0.0105148
-0.346939	-0.428571	0.0110403
-0.346939	-0.387755	0.0115224
-0.346939	-0.346939	0.011959
-0.346939	-0.306122	0.0123484
-0.346939	-0.265306	0.012689
-0.346939	-0.22449	0.0129797
-0.346939	-0.183673	0.0132191
-0.346939	-0.142857	0.0134063
-0.346939	-0.102041	0.0135407
-0.346939	-0.0612245	0.0136216
-0.346939	-0.0204082	0.0136488
-0.346939	0.0204082	0.0136221
-0.346939	0.0612245	0.0135416
-0.346939	0.102041	0.0134077
-0.346939	0.142857	0.0132209
-0.346939	0.183673	0.0129818
-0.346939	0.22449	0.0126916
-0.346939	0.265306	0.0123512
-0.346939	0.306122	0.0119621
-0.346939	0.346939	0.0115257
-0.346939	0.387755	0.0110438
-0.346939	0.428571	0.0105184
-0.346939	0.469388	0.00995137
-0.346939	0.510204	0.00934507
-0.346939	0.55102	0.00870187
-0.346939	0.591837	0.0080243
-0.346939	0.632653	0.00731505
-0.346939	0.673469	0.00657691
-0.346939	0.714286	0.00581279
-0.346939	0.755102	0.00502571
-0.346939	0.795918	0.00421879
-0.346939	0.836735	0.0033952
-0.346939	0.877551	0.0025582
-0.346939	0.918367	0.0017111
-0.346939	0.959184	0.000857245
-0.346939	1	0
-0.306122	-1	0.000884681
-0.306122	-0.959184	0.00176587
-0.306122	-0.918367	0.0026401
-0.306122	-0.877551	0.00350392
-0.306122	-0.836735	0.00435392
-0.306122	-0.795918	0.00518675
-0.306122	-0.755102	0.00599913
-0.306122	-0.714286	0.00678784
-0.306122	-0.673469	0.00754979
-0.306122	-0.632653	0.00828196
-0.306122	-0.591837	0.00898147
-0.306122	-0.55102	0.00964556
-0.306122	-0.510204	0.0102716
-0.306122	-0.469388	0.0108571
-0.306122	-0.428571	0.0113998
-0.306122	-0.387755	0.0118976
-0.306122	-0.346939	0.0123484
-0.306122	-0.306122	0.0127504
-0.306122	-0.265306	0.0131022
-0.306122	-0.22449	0.0134023
-0.306122	-0.183673	0.0136495
-0.306122	-0.142857	0.0138429
-0.306122	-0.102041	0.0139816
-0.306122	-0.0612245	0.0140652
-0.306122	-0.0204082	0.0140932
-0.306122	0.0204082	0.0140656
-0.306122	0.0612245	0.0139826
-0.306122	0.102041	0.0138443
-0.306122	0.142857	0.0136514
-0.306122	0.183673	0.0134046
-0.306122	0.22449	0.0131048
-0.306122	0.265306	0.0127534
-0.306122	0.306122	0.0123516
-0.306122	0.346939	0.011901
-0.306122	0.387755	0.0114035
-0.306122	0.428571	0.0108609
-0.306122	0.469388	0.0102754
-0.306122	0.510204	0.00964936
-0.306122	0.55102	0.00898522
-0.306122	0.591837	0.00828559
-0.306122	0.632653	0.00755324
-0.306122	0.673469	0.00679106
-0.306122	0.714286	0.00600206
-0.306122	0.755102	0.00518936
-0.306122	0.795918	0.00435616
-0.306122	0.836735	0.00350576
-0.306122	0.877551	0.0026415
-0.306122	0.918367	0.00176682
-0.306122	0.959184	0.000885158
-0.306122	1	0
-0.265306	-1	0.000909089
-0.265306	-0.959184	0.00181459
-0.265306	-0.918367	0.00271294
-0.265306	-0.877551	0.00360059
-0.265306	-0.836735	0.00447404
-0.265306	-0.795918	0.00532985
-0.265306	-0.755102	0.00616464
-0.265306	-0.714286	0.00697512
-0.265306	-0.673469	0.00775809
-0.265306	-0.632653	0.00851046
-0.265306	-0.591837	0.00922927
-0.265306	-0.55102	0.00991168
-0.265306	-0.510204	0.010555
-0.265306	-0.469388	0.0111567
-0.265306	-0.428571	0.0117143
-0.265306	-0.387755	0.0122258
-0.265306	-0.346939	0.012689
-0.265306	-0.306122	0.0131022
-0.265306	-0.265306	0.0134637
-0.265306	-0.22449	0.0137721
-0.265306	-0.183673	0.0140261
-0.265306	-0.142857	0.0142248
-0.265306	-0.102041	0.0143674
-0.265306	-0.0612245	0.0144532
-0.265306	-0.0204082	0.014482
-0.265306	0.0204082	0.0144537
-0.265306	0.0612245	0.0143683
-0.265306	0.102041	0.0142262
-0.265306	0.142857	0.014028
-0.265306	0.183673	0.0137744
-0.265306	0.22449	0.0134664
-0.265306	0.265306	0.0131052
-0.265306	0.306122	0.0126924
-0.265306	0.346939	0.0122294
-0.265306	0.387755	0.0117181
-0.265306	0.428571	0.0111605
-0.265306	0.469388	0.0105589
-0.265306	0.510204	0.00991559
-0.265306	0.55102	0.00923312
-0.265306	0.591837	0.00851419
-0.265306	0.632653	0.00776163
-0.265306	0.673469	0.00697843
-0.265306	0.714286	0.00616766
-0.265306	0.755102	0.00533253
-0.265306	0.795918	0.00447634
-0.265306	0.836735	0.00360248
-0.265306	0.877551	0.00271438
-0.265306	0.918367	0.00181557
-0.265306	0.959184	0.00090958
-0.265306	1	0
-0.22449	-1	0.00092991
-0.22449	-0.959184	0.00185615
-0.22449	-0.918367	0.00277508
-0.22449	-0.877551	0.00368306
-0.22449	-0.836735	0.00457651
-0.22449	-0.795918	0.00545192
-0.22449	-0.755102	0.00630583
-0.22449	-0.714286	0.00713487
-0.22449	-0.673469	0.00793578
-0.22449	-0.632653	0.00870538
-0.22449	-0.591837	0.00944065
-0.22449	-0.55102	0.0101387
-0.22449	-0.510204	0.0107967
-0.22449	-0.469388	0.0114122
-0.22449	-0.428571	0.0119826
-0.22449	-0.387755	0.0125058
-0.22449	-0.346939	0.0129797
-0.22449	-0.306122	0.0134023
-0.22449	-0.265306	0.0137721
-0.22449	-0.22449	0.0140875
-0.22449	-0.183673	0.0143474
-0.22449	-0.142857	0.0145506
-0.22449	-0.102041	0.0146964
-0.22449	-0.0612245	0.0147842
-0.22449	-0.0204082	0.0148137
-0.22449	0.0204082	0.0147847
-0.22449	0.0612245	0.0146974
-0.22449	0.102041	0.0145521
-0.22449	0.142857	0.0143493
-0.22449	0.183673	0.0140899
-0.22449	0.22449	0.0137748
-0.22449	0.265306	0.0134054
-0.22449	0.306122	0.0129831
-0.22449	0.346939	0.0125095
-0.22449	0.387755	0.0119865
-0.22449	0.428571	0.0114161
-0.22449	0.469388	0.0108007
-0.22449	0.510204	0.0101427
-0.22449	0.55102	0.00944459
-0.22449	0.591837	0.00870919
-0.22449	0.632653	0.0079394
-0.22449	0.673469	0.00713826
-0.22449	0.714286	0.00630892
-0.22449	0.755102	0.00545467
-0.22449	0.795918	0.00457887
-0.22449	0.836735	0.00368499
-0.22449	0.877551	0.00277655
-0.22449	0.918367	0.00185715
-0.22449	0.959184	0.000930412
-0.22449	1	0
-0.183673	-1	0.000947063
-0.183673	-0.959184	0.00189039
-0.183673	-0.918367	0.00282626
-0.183673	-0.877551	0.00375099
-0.183673	-0.836735	0.00466093
-0.183673	-0.795918	0.00555249
-0.183673	-0.755102	0.00642215
-0.183673	-0.714286	0.00726648
-0.183673	-0.673469	0.00808215
-0.183673	-0.632653	0.00886596
-0.183673	-0.591837	0.00961479
-0.183673	-0.55102	0.0103257
-0.183673	-0.510204	0.0109959
-0.183673	-0.469388	0.0116227
-0.183673	-0.428571	0.0122037
-0.183673	-0.387755	0.0127365
-0.183673	-0.346939	0.0132191
-0.183673	-0.306122	0.0136495
-0.183673	-0.265306	0.0140261
-0.183673	-0.22449	0.0143474
-0.183673	-0.183673	0.014612
-0.183673	-0.142857	0.014819
-0.183673	-0.102041	0.0149675
-0.183673	-0.0612245	0.0150569
-0.183673	-0.0204082	0.015087
-0.183673	0.0204082	0.0150575
-0.183673	0.0612245	0.0149685
-0.183673	0.102041	0.0148205
-0.183673	0.142857	0.014614
-0.183673	0.183673	0.0143498
-0.183673	0.22449	0.0140289
-0.183673	0.265306	0.0136527
-0.183673	0.306122	0.0132225
-0.183673	0.346939	0.0127402
-0.183673	0.387755	0.0122076
-0.183673	0.428571	0.0116267
-0.183673	0.469388	0.011
-0.183673	0.510204	0.0103298
-0.183673	0.55102	0.0096188
-0.183673	0.591837	0.00886984
-0.183673	0.632653	0.00808585
-0.183673	0.673469	0.00726992
-0.183673	0.714286	0.00642529
-0.183673	0.755102	0.00555528
-0.183673	0.795918	0.00466333
-0.183673	0.836735	0.00375296
-0.183673	0.877551	0.00282777
-0.183673	0.918367	0.00189141
-0.183673	0.959184	0.000947574
-0.183673	1	0
-0.142857	-1	0.000960478
-0.142857	-0.959184	0.00191717
-0.142857	-0.918367	0.0028663
-0.142857	-0.877551	0.00380413
-0.142857	-0.836735	0.00472695
-0.142857	-0.795918	0.00563114
-0.142857	-0.755102	0.00651312
-0.142857	-0.714286	0.00736941
-0.142857	-0.673469	0.00819664
-0.142857	-0.632653	0.00899155
-0.142857	-0.591837	0.00975099
-0.142857	-0.55102	0.010472
-0.142857	-0.510204	0.0111517
-0.142857	-0.469388	0.0117873
-0.142857	-0.428571	0.0123765
-0.142857	-0.387755	0.0129169
-0.142857	-0.346939	0.0134063
-0.142857	-0.306122	0.0138429
-0.142857	-0.265306	0.0142248
-0.142857	-0.22449	0.0145506
-0.142857	-0.183673	0.014819
-0.142857	-0.142857	0.0150289
-0.142857	-0.102041	0.0151795
-0.142857	-0.0612245	0.0152702
-0.142857	-0.0204082	0.0153007
-0.142857	0.0204082	0.0152707
-0.142857	0.0612245	0.0151805
-0.142857	0.102041	0.0150304
-0.142857	0.142857	0.014821
-0.142857	0.183673	0.014553
-0.142857	0.22449	0.0142276
-0.142857	0.265306	0.0138461
-0.142857	0.306122	0.0134098
-0.142857	0.346939	0.0129207
-0.142857	0.387755	0.0123805
-0.142857	0.428571	0.0117914
-0.142857	0.469388	0.0111558
-0.142857	0.510204	0.0104761
-0.142857	0.55102	0.00975505
-0.142857	0.591837	0.00899548
-0.142857	0.632653	0.00820039
-0.142857	0.673469	0.00737291
-0.142857	0.714286	0.00651631
-0.142857	0.755102	0.00563397
-0.142857	0.795918	0.00472939
-0.142857	0.836735	0.00380612
-0.142857	0.877551	0.00286782
-0.142857	0.918367	0.0019182
-0.142857	0.959184	0.000960997
-0.142857	1	0
-0.102041	-1	0.000970104
-0.102041	-0.959184	0.00193638
-0.102041	-0.918367	0.00289502
-0.102041	-0.877551	0.00384225
-0.102041	-0.836735	0.00477432
-0.102041	-0.795918	0.00568757
-0.102041	-0.755102	0.00657839
-0.102041	-0.714286	0.00744326
-0.102041	-0.673469	0.00827878
-0.102041	-0.632653	0.00908166
-0.102041	-0.591837	0.00984871
-0.102041	-0.55102	0.0105769
-0.102041	-0.510204	0.0112634
-0.102041	-0.469388	0.0119055
-0.102041	-0.428571	0.0125006
-0.102041	-0.387755	0.0130464
-0.102041	-0.346939	0.0135407
-0.102041	-0.306122	0.0139816
-0.102041	-0.265306	0.0143674
-0.102041	-0.22449	0.0146964
-0.102041	-0.183673	0.0149675
-0.102041	-0.142857	0.0151795
-0.102041	-0.102041	0.0153316
-0.102041	-0.0612245	0.0154233
-0.102041	-0.0204082	0.015454
-0.102041	0.0204082	0.0154238
-0.102041	0.0612245	0.0153327
-0.102041	0.102041	0.0151811
-0.102041	0.142857	0.0149695
-0.102041	0.183673	0.0146989
-0.102041	0.22449	0.0143702
-0.102041	0.265306	0.0139848
-0.102041	0.306122	0.0135442
-0.102041	0.346939	0.0130501
-0.102041	0.387755	0.0125046
-0.102041	0.428571	0.0119096
-0.102041	0.469388	0.0112676
-0.102041	0.510204	0.0105811
-0.102041	0.55102	0.00985281
-0.102041	0.591837	0.00908563
-0.102041	0.632653	0.00828257
-0.102041	0.673469	0.00744679
-0.102041	0.714286	0.00658161
-0.102041	0.755102	0.00569043
-0.102041	0.795918	0.00477678
-0.102041	0.836735	0.00384426
-0.102041	0.877551	0.00289656
-0.102041	0.918367	0.00193742
-0.102041	0.959184	0.000970628
-0.102041	1	0
-0.0612245	-1	0.000975901
-0.0612245	-0.959184	0.00194795
-0.0612245	-0.918367	0.00291233
-0.0612245	-0.877551	0.00386521
-0.0612245	-0.836735	0.00480286
-0.0612245	-0.795918	0.00572156
-0.0612245	-0.755102	0.0066177
-0.0612245	-0.714286	0.00748775
-0.0612245	-0.673469	0.00832826
-0.0612245	-0.632653	0.00913593
-0.0612245	-0.591837	0.00990756
-0.0612245	-0.55102	0.0106401
-0.0612245	-0.510204	0.0113307
-0.0612245	-0.469388	0.0119766
-0.0612245	-0.428571	0.0125753
-0.0612245	-0.387755	0.0131243
-0.0612245	-0.346939	0.0136216
-0.0612245	-0.306122	0.0140652
-0.0612245	-0.265306	0.0144532
-0.0612245	-0.22449	0.0147842
-0.0612245	-0.183673	0.0150569
-0.0612245	-0.142857	0.0152702
-0.0612245	-0.102041	0.0154233
-0.0612245	-0.0612245	0.0155154
-0.0612245	-0.0204082	0.0155464
-0.0612245	0.0204082	0.015516
-0.0612245	0.0612245	0.0154243
-0.0612245	0.102041	0.0152718
-0.0612245	0.142857	0.015059
-0.0612245	0.183673	0.0147867
-0.0612245	0.22449	0.0144561
-0.0612245	0.265306	0.0140684
-0.0612245	0.306122	0.0136252
-0.0612245	0.346939	0.0131281
-0.0612245	0.387755	0.0125793
-0.0612245	0.428571	0.0119807
-0.0612245	0.469388	0.0113349
-0.0612245	0.510204	0.0106443
-0.0612245	0.55102	0.00991169
-0.0612245	0.591837	0.00913993
-0.0612245	0.632653	0.00833206
-0.0612245	0.673469	0.0074913
-0.0612245	0.714286	0.00662094
-0.0612245	0.755102	0.00572444
-0.0612245	0.795918	0.00480533
-0.0612245	0.836735	0.00386724
-0.0612245	0.877551	0.00291387
-0.0612245	0.918367	0.001949
-0.0612245	0.959184	0.000976428
-0.0612245	1	0
-0.0204082	-1	0.000977847
-0.0204082	-0.959184	0.00195184
-0.0204082	-0.918367	0.00291813
-0.0204082	-0.877551	0.00387292
-0.0204082	-0.836735	0.00481243
-0.0204082	-0.795918	0.00573297
-0.0204082	-0.755102	0.0066309
-0.0204082	-0.714286	0.00750268
-0.0204082	-0.673469	0.00834487
-0.0204082	-0.632653	0.00915415
-0.0204082	-0.591837	0.00992732
-0.0204082	-0.55102	0.0106613
-0.0204082	-0.510204	0.0113533
-0.0204082	-0.469388	0.0120005
-0.0204082	-0.428571	0.0126004
-0.0204082	-0.387755	0.0131505
-0.0204082	-0.346939	0.0136488
-0.0204082	-0.306122	0.0140932
-0.0204082	-0.265306	0.014482
-0.0204082	-0.22449	0.0148137
-0.0204082	-0.183673	0.015087
-0.0204082	-0.142857	0.0153007
-0.0204082	-0.102041	0.015454
-0.0204082	-0.0612245	0.0155464
-0.0204082	-0.0204082	0.0155774
-0.0204082	0.0204082	0.0155469
-0.0204082	0.0612245	0.0154551
-0.0204082	0.102041	0.0153022
-0.0204082	0.142857	0.015089
-0.0204082	0.183673	0.0148162
-0.0204082	0.22449	0.0144849
-0.0204082	0.265306	0.0140965
-0.0204082	0.306122	0.0136523
-0.0204082	0.346939	0.0131543
-0.0204082	0.387755	0.0126044
-0.0204082	0.428571	0.0120046
-0.0204082	0.469388	0.0113575
-0.0204082	0.510204	0.0106655
-0.0204082	0.55102	0.00993146
-0.0204082	0.591837	0.00915815
-0.0204082	0.632653	0.00834868
-0.0204082	0.673469	0.00750623
-0.0204082	0.714286	0.00663415
-0.0204082	0.755102	0.00573586
-0.0204082	0.795918	0.00481491
-0.0204082	0.836735	0.00387495
-0.0204082	0.877551	0.00291968
-0.0204082	0.918367	0.00195289
-0.0204082	0.959184	0.000978375
-0.0204082	1	0
0.0204082	-1	0.000975934
0.0204082	-0.959184	0.00194802
0.0204082	-0.918367	0.00291242
0.0204082	-0.877551	0.00386534
0.0204082	-0.836735	0.00480302
0.0204082	-0.795918	0.00572176
0.0204082	-0.755102	0.00661793
0.0204082	-0.714286	0.007488
0.0204082	-0.673469	0.00832854
0.0204082	-0.632653	0.00913624
0.0204082	-0.591837	0.0099079
0.0204082	-0.55102	0.0106405
0.0204082	-0.510204	0.0113311
0.0204082	-0.469388	0.011977
0.0204082	-0.428571	0.0125757
0.0204082	-0.387755	0.0131248
0.0204082	-0.346939	0.0136221
0.0204082	-0.306122	0.0140656
0.0204082	-0.265306	0.0144537
0.0204082	-0.22449	0.0147847
0.0204082	-0.183673	0.0150575
0.0204082	-0.142857	0.0152707
0.0204082	-0.102041	0.0154238
0.0204082	-0.0612245	0.015516
0.0204082	-0.0204082	0.0155469
0.0204082	0.0204082	0.0155165
0.0204082	0.0612245	0.0154248
0.0204082	0.102041	0.0152723
0.0204082	0.142857	0.0150595
0.0204082	0.183673	0.0147872
0.0204082	0.22449	0.0144566
0.0204082	0.265306	0.0140689
0.0204082	0.306122	0.0136256
0.0204082	0.346939	0.0131286
0.0204082	0.387755	0.0125797
0.0204082	0.428571	0.0119812
0.0204082	0.469388	0.0113353
0.0204082	0.510204	0.0106447
0.0204082	0.55102	0.00991203
0.0204082	0.591837	0.00914024
0.0204082	0.632653	0.00833235
0.0204082	0.673469	0.00749155
0.0204082	0.714286	0.00662117
0.0204082	0.755102	0.00572463
0.0204082	0.795918	0.00480549
0.0204082	0.836735	0.00386737
0.0204082	0.877551	0.00291397
0.0204082	0.918367	0.00194907
0.0204082	0.959184	0.000976461
0.0204082	1	0
0.0612245	-1	0.000970169
0.0612245	-0.959184	0.00193651
0.0612245	-0.918367	0.00289522
0.0612245	-0.877551	0.00384251
0.0612245	-0.836735	0.00477465
0.0612245	-0.795918	0.00568796
0.0612245	-0.755102	0.00657884
0.0612245	-0.714286	0.00744377
0.0612245	-0.673469	0.00827935
0.0612245	-0.632653	0.00908227
0.0612245	-0.591837	0.00984938
0.0612245	-0.55102	0.0105776
0.0612245	-0.510204	0.0112642
0.0612245	-0.469388	0.0119063
0.0612245	-0.428571	0.0125014
0.0612245	-0.387755	0.0130473
0.0612245	-0.346939	0.0135416
0.0612245	-0.306122	0.0139826
0.0612245	-0.265306	0.0143683
0.0612245	-0.22449	0.0146974
0.0612245	-0.183673	0.0149685
0.0612245	-0.142857	0.0151805
0.0612245	-0.102041	0.0153327
0.0612245	-0.0612245	0.0154243
0.0612245	-0.0204082	0.0154551
0.0612245	0.0204082	0.0154248
0.0612245	0.0612245	0.0153337
0.0612245	0.102041	0.0151821
0.0612245	0.142857	0.0149705
0.0612245	0.183673	0.0146999
0.0612245	0.22449	0.0143712
0.0612245	0.265306	0.0139858
0.0612245	0.306122	0.0135451
0.0612245	0.346939	0.013051
0.0612245	0.387755	0.0125054
0.0612245	0.428571	0.0119104
0.0612245	0.469388	0.0112683
0.0612245	0.510204	0.0105818
0.0612245	0.55102	0.00985348
0.0612245	0.591837	0.00908625
0.0612245	0.632653	0.00828313
0.0612245	0.673469	0.0074473
0.0612245	0.714286	0.00658206
0.0612245	0.755102	0.00569082
0.0612245	0.795918	0.00477711
0.0612245	0.836735	0.00384452
0.0612245	0.877551	0.00289676
0.0612245	0.918367	0.00193755
0.0612245	0.959184	0.000970693
0.0612245	1	0
0.102041	-1	0.000960575
0.102041	-0.959184	0.00191736
0.102041	-0.918367	0.00286659
0.102041	-0.877551	0.00380451
0.102041	-0.836735	0.00472743
0.102041	-0.795918	0.00563171
0.102041	-0.755102	0.00651378
0.102041	-0.714286	0.00737016
0.102041	-0.673469	0.00819747
0.102041	-0.632653	0.00899246
0.102041	-0.591837	0.00975198
0.102041	-0.55102	0.010473
0.102041	-0.510204	0.0111528
0.102041	-0.469388	0.0117885
0.102041	-0.428571	0.0123778
0.102041	-0.387755	0.0129182
0.102041	-0.346939	0.0134077
0.102041	-0.306122	0.0138443
0.102041	-0.265306	0.0142262
0.102041	-0.22449	0.0145521
0.102041	-0.183673	0.0148205
0.102041	-0.142857	0.0150304
0.102041	-0.102041	0.0151811
0.102041	-0.0612245	0.0152718
0.102041	-0.0204082	0.0153022
0.102041	0.0204082	0.0152723
0.102041	0.0612245	0.0151821
0.102041	0.102041	0.0150319
0.102041	0.142857	0.0148225
0.102041	0.183673	0.0145545
0.102041	0.22449	0.0142291
0.102041	0.265306	0.0138475
0.102041	0.306122	0.0134112
0.102041	0.346939	0.012922
0.102041	0.387755	0.0123817
0.102041	0.428571	0.0117926
0.102041	0.469388	0.0111569
0.102041	0.510204	0.0104772
0.102041	0.55102	0.00975604
0.102041	0.591837	0.00899639
0.102041	0.632653	0.00820122
0.102041	0.673469	0.00737365
0.102041	0.714286	0.00651697
0.102041	0.755102	0.00563454
0.102041	0.795918	0.00472987
0.102041	0.836735	0.00380651
0.102041	0.877551	0.00286811
0.102041	0.918367	0.00191839
0.102041	0.959184	0.000961094
0.102041	1	0
0.142857	-1	0.00094719
0.142857	-0.959184	0.00189064
0.142857	-0.918367	0.00282664
0.142857	-0.877551	0.0037515
0.142857	-0.836735	0.00466156
0.142857	-0.795918	0.00555323
0.142857	-0.755102	0.00642301
0.142857	-0.714286	0.00726746
0.142857	-0.673469	0.00808324
0.142857	-0.632653	0.00886715
0.142857	-0.591837	0.00961608
0.142857	-0.55102	0.0103271
0.142857	-0.510204	0.0109974
0.142857	-0.469388	0.0116243
0.142857	-0.428571	0.0122053
0.142857	-0.387755	0.0127382
0.142857	-0.346939	0.0132209
0.142857	-0.306122	0.0136514
0.142857	-0.265306	0.014028
0.142857	-0.22449	0.0143493
0.142857	-0.183673	0.014614
0.142857	-0.142857	0.014821
0.142857	-0.102041	0.0149695
0.142857	-0.0612245	0.015059
0.142857	-0.0204082	0.015089
0.142857	0.0204082	0.0150595
0.142857	0.0612245	0.0149705
0.142857	0.102041	0.0148225
0.142857	0.142857	0.0146159
0.142857	0.183673	0.0143517
0.142857	0.22449	0.0140308
0.142857	0.265306	0.0136545
0.142857	0.306122	0.0132243
0.142857	0.346939	0.0127419
0.142857	0.387755	0.0122092
0.142857	0.428571	0.0116283
0.142857	0.469388	0.0110014
0.142857	0.510204	0.0103312
0.142857	0.55102	0.00962009
0.142857	0.591837	0.00887103
0.142857	0.632653	0.00808693
0.142857	0.673469	0.0072709
0.142857	0.714286	0.00642615
0.142857	0.755102	0.00555603
0.142857	0.795918	0.00466396
0.142857	0.836735	0.00375346
0.142857	0.877551	0.00282815
0.142857	0.918367	0.00189166
0.142857	0.959184	0.000947702
0.142857	1	0
0.183673	-1	0.000930066
0.183673	-0.959184	0.00185646
0.183673	-0.918367	0.00277554
0.183673	-0.877551	0.00368367
0.183673	-0.836735	0.00457728
0.183673	-0.795918	0.00545283
0.183673	-0.755102	0.00630689
0.183673	-0.714286	0.00713607
0.183673	-0.673469	0.0079371
0.183673	-0.632653	0.00870684
0.183673	-0.591837	0.00944223
0.183673	-0.55102	0.0101404
0.183673	-0.510204	0.0107985
0.183673	-0.469388	0.0114141
0.183673	-0.428571	0.0119847
0.183673	-0.387755	0.0125079
0.183673	-0.346939	0.0129818
0.183673	-0.306122	0.0134046
0.183673	-0.265306	0.0137744
0.183673	-0.22449	0.0140899
0.183673	-0.183673	0.0143498
0.183673	-0.142857	0.014553
0.183673	-0.102041	0.0146989
0.183673	-0.0612245	0.0147867
0.183673	-0.0204082	0.0148162
0.183673	0.0204082	0.0147872
0.183673	0.0612245	0.0146999
0.183673	0.102041	0.0145545
0.183673	0.142857	0.0143517
0.183673	0.183673	0.0140922
0.183673	0.22449	0.0137771
0.183673	0.265306	0.0134076
0.183673	0.306122	0.0129852
0.183673	0.346939	0.0125115
0.183673	0.387755	0.0119885
0.183673	0.428571	0.011418
0.183673	0.469388	0.0108025
0.183673	0.510204	0.0101444
0.183673	0.55102	0.00944617
0.183673	0.591837	0.00871065
0.183673	0.632653	0.00794073
0.183673	0.673469	0.00713945
0.183673	0.714286	0.00630997
0.183673	0.755102	0.00545558
0.183673	0.795918	0.00457963
0.183673	0.836735	0.0036856
0.183673	0.877551	0.00277702
0.183673	0.918367	0.00185746
0.183673	0.959184	0.000930568
0.183673	1	0
0.22449	-1	0.00090927
0.22449	-0.959184	0.00181495
0.22449	-0.918367	0.00271348
0.22449	-0.877551	0.00360131
0.22449	-0.836735	0.00447493
0.22449	-0.795918	0.00533091
0.22449	-0.755102	0.00616587
0.22449	-0.714286	0.00697651
0.22449	-0.673469	0.00775963
0.22449	-0.632653	0.00851216
0.22449	-0.591837	0.00923111
0.22449	-0.55102	0.00991365
0.22449	-0.510204	0.0105571
0.22449	-0.469388	0.0111589
0.22449	-0.428571	0.0117167
0.22449	-0.387755	0.0122282
0.22449	-0.346939	0.0126916
0.22449	-0.306122	0.0131048
0.22449	-0.265306	0.0134664
0.22449	-0.22449	0.0137748
0.22449	-0.183673	0.0140289
0.22449	-0.142857	0.0142276
0.22449	-0.102041	0.0143702
0.22449	-0.0612245	0.0144561
0.22449	-0.0204082	0.0144849
0.22449	0.0204082	0.0144566
0.22449	0.0612245	0.0143712
0.22449	0.102041	0.0142291
0.22449	0.142857	0.0140308
0.22449	0.183673	0.0137771
0.22449	0.22449	0.0134691
0.22449	0.265306	0.0131079
0.22449	0.306122	0.0126949
0.22449	0.346939	0.0122318
0.22449	0.387755	0.0117204
0.22449	0.428571	0.0111627
0.22449	0.469388	0.010561
0.22449	0.510204	0.00991756
0.22449	0.55102	0.00923496
0.22449	0.591837	0.00851588
0.22449	0.632653	0.00776318
0.22449	0.673469	0.00697982
0.22449	0.714286	0.00616889
0.22449	0.755102	0.00533359
0.22449	0.795918	0.00447724
0.22449	0.836735	0.0036032
0.22449	0.877551	0.00271492
0.22449	0.918367	0.00181593
0.22449	0.959184	0.000909761
0.22449	1	0
0.265306	-1	0.000884884
0.265306	-0.959184	0.00176628
0.265306	-0.918367	0.00264071
0.265306	-0.877551	0.00350473
0.265306	-0.836735	0.00435492
0.265306	-0.795918	0.00518794
0.265306	-0.755102	0.00600051
0.265306	-0.714286	0.00678941
0.265306	-0.673469	0.00755153
0.265306	-0.632653	0.00828387
0.265306	-0.591837	0.00898354
0.265306	-0.55102	0.00964778
0.265306	-0.510204	0.010274
0.265306	-0.469388	0.0108596
0.265306	-0.428571	0.0114025
0.265306	-0.387755	0.0119003
0.265306	-0.346939	0.0123512
0.265306	-0.306122	0.0127534
0.265306	-0.265306	0.0131052
0.265306	-0.22449	0.0134054
0.265306	-0.183673	0.0136527
0.265306	-0.142857	0.0138461
0.265306	-0.102041	0.0139848
0.265306	-0.0612245	0.0140684
0.265306	-0.0204082	0.0140965
0.265306	0.0204082	0.0140689
0.265306	0.0612245	0.0139858
0.265306	0.102041	0.0138475
0.265306	0.142857	0.0136545
0.265306	0.183673	0.0134076
0.265306	0.22449	0.0131079
0.265306	0.265306	0.0127563
0.265306	0.306122	0.0123544
0.265306	0.346939	0.0119038
0.265306	0.387755	0.0114061
0.265306	0.428571	0.0108634
0.265306	0.469388	0.0102778
0.265306	0.510204	0.00965159
0.265306	0.55102	0.00898729
0.265306	0.591837	0.0082875
0.265306	0.632653	0.00755498
0.265306	0.673469	0.00679263
0.265306	0.714286	0.00600345
0.265306	0.755102	0.00519055
0.265306	0.795918	0.00435716
0.265306	0.836735	0.00350656
0.265306	0.877551	0.00264211
0.265306	0.918367	0.00176723
0.265306	0.959184	0.000885362
0.265306	1	0
0.306122	-1	0.000857006
0.306122	-0.959184	0.00171063
0.306122	-0.918367	0.00255751
0.306122	-0.877551	0.00339431
0.306122	-0.836735	0.00421772
0.306122	-0.795918	0.00502449
0.306122	-0.755102	0.00581146
0.306122	-0.714286	0.0065755
0.306122	-0.673469	0.00731362
0.306122	-0.632653	0.00802288
0.306122	-0.591837	0.00870051
0.306122	-0.55102	0.00934382
0.306122	-0.510204	0.00995028
0.306122	-0.469388	0.0105175
0.306122	-0.428571	0.0110432
0.306122	-0.387755	0.0115254
0.306122	-0.346939	0.0119621
0.306122	-0.306122	0.0123516
0.306122	-0.265306	0.0126924
0.306122	-0.22449	0.0129831
0.306122	-0.183673	0.0132225
0.306122	-0.142857	0.0134098
0.306122	-0.102041	0.0135442
0.306122	-0.0612245	0.0136252
0.306122	-0.0204082	0.0136523
0.306122	0.0204082	0.0136256
0.306122	0.0612245	0.0135451
0.306122	0.102041	0.0134112
0.306122	0.142857	0.0132243
0.306122	0.183673	0.0129852
0.306122	0.22449	0.0126949
0.306122	0.265306	0.0123544
0.306122	0.306122	0.0119652
0.306122	0.346939	0.0115287
0.306122	0.387755	0.0110467
0.306122	0.428571	0.0105211
0.306122	0.469388	0.00995397
0.306122	0.510204	0.00934751
0.306122	0.55102	0.00870414
0.306122	0.591837	0.0080264
0.306122	0.632653	0.00731696
0.306122	0.673469	0.00657862
0.306122	0.714286	0.0058143
0.306122	0.755102	0.00502702
0.306122	0.795918	0.00421989
0.306122	0.836735	0.00339609
0.306122	0.877551	0.00255887
0.306122	0.918367	0.00171155
0.306122	0.959184	0.000857468
0.306122	1	0
0.346939	-1	0.000825743
0.346939	-0.959184	0.00164823
0.346939	-0.918367	0.00246422
0.346939	-0.877551	0.00327049
0.346939	-0.836735	0.00406386
0.346939	-0.795918	0.00484121
0.346939	-0.755102	0.00559946
0.346939	-0.714286	0.00633564
0.346939	-0.673469	0.00704683
0.346939	-0.632653	0.00773022
0.346939	-0.591837	0.00838313
0.346939	-0.55102	0.00900297
0.346939	-0.510204	0.00958731
0.346939	-0.469388	0.0101338
0.346939	-0.428571	0.0106404
0.346939	-0.387755	0.0111049
0.346939	-0.346939	0.0115257
0.346939	-0.306122	0.011901
0.346939	-0.265306	0.0122294
0.346939	-0.22449	0.0125095
0.346939	-0.183673	0.0127402
0.346939	-0.142857	0.0129207
0.346939	-0.102041	0.0130501
0.346939	-0.0612245	0.0131281
0.346939	-0.0204082	0.0131543
0.346939	0.0204082	0.0131286
0.346939	0.0612245	0.013051
0.346939	0.102041	0.012922
0.346939	0.142857	0.0127419
0.346939	0.183673	0.0125115
0.346939	0.22449	0.0122318
0.346939	0.265306	0.0119038
0.346939	0.306122	0.0115287
0.346939	0.346939	0.0111082
0.346939	0.387755	0.0106438
0.346939	0.428571	0.0101373
0.346939	0.469388	0.00959086
0.346939	0.510204	0.00900652
0.346939	0.55102	0.00838662
0.346939	0.591837	0.0077336
0.346939	0.632653	0.00705004
0.346939	0.673469	0.00633864
0.346939	0.714286	0.00560221
0.346939	0.755102	0.00484364
0.346939	0.795918	0.00406595
0.346939	0.836735	0.0032722
0.346939	0.877551	0.00246553
0.346939	0.918367	0.00164912
0.346939	0.959184	0.000826189
0.346939	1	0
0.387755	-1	0.000791221
0.387755	-0.959184	0.00157932
0.387755	-0.918367	0.00236119
0.387755	-0.877551	0.00313376
0.387755	-0.836735	0.00389396
0.387755	-0.795918	0.00463881
0.387755	-0.755102	0.00536536
0.387755	-0.714286	0.00607076
0.387755	-0.673469	0.00675221
0.387755	-0.632653	0.00740704
0.387755	-0.591837	0.00803265
0.387755	-0.55102	0.00862658
0.387755	-0.510204	0.00918648
0.387755	-0.469388	0.00971015
0.387755	-0.428571	0.0101955
0.387755	-0.387755	0.0106407
0.387755	-0.346939	0.0110438
0.387755	-0.306122	0.0114035
0.387755	-0.265306	0.0117181
0.387755	-0.22449	0.0119865
0.387755	-0.183673	0.0122076
0.387755	-0.142857	0.0123805
0.387755	-0.102041	0.0125046
0.387755	-0.0612245	0.0125793
0.387755	-0.0204082	0.0126044
0.387755	0.0204082	0.0125797
0.387755	0.0612245	0.0125054
0.387755	0.102041	0.0123817
0.387755	0.142857	0.0122092
0.387755	0.183673	0.0119885
0.387755	0.22449	0.0117204
0.387755	0.265306	0.0114061
0.387755	0.306122	0.0110467
0.387755	0.346939	0.0106438
0.387755	0.387755	0.0101988
0.387755	0.428571	0.0097135
0.387755	0.469388	0.00918989
0.387755	0.510204	0.00862998
0.387755	0.55102	0.008036
0.387755	0.591837	0.00741028
0.387755	0.632653	0.0067553
0.387755	0.673469	0.00607364
0.387755	0.714286	0.00536799
0.387755	0.755102	0.00464114
0.387755	0.795918	0.00389596
0.387755	0.836735	0.0031354
0.387755	0.877551	0.00236245
0.387755	0.918367	0.00158017
0.387755	0.959184	0.000791648
0.387755	1	0
0.428571	-1	0.000753574
0.428571	-0.959184	0.00150418
0.428571	-0.918367	0.00224885
0.428571	-0.877551	0.00298465
0.428571	-0.836735	0.00370868
0.428571	-0.795918	0.00441809
0.428571	-0.755102	0.00511008
0.428571	-0.714286	0.00578191
0.428571	-0.673469	0.00643094
0.428571	-0.632653	0.00705461
0.428571	-0.591837	0.00765045
0.428571	-0.55102	0.00821612
0.428571	-0.510204	0.00874939
0.428571	-0.469388	0.00924814
0.428571	-0.428571	0.00971041
0.428571	-0.387755	0.0101344
0.428571	-0.346939	0.0105184
0.428571	-0.306122	0.0108609
0.428571	-0.265306	0.0111605
0.428571	-0.22449	0.0114161
0.428571	-0.183673	0.0116267
0.428571	-0.142857	0.0117914
0.428571	-0.102041	0.0119096
0.428571	-0.0612245	0.0119807
0.428571	-0.0204082	0.0120046
0.428571	0.0204082	0.0119812
0.428571	0.0612245	0.0119104
0.428571	0.102041	0.0117926
0.428571	0.142857	0.0116283
0.428571	0.183673	0.011418
0.428571	0.22449	0.0111627
0.428571	0.265306	0.0108634
0.428571	0.306122	0.0105211
0.428571	0.346939	0.0101373
0.428571	0.387755	0.0097135
0.428571	0.428571	0.00925133
0.428571	0.469388	0.00875263
0.428571	0.510204	0.00821936
0.428571	0.55102	0.00765364
0.428571	0.591837	0.00705769
0.428571	0.632653	0.00643388
0.428571	0.673469	0.00578465
0.428571	0.714286	0.00511258
0.428571	0.755102	0.00442031
0.428571	0.795918	0.00371059
0.428571	0.836735	0.00298621
0.428571	0.877551	0.00225004
0.428571	0.918367	0.00150498
0.428571	0.959184	0.000753981
0.428571	1	0
0.469388	-1	0.000712952
0.469388	-0.959184	0.00142309
0.469388	-0.918367	0.00212762
0.469388	-0.877551	0.00282376
0.469388	-0.836735	0.00350876
0.469388	-0.795918	0.00417993
0.469388	-0.755102	0.00483461
0.469388	-0.714286	0.00547023
0.469388	-0.673469	0.00608427
0.469388	-0.632653	0.00667432
0.469388	-0.591837	0.00723805
0.469388	-0.55102	0.00777322
0.469388	-0.510204	0.00827774
0.469388	-0.469388	0.00874961
0.469388	-0.428571	0.00918696
0.469388	-0.387755	0.00958808
0.469388	-0.346939	0.00995137
0.469388	-0.306122	0.0102754
0.469388	-0.265306	0.0105589
0.469388	-0.22449	0.0108007
0.469388	-0.183673	0.011
0.469388	-0.142857	0.0111558
0.469388	-0.102041	0.0112676
0.469388	-0.0612245	0.0113349
0.469388	-0.0204082	0.0113575
0.469388	0.0204082	0.0113353
0.469388	0.0612245	0.0112683
0.469388	0.102041	0.0111569
0.469388	0.142857	0.0110014
0.469388	0.183673	0.0108025
0.469388	0.22449	0.010561
0.469388	0.265306	0.0102778
0.469388	0.306122	0.00995397
0.469388	0.346939	0.00959086
0.469388	0.387755	0.00918989
0.469388	0.428571	0.00875263
0.469388	0.469388	0.00828081
0.469388	0.510204	0.00777629
0.469388	0.55102	0.00724106
0.469388	0.591837	0.00667724
0.469388	0.632653	0.00608705
0.469388	0.673469	0.00547282
0.469388	0.714286	0.00483698
0.469388	0.755102	0.00418203
0.469388	0.795918	0.00351057
0.469388	0.836735	0.00282524
0.469388	0.877551	0.00212875
0.469388	0.918367	0.00142386
0.469388	0.959184	0.000713337
0.469388	1	0
0.510204	-1	0.000669514
0.510204	-0.959184	0.00133639
0.510204	-0.918367	0.00199799
0.510204	-0.877551	0.00265172
0.510204	-0.836735	0.00329499
0.510204	-0.795918	0.00392526
0.510204	-0.755102	0.00454006
0.510204	-0.714286	0.00513695
0.510204	-0.673469	0.00571358
0.510204	-0.632653	0.00626768
0.510204	-0.591837	0.00679706
0.510204	-0.55102	0.00729963
0.510204	-0.510204	0.00777341
0.510204	-0.469388	0.00821653
0.510204	-0.428571	0.00862724
0.510204	-0.387755	0.00900391
0.510204	-0.346939	0.00934507
0.510204	-0.306122	0.00964936
0.510204	-0.265306	0.00991559
0.510204	-0.22449	0.0101427
0.510204	-0.183673	0.0103298
0.510204	-0.142857	0.0104761
0.510204	-0.102041	0.0105811
0.510204	-0.0612245	0.0106443
0.510204	-0.0204082	0.0106655
0.510204	0.0204082	0.0106447
0.510204	0.0612245	0.0105818
0.510204	0.102041	0.0104772
0.510204	0.142857	0.0103312
0.510204	0.183673	0.0101444
0.510204	0.22449	0.00991756
0.510204	0.265306	0.00965159
0.510204	0.306122	0.00934751
0.510204	0.346939	0.00900652
0.510204	0.387755	0.00862998
0.510204	0.428571	0.00821936
0.510204	0.469388	0.00777629
0.510204	0.510204	0.00730251
0.510204	0.55102	0.00679989
0.510204	0.591837	0.00627042
0.510204	0.632653	0.00571619
0.510204	0.673469	0.00513938
0.510204	0.714286	0.00454228
0.510204	0.755102	0.00392724
0.510204	0.795918	0.00329668
0.510204	0.836735	0.00265311
0.510204	0.877551	0.00199905
0.510204	0.918367	0.00133711
0.510204	0.959184	0.000669876
0.510204	1	0
0.55102	-1	0.000623433
0.55102	-0.959184	0.00124441
0.55102	-0.918367	0.00186048
0.55102	-0.877551	0.00246921
0.55102	-0.836735	0.0030682
0.55102	-0.795918	0.00365509
0.55102	-0.755102	0.00422757
0.55102	-0.714286	0.00478338
0.55102	-0.673469	0.00532033
0.55102	-0.632653	0.00583629
0.55102	-0.591837	0.00632923
0.55102	-0.55102	0.00679721
0.55102	-0.510204	0.00723838
0.55102	-0.469388	0.007651
0.55102	-0.428571	0.00803344
0.55102	-0.387755	0.00838419
0.55102	-0.346939	0.00870187
0.55102	-0.306122	0.00898522
0.55102	-0.265306	0.00923312
0.55102	-0.22449	0.00944459
0.55102	-0.183673	0.0096188
0.55102	-0.142857	0.00975505
0.55102	-0.102041	0.00985281
0.55102	-0.0612245	0.00991169
0.55102	-0.0204082	0.00993146
0.55102	0.0204082	0.00991203
0.55102	0.0612245	0.00985348
0.55102	0.102041	0.00975604
0.55102	0.142857	0.00962009
0.55102	0.183673	0.00944617
0.55102	0.22449	0.00923496
0.55102	0.265306	0.00898729
0.55102	0.306122	0.00870414
0.55102	0.346939	0.00838662
0.55102	0.387755	0.008036
0.55102	0.428571	0.00765364
0.55102	0.469388	0.00724106
0.55102	0.510204	0.00679989
0.55102	0.55102	0.00633187
0.55102	0.591837	0.00583884
0.55102	0.632653	0.00532276
0.55102	0.673469	0.00478565
0.55102	0.714286	0.00422964
0.55102	0.755102	0.00365693
0.55102	0.795918	0.00306978
0.55102	0.836735	0.0024705
0.55102	0.877551	0.00186146
0.55102	0.918367	0.00124508
0.55102	0.959184	0.00062377
0.55102	1	0
0.591837	-1	0.00057489
0.591837	-0.959184	0.00114751
0.591837	-0.918367	0.00171561
0.591837	-0.877551	0.00227694
0.591837	-0.836735	0.0028293
0.591837	-0.795918	0.00337049
0.591837	-0.755102	0.0038984
0.591837	-0.714286	0.00441093
0.591837	-0.673469	0.00490606
0.591837	-0.632653	0.00538185
0.591837	-0.591837	0.00583641
0.591837	-0.55102	0.00626795
0.591837	-0.510204	0.00667477
0.591837	-0.469388	0.00705526
0.591837	-0.428571	0.00740792
0.591837	-0.387755	0.00773136
0.591837	-0.346939	0.0080243
0.591837	-0.306122	0.00828559
0.591837	-0.265306	0.00851419
0.591837	-0.22449	0.00870919
0.591837	-0.183673	0.00886984
0.591837	-0.142857	0.00899548
0.591837	-0.102041	0.00908563
0.591837	-0.0612245	0.00913993
0.591837	-0.0204082	0.00915815
0.591837	0.0204082	0.00914024
0.591837	0.0612245	0.00908625
0.591837	0.102041	0.00899639
0.591837	0.142857	0.00887103
0.591837	0.183673	0.00871065
0.591837	0.22449	0.00851588
0.591837	0.265306	0.0082875
0.591837	0.306122	0.0080264
0.591837	0.346939	0.0077336
0.591837	0.387755	0.00741028
0.591837	0.428571	0.00705769
0.591837	0.469388	0.00667724
0.591837	0.510204	0.00627042
0.591837	0.55102	0.00583884
0.591837	0.591837	0.0053842
0.591837	0.632653	0.0049083
0.591837	0.673469	0.00441302
0.591837	0.714286	0.00390031
0.591837	0.755102	0.00337219
0.591837	0.795918	0.00283075
0.591837	0.836735	0.00227814
0.591837	0.877551	0.00171652
0.591837	0.918367	0.00114813
0.591837	0.959184	0.0005752
0.591837	1	0
0.632653	-1	0.000524076
0.632653	-0.959184	0.00104609
0.632653	-0.918367	0.00156397
0.632653	-0.877551	0.00207569
0.632653	-0.836735	0.00257922
0.632653	-0.795918	0.00307258
0.632653	-0.755102	0.00355382
0.632653	-0.714286	0.00402105
0.632653	-0.673469	0.00447242
0.632653	-0.632653	0.00490616
0.632653	-0.591837	0.00532054
0.632653	-0.55102	0.00571394
0.632653	-0.510204	0.0060848
0.632653	-0.469388	0.00643166
0.632653	-0.428571	0.00675315
0.632653	-0.387755	0.007048
0.632653	-0.346939	0.00731505
0.632653	-0.306122	0.00755324
0.632653	-0.265306	0.00776163
0.632653	-0.22449	0.0079394
0.632653	-0.183673	0.00808585
0.632653	-0.142857	0.00820039
0.632653	-0.102041	0.00828257
0.632653	-0.0612245	0.00833206
0.632653	-0.0204082	0.00834868
0.632653	0.0204082	0.00833235
0.632653	0.0612245	0.00828313
0.632653	0.102041	0.00820122
0.632653	0.142857	0.00808693
0.632653	0.183673	0.00794073
0.632653	0.22449	0.00776318
0.632653	0.265306	0.00755498
0.632653	0.306122	0.00731696
0.632653	0.346939	0.00705004
0.632653	0.387755	0.0067553
0.632653	0.428571	0.00643388
0.632653	0.469388	0.00608705
0.632653	0.510204	0.00571619
0.632653	0.55102	0.00532276
0.632653	0.591837	0.0049083
0.632653	0.632653	0.00447447
0.632653	0.673469	0.00402296
0.632653	0.714286	0.00355556
0.632653	0.755102	0.00307413
0.632653	0.795918	0.00258055
0.632653	0.836735	0.00207678
0.632653	0.877551	0.0015648
0.632653	0.918367	0.00104665
0.632653	0.959184	0.000524359
0.632653	1	0
0.673469	-1	0.000471193
0.673469	-0.959184	0.000940528
0.673469	-0.918367	0.00140615
0.673469	-0.877551	0.00186624
0.673469	-0.836735	0.00231896
0.673469	-0.795918	0.00276253
0.673469	-0.755102	0.00319522
0.673469	-0.714286	0.0036153
0.673469	-0.673469	0.00402112
0.673469	-0.632653	0.00441109
0.673469	-0.591837	0.00478366
0.673469	-0.55102	0.00513736
0.673469	-0.510204	0.0054708
0.673469	-0.469388	0.00578266
0.673469	-0.428571	0.00607171
0.673469	-0.387755	0.0063368
0.673469	-0.346939	0.00657691
0.673469	-0.306122	0.00679106
0.673469	-0.265306	0.00697843
0.673469	-0.22449	0.00713826
0.673469	-0.183673	0.00726992
0.673469	-0.142857	0.00737291
0.673469	-0.102041	0.00744679
0.673469	-0.0612245	0.0074913
0.673469	-0.0204082	0.00750623
0.673469	0.0204082	0.00749155
0.673469	0.0612245	0.0074473
0.673469	0.102041	0.00737365
0.673469	0.142857	0.0072709
0.673469	0.183673	0.00713945
0.673469	0.22449	0.00697982
0.673469	0.265306	0.00679263
0.673469	0.306122	0.00657862
0.673469	0.346939	0.00633864
0.673469	0.387755	0.00607364
0.673469	0.428571	0.00578465
0.673469	0.469388	0.00547282
0.673469	0.510204	0.00513938
0.673469	0.55102	0.00478565
0.673469	0.591837	0.00441302
0.673469	0.632653	0.00402296
0.673469	0.673469	0.00361701
0.673469	0.714286	0.00319678
0.673469	0.755102	0.00276392
0.673469	0.795918	0.00232015
0.673469	0.836735	0.00186721
0.673469	0.877551	0.0014069
0.673469	0.918367	0.000941033
0.673469	0.959184	0.000471447
0.673469	1	0
0.714286	-1	0.000416449
0.714286	-0.959184	0.000831256
0.714286	-0.918367	0.00124278
0.714286	-0.877551	0.00164941
0.714286	-0.836735	0.00204954
0.714286	-0.795918	0.00244158
0.714286	-0.755102	0.00282399
0.714286	-0.714286	0.00319527
0.714286	-0.673469	0.00355394
0.714286	-0.632653	0.0038986
0.714286	-0.591837	0.00422788
0.714286	-0.55102	0.00454049
0.714286	-0.510204	0.00483519
0.714286	-0.469388	0.00511082
0.714286	-0.428571	0.00536628
0.714286	-0.387755	0.00560058
0.714286	-0.346939	0.00581279
0.714286	-0.306122	0.00600206
0.714286	-0.265306	0.00616766
0.714286	-0.22449	0.00630892
0.714286	-0.183673	0.00642529
0.714286	-0.142857	0.00651631
0.714286	-0.102041	0.00658161
0.714286	-0.0612245	0.00662094
0.714286	-0.0204082	0.00663415
0.714286	0.0204082	0.00662117
0.714286	0.0612245	0.00658206
0.714286	0.102041	0.00651697
0.714286	0.142857	0.00642615
0.714286	0.183673	0.00630997
0.714286	0.22449	0.00616889
0.714286	0.265306	0.00600345
0.714286	0.306122	0.0058143
0.714286	0.346939	0.00560221
0.714286	0.387755	0.00536799
0.714286	0.428571	0.00511258
0.714286	0.469388	0.00483698
0.714286	0.510204	0.00454228
0.714286	0.55102	0.00422964
0.714286	0.591837	0.00390031
0.714286	0.632653	0.00355556
0.714286	0.673469	0.00319678
0.714286	0.714286	0.00282537
0.714286	0.755102	0.00244281
0.714286	0.795918	0.00205059
0.714286	0.836735	0.00165028
0.714286	0.877551	0.00124344
0.714286	0.918367	0.000831702
0.714286	0.959184	0.000416674
0.714286	1	0
0.755102	-1	0.00036006
0.755102	-0.959184	0.0007187
0.755102	-0.918367	0.00107451
0.755102	-0.877551	0.00142608
0.755102	-0.836735	0.00177202
0.755102	-0.795918	0.00211098
0.755102	-0.755102	0.00244161
0.755102	-0.714286	0.00276261
0.755102	-0.673469	0.00307272
0.755102	-0.632653	0.00337071
0.755102	-0.591837	0.00365541
0.755102	-0.55102	0.00392569
0.755102	-0.510204	0.00418048
0.755102	-0.469388	0.00441879
0.755102	-0.428571	0.00463967
0.755102	-0.387755	0.00484224
0.755102	-0.346939	0.00502571
0.755102	-0.306122	0.00518936
0.755102	-0.265306	0.00533253
0.755102	-0.22449	0.00545467
0.755102	-0.183673	0.00555528
0.755102	-0.142857	0.00563397
0.755102	-0.102041	0.00569043
0.755102	-0.0612245	0.00572444
0.755102	-0.0204082	0.00573586
0.755102	0.0204082	0.00572463
0.755102	0.0612245	0.00569082
0.755102	0.102041	0.00563454
0.755102	0.142857	0.00555603
0.755102	0.183673	0.00545558
0.755102	0.22449	0.00533359
0.755102	0.265306	0.00519055
0.755102	0.306122	0.00502702
0.755102	0.346939	0.00484364
0.755102	0.387755	0.00464114
0.755102	0.428571	0.00442031
0.755102	0.469388	0.00418203
0.755102	0.510204	0.00392724
0.755102	0.55102	0.00365693
0.755102	0.591837	0.00337219
0.755102	0.632653	0.00307413
0.755102	0.673469	0.00276392
0.755102	0.714286	0.00244281
0.755102	0.755102	0.00211204
0.755102	0.795918	0.00177293
0.755102	0.836735	0.00142682
0.755102	0.877551	0.00107508
0.755102	0.918367	0.000719086
0.755102	0.959184	0.000360254
0.755102	1	0
0.795918	-1	0.000302249
0.795918	-0.959184	0.000603306
0.795918	-0.918367	0.000901984
0.795918	-0.877551	0.00119711
0.795918	-0.836735	0.00148751
0.795918	-0.795918	0.00177204
0.795918	-0.755102	0.00204959
0.795918	-0.714286	0.00231905
0.795918	-0.673469	0.00257937
0.795918	-0.632653	0.00282951
0.795918	-0.591837	0.0030685
0.795918	-0.55102	0.00329538
0.795918	-0.510204	0.00350927
0.795918	-0.469388	0.00370931
0.795918	-0.428571	0.00389472
0.795918	-0.387755	0.00406477
0.795918	-0.346939	0.00421879
0.795918	-0.306122	0.00435616
0.795918	-0.265306	0.00447634
0.795918	-0.22449	0.00457887
0.795918	-0.183673	0.00466333
0.795918	-0.142857	0.00472939
0.795918	-0.102041	0.00477678
0.795918	-0.0612245	0.00480533
0.795918	-0.0204082	0.00481491
0.795918	0.0204082	0.00480549
0.795918	0.0612245	0.00477711
0.795918	0.102041	0.00472987
0.795918	0.142857	0.00466396
0.795918	0.183673	0.00457963
0.795918	0.22449	0.00447724
0.795918	0.265306	0.00435716
0.795918	0.306122	0.00421989
0.795918	0.346939	0.00406595
0.795918	0.387755	0.00389596
0.795918	0.428571	0.00371059
0.795918	0.469388	0.00351057
0.795918	0.510204	0.00329668
0.795918	0.55102	0.00306978
0.795918	0.591837	0.00283075
0.795918	0.632653	0.00258055
0.795918	0.673469	0.00232015
0.795918	0.714286	0.00205059
0.795918	0.755102	0.00177293
0.795918	0.795918	0.00148827
0.795918	0.836735	0.00119773
0.795918	0.877551	0.000902464
0.795918	0.918367	0.00060363
0.795918	0.959184	0.000302412
0.795918	1	0
0.836735	-1	0.000243244
0.836735	-0.959184	0.00048553
0.836735	-0.918367	0.0007259
0.836735	-0.877551	0.000963408
0.836735	-0.836735	0.00119712
0.836735	-0.795918	0.00142611
0.836735	-0.755102	0.00164947
0.836735	-0.714286	0.00186633
0.836735	-0.673469	0.00207583
0.836735	-0.632653	0.00227714
0.836735	-0.591837	0.00246947
0.836735	-0.55102	0.00265206
0.836735	-0.510204	0.00282419
0.836735	-0.469388	0.00298518
0.836735	-0.428571	0.0031344
0.836735	-0.387755	0.00327125
0.836735	-0.346939	0.0033952
0.836735	-0.306122	0.00350576
0.836735	-0.265306	0.00360248
0.836735	-0.22449	0.00368499
0.836735	-0.183673	0.00375296
0.836735	-0.142857	0.00380612
0.836735	-0.102041	0.00384426
0.836735	-0.0612245	0.00386724
0.836735	-0.0204082	0.00387495
0.836735	0.0204082	0.00386737
0.836735	0.0612245	0.00384452
0.836735	0.102041	0.00380651
0.836735	0.142857	0.00375346
0.836735	0.183673	0.0036856
0.836735	0.22449	0.0036032
0.836735	0.265306	0.00350656
0.836735	0.306122	0.00339609
0.836735	0.346939	0.0032722
0.836735	0.387755	0.0031354
0.836735	0.428571	0.00298621
0.836735	0.469388	0.00282524
0.836735	0.510204	0.00265311
0.836735	0.55102	0.0024705
0.836735	0.591837	0.00227814
0.836735	0.632653	0.00207678
0.836735	0.673469	0.00186721
0.836735	0.714286	0.00165028
0.836735	0.755102	0.00142682
0.836735	0.795918	0.00119773
0.836735	0.836735	0.000963913
0.836735	0.877551	0.000726286
0.836735	0.918367	0.00048579
0.836735	0.959184	0.000243376
0.836735	1	0
0.877551	-1	0.000183279
0.877551	-0.959184	0.000365835
0.877551	-0.918367	0.000546949
0.877551	-0.877551	0.000725905
0.877551	-0.836735	0.000902
0.877551	-0.795918	0.00107454
0.877551	-0.755102	0.00124284
0.877551	-0.714286	0.00140623
0.877551	-0.673469	0.00156409
0.877551	-0.632653	0.00171577
0.877551	-0.591837	0.00186069
0.877551	-0.55102	0.00199827
0.877551	-0.510204	0.00212796
0.877551	-0.469388	0.00224927
0.877551	-0.428571	0.0023617
0.877551	-0.387755	0.00246481
0.877551	-0.346939	0.0025582
0.877551	-0.306122	0.0026415
0.877551	-0.265306	0.00271438
0.877551	-0.22449	0.00277655
0.877551	-0.183673	0.00282777
0.877551	-0.142857	0.00286782
0.877551	-0.102041	0.00289656
0.877551	-0.0612245	0.00291387
0.877551	-0.0204082	0.00291968
0.877551	0.0204082	0.00291397
0.877551	0.0612245	0.00289676
0.877551	0.102041	0.00286811
0.877551	0.142857	0.00282815
0.877551	0.183673	0.00277702
0.877551	0.22449	0.00271492
0.877551	0.265306	0.00264211
0.877551	0.306122	0.00255887
0.877551	0.346939	0.00246553
0.877551	0.387755	0.00236245
0.877551	0.428571	0.00225004
0.877551	0.469388	0.00212875
0.877551	0.510204	0.00199905
0.877551	0.55102	0.00186146
0.877551	0.591837	0.00171652
0.877551	0.632653	0.0015648
0.877551	0.673469	0.0014069
0.877551	0.714286	0.00124344
0.877551	0.755102	0.00107508
0.877551	0.795918	0.000902464
0.877551	0.836735	0.000726286
0.877551	0.877551	0.000547239
0.877551	0.918367	0.000366032
0.877551	0.959184	0.000183378
0.877551	1	0
0.918367	-1	0.00012259
0.918367	-0.959184	0.000244696
0.918367	-0.918367	0.000365837
0.918367	-0.877551	0.000485536
0.918367	-0.836735	0.00060332
0.918367	-0.795918	0.000718724
0.918367	-0.755102	0.000831295
0.918367	-0.714286	0.000940587
0.918367	-0.673469	0.00104617
0.918367	-0.632653	0.00114763
0.918367	-0.591837	0.00124456
0.918367	-0.55102	0.00133658
0.918367	-0.510204	0.00142333
0.918367	-0.469388	0.00150447
0.918367	-0.428571	0.00157967
0.918367	-0.387755	0.00164864
0.918367	-0.346939	0.0017111
0.918367	-0.306122	0.00176682
0.918367	-0.265306	0.00181557
0.918367	-0.22449	0.00185715
0.918367	-0.183673	0.00189141
0.918367	-0.142857	0.0019182
0.918367	-0.102041	0.00193742
0.918367	-0.0612245	0.001949
0.918367	-0.0204082	0.00195289
0.918367	0.0204082	0.00194907
0.918367	0.0612245	0.00193755
0.918367	0.102041	0.00191839
0.918367	0.142857	0.00189166
0.918367	0.183673	0.00185746
0.918367	0.22449	0.00181593
0.918367	0.265306	0.00176723
0.918367	0.306122	0.00171155
0.918367	0.346939	0.00164912
0.918367	0.387755	0.00158017
0.918367	0.428571	0.00150498
0.918367	0.469388	0.00142386
0.918367	0.510204	0.00133711
0.918367	0.55102	0.00124508
0.918367	0.591837	0.00114813
0.918367	0.632653	0.00104665
0.918367	0.673469	0.000941033
0.918367	0.714286	0.000831702
0.918367	0.755102	0.000719086
0.918367	0.795918	0.00060363
0.918367	0.836735	0.00048579
0.918367	0.877551	0.000366032
0.918367	0.918367	0.000244827
0.918367	0.959184	0.000122656
0.918367	1	0
0.959184	-1	6.14161e-05
0.959184	-0.959184	0.00012259
0.959184	-0.918367	0.00018328
0.959184	-0.877551	0.000243248
0.959184	-0.836735	0.000302257
0.959184	-0.795918	0.000360073
0.959184	-0.755102	0.00041647
0.959184	-0.714286	0.000471224
0.959184	-0.673469	0.00052412
0.959184	-0.632653	0.000574949
0.959184	-0.591837	0.00062351
0.959184	-0.55102	0.000669612
0.959184	-0.510204	0.000713073
0.959184	-0.469388	0.000753721
0.959184	-0.428571	0.000791396
0.959184	-0.387755	0.00082595
0.959184	-0.346939	0.000857245
0.959184	-0.306122	0.000885158
0.959184	-0.265306	0.00090958
0.959184	-0.22449	0.000930412
0.959184	-0.183673	0.000947574
0.959184	-0.142857	0.000960997
0.959184	-0.102041	0.000970628
0.959184	-0.0612245	0.000976428
0.959184	-0.0204082	0.000978375
0.959184	0.0204082	0.000976461
0.959184	0.0612245	0.000970693
0.959184	0.102041	0.000961094
0.959184	0.142857	0.000947702
0.959184	0.183673	0.000930568
0.959184	0.22449	0.000909761
0.959184	0.265306	0.000885362
0.959184	0.306122	0.000857468
0.959184	0.346939	0.000826189
0.959184	0.387755	0.000791648
0.959184	0.428571	0.000753981
0.959184	0.469388	0.000713337
0.959184	0.510204	0.000669876
0.959184	0.55102	0.00062377
0.959184	0.591837	0.0005752
0.959184	0.632653	0.000524359
0.959184	0.673469	0.000471447
0.959184	0.714286	0.000416674
0.959184	0.755102	0.000360254
0.959184	0.795918	0.000302412
0.959184	0.836735	0.000243376
0.959184	0.877551	0.000183378
0.959184	0.918367	0.000122656
0.959184	0.959184	6.14493e-05
0.959184	1	0
1	-1	0
1	-0.959184	0
1	-0.918367	0
1	-0.877551	0
1	-0.836735	0
1	-0.795918	0
1	-0.755102	0
1	-0.714286	0
1	-0.673469	0
1	-0.632653	0
1	-0.591837	0
1	-0.55102	0
1	-0.510204	0
1	-0.469388	0
1	-0.428571	0
1	-0.387755	0
1	-0.346939	0
1	-0.306122	0
1	-0.265306	0
1	-0.22449	0
1	-0.183673	0
1	-0.142857	0
1	-0.102041	0
1	-0.0612245	0
1	-0.0204082	0
1	0.0204082	0
1	0.0612245	0
1	0.102041	0
1	0.142857	0
1	0.183673	0
1	0.22449	0
1	0.265306	0
1	0.306122	0
1	0.346939	0
1	0.387755	0
1	0.428571	0
1	0.469388	0
1	0.510204	0
1	0.55102	0
1	0.591837	0
1	0.632653	0
1	0.673469	0
1	0.714286	0
1	0.755102	0
1	0.795918	0
1	0.836735	0
1	0.877551	0
1	0.918367	0
1	0.959184	0
1	1	0
