-1	-1	0.000165741
-1	-0.959184	0.000330831
-1	-0.918367	0.00049462
-1	-0.877551	0.000656464
-1	-0.836735	0.000815726
-1	-0.795918	0.000971781
-1	-0.755102	0.00112401
-1	-0.714286	0.00127182
-1	-0.673469	0.00141463
-1	-0.632653	0.00155187
-1	-0.591837	0.00168301
-1	-0.55102	0.00180752
-1	-0.510204	0.00192492
-1	-0.469388	0.00203474
-1	-0.428571	0.00213655
-1	-0.387755	0.00222994
-1	-0.346939	0.00231456
-1	-0.306122	0.00239005
-1	-0.265306	0.00245612
-1	-0.22449	0.00251252
-1	-0.183673	0.00255901
-1	-0.142857	0.0025954
-1	-0.102041	0.00262157
-1	-0.0612245	0.00263739
-1	-0.0204082	0.0026428
-1	0.0204082	0.00263779
-1	0.0612245	0.00262236
-1	0.102041	0.00259657
-1	0.142857	0.00256054
-1	0.183673	0.00251438
-1	0.22449	0.0024583
-1	0.265306	0.0023925
-1	0.306122	0.00231724
-1	0.346939	0.00223282
-1	0.387755	0.00213957
-1	0.428571	0.00203786
-1	0.469388	0.00192809
-1	0.510204	0.00181069
-1	0.55102	0.00168613
-1	0.591837	0.0015549
-1	0.632653	0.00141751
-1	0.673469	0.00127451
-1	0.714286	0.00112646
-1	0.755102	0.000973955
-1	0.795918	0.000817594
-1	0.836735	0.000657994
-1	0.877551	0.000495789
-1	0.918367	0.000331621
-1	0.959184	0.00016614
-1	1	0
-0.959184	-1	0.000330831
-0.959184	-0.959184	0.000660361
-0.959184	-0.918367	0.000987295
-0.959184	-0.877551	0.00131035
-0.959184	-0.836735	0.00162824
-0.959184	-0.795918	0.00193974
-0.959184	-0.755102	0.00224361
-0.959184	-0.714286	0.00253865
-0.959184	-0.673469	0.0028237
-0.959184	-0.632653	0.00309765
-0.959184	-0.591837	0.0033594
-0.959184	-0.55102	0.00360794
-0.959184	-0.510204	0.00384227
-0.959184	-0.469388	0.00406148
-0.959184	-0.428571	0.0042647
-0.959184	-0.387755	0.00445112
-0.959184	-0.346939	0.00462001
-0.959184	-0.306122	0.0047707
-0.959184	-0.265306	0.00490259
-0.959184	-0.22449	0.00501515
-0.959184	-0.183673	0.00510795
-0.959184	-0.142857	0.0051806
-0.959184	-0.102041	0.00523283
-0.959184	-0.0612245	0.0052644
-0.959184	-0.0204082	0.00527521
-0.959184	0.0204082	0.0052652
-0.959184	0.0612245	0.0052344
-0.959184	0.102041	0.00518294
-0.959184	0.142857	0.005111
-0.959184	0.183673	0.00501888
-0.959184	0.22449	0.00490693
-0.959184	0.265306	0.00477558
-0.959184	0.306122	0.00462536
-0.959184	0.346939	0.00445686
-0.959184	0.387755	0.00427073
-0.959184	0.428571	0.00406771
-0.959184	0.469388	0.0038486
-0.959184	0.510204	0.00361427
-0.959184	0.55102	0.00336563
-0.959184	0.591837	0.00310368
-0.959184	0.632653	0.00282944
-0.959184	0.673469	0.002544
-0.959184	0.714286	0.00224849
-0.959184	0.755102	0.00194408
-0.959184	0.795918	0.00163197
-0.959184	0.836735	0.0013134
-0.959184	0.877551	0.00098963
-0.959184	0.918367	0.000661938
-0.959184	0.959184	0.000331626
-0.959184	1	0
-0.918367	-1	0.00049462
-0.918367	-0.959184	0.000987295
-0.918367	-0.918367	0.00147609
-0.918367	-0.877551	0.00195908
-0.918367	-0.836735	0.00243436
-0.918367	-0.795918	0.00290007
-0.918367	-0.755102	0.00335438
-0.918367	-0.714286	0.00379549
-0.918367	-0.673469	0.00422167
-0.918367	-0.632653	0.00463124
-0.918367	-0.591837	0.00502259
-0.918367	-0.55102	0.00539417
-0.918367	-0.510204	0.00574452
-0.918367	-0.469388	0.00607225
-0.918367	-0.428571	0.00637608
-0.918367	-0.387755	0.0066548
-0.918367	-0.346939	0.0069073
-0.918367	-0.306122	0.00713259
-0.918367	-0.265306	0.00732978
-0.918367	-0.22449	0.00749807
-0.918367	-0.183673	0.00763681
-0.918367	-0.142857	0.00774543
-0.918367	-0.102041	0.00782351
-0.918367	-0.0612245	0.00787072
-0.918367	-0.0204082	0.00788688
-0.918367	0.0204082	0.00787191
-0.918367	0.0612245	0.00782587
-0.918367	0.102041	0.00774892
-0.918367	0.142857	0.00764138
-0.918367	0.183673	0.00750364
-0.918367	0.22449	0.00733627
-0.918367	0.265306	0.0071399
-0.918367	0.306122	0.0069153
-0.918367	0.346939	0.00666337
-0.918367	0.387755	0.0063851
-0.918367	0.428571	0.00608157
-0.918367	0.469388	0.00575398
-0.918367	0.510204	0.00540363
-0.918367	0.55102	0.0050319
-0.918367	0.591837	0.00464026
-0.918367	0.632653	0.00423025
-0.918367	0.673469	0.00380349
-0.918367	0.714286	0.00336168
-0.918367	0.755102	0.00290656
-0.918367	0.795918	0.00243993
-0.918367	0.836735	0.00196364
-0.918367	0.877551	0.00147958
-0.918367	0.918367	0.000989653
-0.918367	0.959184	0.000495808
-0.918367	1	0
-0.877551	-1	0.000656464
-0.877551	-0.959184	0.00131035
-0.877551	-0.918367	0.00195908
-0.877551	-0.877551	0.0026001
-0.877551	-0.836735	0.00323091
-0.877551	-0.795918	0.003849
-0.877551	-0.755102	0.00445196
-0.877551	-0.714286	0.0050374
-0.877551	-0.673469	0.00560303
-0.877551	-0.632653	0.00614662
-0.877551	-0.591837	0.00666602
-0.877551	-0.55102	0.00715919
-0.877551	-0.510204	0.00762417
-0.877551	-0.469388	0.00805915
-0.877551	-0.428571	0.00846239
-0.877551	-0.387755	0.0088323
-0.877551	-0.346939	0.00916743
-0.877551	-0.306122	0.00946643
-0.877551	-0.265306	0.00972814
-0.877551	-0.22449	0.0099515
-0.877551	-0.183673	0.0101356
-0.877551	-0.142857	0.0102798
-0.877551	-0.102041	0.0103834
-0.877551	-0.0612245	0.0104461
-0.877551	-0.0204082	0.0104675
-0.877551	0.0204082	0.0104477
-0.877551	0.0612245	0.0103866
-0.877551	0.102041	0.0102844
-0.877551	0.142857	0.0101417
-0.877551	0.183673	0.0099589
-0.877551	0.22449	0.00973675
-0.877551	0.265306	0.00947613
-0.877551	0.306122	0.00917805
-0.877551	0.346939	0.00884369
-0.877551	0.387755	0.00847435
-0.877551	0.428571	0.00807151
-0.877551	0.469388	0.00763673
-0.877551	0.510204	0.00717174
-0.877551	0.55102	0.00667838
-0.877551	0.591837	0.00615859
-0.877551	0.632653	0.00561442
-0.877551	0.673469	0.00504803
-0.877551	0.714286	0.00446165
-0.877551	0.755102	0.00385761
-0.877551	0.795918	0.0032383
-0.877551	0.836735	0.00260617
-0.877551	0.877551	0.00196371
-0.877551	0.918367	0.00131348
-0.877551	0.959184	0.000658041
-0.877551	1	0
-0.836735	-1	0.000815726
-0.836735	-0.959184	0.00162824
-0.836735	-0.918367	0.00243436
-0.836735	-0.877551	0.00323091
-0.836735	-0.836735	0.00401474
-0.836735	-0.795918	0.00478279
-0.836735	-0.755102	0.00553203
-0.836735	-0.714286	0.00625951
-0.836735	-0.673469	0.00696237
-0.836735	-0.632653	0.00763783
-0.836735	-0.591837	0.00828324
-0.836735	-0.55102	0.00889605
-0.836735	-0.510204	0.00947385
-0.836735	-0.469388	0.0100143
-0.836735	-0.428571	0.0105154
-0.836735	-0.387755	0.0109751
-0.836735	-0.346939	0.0113915
-0.836735	-0.306122	0.0117631
-0.836735	-0.265306	0.0120883
-0.836735	-0.22449	0.0123658
-0.836735	-0.183673	0.0125946
-0.836735	-0.142857	0.0127738
-0.836735	-0.102041	0.0129025
-0.836735	-0.0612245	0.0129804
-0.836735	-0.0204082	0.013007
-0.836735	0.0204082	0.0129823
-0.836735	0.0612245	0.0129064
-0.836735	0.102041	0.0127795
-0.836735	0.142857	0.0126021
-0.836735	0.183673	0.012375
-0.836735	0.22449	0.012099
-0.836735	0.265306	0.0117751
-0.836735	0.306122	0.0114047
-0.836735	0.346939	0.0109892
-0.836735	0.387755	0.0105303
-0.836735	0.428571	0.0100297
-0.836735	0.469388	0.00948945
-0.836735	0.510204	0.00891166
-0.836735	0.55102	0.0082986
-0.836735	0.591837	0.0076527
-0.836735	0.632653	0.00697651
-0.836735	0.673469	0.00627271
-0.836735	0.714286	0.00554408
-0.836735	0.755102	0.0047935
-0.836735	0.795918	0.00402393
-0.836735	0.836735	0.00323844
-0.836735	0.877551	0.00244012
-0.836735	0.918367	0.00163213
-0.836735	0.959184	0.000817686
-0.836735	1	0
-0.795918	-1	0.000971781
-0.795918	-0.959184	0.00193974
-0.795918	-0.918367	0.00290007
-0.795918	-0.877551	0.003849
-0.795918	-0.836735	0.00478279
-0.795918	-0.795918	0.00569778
-0.795918	-0.755102	0.00659035
-0.795918	-0.714286	0.007457
-0.795918	-0.673469	0.00829432
-0.795918	-0.632653	0.009099
-0.795918	-0.591837	0.00986788
-0.795918	-0.55102	0.0105979
-0.795918	-0.510204	0.0112863
-0.795918	-0.469388	0.0119302
-0.795918	-0.428571	0.0125271
-0.795918	-0.387755	0.0130747
-0.795918	-0.346939	0.0135708
-0.795918	-0.306122	0.0140134
-0.795918	-0.265306	0.0144008
-0.795918	-0.22449	0.0147315
-0.795918	-0.183673	0.015004
-0.795918	-0.142857	0.0152175
-0.795918	-0.102041	0.0153709
-0.795918	-0.0612245	0.0154636
-0.795918	-0.0204082	0.0154954
-0.795918	0.0204082	0.015466
-0.795918	0.0612245	0.0153755
-0.795918	0.102041	0.0152243
-0.795918	0.142857	0.015013
-0.795918	0.183673	0.0147424
-0.795918	0.22449	0.0144136
-0.795918	0.265306	0.0140278
-0.795918	0.306122	0.0135865
-0.795918	0.346939	0.0130915
-0.795918	0.387755	0.0125448
-0.795918	0.428571	0.0119485
-0.795918	0.469388	0.0113049
-0.795918	0.510204	0.0106165
-0.795918	0.55102	0.00988618
-0.795918	0.591837	0.00911672
-0.795918	0.632653	0.00831117
-0.795918	0.673469	0.00747273
-0.795918	0.714286	0.0066047
-0.795918	0.755102	0.00571053
-0.795918	0.795918	0.00479374
-0.795918	0.836735	0.00385797
-0.795918	0.877551	0.00290693
-0.795918	0.918367	0.00194437
-0.795918	0.959184	0.000974115
-0.795918	1	0
-0.755102	-1	0.00112401
-0.755102	-0.959184	0.00224361
-0.755102	-0.918367	0.00335438
-0.755102	-0.877551	0.00445196
-0.755102	-0.836735	0.00553203
-0.755102	-0.795918	0.00659035
-0.755102	-0.755102	0.00762275
-0.755102	-0.714286	0.00862516
-0.755102	-0.673469	0.00959365
-0.755102	-0.632653	0.0105244
-0.755102	-0.591837	0.0114137
-0.755102	-0.55102	0.0122581
-0.755102	-0.510204	0.0130543
-0.755102	-0.469388	0.0137991
-0.755102	-0.428571	0.0144895
-0.755102	-0.387755	0.0151229
-0.755102	-0.346939	0.0156967
-0.755102	-0.306122	0.0162087
-0.755102	-0.265306	0.0166568
-0.755102	-0.22449	0.0170392
-0.755102	-0.183673	0.0173545
-0.755102	-0.142857	0.0176013
-0.755102	-0.102041	0.0177787
-0.755102	-0.0612245	0.017886
-0.755102	-0.0204082	0.0179228
-0.755102	0.0204082	0.0178887
-0.755102	0.0612245	0.0177841
-0.755102	0.102041	0.0176093
-0.755102	0.142857	0.0173649
-0.755102	0.183673	0.0170519
-0.755102	0.22449	0.0166715
-0.755102	0.265306	0.0162253
-0.755102	0.306122	0.0157149
-0.755102	0.346939	0.0151424
-0.755102	0.387755	0.01451
-0.755102	0.428571	0.0138202
-0.755102	0.469388	0.0130758
-0.755102	0.510204	0.0122796
-0.755102	0.55102	0.0114349
-0.755102	0.591837	0.0105449
-0.755102	0.632653	0.00961314
-0.755102	0.673469	0.00864335
-0.755102	0.714286	0.00763935
-0.755102	0.755102	0.0066051
-0.755102	0.795918	0.0055447
-0.755102	0.836735	0.00446234
-0.755102	0.877551	0.00336231
-0.755102	0.918367	0.00224896
-0.755102	0.959184	0.00112671
-0.755102	1	0
-0.714286	-1	0.00127182
-0.714286	-0.959184	0.00253865
-0.714286	-0.918367	0.00379549
-0.714286	-0.877551	0.0050374
-0.714286	-0.836735	0.00625951
-0.714286	-0.795918	0.007457
-0.714286	-0.755102	0.00862516
-0.714286	-0.714286	0.0097594
-0.714286	-0.673469	0.0108552
-0.714286	-0.632653	0.0119084
-0.714286	-0.591837	0.0129147
-0.714286	-0.55102	0.0138701
-0.714286	-0.510204	0.014771
-0.714286	-0.469388	0.0156137
-0.714286	-0.428571	0.0163949
-0.714286	-0.387755	0.0171116
-0.714286	-0.346939	0.0177608
-0.714286	-0.306122	0.0183401
-0.714286	-0.265306	0.0188472
-0.714286	-0.22449	0.0192799
-0.714286	-0.183673	0.0196366
-0.714286	-0.142857	0.0199159
-0.714286	-0.102041	0.0201167
-0.714286	-0.0612245	0.0202381
-0.714286	-0.0204082	0.0202797
-0.714286	0.0204082	0.0202412
-0.714286	0.0612245	0.0201228
-0.714286	0.102041	0.0199249
-0.714286	0.142857	0.0196484
-0.714286	0.183673	0.0192942
-0.714286	0.22449	0.0188639
-0.714286	0.265306	0.0183589
-0.714286	0.306122	0.0177814
-0.714286	0.346939	0.0171336
-0.714286	0.387755	0.0164181
-0.714286	0.428571	0.0156376
-0.714286	0.469388	0.0147953
-0.714286	0.510204	0.0138944
-0.714286	0.55102	0.0129386
-0.714286	0.591837	0.0119316
-0.714286	0.632653	0.0108773
-0.714286	0.673469	0.00977998
-0.714286	0.714286	0.00864395
-0.714286	0.755102	0.00747369
-0.714286	0.795918	0.00627384
-0.714286	0.836735	0.00504915
-0.714286	0.877551	0.00380446
-0.714286	0.918367	0.00254471
-0.714286	0.959184	0.00127488
-0.714286	1	0
-0.673469	-1	0.00141463
-0.673469	-0.959184	0.0028237
-0.673469	-0.918367	0.00422167
-0.673469	-0.877551	0.00560303
-0.673469	-0.836735	0.00696237
-0.673469	-0.795918	0.00829432
-0.673469	-0.755102	0.00959365
-0.673469	-0.714286	0.0108552
-0.673469	-0.673469	0.0120741
-0.673469	-0.632653	0.0132455
-0.673469	-0.591837	0.0143648
-0.673469	-0.55102	0.0154275
-0.673469	-0.510204	0.0164295
-0.673469	-0.469388	0.0173669
-0.673469	-0.428571	0.0182358
-0.673469	-0.387755	0.019033
-0.673469	-0.346939	0.0197551
-0.673469	-0.306122	0.0203995
-0.673469	-0.265306	0.0209634
-0.673469	-0.22449	0.0214448
-0.673469	-0.183673	0.0218416
-0.673469	-0.142857	0.0221522
-0.673469	-0.102041	0.0223755
-0.673469	-0.0612245	0.0225106
-0.673469	-0.0204082	0.0225568
-0.673469	0.0204082	0.022514
-0.673469	0.0612245	0.0223823
-0.673469	0.102041	0.0221622
-0.673469	0.142857	0.0218546
-0.673469	0.183673	0.0214607
-0.673469	0.22449	0.020982
-0.673469	0.265306	0.0204204
-0.673469	0.306122	0.019778
-0.673469	0.346939	0.0190575
-0.673469	0.387755	0.0182616
-0.673469	0.428571	0.0173935
-0.673469	0.469388	0.0164566
-0.673469	0.510204	0.0154546
-0.673469	0.55102	0.0143914
-0.673469	0.591837	0.0132713
-0.673469	0.632653	0.0120987
-0.673469	0.673469	0.0108781
-0.673469	0.714286	0.00961454
-0.673469	0.755102	0.00831288
-0.673469	0.795918	0.00697831
-0.673469	0.836735	0.0056161
-0.673469	0.877551	0.00423165
-0.673469	0.918367	0.00283045
-0.673469	0.959184	0.00141803
-0.673469	1	0
-0.632653	-1	0.00155187
-0.632653	-0.959184	0.00309765
-0.632653	-0.918367	0.00463124
-0.632653	-0.877551	0.00614662
-0.632653	-0.836735	0.00763783
-0.632653	-0.795918	0.009099
-0.632653	-0.755102	0.0105244
-0.632653	-0.714286	0.0119084
-0.632653	-0.673469	0.0132455
-0.632653	-0.632653	0.0145306
-0.632653	-0.591837	0.0157584
-0.632653	-0.55102	0.0169242
-0.632653	-0.510204	0.0180235
-0.632653	-0.469388	0.0190517
-0.632653	-0.428571	0.020005
-0.632653	-0.387755	0.0208795
-0.632653	-0.346939	0.0216717
-0.632653	-0.306122	0.0223786
-0.632653	-0.265306	0.0229972
-0.632653	-0.22449	0.0235253
-0.632653	-0.183673	0.0239605
-0.632653	-0.142857	0.0243014
-0.632653	-0.102041	0.0245463
-0.632653	-0.0612245	0.0246945
-0.632653	-0.0204082	0.0247452
-0.632653	0.0204082	0.0246982
-0.632653	0.0612245	0.0245537
-0.632653	0.102041	0.0243123
-0.632653	0.142857	0.0239749
-0.632653	0.183673	0.0235427
-0.632653	0.22449	0.0230176
-0.632653	0.265306	0.0224015
-0.632653	0.306122	0.0216968
-0.632653	0.346939	0.0209064
-0.632653	0.387755	0.0200333
-0.632653	0.428571	0.019081
-0.632653	0.469388	0.0180532
-0.632653	0.510204	0.0169539
-0.632653	0.55102	0.0157876
-0.632653	0.591837	0.0145588
-0.632653	0.632653	0.0132724
-0.632653	0.673469	0.0119335
-0.632653	0.714286	0.0105473
-0.632653	0.755102	0.00911937
-0.632653	0.795918	0.00765531
-0.632653	0.836735	0.00616095
-0.632653	0.877551	0.00464219
-0.632653	0.918367	0.00310504
-0.632653	0.959184	0.0015556
-0.632653	1	0
-0.591837	-1	0.00168301
-0.591837	-0.959184	0.0033594
-0.591837	-0.918367	0.00502259
-0.591837	-0.877551	0.00666602
-0.591837	-0.836735	0.00828324
-0.591837	-0.795918	0.00986788
-0.591837	-0.755102	0.0114137
-0.591837	-0.714286	0.0129147
-0.591837	-0.673469	0.0143648
-0.591837	-0.632653	0.0157584
-0.591837	-0.591837	0.01709
-0.591837	-0.55102	0.0183544
-0.591837	-0.510204	0.0195465
-0.591837	-0.469388	0.0206616
-0.591837	-0.428571	0.0216955
-0.591837	-0.387755	0.0226438
-0.591837	-0.346939	0.023503
-0.591837	-0.306122	0.0242696
-0.591837	-0.265306	0.0249405
-0.591837	-0.22449	0.0255132
-0.591837	-0.183673	0.0259853
-0.591837	-0.142857	0.0263549
-0.591837	-0.102041	0.0266205
-0.591837	-0.0612245	0.0267812
-0.591837	-0.0204082	0.0268362
-0.591837	0.0204082	0.0267852
-0.591837	0.0612245	0.0266286
-0.591837	0.102041	0.0263667
-0.591837	0.142857	0.0260008
-0.591837	0.183673	0.0255321
-0.591837	0.22449	0.0249626
-0.591837	0.265306	0.0242944
-0.591837	0.306122	0.0235302
-0.591837	0.346939	0.022673
-0.591837	0.387755	0.0217261
-0.591837	0.428571	0.0206933
-0.591837	0.469388	0.0195787
-0.591837	0.510204	0.0183866
-0.591837	0.55102	0.0171217
-0.591837	0.591837	0.0157891
-0.591837	0.632653	0.014394
-0.591837	0.673469	0.0129419
-0.591837	0.714286	0.0114386
-0.591837	0.755102	0.00988997
-0.591837	0.795918	0.0083022
-0.591837	0.836735	0.00668156
-0.591837	0.877551	0.00503446
-0.591837	0.918367	0.00336743
-0.591837	0.959184	0.00168705
-0.591837	1	0
-0.55102	-1	0.00180752
-0.55102	-0.959184	0.00360794
-0.55102	-0.918367	0.00539417
-0.55102	-0.877551	0.00715919
-0.55102	-0.836735	0.00889605
-0.55102	-0.795918	0.0105979
-0.55102	-0.755102	0.0122581
-0.55102	-0.714286	0.0138701
-0.55102	-0.673469	0.0154275
-0.55102	-0.632653	0.0169242
-0.55102	-0.591837	0.0183544
-0.55102	-0.55102	0.0197123
-0.55102	-0.510204	0.0209926
-0.55102	-0.469388	0.0221902
-0.55102	-0.428571	0.0233005
-0.55102	-0.387755	0.0243191
-0.55102	-0.346939	0.0252418
-0.55102	-0.306122	0.0260651
-0.55102	-0.265306	0.0267857
-0.55102	-0.22449	0.0274007
-0.55102	-0.183673	0.0279077
-0.55102	-0.142857	0.0283047
-0.55102	-0.102041	0.02859
-0.55102	-0.0612245	0.0287625
-0.55102	-0.0204082	0.0288216
-0.55102	0.0204082	0.0287668
-0.55102	0.0612245	0.0285986
-0.55102	0.102041	0.0283174
-0.55102	0.142857	0.0279244
-0.55102	0.183673	0.0274211
-0.55102	0.22449	0.0268094
-0.55102	0.265306	0.0260918
-0.55102	0.306122	0.0252711
-0.55102	0.346939	0.0243504
-0.55102	0.387755	0.0233335
-0.55102	0.428571	0.0222243
-0.55102	0.469388	0.0210272
-0.55102	0.510204	0.0197468
-0.55102	0.55102	0.0183884
-0.55102	0.591837	0.0169572
-0.55102	0.632653	0.0154589
-0.55102	0.673469	0.0138994
-0.55102	0.714286	0.0122848
-0.55102	0.755102	0.0106216
-0.55102	0.795918	0.00891642
-0.55102	0.836735	0.00717588
-0.55102	0.877551	0.00540692
-0.55102	0.918367	0.00361656
-0.55102	0.959184	0.00181187
-0.55102	1	0
-0.510204	-1	0.00192492
-0.510204	-0.959184	0.00384227
-0.510204	-0.918367	0.00574452
-0.510204	-0.877551	0.00762417
-0.510204	-0.836735	0.00947385
-0.510204	-0.795918	0.0112863
-0.510204	-0.755102	0.0130543
-0.510204	-0.714286	0.014771
-0.510204	-0.673469	0.0164295
-0.510204	-0.632653	0.0180235
-0.510204	-0.591837	0.0195465
-0.510204	-0.55102	0.0209926
-0.510204	-0.510204	0.022356
-0.510204	-0.469388	0.0236315
-0.510204	-0.428571	0.0248139
-0.510204	-0.387755	0.0258986
-0.510204	-0.346939	0.0268813
-0.510204	-0.306122	0.027758
-0.510204	-0.265306	0.0285254
-0.510204	-0.22449	0.0291804
-0.510204	-0.183673	0.0297203
-0.510204	-0.142857	0.030143
-0.510204	-0.102041	0.0304469
-0.510204	-0.0612245	0.0306306
-0.510204	-0.0204082	0.0306935
-0.510204	0.0204082	0.0306352
-0.510204	0.0612245	0.0304561
-0.510204	0.102041	0.0301566
-0.510204	0.142857	0.0297381
-0.510204	0.183673	0.0292021
-0.510204	0.22449	0.0285507
-0.510204	0.265306	0.0277865
-0.510204	0.306122	0.0269124
-0.510204	0.346939	0.025932
-0.510204	0.387755	0.024849
-0.510204	0.428571	0.0236677
-0.510204	0.469388	0.0223929
-0.510204	0.510204	0.0210294
-0.510204	0.55102	0.0195827
-0.510204	0.591837	0.0180586
-0.510204	0.632653	0.0164629
-0.510204	0.673469	0.0148021
-0.510204	0.714286	0.0130827
-0.510204	0.755102	0.0113115
-0.510204	0.795918	0.00949553
-0.510204	0.836735	0.00764195
-0.510204	0.877551	0.0057581
-0.510204	0.918367	0.00385145
-0.510204	0.959184	0.00192955
-0.510204	1	0
-0.469388	-1	0.00203474
-0.469388	-0.959184	0.00406148
-0.469388	-0.918367	0.00607225
-0.469388	-0.877551	0.00805915
-0.469388	-0.836735	0.0100143
-0.469388	-0.795918	0.0119302
-0.469388	-0.755102	0.0137991
-0.469388	-0.714286	0.0156137
-0.469388	-0.673469	0.0173669
-0.469388	-0.632653	0.0190517
-0.469388	-0.591837	0.0206616
-0.469388	-0.55102	0.0221902
-0.469388	-0.510204	0.0236315
-0.469388	-0.469388	0.0249797
-0.469388	-0.428571	0.0262296
-0.469388	-0.387755	0.0273761
-0.469388	-0.346939	0.0284149
-0.469388	-0.306122	0.0293417
-0.469388	-0.265306	0.0301528
-0.469388	-0.22449	0.0308452
-0.469388	-0.183673	0.0314159
-0.469388	-0.142857	0.0318627
-0.469388	-0.102041	0.0321839
-0.469388	-0.0612245	0.0323782
-0.469388	-0.0204082	0.0324446
-0.469388	0.0204082	0.032383
-0.469388	0.0612245	0.0321936
-0.469388	0.102041	0.0318771
-0.469388	0.142857	0.0314347
-0.469388	0.183673	0.0308681
-0.469388	0.22449	0.0301795
-0.469388	0.265306	0.0293717
-0.469388	0.306122	0.0284478
-0.469388	0.346939	0.0274114
-0.469388	0.387755	0.0262667
-0.469388	0.428571	0.025018
-0.469388	0.469388	0.0236704
-0.469388	0.510204	0.0222292
-0.469388	0.55102	0.0207
-0.469388	0.591837	0.0190888
-0.469388	0.632653	0.0174022
-0.469388	0.673469	0.0156466
-0.469388	0.714286	0.0138291
-0.469388	0.755102	0.0119569
-0.469388	0.795918	0.0100373
-0.469388	0.836735	0.00807794
-0.469388	0.877551	0.00608661
-0.469388	0.918367	0.00407118
-0.469388	0.959184	0.00203963
-0.469388	1	0
-0.428571	-1	0.00213655
-0.428571	-0.959184	0.0042647
-0.428571	-0.918367	0.00637608
-0.428571	-0.877551	0.00846239
-0.428571	-0.836735	0.0105154
-0.428571	-0.795918	0.0125271
-0.428571	-0.755102	0.0144895
-0.428571	-0.714286	0.0163949
-0.428571	-0.673469	0.0182358
-0.428571	-0.632653	0.020005
-0.428571	-0.591837	0.0216955
-0.428571	-0.55102	0.0233005
-0.428571	-0.510204	0.0248139
-0.428571	-0.469388	0.0262296
-0.428571	-0.428571	0.027542
-0.428571	-0.387755	0.0287459
-0.428571	-0.346939	0.0298366
-0.428571	-0.306122	0.0308098
-0.428571	-0.265306	0.0316615
-0.428571	-0.22449	0.0323885
-0.428571	-0.183673	0.0329878
-0.428571	-0.142857	0.033457
-0.428571	-0.102041	0.0337943
-0.428571	-0.0612245	0.0339982
-0.428571	-0.0204082	0.034068
-0.428571	0.0204082	0.0340033
-0.428571	0.0612245	0.0338044
-0.428571	0.102041	0.0334721
-0.428571	0.142857	0.0330075
-0.428571	0.183673	0.0324126
-0.428571	0.22449	0.0316896
-0.428571	0.265306	0.0308413
-0.428571	0.306122	0.0298712
-0.428571	0.346939	0.028783
-0.428571	0.387755	0.0275809
-0.428571	0.428571	0.0262698
-0.428571	0.469388	0.0248548
-0.428571	0.510204	0.0233414
-0.428571	0.55102	0.0217357
-0.428571	0.591837	0.020044
-0.428571	0.632653	0.0182729
-0.428571	0.673469	0.0164295
-0.428571	0.714286	0.0145211
-0.428571	0.755102	0.0125551
-0.428571	0.795918	0.0105395
-0.428571	0.836735	0.00848212
-0.428571	0.877551	0.00639116
-0.428571	0.918367	0.00427488
-0.428571	0.959184	0.00214168
-0.428571	1	0
-0.387755	-1	0.00222994
-0.387755	-0.959184	0.00445112
-0.387755	-0.918367	0.0066548
-0.387755	-0.877551	0.0088323
-0.387755	-0.836735	0.0109751
-0.387755	-0.795918	0.0130747
-0.387755	-0.755102	0.0151229
-0.387755	-0.714286	0.0171116
-0.387755	-0.673469	0.019033
-0.387755	-0.632653	0.0208795
-0.387755	-0.591837	0.0226438
-0.387755	-0.55102	0.0243191
-0.387755	-0.510204	0.0258986
-0.387755	-0.469388	0.0273761
-0.387755	-0.428571	0.0287459
-0.387755	-0.387755	0.0300025
-0.387755	-0.346939	0.0311409
-0.387755	-0.306122	0.0321566
-0.387755	-0.265306	0.0330456
-0.387755	-0.22449	0.0338043
-0.387755	-0.183673	0.0344298
-0.387755	-0.142857	0.0349195
-0.387755	-0.102041	0.0352715
-0.387755	-0.0612245	0.0354844
-0.387755	-0.0204082	0.0355572
-0.387755	0.0204082	0.0354897
-0.387755	0.0612245	0.0352821
-0.387755	0.102041	0.0349352
-0.387755	0.142857	0.0344504
-0.387755	0.183673	0.0338294
-0.387755	0.22449	0.0330748
-0.387755	0.265306	0.0321895
-0.387755	0.306122	0.031177
-0.387755	0.346939	0.0300412
-0.387755	0.387755	0.0287866
-0.387755	0.428571	0.0274181
-0.387755	0.469388	0.0259412
-0.387755	0.510204	0.0243617
-0.387755	0.55102	0.0226858
-0.387755	0.591837	0.0209201
-0.387755	0.632653	0.0190716
-0.387755	0.673469	0.0171477
-0.387755	0.714286	0.0151558
-0.387755	0.755102	0.0131039
-0.387755	0.795918	0.0110002
-0.387755	0.836735	0.00885289
-0.387755	0.877551	0.00667053
-0.387755	0.918367	0.00446175
-0.387755	0.959184	0.0022353
-0.387755	1	0
-0.346939	-1	0.00231456
-0.346939	-0.959184	0.00462001
-0.346939	-0.918367	0.0069073
-0.346939	-0.877551	0.00916743
-0.346939	-0.836735	0.0113915
-0.346939	-0.795918	0.0135708
-0.346939	-0.755102	0.0156967
-0.346939	-0.714286	0.0177608
-0.346939	-0.673469	0.0197551
-0.346939	-0.632653	0.0216717
-0.346939	-0.591837	0.023503
-0.346939	-0.55102	0.0252418
-0.346939	-0.510204	0.0268813
-0.346939	-0.469388	0.0284149
-0.346939	-0.428571	0.0298366
-0.346939	-0.387755	0.0311409
-0.346939	-0.346939	0.0323225
-0.346939	-0.306122	0.0333767
-0.346939	-0.265306	0.0342994
-0.346939	-0.22449	0.0350869
-0.346939	-0.183673	0.0357362
-0.346939	-0.142857	0.0362445
-0.346939	-0.102041	0.0366098
-0.346939	-0.0612245	0.0368308
-0.346939	-0.0204082	0.0369064
-0.346939	0.0204082	0.0368363
-0.346939	0.0612245	0.0366208
-0.346939	0.102041	0.0362608
-0.346939	0.142857	0.0357575
-0.346939	0.183673	0.035113
-0.346939	0.22449	0.0343298
-0.346939	0.265306	0.0334109
-0.346939	0.306122	0.0323599
-0.346939	0.346939	0.031181
-0.346939	0.387755	0.0298788
-0.346939	0.428571	0.0284585
-0.346939	0.469388	0.0269255
-0.346939	0.510204	0.0252861
-0.346939	0.55102	0.0235466
-0.346939	0.591837	0.0217139
-0.346939	0.632653	0.0197953
-0.346939	0.673469	0.0177983
-0.346939	0.714286	0.0157309
-0.346939	0.755102	0.0136012
-0.346939	0.795918	0.0114176
-0.346939	0.836735	0.0091888
-0.346939	0.877551	0.00692363
-0.346939	0.918367	0.00463104
-0.346939	0.959184	0.00232012
-0.346939	1	0
-0.306122	-1	0.00239005
-0.306122	-0.959184	0.0047707
-0.306122	-0.918367	0.00713259
-0.306122	-0.877551	0.00946643
-0.306122	-0.836735	0.0117631
-0.306122	-0.795918	0.0140134
-0.306122	-0.755102	0.0162087
-0.306122	-0.714286	0.0183401
-0.306122	-0.673469	0.0203995
-0.306122	-0.632653	0.0223786
-0.306122	-0.591837	0.0242696
-0.306122	-0.55102	0.0260651
-0.306122	-0.510204	0.027758
-0.306122	-0.469388	0.0293417
-0.306122	-0.428571	0.0308098
-0.306122	-0.387755	0.0321566
-0.306122	-0.346939	0.0333767
-0.306122	-0.306122	0.0344653
-0.306122	-0.265306	0.0354181
-0.306122	-0.22449	0.0362314
-0.306122	-0.183673	0.0369017
-0.306122	-0.142857	0.0374266
-0.306122	-0.102041	0.0378039
-0.306122	-0.0612245	0.038032
-0.306122	-0.0204082	0.0381101
-0.306122	0.0204082	0.0380378
-0.306122	0.0612245	0.0378153
-0.306122	0.102041	0.0374435
-0.306122	0.142857	0.0369238
-0.306122	0.183673	0.0362583
-0.306122	0.22449	0.0354495
-0.306122	0.265306	0.0345006
-0.306122	0.306122	0.0334154
-0.306122	0.346939	0.032198
-0.306122	0.387755	0.0308534
-0.306122	0.428571	0.0293867
-0.306122	0.469388	0.0278037
-0.306122	0.510204	0.0261108
-0.306122	0.55102	0.0243146
-0.306122	0.591837	0.0224221
-0.306122	0.632653	0.0204409
-0.306122	0.673469	0.0183788
-0.306122	0.714286	0.016244
-0.306122	0.755102	0.0140448
-0.306122	0.795918	0.01179
-0.306122	0.836735	0.00948851
-0.306122	0.877551	0.00714946
-0.306122	0.918367	0.00478209
-0.306122	0.959184	0.00239579
-0.306122	1	0
-0.265306	-1	0.00245612
-0.265306	-0.959184	0.00490259
-0.265306	-0.918367	0.00732978
-0.265306	-0.877551	0.00972814
-0.265306	-0.836735	0.0120883
-0.265306	-0.795918	0.0144008
-0.265306	-0.755102	0.0166568
-0.265306	-0.714286	0.0188472
-0.265306	-0.673469	0.0209634
-0.265306	-0.632653	0.0229972
-0.265306	-0.591837	0.0249405
-0.265306	-0.55102	0.0267857
-0.265306	-0.510204	0.0285254
-0.265306	-0.469388	0.0301528
-0.265306	-0.428571	0.0316615
-0.265306	-0.387755	0.0330456
-0.265306	-0.346939	0.0342994
-0.265306	-0.306122	0.0354181
-0.265306	-0.265306	0.0363973
-0.265306	-0.22449	0.037233
-0.265306	-0.183673	0.0379219
-0.265306	-0.142857	0.0384613
-0.265306	-0.102041	0.038849
-0.265306	-0.0612245	0.0390835
-0.265306	-0.0204082	0.0391637
-0.265306	0.0204082	0.0390894
-0.265306	0.0612245	0.0388607
-0.265306	0.102041	0.0384786
-0.265306	0.142857	0.0379446
-0.265306	0.183673	0.0372607
-0.265306	0.22449	0.0364295
-0.265306	0.265306	0.0354544
-0.265306	0.306122	0.0343392
-0.265306	0.346939	0.0330882
-0.265306	0.387755	0.0317063
-0.265306	0.428571	0.0301991
-0.265306	0.469388	0.0285724
-0.265306	0.510204	0.0268327
-0.265306	0.55102	0.0249868
-0.265306	0.591837	0.023042
-0.265306	0.632653	0.021006
-0.265306	0.673469	0.0188869
-0.265306	0.714286	0.016693
-0.265306	0.755102	0.014433
-0.265306	0.795918	0.0121159
-0.265306	0.836735	0.00975082
-0.265306	0.877551	0.00734711
-0.265306	0.918367	0.0049143
-0.265306	0.959184	0.00246202
-0.265306	1	0
-0.22449	-1	0.00251252
-0.22449	-0.959184	0.00501515
-0.22449	-0.918367	0.00749807
-0.22449	-0.877551	0.0099515
-0.22449	-0.836735	0.0123658
-0.22449	-0.795918	0.0147315
-0.22449	-0.755102	0.0170392
-0.22449	-0.714286	0.0192799
-0.22449	-0.673469	0.0214448
-0.22449	-0.632653	0.0235253
-0.22449	-0.591837	0.0255132
-0.22449	-0.55102	0.0274007
-0.22449	-0.510204	0.0291804
-0.22449	-0.469388	0.0308452
-0.22449	-0.428571	0.0323885
-0.22449	-0.387755	0.0338043
-0.22449	-0.346939	0.0350869
-0.22449	-0.306122	0.0362314
-0.22449	-0.265306	0.037233
-0.22449	-0.22449	0.0380879
-0.22449	-0.183673	0.0387926
-0.22449	-0.142857	0.0393444
-0.22449	-0.102041	0.039741
-0.22449	-0.0612245	0.0399808
-0.22449	-0.0204082	0.0400629
-0.22449	0.0204082	0.0399869
-0.22449	0.0612245	0.039753
-0.22449	0.102041	0.0393621
-0.22449	0.142857	0.0388158
-0.22449	0.183673	0.0381162
-0.22449	0.22449	0.037266
-0.22449	0.265306	0.0362685
-0.22449	0.306122	0.0351276
-0.22449	0.346939	0.0338479
-0.22449	0.387755	0.0324343
-0.22449	0.428571	0.0308925
-0.22449	0.469388	0.0292284
-0.22449	0.510204	0.0274488
-0.22449	0.55102	0.0255605
-0.22449	0.591837	0.0235711
-0.22449	0.632653	0.0214883
-0.22449	0.673469	0.0193206
-0.22449	0.714286	0.0170763
-0.22449	0.755102	0.0147644
-0.22449	0.795918	0.0123941
-0.22449	0.836735	0.00997471
-0.22449	0.877551	0.0075158
-0.22449	0.918367	0.00502713
-0.22449	0.959184	0.00251855
-0.22449	1	0
-0.183673	-1	0.00255901
-0.183673	-0.959184	0.00510795
-0.183673	-0.918367	0.00763681
-0.183673	-0.877551	0.0101356
-0.183673	-0.836735	0.0125946
-0.183673	-0.795918	0.015004
-0.183673	-0.755102	0.0173545
-0.183673	-0.714286	0.0196366
-0.183673	-0.673469	0.0218416
-0.183673	-0.632653	0.0239605
-0.183673	-0.591837	0.0259853
-0.183673	-0.55102	0.0279077
-0.183673	-0.510204	0.0297203
-0.183673	-0.469388	0.0314159
-0.183673	-0.428571	0.0329878
-0.183673	-0.387755	0.0344298
-0.183673	-0.346939	0.0357362
-0.183673	-0.306122	0.0369017
-0.183673	-0.265306	0.0379219
-0.183673	-0.22449	0.0387926
-0.183673	-0.183673	0.0395104
-0.183673	-0.142857	0.0400724
-0.183673	-0.102041	0.0404763
-0.183673	-0.0612245	0.0407206
-0.183673	-0.0204082	0.0408042
-0.183673	0.0204082	0.0407267
-0.183673	0.0612245	0.0404885
-0.183673	0.102041	0.0400904
-0.183673	0.142857	0.039534
-0.183673	0.183673	0.0388215
-0.183673	0.22449	0.0379555
-0.183673	0.265306	0.0369395
-0.183673	0.306122	0.0357776
-0.183673	0.346939	0.0344742
-0.183673	0.387755	0.0330344
-0.183673	0.428571	0.0314641
-0.183673	0.469388	0.0297693
-0.183673	0.510204	0.0279567
-0.183673	0.55102	0.0260334
-0.183673	0.591837	0.0240072
-0.183673	0.632653	0.0218859
-0.183673	0.673469	0.0196781
-0.183673	0.714286	0.0173923
-0.183673	0.755102	0.0150376
-0.183673	0.795918	0.0126234
-0.183673	0.836735	0.0101593
-0.183673	0.877551	0.00765487
-0.183673	0.918367	0.00512015
-0.183673	0.959184	0.00256515
-0.183673	1	0
-0.142857	-1	0.0025954
-0.142857	-0.959184	0.0051806
-0.142857	-0.918367	0.00774543
-0.142857	-0.877551	0.0102798
-0.142857	-0.836735	0.0127738
-0.142857	-0.795918	0.0152175
-0.142857	-0.755102	0.0176013
-0.142857	-0.714286	0.0199159
-0.142857	-0.673469	0.0221522
-0.142857	-0.632653	0.0243014
-0.142857	-0.591837	0.0263549
-0.142857	-0.55102	0.0283047
-0.142857	-0.510204	0.030143
-0.142857	-0.469388	0.0318627
-0.142857	-0.428571	0.033457
-0.142857	-0.387755	0.0349195
-0.142857	-0.346939	0.0362445
-0.142857	-0.306122	0.0374266
-0.142857	-0.265306	0.0384613
-0.142857	-0.22449	0.0393444
-0.142857	-0.183673	0.0400724
-0.142857	-0.142857	0.0406424
-0.142857	-0.102041	0.0410521
-0.142857	-0.0612245	0.0412998
-0.142857	-0.0204082	0.0413846
-0.142857	0.0204082	0.041306
-0.142857	0.0612245	0.0410644
-0.142857	0.102041	0.0406607
-0.142857	0.142857	0.0400964
-0.142857	0.183673	0.0393736
-0.142857	0.22449	0.0384954
-0.142857	0.265306	0.037465
-0.142857	0.306122	0.0362865
-0.142857	0.346939	0.0349645
-0.142857	0.387755	0.0335043
-0.142857	0.428571	0.0319116
-0.142857	0.469388	0.0301927
-0.142857	0.510204	0.0283543
-0.142857	0.55102	0.0264037
-0.142857	0.591837	0.0243487
-0.142857	0.632653	0.0221972
-0.142857	0.673469	0.019958
-0.142857	0.714286	0.0176397
-0.142857	0.755102	0.0152515
-0.142857	0.795918	0.012803
-0.142857	0.836735	0.0103038
-0.142857	0.877551	0.00776375
-0.142857	0.918367	0.00519298
-0.142857	0.959184	0.00260164
-0.142857	1	0
-0.102041	-1	0.00262157
-0.102041	-0.959184	0.00523283
-0.102041	-0.918367	0.00782351
-0.102041	-0.877551	0.0103834
-0.102041	-0.836735	0.0129025
-0.102041	-0.795918	0.0153709
-0.102041	-0.755102	0.0177787
-0.102041	-0.714286	0.0201167
-0.102041	-0.673469	0.0223755
-0.102041	-0.632653	0.0245463
-0.102041	-0.591837	0.0266205
-0.102041	-0.55102	0.02859
-0.102041	-0.510204	0.0304469
-0.102041	-0.469388	0.0321839
-0.102041	-0.428571	0.0337943
-0.102041	-0.387755	0.0352715
-0.102041	-0.346939	0.0366098
-0.102041	-0.306122	0.0378039
-0.102041	-0.265306	0.038849
-0.102041	-0.22449	0.039741
-0.102041	-0.183673	0.0404763
-0.102041	-0.142857	0.0410521
-0.102041	-0.102041	0.0414659
-0.102041	-0.0612245	0.0417161
-0.102041	-0.0204082	0.0418018
-0.102041	0.0204082	0.0417224
-0.102041	0.0612245	0.0414784
-0.102041	0.102041	0.0410706
-0.102041	0.142857	0.0405005
-0.102041	0.183673	0.0397705
-0.102041	0.22449	0.0388834
-0.102041	0.265306	0.0378426
-0.102041	0.306122	0.0366522
-0.102041	0.346939	0.035317
-0.102041	0.387755	0.0338421
-0.102041	0.428571	0.0322333
-0.102041	0.469388	0.030497
-0.102041	0.510204	0.0286401
-0.102041	0.55102	0.0266699
-0.102041	0.591837	0.0245941
-0.102041	0.632653	0.022421
-0.102041	0.673469	0.0201591
-0.102041	0.714286	0.0178175
-0.102041	0.755102	0.0154053
-0.102041	0.795918	0.0129321
-0.102041	0.836735	0.0104076
-0.102041	0.877551	0.00784201
-0.102041	0.918367	0.00524532
-0.102041	0.959184	0.00262786
-0.102041	1	0
-0.0612245	-1	0.00263739
-0.0612245	-0.959184	0.0052644
-0.0612245	-0.918367	0.00787072
-0.0612245	-0.877551	0.0104461
-0.0612245	-0.836735	0.0129804
-0.0612245	-0.795918	0.0154636
-0.0612245	-0.755102	0.017886
-0.0612245	-0.714286	0.0202381
-0.0612245	-0.673469	0.0225106
-0.0612245	-0.632653	0.0246945
-0.0612245	-0.591837	0.0267812
-0.0612245	-0.55102	0.0287625
-0.0612245	-0.510204	0.0306306
-0.0612245	-0.469388	0.0323782
-0.0612245	-0.428571	0.0339982
-0.0612245	-0.387755	0.0354844
-0.0612245	-0.346939	0.0368308
-0.0612245	-0.306122	0.038032
-0.0612245	-0.265306	0.0390835
-0.0612245	-0.22449	0.0399808
-0.0612245	-0.183673	0.0407206
-0.0612245	-0.142857	0.0412998
-0.0612245	-0.102041	0.0417161
-0.0612245	-0.0612245	0.0419679
-0.0612245	-0.0204082	0.042054
-0.0612245	0.0204082	0.0419742
-0.0612245	0.0612245	0.0417287
-0.0612245	0.102041	0.0413184
-0.0612245	0.142857	0.040745
-0.0612245	0.183673	0.0400106
-0.0612245	0.22449	0.0391181
-0.0612245	0.265306	0.038071
-0.0612245	0.306122	0.0368734
-0.0612245	0.346939	0.0355301
-0.0612245	0.387755	0.0340463
-0.0612245	0.428571	0.0324278
-0.0612245	0.469388	0.0306811
-0.0612245	0.510204	0.028813
-0.0612245	0.55102	0.0268308
-0.0612245	0.591837	0.0247425
-0.0612245	0.632653	0.0225563
-0.0612245	0.673469	0.0202808
-0.0612245	0.714286	0.017925
-0.0612245	0.755102	0.0154982
-0.0612245	0.795918	0.0130101
-0.0612245	0.836735	0.0104704
-0.0612245	0.877551	0.00788933
-0.0612245	0.918367	0.00527698
-0.0612245	0.959184	0.00264372
-0.0612245	1	0
-0.0204082	-1	0.0026428
-0.0204082	-0.959184	0.00527521
-0.0204082	-0.918367	0.00788688
-0.0204082	-0.877551	0.0104675
-0.0204082	-0.836735	0.013007
-0.0204082	-0.795918	0.0154954
-0.0204082	-0.755102	0.0179228
-0.0204082	-0.714286	0.0202797
-0.0204082	-0.673469	0.0225568
-0.0204082	-0.632653	0.0247452
-0.0204082	-0.591837	0.0268362
-0.0204082	-0.55102	0.0288216
-0.0204082	-0.510204	0.0306935
-0.0204082	-0.469388	0.0324446
-0.0204082	-0.428571	0.034068
-0.0204082	-0.387755	0.0355572
-0.0204082	-0.346939	0.0369064
-0.0204082	-0.306122	0.0381101
-0.0204082	-0.265306	0.0391637
-0.0204082	-0.22449	0.0400629
-0.0204082	-0.183673	0.0408042
-0.0204082	-0.142857	0.0413846
-0.0204082	-0.102041	0.0418018
-0.0204082	-0.0612245	0.042054
-0.0204082	-0.0204082	0.0421403
-0.0204082	0.0204082	0.0420604
-0.0204082	0.0612245	0.0418143
-0.0204082	0.102041	0.0414032
-0.0204082	0.142857	0.0408286
-0.0204082	0.183673	0.0400927
-0.0204082	0.22449	0.0391984
-0.0204082	0.265306	0.0381491
-0.0204082	0.306122	0.0369491
-0.0204082	0.346939	0.035603
-0.0204082	0.387755	0.0341162
-0.0204082	0.428571	0.0324944
-0.0204082	0.469388	0.0307441
-0.0204082	0.510204	0.0288721
-0.0204082	0.55102	0.0268859
-0.0204082	0.591837	0.0247933
-0.0204082	0.632653	0.0226026
-0.0204082	0.673469	0.0203224
-0.0204082	0.714286	0.0179618
-0.0204082	0.755102	0.01553
-0.0204082	0.795918	0.0130368
-0.0204082	0.836735	0.0104919
-0.0204082	0.877551	0.00790553
-0.0204082	0.918367	0.00528781
-0.0204082	0.959184	0.00264915
-0.0204082	1	0
0.0204082	-1	0.00263779
0.0204082	-0.959184	0.0052652
0.0204082	-0.918367	0.00787191
0.0204082	-0.877551	0.0104477
0.0204082	-0.836735	0.0129823
0.0204082	-0.795918	0.015466
0.0204082	-0.755102	0.0178887
0.0204082	-0.714286	0.0202412
0.0204082	-0.673469	0.022514
0.0204082	-0.632653	0.0246982
0.0204082	-0.591837	0.0267852
0.0204082	-0.55102	0.0287668
0.0204082	-0.510204	0.0306352
0.0204082	-0.469388	0.032383
0.0204082	-0.428571	0.0340033
0.0204082	-0.387755	0.0354897
0.0204082	-0.346939	0.0368363
0.0204082	-0.306122	0.0380378
0.0204082	-0.265306	0.0390894
0.0204082	-0.22449	0.0399869
0.0204082	-0.183673	0.0407267
0.0204082	-0.142857	0.041306
0.0204082	-0.102041	0.0417224
0.0204082	-0.0612245	0.0419742
0.0204082	-0.0204082	0.0420604
0.0204082	0.0204082	0.0419805
0.0204082	0.0612245	0.041735
0.0204082	0.102041	0.0413246
0.0204082	0.142857	0.0407511
0.0204082	0.183673	0.0400166
0.0204082	0.22449	0.039124
0.0204082	0.265306	0.0380767
0.0204082	0.306122	0.036879
0.0204082	0.346939	0.0355355
0.0204082	0.387755	0.0340514
0.0204082	0.428571	0.0324327
0.0204082	0.469388	0.0306857
0.0204082	0.510204	0.0288173
0.0204082	0.55102	0.0268349
0.0204082	0.591837	0.0247463
0.0204082	0.632653	0.0225597
0.0204082	0.673469	0.0202839
0.0204082	0.714286	0.0179277
0.0204082	0.755102	0.0155006
0.0204082	0.795918	0.0130121
0.0204082	0.836735	0.010472
0.0204082	0.877551	0.00789052
0.0204082	0.918367	0.00527777
0.0204082	0.959184	0.00264412
0.0204082	1	0
0.0612245	-1	0.00262236
0.0612245	-0.959184	0.0052344
0.0612245	-0.918367	0.00782587
0.0612245	-0.877551	0.0103866
0.0612245	-0.836735	0.0129064
0.0612245	-0.795918	0.0153755
0.0612245	-0.755102	0.0177841
0.0612245	-0.714286	0.0201228
0.0612245	-0.673469	0.0223823
0.0612245	-0.632653	0.0245537
0.0612245	-0.591837	0.0266286
0.0612245	-0.55102	0.0285986
0.0612245	-0.510204	0.0304561
0.0612245	-0.469388	0.0321936
0.0612245	-0.428571	0.0338044
0.0612245	-0.387755	0.0352821
0.0612245	-0.346939	0.0366208
0.0612245	-0.306122	0.0378153
0.0612245	-0.265306	0.0388607
0.0612245	-0.22449	0.039753
0.0612245	-0.183673	0.0404885
0.0612245	-0.142857	0.0410644
0.0612245	-0.102041	0.0414784
0.0612245	-0.0612245	0.0417287
0.0612245	-0.0204082	0.0418143
0.0612245	0.0204082	0.041735
0.0612245	0.0612245	0.0414909
0.0612245	0.102041	0.0410829
0.0612245	0.142857	0.0405127
0.0612245	0.183673	0.0397825
0.0612245	0.22449	0.0388951
0.0612245	0.265306	0.037854
0.0612245	0.306122	0.0366633
0.0612245	0.346939	0.0353276
0.0612245	0.387755	0.0338523
0.0612245	0.428571	0.032243
0.0612245	0.469388	0.0305062
0.0612245	0.510204	0.0286488
0.0612245	0.55102	0.0266779
0.0612245	0.591837	0.0246015
0.0612245	0.632653	0.0224278
0.0612245	0.673469	0.0201652
0.0612245	0.714286	0.0178228
0.0612245	0.755102	0.0154099
0.0612245	0.795918	0.0129359
0.0612245	0.836735	0.0104108
0.0612245	0.877551	0.00784437
0.0612245	0.918367	0.0052469
0.0612245	0.959184	0.00262866
0.0612245	1	0
0.102041	-1	0.00259657
0.102041	-0.959184	0.00518294
0.102041	-0.918367	0.00774892
0.102041	-0.877551	0.0102844
0.102041	-0.836735	0.0127795
0.102041	-0.795918	0.0152243
0.102041	-0.755102	0.0176093
0.102041	-0.714286	0.0199249
0.102041	-0.673469	0.0221622
0.102041	-0.632653	0.0243123
0.102041	-0.591837	0.0263667
0.102041	-0.55102	0.0283174
0.102041	-0.510204	0.0301566
0.102041	-0.469388	0.0318771
0.102041	-0.428571	0.0334721
0.102041	-0.387755	0.0349352
0.102041	-0.346939	0.0362608
0.102041	-0.306122	0.0374435
0.102041	-0.265306	0.0384786
0.102041	-0.22449	0.0393621
0.102041	-0.183673	0.0400904
0.102041	-0.142857	0.0406607
0.102041	-0.102041	0.0410706
0.102041	-0.0612245	0.0413184
0.102041	-0.0204082	0.0414032
0.102041	0.0204082	0.0413246
0.102041	0.0612245	0.0410829
0.102041	0.102041	0.040679
0.102041	0.142857	0.0401144
0.102041	0.183673	0.0393914
0.102041	0.22449	0.0385127
0.102041	0.265306	0.0374818
0.102041	0.306122	0.0363028
0.102041	0.346939	0.0349803
0.102041	0.387755	0.0335194
0.102041	0.428571	0.031926
0.102041	0.469388	0.0302063
0.102041	0.510204	0.0283671
0.102041	0.55102	0.0264156
0.102041	0.591837	0.0243596
0.102041	0.632653	0.0222072
0.102041	0.673469	0.0199669
0.102041	0.714286	0.0176476
0.102041	0.755102	0.0152584
0.102041	0.795918	0.0128088
0.102041	0.836735	0.0103084
0.102041	0.877551	0.00776724
0.102041	0.918367	0.00519532
0.102041	0.959184	0.00260281
0.102041	1	0
0.142857	-1	0.00256054
0.142857	-0.959184	0.005111
0.142857	-0.918367	0.00764138
0.142857	-0.877551	0.0101417
0.142857	-0.836735	0.0126021
0.142857	-0.795918	0.015013
0.142857	-0.755102	0.0173649
0.142857	-0.714286	0.0196484
0.142857	-0.673469	0.0218546
0.142857	-0.632653	0.0239749
0.142857	-0.591837	0.0260008
0.142857	-0.55102	0.0279244
0.142857	-0.510204	0.0297381
0.142857	-0.469388	0.0314347
0.142857	-0.428571	0.0330075
0.142857	-0.387755	0.0344504
0.142857	-0.346939	0.0357575
0.142857	-0.306122	0.0369238
0.142857	-0.265306	0.0379446
0.142857	-0.22449	0.0388158
0.142857	-0.183673	0.039534
0.142857	-0.142857	0.0400964
0.142857	-0.102041	0.0405005
0.142857	-0.0612245	0.040745
0.142857	-0.0204082	0.0408286
0.142857	0.0204082	0.0407511
0.142857	0.0612245	0.0405127
0.142857	0.102041	0.0401144
0.142857	0.142857	0.0395577
0.142857	0.183673	0.0388447
0.142857	0.22449	0.0379782
0.142857	0.265306	0.0369616
0.142857	0.306122	0.035799
0.142857	0.346939	0.0344948
0.142857	0.387755	0.0330542
0.142857	0.428571	0.0314829
0.142857	0.469388	0.0297871
0.142857	0.510204	0.0279734
0.142857	0.55102	0.026049
0.142857	0.591837	0.0240216
0.142857	0.632653	0.021899
0.142857	0.673469	0.0196898
0.142857	0.714286	0.0174027
0.142857	0.755102	0.0150466
0.142857	0.795918	0.012631
0.142857	0.836735	0.0101653
0.142857	0.877551	0.00765944
0.142857	0.918367	0.00512321
0.142857	0.959184	0.00256669
0.142857	1	0
0.183673	-1	0.00251438
0.183673	-0.959184	0.00501888
0.183673	-0.918367	0.00750364
0.183673	-0.877551	0.0099589
0.183673	-0.836735	0.012375
0.183673	-0.795918	0.0147424
0.183673	-0.755102	0.0170519
0.183673	-0.714286	0.0192942
0.183673	-0.673469	0.0214607
0.183673	-0.632653	0.0235427
0.183673	-0.591837	0.0255321
0.183673	-0.55102	0.0274211
0.183673	-0.510204	0.0292021
0.183673	-0.469388	0.0308681
0.183673	-0.428571	0.0324126
0.183673	-0.387755	0.0338294
0.183673	-0.346939	0.035113
0.183673	-0.306122	0.0362583
0.183673	-0.265306	0.0372607
0.183673	-0.22449	0.0381162
0.183673	-0.183673	0.0388215
0.183673	-0.142857	0.0393736
0.183673	-0.102041	0.0397705
0.183673	-0.0612245	0.0400106
0.183673	-0.0204082	0.0400927
0.183673	0.0204082	0.0400166
0.183673	0.0612245	0.0397825
0.183673	0.102041	0.0393914
0.183673	0.142857	0.0388447
0.183673	0.183673	0.0381445
0.183673	0.22449	0.0372937
0.183673	0.265306	0.0362954
0.183673	0.306122	0.0351537
0.183673	0.346939	0.033873
0.183673	0.387755	0.0324584
0.183673	0.428571	0.0309154
0.183673	0.469388	0.0292502
0.183673	0.510204	0.0274692
0.183673	0.55102	0.0255795
0.183673	0.591837	0.0235886
0.183673	0.632653	0.0215043
0.183673	0.673469	0.0193349
0.183673	0.714286	0.017089
0.183673	0.755102	0.0147754
0.183673	0.795918	0.0124033
0.183673	0.836735	0.00998212
0.183673	0.877551	0.00752139
0.183673	0.918367	0.00503087
0.183673	0.959184	0.00252042
0.183673	1	0
0.22449	-1	0.0024583
0.22449	-0.959184	0.00490693
0.22449	-0.918367	0.00733627
0.22449	-0.877551	0.00973675
0.22449	-0.836735	0.012099
0.22449	-0.795918	0.0144136
0.22449	-0.755102	0.0166715
0.22449	-0.714286	0.0188639
0.22449	-0.673469	0.020982
0.22449	-0.632653	0.0230176
0.22449	-0.591837	0.0249626
0.22449	-0.55102	0.0268094
0.22449	-0.510204	0.0285507
0.22449	-0.469388	0.0301795
0.22449	-0.428571	0.0316896
0.22449	-0.387755	0.0330748
0.22449	-0.346939	0.0343298
0.22449	-0.306122	0.0354495
0.22449	-0.265306	0.0364295
0.22449	-0.22449	0.037266
0.22449	-0.183673	0.0379555
0.22449	-0.142857	0.0384954
0.22449	-0.102041	0.0388834
0.22449	-0.0612245	0.0391181
0.22449	-0.0204082	0.0391984
0.22449	0.0204082	0.039124
0.22449	0.0612245	0.0388951
0.22449	0.102041	0.0385127
0.22449	0.142857	0.0379782
0.22449	0.183673	0.0372937
0.22449	0.22449	0.0364618
0.22449	0.265306	0.0354858
0.22449	0.306122	0.0343696
0.22449	0.346939	0.0331175
0.22449	0.387755	0.0317344
0.22449	0.428571	0.0302258
0.22449	0.469388	0.0285977
0.22449	0.510204	0.0268564
0.22449	0.55102	0.0250089
0.22449	0.591837	0.0230624
0.22449	0.632653	0.0210246
0.22449	0.673469	0.0189036
0.22449	0.714286	0.0167078
0.22449	0.755102	0.0144458
0.22449	0.795918	0.0121267
0.22449	0.836735	0.00975946
0.22449	0.877551	0.00735361
0.22449	0.918367	0.00491865
0.22449	0.959184	0.0024642
0.22449	1	0
0.265306	-1	0.0023925
0.265306	-0.959184	0.00477558
0.265306	-0.918367	0.0071399
0.265306	-0.877551	0.00947613
0.265306	-0.836735	0.0117751
0.265306	-0.795918	0.0140278
0.265306	-0.755102	0.0162253
0.265306	-0.714286	0.0183589
0.265306	-0.673469	0.0204204
0.265306	-0.632653	0.0224015
0.265306	-0.591837	0.0242944
0.265306	-0.55102	0.0260918
0.265306	-0.510204	0.0277865
0.265306	-0.469388	0.0293717
0.265306	-0.428571	0.0308413
0.265306	-0.387755	0.0321895
0.265306	-0.346939	0.0334109
0.265306	-0.306122	0.0345006
0.265306	-0.265306	0.0354544
0.265306	-0.22449	0.0362685
0.265306	-0.183673	0.0369395
0.265306	-0.142857	0.037465
0.265306	-0.102041	0.0378426
0.265306	-0.0612245	0.038071
0.265306	-0.0204082	0.0381491
0.265306	0.0204082	0.0380767
0.265306	0.0612245	0.037854
0.265306	0.102041	0.0374818
0.265306	0.142857	0.0369616
0.265306	0.183673	0.0362954
0.265306	0.22449	0.0354858
0.265306	0.265306	0.034536
0.265306	0.306122	0.0334496
0.265306	0.346939	0.032231
0.265306	0.387755	0.030885
0.265306	0.428571	0.0294168
0.265306	0.469388	0.0278322
0.265306	0.510204	0.0261376
0.265306	0.55102	0.0243395
0.265306	0.591837	0.0224451
0.265306	0.632653	0.0204619
0.265306	0.673469	0.0183976
0.265306	0.714286	0.0162606
0.265306	0.755102	0.0140592
0.265306	0.795918	0.0118021
0.265306	0.836735	0.00949822
0.265306	0.877551	0.00715678
0.265306	0.918367	0.00478699
0.265306	0.959184	0.00239824
0.265306	1	0
0.306122	-1	0.00231724
0.306122	-0.959184	0.00462536
0.306122	-0.918367	0.0069153
0.306122	-0.877551	0.00917805
0.306122	-0.836735	0.0114047
0.306122	-0.795918	0.0135865
0.306122	-0.755102	0.0157149
0.306122	-0.714286	0.0177814
0.306122	-0.673469	0.019778
0.306122	-0.632653	0.0216968
0.306122	-0.591837	0.0235302
0.306122	-0.55102	0.0252711
0.306122	-0.510204	0.0269124
0.306122	-0.469388	0.0284478
0.306122	-0.428571	0.0298712
0.306122	-0.387755	0.031177
0.306122	-0.346939	0.0323599
0.306122	-0.306122	0.0334154
0.306122	-0.265306	0.0343392
0.306122	-0.22449	0.0351276
0.306122	-0.183673	0.0357776
0.306122	-0.142857	0.0362865
0.306122	-0.102041	0.0366522
0.306122	-0.0612245	0.0368734
0.306122	-0.0204082	0.0369491
0.306122	0.0204082	0.036879
0.306122	0.0612245	0.0366633
0.306122	0.102041	0.0363028
0.306122	0.142857	0.035799
0.306122	0.183673	0.0351537
0.306122	0.22449	0.0343696
0.306122	0.265306	0.0334496
0.306122	0.306122	0.0323974
0.306122	0.346939	0.0312171
0.306122	0.387755	0.0299134
0.306122	0.428571	0.0284914
0.306122	0.469388	0.0269567
0.306122	0.510204	0.0253154
0.306122	0.55102	0.0235739
0.306122	0.591837	0.0217391
0.306122	0.632653	0.0198182
0.306122	0.673469	0.0178189
0.306122	0.714286	0.0157491
0.306122	0.755102	0.0136169
0.306122	0.795918	0.0114308
0.306122	0.836735	0.00919945
0.306122	0.877551	0.00693166
0.306122	0.918367	0.00463641
0.306122	0.959184	0.00232281
0.306122	1	0
0.346939	-1	0.00223282
0.346939	-0.959184	0.00445686
0.346939	-0.918367	0.00666337
0.346939	-0.877551	0.00884369
0.346939	-0.836735	0.0109892
0.346939	-0.795918	0.0130915
0.346939	-0.755102	0.0151424
0.346939	-0.714286	0.0171336
0.346939	-0.673469	0.0190575
0.346939	-0.632653	0.0209064
0.346939	-0.591837	0.022673
0.346939	-0.55102	0.0243504
0.346939	-0.510204	0.025932
0.346939	-0.469388	0.0274114
0.346939	-0.428571	0.028783
0.346939	-0.387755	0.0300412
0.346939	-0.346939	0.031181
0.346939	-0.306122	0.032198
0.346939	-0.265306	0.0330882
0.346939	-0.22449	0.0338479
0.346939	-0.183673	0.0344742
0.346939	-0.142857	0.0349645
0.346939	-0.102041	0.035317
0.346939	-0.0612245	0.0355301
0.346939	-0.0204082	0.035603
0.346939	0.0204082	0.0355355
0.346939	0.0612245	0.0353276
0.346939	0.102041	0.0349803
0.346939	0.142857	0.0344948
0.346939	0.183673	0.033873
0.346939	0.22449	0.0331175
0.346939	0.265306	0.032231
0.346939	0.306122	0.0312171
0.346939	0.346939	0.0300799
0.346939	0.387755	0.0288237
0.346939	0.428571	0.0274535
0.346939	0.469388	0.0259747
0.346939	0.510204	0.0243931
0.346939	0.55102	0.0227151
0.346939	0.591837	0.0209471
0.346939	0.632653	0.0190962
0.346939	0.673469	0.0171698
0.346939	0.714286	0.0151753
0.346939	0.755102	0.0131208
0.346939	0.795918	0.0110144
0.346939	0.836735	0.00886431
0.346939	0.877551	0.00667913
0.346939	0.918367	0.0044675
0.346939	0.959184	0.00223818
0.346939	1	0
0.387755	-1	0.00213957
0.387755	-0.959184	0.00427073
0.387755	-0.918367	0.0063851
0.387755	-0.877551	0.00847435
0.387755	-0.836735	0.0105303
0.387755	-0.795918	0.0125448
0.387755	-0.755102	0.01451
0.387755	-0.714286	0.0164181
0.387755	-0.673469	0.0182616
0.387755	-0.632653	0.0200333
0.387755	-0.591837	0.0217261
0.387755	-0.55102	0.0233335
0.387755	-0.510204	0.024849
0.387755	-0.469388	0.0262667
0.387755	-0.428571	0.0275809
0.387755	-0.387755	0.0287866
0.387755	-0.346939	0.0298788
0.387755	-0.306122	0.0308534
0.387755	-0.265306	0.0317063
0.387755	-0.22449	0.0324343
0.387755	-0.183673	0.0330344
0.387755	-0.142857	0.0335043
0.387755	-0.102041	0.0338421
0.387755	-0.0612245	0.0340463
0.387755	-0.0204082	0.0341162
0.387755	0.0204082	0.0340514
0.387755	0.0612245	0.0338523
0.387755	0.102041	0.0335194
0.387755	0.142857	0.0330542
0.387755	0.183673	0.0324584
0.387755	0.22449	0.0317344
0.387755	0.265306	0.030885
0.387755	0.306122	0.0299134
0.387755	0.346939	0.0288237
0.387755	0.387755	0.0276199
0.387755	0.428571	0.026307
0.387755	0.469388	0.0248899
0.387755	0.510204	0.0233744
0.387755	0.55102	0.0217664
0.387755	0.591837	0.0200723
0.387755	0.632653	0.0182987
0.387755	0.673469	0.0164527
0.387755	0.714286	0.0145416
0.387755	0.755102	0.0125729
0.387755	0.795918	0.0105544
0.387755	0.836735	0.00849411
0.387755	0.877551	0.00640019
0.387755	0.918367	0.00428093
0.387755	0.959184	0.00214471
0.387755	1	0
0.428571	-1	0.00203786
0.428571	-0.959184	0.00406771
0.428571	-0.918367	0.00608157
0.428571	-0.877551	0.00807151
0.428571	-0.836735	0.0100297
0.428571	-0.795918	0.0119485
0.428571	-0.755102	0.0138202
0.428571	-0.714286	0.0156376
0.428571	-0.673469	0.0173935
0.428571	-0.632653	0.019081
0.428571	-0.591837	0.0206933
0.428571	-0.55102	0.0222243
0.428571	-0.510204	0.0236677
0.428571	-0.469388	0.025018
0.428571	-0.428571	0.0262698
0.428571	-0.387755	0.0274181
0.428571	-0.346939	0.0284585
0.428571	-0.306122	0.0293867
0.428571	-0.265306	0.0301991
0.428571	-0.22449	0.0308925
0.428571	-0.183673	0.0314641
0.428571	-0.142857	0.0319116
0.428571	-0.102041	0.0322333
0.428571	-0.0612245	0.0324278
0.428571	-0.0204082	0.0324944
0.428571	0.0204082	0.0324327
0.428571	0.0612245	0.032243
0.428571	0.102041	0.031926
0.428571	0.142857	0.0314829
0.428571	0.183673	0.0309154
0.428571	0.22449	0.0302258
0.428571	0.265306	0.0294168
0.428571	0.306122	0.0284914
0.428571	0.346939	0.0274535
0.428571	0.387755	0.026307
0.428571	0.428571	0.0250564
0.428571	0.469388	0.0237067
0.428571	0.510204	0.0222633
0.428571	0.55102	0.0207317
0.428571	0.591837	0.0191181
0.428571	0.632653	0.0174289
0.428571	0.673469	0.0156706
0.428571	0.714286	0.0138503
0.428571	0.755102	0.0119752
0.428571	0.795918	0.0100527
0.428571	0.836735	0.00809032
0.428571	0.877551	0.00609595
0.428571	0.918367	0.00407743
0.428571	0.959184	0.00204276
0.428571	1	0
0.469388	-1	0.00192809
0.469388	-0.959184	0.0038486
0.469388	-0.918367	0.00575398
0.469388	-0.877551	0.00763673
0.469388	-0.836735	0.00948945
0.469388	-0.795918	0.0113049
0.469388	-0.755102	0.0130758
0.469388	-0.714286	0.0147953
0.469388	-0.673469	0.0164566
0.469388	-0.632653	0.0180532
0.469388	-0.591837	0.0195787
0.469388	-0.55102	0.0210272
0.469388	-0.510204	0.0223929
0.469388	-0.469388	0.0236704
0.469388	-0.428571	0.0248548
0.469388	-0.387755	0.0259412
0.469388	-0.346939	0.0269255
0.469388	-0.306122	0.0278037
0.469388	-0.265306	0.0285724
0.469388	-0.22449	0.0292284
0.469388	-0.183673	0.0297693
0.469388	-0.142857	0.0301927
0.469388	-0.102041	0.030497
0.469388	-0.0612245	0.0306811
0.469388	-0.0204082	0.0307441
0.469388	0.0204082	0.0306857
0.469388	0.0612245	0.0305062
0.469388	0.102041	0.0302063
0.469388	0.142857	0.0297871
0.469388	0.183673	0.0292502
0.469388	0.22449	0.0285977
0.469388	0.265306	0.0278322
0.469388	0.306122	0.0269567
0.469388	0.346939	0.0259747
0.469388	0.387755	0.0248899
0.469388	0.428571	0.0237067
0.469388	0.469388	0.0224297
0.469388	0.510204	0.021064
0.469388	0.55102	0.019615
0.469388	0.591837	0.0180883
0.469388	0.632653	0.01649
0.469388	0.673469	0.0148265
0.469388	0.714286	0.0131043
0.469388	0.755102	0.0113302
0.469388	0.795918	0.00951118
0.469388	0.836735	0.00765454
0.469388	0.877551	0.00576759
0.469388	0.918367	0.00385779
0.469388	0.959184	0.00193272
0.469388	1	0
0.510204	-1	0.00181069
0.510204	-0.959184	0.00361427
0.510204	-0.918367	0.00540363
0.510204	-0.877551	0.00717174
0.510204	-0.836735	0.00891166
0.510204	-0.795918	0.0106165
0.510204	-0.755102	0.0122796
0.510204	-0.714286	0.0138944
0.510204	-0.673469	0.0154546
0.510204	-0.632653	0.0169539
0.510204	-0.591837	0.0183866
0.510204	-0.55102	0.0197468
0.510204	-0.510204	0.0210294
0.510204	-0.469388	0.0222292
0.510204	-0.428571	0.0233414
0.510204	-0.387755	0.0243617
0.510204	-0.346939	0.0252861
0.510204	-0.306122	0.0261108
0.510204	-0.265306	0.0268327
0.510204	-0.22449	0.0274488
0.510204	-0.183673	0.0279567
0.510204	-0.142857	0.0283543
0.510204	-0.102041	0.0286401
0.510204	-0.0612245	0.028813
0.510204	-0.0204082	0.0288721
0.510204	0.0204082	0.0288173
0.510204	0.0612245	0.0286488
0.510204	0.102041	0.0283671
0.510204	0.142857	0.0279734
0.510204	0.183673	0.0274692
0.510204	0.22449	0.0268564
0.510204	0.265306	0.0261376
0.510204	0.306122	0.0253154
0.510204	0.346939	0.0243931
0.510204	0.387755	0.0233744
0.510204	0.428571	0.0222633
0.510204	0.469388	0.021064
0.510204	0.510204	0.0197815
0.510204	0.55102	0.0184207
0.510204	0.591837	0.0169869
0.510204	0.632653	0.015486
0.510204	0.673469	0.0139237
0.510204	0.714286	0.0123064
0.510204	0.755102	0.0106403
0.510204	0.795918	0.00893206
0.510204	0.836735	0.00718846
0.510204	0.877551	0.00541641
0.510204	0.918367	0.0036229
0.510204	0.959184	0.00181504
0.510204	1	0
0.55102	-1	0.00168613
0.55102	-0.959184	0.00336563
0.55102	-0.918367	0.0050319
0.55102	-0.877551	0.00667838
0.55102	-0.836735	0.0082986
0.55102	-0.795918	0.00988618
0.55102	-0.755102	0.0114349
0.55102	-0.714286	0.0129386
0.55102	-0.673469	0.0143914
0.55102	-0.632653	0.0157876
0.55102	-0.591837	0.0171217
0.55102	-0.55102	0.0183884
0.55102	-0.510204	0.0195827
0.55102	-0.469388	0.0207
0.55102	-0.428571	0.0217357
0.55102	-0.387755	0.0226858
0.55102	-0.346939	0.0235466
0.55102	-0.306122	0.0243146
0.55102	-0.265306	0.0249868
0.55102	-0.22449	0.0255605
0.55102	-0.183673	0.0260334
0.55102	-0.142857	0.0264037
0.55102	-0.102041	0.0266699
0.55102	-0.0612245	0.0268308
0.55102	-0.0204082	0.0268859
0.55102	0.0204082	0.0268349
0.55102	0.0612245	0.0266779
0.55102	0.102041	0.0264156
0.55102	0.142857	0.026049
0.55102	0.183673	0.0255795
0.55102	0.22449	0.0250089
0.55102	0.265306	0.0243395
0.55102	0.306122	0.0235739
0.55102	0.346939	0.0227151
0.55102	0.387755	0.0217664
0.55102	0.428571	0.0207317
0.55102	0.469388	0.019615
0.55102	0.510204	0.0184207
0.55102	0.55102	0.0171535
0.55102	0.591837	0.0158184
0.55102	0.632653	0.0144207
0.55102	0.673469	0.0129659
0.55102	0.714286	0.0114598
0.55102	0.755102	0.00990831
0.55102	0.795918	0.0083176
0.55102	0.836735	0.00669395
0.55102	0.877551	0.0050438
0.55102	0.918367	0.00337367
0.55102	0.959184	0.00169018
0.55102	1	0
0.591837	-1	0.0015549
0.591837	-0.959184	0.00310368
0.591837	-0.918367	0.00464026
0.591837	-0.877551	0.00615859
0.591837	-0.836735	0.0076527
0.591837	-0.795918	0.00911672
0.591837	-0.755102	0.0105449
0.591837	-0.714286	0.0119316
0.591837	-0.673469	0.0132713
0.591837	-0.632653	0.0145588
0.591837	-0.591837	0.0157891
0.591837	-0.55102	0.0169572
0.591837	-0.510204	0.0180586
0.591837	-0.469388	0.0190888
0.591837	-0.428571	0.020044
0.591837	-0.387755	0.0209201
0.591837	-0.346939	0.0217139
0.591837	-0.306122	0.0224221
0.591837	-0.265306	0.023042
0.591837	-0.22449	0.0235711
0.591837	-0.183673	0.0240072
0.591837	-0.142857	0.0243487
0.591837	-0.102041	0.0245941
0.591837	-0.0612245	0.0247425
0.591837	-0.0204082	0.0247933
0.591837	0.0204082	0.0247463
0.591837	0.0612245	0.0246015
0.591837	0.102041	0.0243596
0.591837	0.142857	0.0240216
0.591837	0.183673	0.0235886
0.591837	0.22449	0.0230624
0.591837	0.265306	0.0224451
0.591837	0.306122	0.0217391
0.591837	0.346939	0.0209471
0.591837	0.387755	0.0200723
0.591837	0.428571	0.0191181
0.591837	0.469388	0.0180883
0.591837	0.510204	0.0169869
0.591837	0.55102	0.0158184
0.591837	0.591837	0.0145872
0.591837	0.632653	0.0132983
0.591837	0.673469	0.0119567
0.591837	0.714286	0.0105678
0.591837	0.755102	0.00913712
0.591837	0.795918	0.00767022
0.591837	0.836735	0.00617295
0.591837	0.877551	0.00465123
0.591837	0.918367	0.00311109
0.591837	0.959184	0.00155863
0.591837	1	0
0.632653	-1	0.00141751
0.632653	-0.959184	0.00282944
0.632653	-0.918367	0.00423025
0.632653	-0.877551	0.00561442
0.632653	-0.836735	0.00697651
0.632653	-0.795918	0.00831117
0.632653	-0.755102	0.00961314
0.632653	-0.714286	0.0108773
0.632653	-0.673469	0.0120987
0.632653	-0.632653	0.0132724
0.632653	-0.591837	0.014394
0.632653	-0.55102	0.0154589
0.632653	-0.510204	0.0164629
0.632653	-0.469388	0.0174022
0.632653	-0.428571	0.0182729
0.632653	-0.387755	0.0190716
0.632653	-0.346939	0.0197953
0.632653	-0.306122	0.0204409
0.632653	-0.265306	0.021006
0.632653	-0.22449	0.0214883
0.632653	-0.183673	0.0218859
0.632653	-0.142857	0.0221972
0.632653	-0.102041	0.022421
0.632653	-0.0612245	0.0225563
0.632653	-0.0204082	0.0226026
0.632653	0.0204082	0.0225597
0.632653	0.0612245	0.0224278
0.632653	0.102041	0.0222072
0.632653	0.142857	0.021899
0.632653	0.183673	0.0215043
0.632653	0.22449	0.0210246
0.632653	0.265306	0.0204619
0.632653	0.306122	0.0198182
0.632653	0.346939	0.0190962
0.632653	0.387755	0.0182987
0.632653	0.428571	0.0174289
0.632653	0.469388	0.01649
0.632653	0.510204	0.015486
0.632653	0.55102	0.0144207
0.632653	0.591837	0.0132983
0.632653	0.632653	0.0121233
0.632653	0.673469	0.0109002
0.632653	0.714286	0.00963408
0.632653	0.755102	0.00832977
0.632653	0.795918	0.00699249
0.632653	0.836735	0.00562751
0.632653	0.877551	0.00424025
0.632653	0.918367	0.0028362
0.632653	0.959184	0.00142091
0.632653	1	0
0.673469	-1	0.00127451
0.673469	-0.959184	0.002544
0.673469	-0.918367	0.00380349
0.673469	-0.877551	0.00504803
0.673469	-0.836735	0.00627271
0.673469	-0.795918	0.00747273
0.673469	-0.755102	0.00864335
0.673469	-0.714286	0.00977998
0.673469	-0.673469	0.0108781
0.673469	-0.632653	0.0119335
0.673469	-0.591837	0.0129419
0.673469	-0.55102	0.0138994
0.673469	-0.510204	0.0148021
0.673469	-0.469388	0.0156466
0.673469	-0.428571	0.0164295
0.673469	-0.387755	0.0171477
0.673469	-0.346939	0.0177983
0.673469	-0.306122	0.0183788
0.673469	-0.265306	0.0188869
0.673469	-0.22449	0.0193206
0.673469	-0.183673	0.0196781
0.673469	-0.142857	0.019958
0.673469	-0.102041	0.0201591
0.673469	-0.0612245	0.0202808
0.673469	-0.0204082	0.0203224
0.673469	0.0204082	0.0202839
0.673469	0.0612245	0.0201652
0.673469	0.102041	0.0199669
0.673469	0.142857	0.0196898
0.673469	0.183673	0.0193349
0.673469	0.22449	0.0189036
0.673469	0.265306	0.0183976
0.673469	0.306122	0.0178189
0.673469	0.346939	0.0171698
0.673469	0.387755	0.0164527
0.673469	0.428571	0.0156706
0.673469	0.469388	0.0148265
0.673469	0.510204	0.0139237
0.673469	0.55102	0.0129659
0.673469	0.591837	0.0119567
0.673469	0.632653	0.0109002
0.673469	0.673469	0.00980061
0.673469	0.714286	0.00866218
0.673469	0.755102	0.00748945
0.673469	0.795918	0.00628707
0.673469	0.836735	0.0050598
0.673469	0.877551	0.00381249
0.673469	0.918367	0.00255008
0.673469	0.959184	0.00127757
0.673469	1	0
0.714286	-1	0.00112646
0.714286	-0.959184	0.00224849
0.714286	-0.918367	0.00336168
0.714286	-0.877551	0.00446165
0.714286	-0.836735	0.00554408
0.714286	-0.795918	0.0066047
0.714286	-0.755102	0.00763935
0.714286	-0.714286	0.00864395
0.714286	-0.673469	0.00961454
0.714286	-0.632653	0.0105473
0.714286	-0.591837	0.0114386
0.714286	-0.55102	0.0122848
0.714286	-0.510204	0.0130827
0.714286	-0.469388	0.0138291
0.714286	-0.428571	0.0145211
0.714286	-0.387755	0.0151558
0.714286	-0.346939	0.0157309
0.714286	-0.306122	0.016244
0.714286	-0.265306	0.016693
0.714286	-0.22449	0.0170763
0.714286	-0.183673	0.0173923
0.714286	-0.142857	0.0176397
0.714286	-0.102041	0.0178175
0.714286	-0.0612245	0.017925
0.714286	-0.0204082	0.0179618
0.714286	0.0204082	0.0179277
0.714286	0.0612245	0.0178228
0.714286	0.102041	0.0176476
0.714286	0.142857	0.0174027
0.714286	0.183673	0.017089
0.714286	0.22449	0.0167078
0.714286	0.265306	0.0162606
0.714286	0.306122	0.0157491
0.714286	0.346939	0.0151753
0.714286	0.387755	0.0145416
0.714286	0.428571	0.0138503
0.714286	0.469388	0.0131043
0.714286	0.510204	0.0123064
0.714286	0.55102	0.0114598
0.714286	0.591837	0.0105678
0.714286	0.632653	0.00963408
0.714286	0.673469	0.00866218
0.714286	0.714286	0.00765599
0.714286	0.755102	0.00661948
0.714286	0.795918	0.00555677
0.714286	0.836735	0.00447206
0.714286	0.877551	0.00336963
0.714286	0.918367	0.00225386
0.714286	0.959184	0.00112917
0.714286	1	0
0.755102	-1	0.000973955
0.755102	-0.959184	0.00194408
0.755102	-0.918367	0.00290656
0.755102	-0.877551	0.00385761
0.755102	-0.836735	0.0047935
0.755102	-0.795918	0.00571053
0.755102	-0.755102	0.0066051
0.755102	-0.714286	0.00747369
0.755102	-0.673469	0.00831288
0.755102	-0.632653	0.00911937
0.755102	-0.591837	0.00988997
0.755102	-0.55102	0.0106216
0.755102	-0.510204	0.0113115
0.755102	-0.469388	0.0119569
0.755102	-0.428571	0.0125551
0.755102	-0.387755	0.0131039
0.755102	-0.346939	0.0136012
0.755102	-0.306122	0.0140448
0.755102	-0.265306	0.014433
0.755102	-0.22449	0.0147644
0.755102	-0.183673	0.0150376
0.755102	-0.142857	0.0152515
0.755102	-0.102041	0.0154053
0.755102	-0.0612245	0.0154982
0.755102	-0.0204082	0.01553
0.755102	0.0204082	0.0155006
0.755102	0.0612245	0.0154099
0.755102	0.102041	0.0152584
0.755102	0.142857	0.0150466
0.755102	0.183673	0.0147754
0.755102	0.22449	0.0144458
0.755102	0.265306	0.0140592
0.755102	0.306122	0.0136169
0.755102	0.346939	0.0131208
0.755102	0.387755	0.0125729
0.755102	0.428571	0.0119752
0.755102	0.469388	0.0113302
0.755102	0.510204	0.0106403
0.755102	0.55102	0.00990831
0.755102	0.591837	0.00913712
0.755102	0.632653	0.00832977
0.755102	0.673469	0.00748945
0.755102	0.714286	0.00661948
0.755102	0.755102	0.00572331
0.755102	0.795918	0.00480447
0.755102	0.836735	0.00386661
0.755102	0.877551	0.00291344
0.755102	0.918367	0.00194872
0.755102	0.959184	0.000976295
0.755102	1	0
0.795918	-1	0.000817594
0.795918	-0.959184	0.00163197
0.795918	-0.918367	0.00243993
0.795918	-0.877551	0.0032383
0.795918	-0.836735	0.00402393
0.795918	-0.795918	0.00479374
0.795918	-0.755102	0.0055447
0.795918	-0.714286	0.00627384
0.795918	-0.673469	0.00697831
0.795918	-0.632653	0.00765531
0.795918	-0.591837	0.0083022
0.795918	-0.55102	0.00891642
0.795918	-0.510204	0.00949553
0.795918	-0.469388	0.0100373
0.795918	-0.428571	0.0105395
0.795918	-0.387755	0.0110002
0.795918	-0.346939	0.0114176
0.795918	-0.306122	0.01179
0.795918	-0.265306	0.0121159
0.795918	-0.22449	0.0123941
0.795918	-0.183673	0.0126234
0.795918	-0.142857	0.012803
0.795918	-0.102041	0.0129321
0.795918	-0.0612245	0.0130101
0.795918	-0.0204082	0.0130368
0.795918	0.0204082	0.0130121
0.795918	0.0612245	0.0129359
0.795918	0.102041	0.0128088
0.795918	0.142857	0.012631
0.795918	0.183673	0.0124033
0.795918	0.22449	0.0121267
0.795918	0.265306	0.0118021
0.795918	0.306122	0.0114308
0.795918	0.346939	0.0110144
0.795918	0.387755	0.0105544
0.795918	0.428571	0.0100527
0.795918	0.469388	0.00951118
0.795918	0.510204	0.00893206
0.795918	0.55102	0.0083176
0.795918	0.591837	0.00767022
0.795918	0.632653	0.00699249
0.795918	0.673469	0.00628707
0.795918	0.714286	0.00555677
0.795918	0.755102	0.00480447
0.795918	0.795918	0.00403315
0.795918	0.836735	0.00324585
0.795918	0.877551	0.0024457
0.795918	0.918367	0.00163587
0.795918	0.959184	0.000819558
0.795918	1	0
0.836735	-1	0.000657994
0.836735	-0.959184	0.0013134
0.836735	-0.918367	0.00196364
0.836735	-0.877551	0.00260617
0.836735	-0.836735	0.00323844
0.836735	-0.795918	0.00385797
0.836735	-0.755102	0.00446234
0.836735	-0.714286	0.00504915
0.836735	-0.673469	0.0056161
0.836735	-0.632653	0.00616095
0.836735	-0.591837	0.00668156
0.836735	-0.55102	0.00717588
0.836735	-0.510204	0.00764195
0.836735	-0.469388	0.00807794
0.836735	-0.428571	0.00848212
0.836735	-0.387755	0.00885289
0.836735	-0.346939	0.0091888
0.836735	-0.306122	0.00948851
0.836735	-0.265306	0.00975082
0.836735	-0.22449	0.00997471
0.836735	-0.183673	0.0101593
0.836735	-0.142857	0.0103038
0.836735	-0.102041	0.0104076
0.836735	-0.0612245	0.0104704
0.836735	-0.0204082	0.0104919
0.836735	0.0204082	0.010472
0.836735	0.0612245	0.0104108
0.836735	0.102041	0.0103084
0.836735	0.142857	0.0101653
0.836735	0.183673	0.00998212
0.836735	0.22449	0.00975946
0.836735	0.265306	0.00949822
0.836735	0.306122	0.00919945
0.836735	0.346939	0.00886431
0.836735	0.387755	0.00849411
0.836735	0.428571	0.00809032
0.836735	0.469388	0.00765454
0.836735	0.510204	0.00718846
0.836735	0.55102	0.00669395
0.836735	0.591837	0.00617295
0.836735	0.632653	0.00562751
0.836735	0.673469	0.0050598
0.836735	0.714286	0.00447206
0.836735	0.755102	0.00386661
0.836735	0.795918	0.00324585
0.836735	0.836735	0.00261224
0.836735	0.877551	0.00196829
0.836735	0.918367	0.00131654
0.836735	0.959184	0.000659575
0.836735	1	0
0.877551	-1	0.000495789
0.877551	-0.959184	0.00098963
0.877551	-0.918367	0.00147958
0.877551	-0.877551	0.00196371
0.877551	-0.836735	0.00244012
0.877551	-0.795918	0.00290693
0.877551	-0.755102	0.00336231
0.877551	-0.714286	0.00380446
0.877551	-0.673469	0.00423165
0.877551	-0.632653	0.00464219
0.877551	-0.591837	0.00503446
0.877551	-0.55102	0.00540692
0.877551	-0.510204	0.0057581
0.877551	-0.469388	0.00608661
0.877551	-0.428571	0.00639116
0.877551	-0.387755	0.00667053
0.877551	-0.346939	0.00692363
0.877551	-0.306122	0.00714946
0.877551	-0.265306	0.00734711
0.877551	-0.22449	0.0075158
0.877551	-0.183673	0.00765487
0.877551	-0.142857	0.00776375
0.877551	-0.102041	0.00784201
0.877551	-0.0612245	0.00788933
0.877551	-0.0204082	0.00790553
0.877551	0.0204082	0.00789052
0.877551	0.0612245	0.00784437
0.877551	0.102041	0.00776724
0.877551	0.142857	0.00765944
0.877551	0.183673	0.00752139
0.877551	0.22449	0.00735361
0.877551	0.265306	0.00715678
0.877551	0.306122	0.00693166
0.877551	0.346939	0.00667913
0.877551	0.387755	0.00640019
0.877551	0.428571	0.00609595
0.877551	0.469388	0.00576759
0.877551	0.510204	0.00541641
0.877551	0.55102	0.0050438
0.877551	0.591837	0.00465123
0.877551	0.632653	0.00424025
0.877551	0.673469	0.00381249
0.877551	0.714286	0.00336963
0.877551	0.755102	0.00291344
0.877551	0.795918	0.0024457
0.877551	0.836735	0.00196829
0.877551	0.877551	0.00148308
0.877551	0.918367	0.000991993
0.877551	0.959184	0.000496981
0.877551	1	0
0.918367	-1	0.000331621
0.918367	-0.959184	0.000661938
0.918367	-0.918367	0.000989653
0.918367	-0.877551	0.00131348
0.918367	-0.836735	0.00163213
0.918367	-0.795918	0.00194437
0.918367	-0.755102	0.00224896
0.918367	-0.714286	0.00254471
0.918367	-0.673469	0.00283045
0.918367	-0.632653	0.00310504
0.918367	-0.591837	0.00336743
0.918367	-0.55102	0.00361656
0.918367	-0.510204	0.00385145
0.918367	-0.469388	0.00407118
0.918367	-0.428571	0.00427488
0.918367	-0.387755	0.00446175
0.918367	-0.346939	0.00463104
0.918367	-0.306122	0.00478209
0.918367	-0.265306	0.0049143
0.918367	-0.22449	0.00502713
0.918367	-0.183673	0.00512015
0.918367	-0.142857	0.00519298
0.918367	-0.102041	0.00524532
0.918367	-0.0612245	0.00527698
0.918367	-0.0204082	0.00528781
0.918367	0.0204082	0.00527777
0.918367	0.0612245	0.0052469
0.918367	0.102041	0.00519532
0.918367	0.142857	0.00512321
0.918367	0.183673	0.00503087
0.918367	0.22449	0.00491865
0.918367	0.265306	0.00478699
0.918367	0.306122	0.00463641
0.918367	0.346939	0.0044675
0.918367	0.387755	0.00428093
0.918367	0.428571	0.00407743
0.918367	0.469388	0.00385779
0.918367	0.510204	0.0036229
0.918367	0.55102	0.00337367
0.918367	0.591837	0.00311109
0.918367	0.632653	0.0028362
0.918367	0.673469	0.00255008
0.918367	0.714286	0.00225386
0.918367	0.755102	0.00194872
0.918367	0.795918	0.00163587
0.918367	0.836735	0.00131654
0.918367	0.877551	0.000991993
0.918367	0.918367	0.000663519
0.918367	0.959184	0.000332418
0.918367	1	0
0.959184	-1	0.00016614
0.959184	-0.959184	0.000331626
0.959184	-0.918367	0.000495808
0.959184	-0.877551	0.000658041
0.959184	-0.836735	0.000817686
0.959184	-0.795918	0.000974115
0.959184	-0.755102	0.00112671
0.959184	-0.714286	0.00127488
0.959184	-0.673469	0.00141803
0.959184	-0.632653	0.0015556
0.959184	-0.591837	0.00168705
0.959184	-0.55102	0.00181187
0.959184	-0.510204	0.00192955
0.959184	-0.469388	0.00203963
0.959184	-0.428571	0.00214168
0.959184	-0.387755	0.0022353
0.959184	-0.346939	0.00232012
0.959184	-0.306122	0.00239579
0.959184	-0.265306	0.00246202
0.959184	-0.22449	0.00251855
0.959184	-0.183673	0.00256515
0.959184	-0.142857	0.00260164
0.959184	-0.102041	0.00262786
0.959184	-0.0612245	0.00264372
0.959184	-0.0204082	0.00264915
0.959184	0.0204082	0.00264412
0.959184	0.0612245	0.00262866
0.959184	0.102041	0.00260281
0.959184	0.142857	0.00256669
0.959184	0.183673	0.00252042
0.959184	0.22449	0.0024642
0.959184	0.265306	0.00239824
0.959184	0.306122	0.00232281
0.959184	0.346939	0.00223818
0.959184	0.387755	0.00214471
0.959184	0.428571	0.00204276
0.959184	0.469388	0.00193272
0.959184	0.510204	0.00181504
0.959184	0.55102	0.00169018
0.959184	0.591837	0.00155863
0.959184	0.632653	0.00142091
0.959184	0.673469	0.00127757
0.959184	0.714286	0.00112917
0.959184	0.755102	0.000976295
0.959184	0.795918	0.000819558
0.959184	0.836735	0.000659575
0.959184	0.877551	0.000496981
0.959184	0.918367	0.000332418
0.959184	0.959184	0.000166539
0.959184	1	0
1	-1	0
1	-0.959184	0
1	-0.918367	0
1	-0.877551	0
1	-0.836735	0
1	-0.795918	0
1	-0.755102	0
1	-0.714286	0
1	-0.673469	0
1	-0.632653	0
1	-0.591837	0
1	-0.55102	0
1	-0.510204	0
1	-0.469388	0
1	-0.428571	0
1	-0.387755	0
1	-0.346939	0
1	-0.306122	0
1	-0.265306	0
1	-0.22449	0
1	-0.183673	0
1	-0.142857	0
1	-0.102041	0
1	-0.0612245	0
1	-0.0204082	0
1	0.0204082	0
1	0.0612245	0
1	0.102041	0
1	0.142857	0
1	0.183673	0
1	0.22449	0
1	0.265306	0
1	0.306122	0
1	0.346939	0
1	0.387755	0
1	0.428571	0
1	0.469388	0
1	0.510204	0
1	0.55102	0
1	0.591837	0
1	0.632653	0
1	0.673469	0
1	0.714286	0
1	0.755102	0
1	0.795918	0
1	0.836735	0
1	0.877551	0
1	0.918367	0
1	0.959184	0
1	1	0
