-1	-1	2.61673e-05
-1	-0.959184	5.22314e-05
-1	-0.918367	7.80894e-05
-1	-0.877551	0.000103639
-1	-0.836735	0.00012878
-1	-0.795918	0.000153413
-1	-0.755102	0.000177441
-1	-0.714286	0.000200768
-1	-0.673469	0.000223303
-1	-0.632653	0.000244957
-1	-0.591837	0.000265645
-1	-0.55102	0.000285284
-1	-0.510204	0.000303798
-1	-0.469388	0.000321112
-1	-0.428571	0.00033716
-1	-0.387755	0.000351877
-1	-0.346939	0.000365206
-1	-0.306122	0.000377094
-1	-0.265306	0.000387493
-1	-0.22449	0.000396364
-1	-0.183673	0.00040367
-1	-0.142857	0.000409383
-1	-0.102041	0.000413481
-1	-0.0612245	0.000415947
-1	-0.0204082	0.000416771
-1	0.0204082	0.000415951
-1	0.0612245	0.000413489
-1	0.102041	0.000409395
-1	0.142857	0.000403685
-1	0.183673	0.000396382
-1	0.22449	0.000387515
-1	0.265306	0.000377118
-1	0.306122	0.000365233
-1	0.346939	0.000351906
-1	0.387755	0.00033719
-1	0.428571	0.000321143
-1	0.469388	0.000303829
-1	0.510204	0.000285315
-1	0.55102	0.000265675
-1	0.591837	0.000244987
-1	0.632653	0.000223331
-1	0.673469	0.000200794
-1	0.714286	0.000177465
-1	0.755102	0.000153435
-1	0.795918	0.000128799
-1	0.836735	0.000103654
-1	0.877551	7.81009e-05
-1	0.918367	5.22392e-05
-1	0.959184	2.61713e-05
-1	1	0
-0.959184	-1	5.22314e-05
-0.959184	-0.959184	0.000104257
-0.959184	-0.918367	0.000155871
-0.959184	-0.877551	0.00020687
-0.959184	-0.836735	0.000257052
-0.959184	-0.795918	0.000306221
-0.959184	-0.755102	0.000354181
-0.959184	-0.714286	0.000400744
-0.959184	-0.673469	0.000445725
-0.959184	-0.632653	0.000488948
-0.959184	-0.591837	0.000530241
-0.959184	-0.55102	0.000569442
-0.959184	-0.510204	0.000606396
-0.959184	-0.469388	0.000640958
-0.959184	-0.428571	0.00067299
-0.959184	-0.387755	0.000702367
-0.959184	-0.346939	0.000728972
-0.959184	-0.306122	0.0007527
-0.959184	-0.265306	0.000773458
-0.959184	-0.22449	0.000791164
-0.959184	-0.183673	0.000805748
-0.959184	-0.142857	0.000817152
-0.959184	-0.102041	0.000825331
-0.959184	-0.0612245	0.000830253
-0.959184	-0.0204082	0.000831898
-0.959184	0.0204082	0.000830261
-0.959184	0.0612245	0.000825346
-0.959184	0.102041	0.000817175
-0.959184	0.142857	0.000805778
-0.959184	0.183673	0.000791201
-0.959184	0.22449	0.000773501
-0.959184	0.265306	0.000752748
-0.959184	0.306122	0.000729024
-0.959184	0.346939	0.000702423
-0.959184	0.387755	0.00067305
-0.959184	0.428571	0.000641019
-0.959184	0.469388	0.000606459
-0.959184	0.510204	0.000569505
-0.959184	0.55102	0.000530303
-0.959184	0.591837	0.000489007
-0.959184	0.632653	0.000445782
-0.959184	0.673469	0.000400796
-0.959184	0.714286	0.000354229
-0.959184	0.755102	0.000306264
-0.959184	0.795918	0.000257089
-0.959184	0.836735	0.0002069
-0.959184	0.877551	0.000155894
-0.959184	0.918367	0.000104272
-0.959184	0.959184	5.22393e-05
-0.959184	1	0
-0.918367	-1	7.80894e-05
-0.918367	-0.959184	0.000155871
-0.918367	-0.918367	0.000233037
-0.918367	-0.877551	0.000309284
-0.918367	-0.836735	0.00038431
-0.918367	-0.795918	0.00045782
-0.918367	-0.755102	0.000529524
-0.918367	-0.714286	0.000599138
-0.918367	-0.673469	0.000666388
-0.918367	-0.632653	0.000731009
-0.918367	-0.591837	0.000792745
-0.918367	-0.55102	0.000851354
-0.918367	-0.510204	0.000906603
-0.918367	-0.469388	0.000958274
-0.918367	-0.428571	0.00100616
-0.918367	-0.387755	0.00105008
-0.918367	-0.346939	0.00108986
-0.918367	-0.306122	0.00112534
-0.918367	-0.265306	0.00115637
-0.918367	-0.22449	0.00118284
-0.918367	-0.183673	0.00120465
-0.918367	-0.142857	0.0012217
-0.918367	-0.102041	0.00123392
-0.918367	-0.0612245	0.00124128
-0.918367	-0.0204082	0.00124374
-0.918367	0.0204082	0.00124129
-0.918367	0.0612245	0.00123395
-0.918367	0.102041	0.00122173
-0.918367	0.142857	0.00120469
-0.918367	0.183673	0.0011829
-0.918367	0.22449	0.00115643
-0.918367	0.265306	0.00112541
-0.918367	0.306122	0.00108994
-0.918367	0.346939	0.00105017
-0.918367	0.387755	0.00100625
-0.918367	0.428571	0.000958366
-0.918367	0.469388	0.000906696
-0.918367	0.510204	0.000851447
-0.918367	0.55102	0.000792837
-0.918367	0.591837	0.000731098
-0.918367	0.632653	0.000666473
-0.918367	0.673469	0.000599217
-0.918367	0.714286	0.000529596
-0.918367	0.755102	0.000457884
-0.918367	0.795918	0.000384365
-0.918367	0.836735	0.000309329
-0.918367	0.877551	0.000233071
-0.918367	0.918367	0.000155894
-0.918367	0.959184	7.81011e-05
-0.918367	1	0
-0.877551	-1	0.000103639
-0.877551	-0.959184	0.00020687
-0.877551	-0.918367	0.000309284
-0.877551	-0.877551	0.000410477
-0.877551	-0.836735	0.000510052
-0.877551	-0.795918	0.000607613
-0.877551	-0.755102	0.000702777
-0.877551	-0.714286	0.000795169
-0.877551	-0.673469	0.000884422
-0.877551	-0.632653	0.000970186
-0.877551	-0.591837	0.00105212
-0.877551	-0.55102	0.00112991
-0.877551	-0.510204	0.00120323
-0.877551	-0.469388	0.00127181
-0.877551	-0.428571	0.00133537
-0.877551	-0.387755	0.00139366
-0.877551	-0.346939	0.00144645
-0.877551	-0.306122	0.00149353
-0.877551	-0.265306	0.00153472
-0.877551	-0.22449	0.00156985
-0.877551	-0.183673	0.00159879
-0.877551	-0.142857	0.00162142
-0.877551	-0.102041	0.00163765
-0.877551	-0.0612245	0.00164741
-0.877551	-0.0204082	0.00165068
-0.877551	0.0204082	0.00164743
-0.877551	0.0612245	0.00163768
-0.877551	0.102041	0.00162146
-0.877551	0.142857	0.00159885
-0.877551	0.183673	0.00156993
-0.877551	0.22449	0.00153481
-0.877551	0.265306	0.00149363
-0.877551	0.306122	0.00144655
-0.877551	0.346939	0.00139377
-0.877551	0.387755	0.00133549
-0.877551	0.428571	0.00127193
-0.877551	0.469388	0.00120336
-0.877551	0.510204	0.00113003
-0.877551	0.55102	0.00105224
-0.877551	0.591837	0.000970304
-0.877551	0.632653	0.000884535
-0.877551	0.673469	0.000795274
-0.877551	0.714286	0.000702873
-0.877551	0.755102	0.000607698
-0.877551	0.795918	0.000510125
-0.877551	0.836735	0.000410537
-0.877551	0.877551	0.000309329
-0.877551	0.918367	0.000206901
-0.877551	0.959184	0.000103655
-0.877551	1	0
-0.836735	-1	0.00012878
-0.836735	-0.959184	0.000257052
-0.836735	-0.918367	0.00038431
-0.836735	-0.877551	0.000510052
-0.836735	-0.836735	0.000633781
-0.836735	-0.795918	0.000755009
-0.836735	-0.755102	0.000873258
-0.836735	-0.714286	0.000988062
-0.836735	-0.673469	0.00109897
-0.836735	-0.632653	0.00120554
-0.836735	-0.591837	0.00130735
-0.836735	-0.55102	0.001404
-0.836735	-0.510204	0.00149511
-0.836735	-0.469388	0.00158033
-0.836735	-0.428571	0.0016593
-0.836735	-0.387755	0.00173173
-0.836735	-0.346939	0.00179733
-0.836735	-0.306122	0.00185583
-0.836735	-0.265306	0.00190702
-0.836735	-0.22449	0.00195067
-0.836735	-0.183673	0.00198663
-0.836735	-0.142857	0.00201474
-0.836735	-0.102041	0.00203491
-0.836735	-0.0612245	0.00204705
-0.836735	-0.0204082	0.0020511
-0.836735	0.0204082	0.00204707
-0.836735	0.0612245	0.00203495
-0.836735	0.102041	0.0020148
-0.836735	0.142857	0.0019867
-0.836735	0.183673	0.00195076
-0.836735	0.22449	0.00190712
-0.836735	0.265306	0.00185595
-0.836735	0.306122	0.00179746
-0.836735	0.346939	0.00173187
-0.836735	0.387755	0.00165945
-0.836735	0.428571	0.00158048
-0.836735	0.469388	0.00149527
-0.836735	0.510204	0.00140415
-0.836735	0.55102	0.0013075
-0.836735	0.591837	0.00120568
-0.836735	0.632653	0.00109911
-0.836735	0.673469	0.000988192
-0.836735	0.714286	0.000873377
-0.836735	0.755102	0.000755115
-0.836735	0.795918	0.000633871
-0.836735	0.836735	0.000510126
-0.836735	0.877551	0.000384367
-0.836735	0.918367	0.000257091
-0.836735	0.959184	0.0001288
-0.836735	1	0
-0.795918	-1	0.000153413
-0.795918	-0.959184	0.000306221
-0.795918	-0.918367	0.00045782
-0.795918	-0.877551	0.000607613
-0.795918	-0.836735	0.000755009
-0.795918	-0.795918	0.000899425
-0.795918	-0.755102	0.00104029
-0.795918	-0.714286	0.00117706
-0.795918	-0.673469	0.00130917
-0.795918	-0.632653	0.00143613
-0.795918	-0.591837	0.00155741
-0.795918	-0.55102	0.00167255
-0.795918	-0.510204	0.0017811
-0.795918	-0.469388	0.00188261
-0.795918	-0.428571	0.00197669
-0.795918	-0.387755	0.00206298
-0.795918	-0.346939	0.00214112
-0.795918	-0.306122	0.00221082
-0.795918	-0.265306	0.00227179
-0.795918	-0.22449	0.00232379
-0.795918	-0.183673	0.00236663
-0.795918	-0.142857	0.00240012
-0.795918	-0.102041	0.00242414
-0.795918	-0.0612245	0.0024386
-0.795918	-0.0204082	0.00244344
-0.795918	0.0204082	0.00243863
-0.795918	0.0612245	0.00242419
-0.795918	0.102041	0.00240019
-0.795918	0.142857	0.00236671
-0.795918	0.183673	0.0023239
-0.795918	0.22449	0.00227191
-0.795918	0.265306	0.00221096
-0.795918	0.306122	0.00214128
-0.795918	0.346939	0.00206314
-0.795918	0.387755	0.00197687
-0.795918	0.428571	0.00188279
-0.795918	0.469388	0.00178128
-0.795918	0.510204	0.00167274
-0.795918	0.55102	0.00155759
-0.795918	0.591837	0.0014363
-0.795918	0.632653	0.00130934
-0.795918	0.673469	0.00117721
-0.795918	0.714286	0.00104043
-0.795918	0.755102	0.000899551
-0.795918	0.795918	0.000755117
-0.795918	0.836735	0.000607702
-0.795918	0.877551	0.000457888
-0.795918	0.918367	0.000306266
-0.795918	0.959184	0.000153436
-0.795918	1	0
-0.755102	-1	0.000177441
-0.755102	-0.959184	0.000354181
-0.755102	-0.918367	0.000529524
-0.755102	-0.877551	0.000702777
-0.755102	-0.836735	0.000873258
-0.755102	-0.795918	0.00104029
-0.755102	-0.755102	0.00120322
-0.755102	-0.714286	0.00136141
-0.755102	-0.673469	0.00151422
-0.755102	-0.632653	0.00166105
-0.755102	-0.591837	0.00180134
-0.755102	-0.55102	0.00193451
-0.755102	-0.510204	0.00206005
-0.755102	-0.469388	0.00217746
-0.755102	-0.428571	0.00228628
-0.755102	-0.387755	0.00238608
-0.755102	-0.346939	0.00247646
-0.755102	-0.306122	0.00255707
-0.755102	-0.265306	0.00262759
-0.755102	-0.22449	0.00268774
-0.755102	-0.183673	0.00273729
-0.755102	-0.142857	0.00277603
-0.755102	-0.102041	0.00280381
-0.755102	-0.0612245	0.00282053
-0.755102	-0.0204082	0.00282613
-0.755102	0.0204082	0.00282056
-0.755102	0.0612245	0.00280387
-0.755102	0.102041	0.00277611
-0.755102	0.142857	0.00273739
-0.755102	0.183673	0.00268787
-0.755102	0.22449	0.00262774
-0.755102	0.265306	0.00255724
-0.755102	0.306122	0.00247664
-0.755102	0.346939	0.00238627
-0.755102	0.387755	0.00228648
-0.755102	0.428571	0.00217767
-0.755102	0.469388	0.00206026
-0.755102	0.510204	0.00193472
-0.755102	0.55102	0.00180154
-0.755102	0.591837	0.00166126
-0.755102	0.632653	0.00151441
-0.755102	0.673469	0.00136159
-0.755102	0.714286	0.00120339
-0.755102	0.755102	0.00104044
-0.755102	0.795918	0.000873383
-0.755102	0.836735	0.00070288
-0.755102	0.877551	0.000529602
-0.755102	0.918367	0.000354234
-0.755102	0.959184	0.000177467
-0.755102	1	0
-0.714286	-1	0.000200768
-0.714286	-0.959184	0.000400744
-0.714286	-0.918367	0.000599138
-0.714286	-0.877551	0.000795169
-0.714286	-0.836735	0.000988062
-0.714286	-0.795918	0.00117706
-0.714286	-0.755102	0.00136141
-0.714286	-0.714286	0.00154038
-0.714286	-0.673469	0.00171328
-0.714286	-0.632653	0.00187943
-0.714286	-0.591837	0.00203815
-0.714286	-0.55102	0.00218883
-0.714286	-0.510204	0.00233088
-0.714286	-0.469388	0.00246372
-0.714286	-0.428571	0.00258685
-0.714286	-0.387755	0.00269977
-0.714286	-0.346939	0.00280203
-0.714286	-0.306122	0.00289324
-0.714286	-0.265306	0.00297303
-0.714286	-0.22449	0.00304109
-0.714286	-0.183673	0.00309715
-0.714286	-0.142857	0.00314098
-0.714286	-0.102041	0.00317242
-0.714286	-0.0612245	0.00319134
-0.714286	-0.0204082	0.00319766
-0.714286	0.0204082	0.00319137
-0.714286	0.0612245	0.00317248
-0.714286	0.102041	0.00314107
-0.714286	0.142857	0.00309726
-0.714286	0.183673	0.00304123
-0.714286	0.22449	0.0029732
-0.714286	0.265306	0.00289343
-0.714286	0.306122	0.00280224
-0.714286	0.346939	0.00269999
-0.714286	0.387755	0.00258708
-0.714286	0.428571	0.00246396
-0.714286	0.469388	0.00233112
-0.714286	0.510204	0.00218907
-0.714286	0.55102	0.00203839
-0.714286	0.591837	0.00187965
-0.714286	0.632653	0.0017135
-0.714286	0.673469	0.00154059
-0.714286	0.714286	0.00136159
-0.714286	0.755102	0.00117722
-0.714286	0.795918	0.000988203
-0.714286	0.836735	0.000795285
-0.714286	0.877551	0.000599227
-0.714286	0.918367	0.000400803
-0.714286	0.959184	0.000200798
-0.714286	1	0
-0.673469	-1	0.000223303
-0.673469	-0.959184	0.000445725
-0.673469	-0.918367	0.000666388
-0.673469	-0.877551	0.000884422
-0.673469	-0.836735	0.00109897
-0.673469	-0.795918	0.00130917
-0.673469	-0.755102	0.00151422
-0.673469	-0.714286	0.00171328
-0.673469	-0.673469	0.00190559
-0.673469	-0.632653	0.00209038
-0.673469	-0.591837	0.00226692
-0.673469	-0.55102	0.00243452
-0.673469	-0.510204	0.00259251
-0.673469	-0.469388	0.00274026
-0.673469	-0.428571	0.00287721
-0.673469	-0.387755	0.0030028
-0.673469	-0.346939	0.00311655
-0.673469	-0.306122	0.00321799
-0.673469	-0.265306	0.00330674
-0.673469	-0.22449	0.00338243
-0.673469	-0.183673	0.00344478
-0.673469	-0.142857	0.00349354
-0.673469	-0.102041	0.00352851
-0.673469	-0.0612245	0.00354955
-0.673469	-0.0204082	0.00355659
-0.673469	0.0204082	0.00354958
-0.673469	0.0612245	0.00352857
-0.673469	0.102041	0.00349364
-0.673469	0.142857	0.00344491
-0.673469	0.183673	0.00338259
-0.673469	0.22449	0.00330692
-0.673469	0.265306	0.0032182
-0.673469	0.306122	0.00311677
-0.673469	0.346939	0.00300305
-0.673469	0.387755	0.00287747
-0.673469	0.428571	0.00274053
-0.673469	0.469388	0.00259277
-0.673469	0.510204	0.00243478
-0.673469	0.55102	0.00226718
-0.673469	0.591837	0.00209064
-0.673469	0.632653	0.00190583
-0.673469	0.673469	0.00171351
-0.673469	0.714286	0.00151442
-0.673469	0.755102	0.00130936
-0.673469	0.795918	0.00109912
-0.673469	0.836735	0.000884551
-0.673469	0.877551	0.000666487
-0.673469	0.918367	0.000445792
-0.673469	0.959184	0.000223337
-0.673469	1	0
-0.632653	-1	0.000244957
-0.632653	-0.959184	0.000488948
-0.632653	-0.918367	0.000731009
-0.632653	-0.877551	0.000970186
-0.632653	-0.836735	0.00120554
-0.632653	-0.795918	0.00143613
-0.632653	-0.755102	0.00166105
-0.632653	-0.714286	0.00187943
-0.632653	-0.673469	0.00209038
-0.632653	-0.632653	0.00229309
-0.632653	-0.591837	0.00248675
-0.632653	-0.55102	0.0026706
-0.632653	-0.510204	0.00284391
-0.632653	-0.469388	0.00300599
-0.632653	-0.428571	0.00315622
-0.632653	-0.387755	0.00329399
-0.632653	-0.346939	0.00341876
-0.632653	-0.306122	0.00353005
-0.632653	-0.265306	0.0036274
-0.632653	-0.22449	0.00371044
-0.632653	-0.183673	0.00377883
-0.632653	-0.142857	0.00383231
-0.632653	-0.102041	0.00387067
-0.632653	-0.0612245	0.00389376
-0.632653	-0.0204082	0.00390147
-0.632653	0.0204082	0.00389379
-0.632653	0.0612245	0.00387075
-0.632653	0.102041	0.00383242
-0.632653	0.142857	0.00377897
-0.632653	0.183673	0.00371061
-0.632653	0.22449	0.0036276
-0.632653	0.265306	0.00353027
-0.632653	0.306122	0.00341901
-0.632653	0.346939	0.00329426
-0.632653	0.387755	0.0031565
-0.632653	0.428571	0.00300628
-0.632653	0.469388	0.0028442
-0.632653	0.510204	0.00267089
-0.632653	0.55102	0.00248704
-0.632653	0.591837	0.00229337
-0.632653	0.632653	0.00209065
-0.632653	0.673469	0.00187967
-0.632653	0.714286	0.00166128
-0.632653	0.755102	0.00143633
-0.632653	0.795918	0.00120571
-0.632653	0.836735	0.000970328
-0.632653	0.877551	0.000731117
-0.632653	0.918367	0.000489021
-0.632653	0.959184	0.000244994
-0.632653	1	0
-0.591837	-1	0.000265645
-0.591837	-0.959184	0.000530241
-0.591837	-0.918367	0.000792745
-0.591837	-0.877551	0.00105212
-0.591837	-0.836735	0.00130735
-0.591837	-0.795918	0.00155741
-0.591837	-0.755102	0.00180134
-0.591837	-0.714286	0.00203815
-0.591837	-0.673469	0.00226692
-0.591837	-0.632653	0.00248675
-0.591837	-0.591837	0.00269676
-0.591837	-0.55102	0.00289614
-0.591837	-0.510204	0.00308408
-0.591837	-0.469388	0.00325986
-0.591837	-0.428571	0.00342277
-0.591837	-0.387755	0.00357218
-0.591837	-0.346939	0.00370749
-0.591837	-0.306122	0.00382817
-0.591837	-0.265306	0.00393374
-0.591837	-0.22449	0.0040238
-0.591837	-0.183673	0.00409797
-0.591837	-0.142857	0.00415597
-0.591837	-0.102041	0.00419756
-0.591837	-0.0612245	0.0042226
-0.591837	-0.0204082	0.00423097
-0.591837	0.0204082	0.00422264
-0.591837	0.0612245	0.00419764
-0.591837	0.102041	0.00415608
-0.591837	0.142857	0.00409812
-0.591837	0.183673	0.00402398
-0.591837	0.22449	0.00393396
-0.591837	0.265306	0.00382842
-0.591837	0.306122	0.00370776
-0.591837	0.346939	0.00357247
-0.591837	0.387755	0.00342308
-0.591837	0.428571	0.00326017
-0.591837	0.469388	0.0030844
-0.591837	0.510204	0.00289646
-0.591837	0.55102	0.00269708
-0.591837	0.591837	0.00248705
-0.591837	0.632653	0.00226721
-0.591837	0.673469	0.00203842
-0.591837	0.714286	0.00180158
-0.591837	0.755102	0.00155763
-0.591837	0.795918	0.00130753
-0.591837	0.836735	0.00105228
-0.591837	0.877551	0.000792863
-0.591837	0.918367	0.00053032
-0.591837	0.959184	0.000265685
-0.591837	1	0
-0.55102	-1	0.000285284
-0.55102	-0.959184	0.000569442
-0.55102	-0.918367	0.000851354
-0.55102	-0.877551	0.00112991
-0.55102	-0.836735	0.001404
-0.55102	-0.795918	0.00167255
-0.55102	-0.755102	0.00193451
-0.55102	-0.714286	0.00218883
-0.55102	-0.673469	0.00243452
-0.55102	-0.632653	0.0026706
-0.55102	-0.591837	0.00289614
-0.55102	-0.55102	0.00311025
-0.55102	-0.510204	0.00331209
-0.55102	-0.469388	0.00350086
-0.55102	-0.428571	0.00367582
-0.55102	-0.387755	0.00383627
-0.55102	-0.346939	0.00398159
-0.55102	-0.306122	0.00411119
-0.55102	-0.265306	0.00422457
-0.55102	-0.22449	0.00432128
-0.55102	-0.183673	0.00440093
-0.55102	-0.142857	0.00446322
-0.55102	-0.102041	0.00450789
-0.55102	-0.0612245	0.00453478
-0.55102	-0.0204082	0.00454377
-0.55102	0.0204082	0.00453482
-0.55102	0.0612245	0.00450798
-0.55102	0.102041	0.00446335
-0.55102	0.142857	0.0044011
-0.55102	0.183673	0.00432148
-0.55102	0.22449	0.0042248
-0.55102	0.265306	0.00411145
-0.55102	0.306122	0.00398188
-0.55102	0.346939	0.00383658
-0.55102	0.387755	0.00367615
-0.55102	0.428571	0.0035012
-0.55102	0.469388	0.00331243
-0.55102	0.510204	0.00311059
-0.55102	0.55102	0.00289647
-0.55102	0.591837	0.00267092
-0.55102	0.632653	0.00243483
-0.55102	0.673469	0.00218912
-0.55102	0.714286	0.00193477
-0.55102	0.755102	0.00167279
-0.55102	0.795918	0.0014042
-0.55102	0.836735	0.00113007
-0.55102	0.877551	0.00085148
-0.55102	0.918367	0.000569527
-0.55102	0.959184	0.000285327
-0.55102	1	0
-0.510204	-1	0.000303798
-0.510204	-0.959184	0.000606396
-0.510204	-0.918367	0.000906603
-0.510204	-0.877551	0.00120323
-0.510204	-0.836735	0.00149511
-0.510204	-0.795918	0.0017811
-0.510204	-0.755102	0.00206005
-0.510204	-0.714286	0.00233088
-0.510204	-0.673469	0.00259251
-0.510204	-0.632653	0.00284391
-0.510204	-0.591837	0.00308408
-0.510204	-0.55102	0.00331209
-0.510204	-0.510204	0.00352703
-0.510204	-0.469388	0.00372805
-0.510204	-0.428571	0.00391436
-0.510204	-0.387755	0.00408523
-0.510204	-0.346939	0.00423997
-0.510204	-0.306122	0.00437799
-0.510204	-0.265306	0.00449872
-0.510204	-0.22449	0.00460171
-0.510204	-0.183673	0.00468653
-0.510204	-0.142857	0.00475286
-0.510204	-0.102041	0.00480044
-0.510204	-0.0612245	0.00482906
-0.510204	-0.0204082	0.00483864
-0.510204	0.0204082	0.00482911
-0.510204	0.0612245	0.00480053
-0.510204	0.102041	0.004753
-0.510204	0.142857	0.00468671
-0.510204	0.183673	0.00460192
-0.510204	0.22449	0.00449897
-0.510204	0.265306	0.00437827
-0.510204	0.306122	0.00424028
-0.510204	0.346939	0.00408556
-0.510204	0.387755	0.00391471
-0.510204	0.428571	0.00372841
-0.510204	0.469388	0.0035274
-0.510204	0.510204	0.00331246
-0.510204	0.55102	0.00308444
-0.510204	0.591837	0.00284425
-0.510204	0.632653	0.00259284
-0.510204	0.673469	0.00233118
-0.510204	0.714286	0.00206033
-0.510204	0.755102	0.00178135
-0.510204	0.795918	0.00149533
-0.510204	0.836735	0.00120341
-0.510204	0.877551	0.000906737
-0.510204	0.918367	0.000606487
-0.510204	0.959184	0.000303843
-0.510204	1	0
-0.469388	-1	0.000321112
-0.469388	-0.959184	0.000640958
-0.469388	-0.918367	0.000958274
-0.469388	-0.877551	0.00127181
-0.469388	-0.836735	0.00158033
-0.469388	-0.795918	0.00188261
-0.469388	-0.755102	0.00217746
-0.469388	-0.714286	0.00246372
-0.469388	-0.673469	0.00274026
-0.469388	-0.632653	0.00300599
-0.469388	-0.591837	0.00325986
-0.469388	-0.55102	0.00350086
-0.469388	-0.510204	0.00372805
-0.469388	-0.469388	0.00394053
-0.469388	-0.428571	0.00413746
-0.469388	-0.387755	0.00431807
-0.469388	-0.346939	0.00448163
-0.469388	-0.306122	0.00462751
-0.469388	-0.265306	0.00475513
-0.469388	-0.22449	0.00486398
-0.469388	-0.183673	0.00495364
-0.469388	-0.142857	0.00502375
-0.469388	-0.102041	0.00507404
-0.469388	-0.0612245	0.0051043
-0.469388	-0.0204082	0.00511441
-0.469388	0.0204082	0.00510434
-0.469388	0.0612245	0.00507413
-0.469388	0.102041	0.00502389
-0.469388	0.142857	0.00495383
-0.469388	0.183673	0.00486421
-0.469388	0.22449	0.00475539
-0.469388	0.265306	0.00462781
-0.469388	0.306122	0.00448196
-0.469388	0.346939	0.00431841
-0.469388	0.387755	0.00413783
-0.469388	0.428571	0.00394091
-0.469388	0.469388	0.00372844
-0.469388	0.510204	0.00350125
-0.469388	0.55102	0.00326024
-0.469388	0.591837	0.00300636
-0.469388	0.632653	0.00274061
-0.469388	0.673469	0.00246405
-0.469388	0.714286	0.00217776
-0.469388	0.755102	0.00188287
-0.469388	0.795918	0.00158055
-0.469388	0.836735	0.001272
-0.469388	0.877551	0.000958416
-0.469388	0.918367	0.000641054
-0.469388	0.959184	0.000321161
-0.469388	1	0
-0.428571	-1	0.00033716
-0.428571	-0.959184	0.00067299
-0.428571	-0.918367	0.00100616
-0.428571	-0.877551	0.00133537
-0.428571	-0.836735	0.0016593
-0.428571	-0.795918	0.00197669
-0.428571	-0.755102	0.00228628
-0.428571	-0.714286	0.00258685
-0.428571	-0.673469	0.00287721
-0.428571	-0.632653	0.00315622
-0.428571	-0.591837	0.00342277
-0.428571	-0.55102	0.00367582
-0.428571	-0.510204	0.00391436
-0.428571	-0.469388	0.00413746
-0.428571	-0.428571	0.00434423
-0.428571	-0.387755	0.00453386
-0.428571	-0.346939	0.0047056
-0.428571	-0.306122	0.00485877
-0.428571	-0.265306	0.00499277
-0.428571	-0.22449	0.00510706
-0.428571	-0.183673	0.0052012
-0.428571	-0.142857	0.00527481
-0.428571	-0.102041	0.00532761
-0.428571	-0.0612245	0.00535939
-0.428571	-0.0204082	0.00537001
-0.428571	0.0204082	0.00535944
-0.428571	0.0612245	0.00532771
-0.428571	0.102041	0.00527496
-0.428571	0.142857	0.0052014
-0.428571	0.183673	0.0051073
-0.428571	0.22449	0.00499304
-0.428571	0.265306	0.00485908
-0.428571	0.306122	0.00470594
-0.428571	0.346939	0.00453423
-0.428571	0.387755	0.00434462
-0.428571	0.428571	0.00413786
-0.428571	0.469388	0.00391477
-0.428571	0.510204	0.00367622
-0.428571	0.55102	0.00342317
-0.428571	0.591837	0.0031566
-0.428571	0.632653	0.00287758
-0.428571	0.673469	0.00258719
-0.428571	0.714286	0.00228659
-0.428571	0.755102	0.00197697
-0.428571	0.795918	0.00165954
-0.428571	0.836735	0.00133556
-0.428571	0.877551	0.00100631
-0.428571	0.918367	0.000673091
-0.428571	0.959184	0.000337211
-0.428571	1	0
-0.387755	-1	0.000351877
-0.387755	-0.959184	0.000702367
-0.387755	-0.918367	0.00105008
-0.387755	-0.877551	0.00139366
-0.387755	-0.836735	0.00173173
-0.387755	-0.795918	0.00206298
-0.387755	-0.755102	0.00238608
-0.387755	-0.714286	0.00269977
-0.387755	-0.673469	0.0030028
-0.387755	-0.632653	0.00329399
-0.387755	-0.591837	0.00357218
-0.387755	-0.55102	0.00383627
-0.387755	-0.510204	0.00408523
-0.387755	-0.469388	0.00431807
-0.387755	-0.428571	0.00453386
-0.387755	-0.387755	0.00473177
-0.387755	-0.346939	0.00491101
-0.387755	-0.306122	0.00507086
-0.387755	-0.265306	0.00521071
-0.387755	-0.22449	0.00532999
-0.387755	-0.183673	0.00542824
-0.387755	-0.142857	0.00550506
-0.387755	-0.102041	0.00556017
-0.387755	-0.0612245	0.00559333
-0.387755	-0.0204082	0.00560441
-0.387755	0.0204082	0.00559338
-0.387755	0.0612245	0.00556027
-0.387755	0.102041	0.00550522
-0.387755	0.142857	0.00542844
-0.387755	0.183673	0.00533024
-0.387755	0.22449	0.00521099
-0.387755	0.265306	0.00507119
-0.387755	0.306122	0.00491136
-0.387755	0.346939	0.00473215
-0.387755	0.387755	0.00453427
-0.387755	0.428571	0.00431848
-0.387755	0.469388	0.00408565
-0.387755	0.510204	0.00383669
-0.387755	0.55102	0.00357259
-0.387755	0.591837	0.00329439
-0.387755	0.632653	0.00300319
-0.387755	0.673469	0.00270012
-0.387755	0.714286	0.00238641
-0.387755	0.755102	0.00206327
-0.387755	0.795918	0.00173198
-0.387755	0.836735	0.00139386
-0.387755	0.877551	0.00105024
-0.387755	0.918367	0.000702472
-0.387755	0.959184	0.00035193
-0.387755	1	0
-0.346939	-1	0.000365206
-0.346939	-0.959184	0.000728972
-0.346939	-0.918367	0.00108986
-0.346939	-0.877551	0.00144645
-0.346939	-0.836735	0.00179733
-0.346939	-0.795918	0.00214112
-0.346939	-0.755102	0.00247646
-0.346939	-0.714286	0.00280203
-0.346939	-0.673469	0.00311655
-0.346939	-0.632653	0.00341876
-0.346939	-0.591837	0.00370749
-0.346939	-0.55102	0.00398159
-0.346939	-0.510204	0.00423997
-0.346939	-0.469388	0.00448163
-0.346939	-0.428571	0.0047056
-0.346939	-0.387755	0.00491101
-0.346939	-0.346939	0.00509703
-0.346939	-0.306122	0.00526294
-0.346939	-0.265306	0.00540808
-0.346939	-0.22449	0.00553188
-0.346939	-0.183673	0.00563385
-0.346939	-0.142857	0.00571359
-0.346939	-0.102041	0.00577078
-0.346939	-0.0612245	0.0058052
-0.346939	-0.0204082	0.0058167
-0.346939	0.0204082	0.00580525
-0.346939	0.0612245	0.00577089
-0.346939	0.102041	0.00571375
-0.346939	0.142857	0.00563406
-0.346939	0.183673	0.00553214
-0.346939	0.22449	0.00540838
-0.346939	0.265306	0.00526328
-0.346939	0.306122	0.0050974
-0.346939	0.346939	0.0049114
-0.346939	0.387755	0.00470602
-0.346939	0.428571	0.00448206
-0.346939	0.469388	0.00424041
-0.346939	0.510204	0.00398202
-0.346939	0.55102	0.00370792
-0.346939	0.591837	0.00341918
-0.346939	0.632653	0.00311694
-0.346939	0.673469	0.0028024
-0.346939	0.714286	0.0024768
-0.346939	0.755102	0.00214142
-0.346939	0.795918	0.00179759
-0.346939	0.836735	0.00144666
-0.346939	0.877551	0.00109002
-0.346939	0.918367	0.00072908
-0.346939	0.959184	0.000365261
-0.346939	1	0
-0.306122	-1	0.000377094
-0.306122	-0.959184	0.0007527
-0.306122	-0.918367	0.00112534
-0.306122	-0.877551	0.00149353
-0.306122	-0.836735	0.00185583
-0.306122	-0.795918	0.00221082
-0.306122	-0.755102	0.00255707
-0.306122	-0.714286	0.00289324
-0.306122	-0.673469	0.00321799
-0.306122	-0.632653	0.00353005
-0.306122	-0.591837	0.00382817
-0.306122	-0.55102	0.00411119
-0.306122	-0.510204	0.00437799
-0.306122	-0.469388	0.00462751
-0.306122	-0.428571	0.00485877
-0.306122	-0.387755	0.00507086
-0.306122	-0.346939	0.00526294
-0.306122	-0.306122	0.00543425
-0.306122	-0.265306	0.00558412
-0.306122	-0.22449	0.00571195
-0.306122	-0.183673	0.00581724
-0.306122	-0.142857	0.00589957
-0.306122	-0.102041	0.00595862
-0.306122	-0.0612245	0.00599416
-0.306122	-0.0204082	0.00600604
-0.306122	0.0204082	0.00599421
-0.306122	0.0612245	0.00595873
-0.306122	0.102041	0.00589974
-0.306122	0.142857	0.00581746
-0.306122	0.183673	0.00571221
-0.306122	0.22449	0.00558443
-0.306122	0.265306	0.0054346
-0.306122	0.306122	0.00526332
-0.306122	0.346939	0.00507127
-0.306122	0.387755	0.0048592
-0.306122	0.428571	0.00462795
-0.306122	0.469388	0.00437844
-0.306122	0.510204	0.00411164
-0.306122	0.55102	0.00382861
-0.306122	0.591837	0.00353048
-0.306122	0.632653	0.0032184
-0.306122	0.673469	0.00289362
-0.306122	0.714286	0.00255742
-0.306122	0.755102	0.00221112
-0.306122	0.795918	0.0018561
-0.306122	0.836735	0.00149375
-0.306122	0.877551	0.0011255
-0.306122	0.918367	0.000752812
-0.306122	0.959184	0.000377151
-0.306122	1	0
-0.265306	-1	0.000387493
-0.265306	-0.959184	0.000773458
-0.265306	-0.918367	0.00115637
-0.265306	-0.877551	0.00153472
-0.265306	-0.836735	0.00190702
-0.265306	-0.795918	0.00227179
-0.265306	-0.755102	0.00262759
-0.265306	-0.714286	0.00297303
-0.265306	-0.673469	0.00330674
-0.265306	-0.632653	0.0036274
-0.265306	-0.591837	0.00393374
-0.265306	-0.55102	0.00422457
-0.265306	-0.510204	0.00449872
-0.265306	-0.469388	0.00475513
-0.265306	-0.428571	0.00499277
-0.265306	-0.387755	0.00521071
-0.265306	-0.346939	0.00540808
-0.265306	-0.306122	0.00558412
-0.265306	-0.265306	0.00573812
-0.265306	-0.22449	0.00586947
-0.265306	-0.183673	0.00597767
-0.265306	-0.142857	0.00606227
-0.265306	-0.102041	0.00612295
-0.265306	-0.0612245	0.00615947
-0.265306	-0.0204082	0.00617167
-0.265306	0.0204082	0.00615952
-0.265306	0.0612245	0.00612307
-0.265306	0.102041	0.00606244
-0.265306	0.142857	0.00597789
-0.265306	0.183673	0.00586975
-0.265306	0.22449	0.00573844
-0.265306	0.265306	0.00558448
-0.265306	0.306122	0.00540847
-0.265306	0.346939	0.00521113
-0.265306	0.387755	0.00499321
-0.265306	0.428571	0.00475558
-0.265306	0.469388	0.00449919
-0.265306	0.510204	0.00422503
-0.265306	0.55102	0.0039342
-0.265306	0.591837	0.00362784
-0.265306	0.632653	0.00330716
-0.265306	0.673469	0.00297342
-0.265306	0.714286	0.00262795
-0.265306	0.755102	0.0022721
-0.265306	0.795918	0.00190729
-0.265306	0.836735	0.00153494
-0.265306	0.877551	0.00115654
-0.265306	0.918367	0.000773574
-0.265306	0.959184	0.000387552
-0.265306	1	0
-0.22449	-1	0.000396364
-0.22449	-0.959184	0.000791164
-0.22449	-0.918367	0.00118284
-0.22449	-0.877551	0.00156985
-0.22449	-0.836735	0.00195067
-0.22449	-0.795918	0.00232379
-0.22449	-0.755102	0.00268774
-0.22449	-0.714286	0.00304109
-0.22449	-0.673469	0.00338243
-0.22449	-0.632653	0.00371044
-0.22449	-0.591837	0.0040238
-0.22449	-0.55102	0.00432128
-0.22449	-0.510204	0.00460171
-0.22449	-0.469388	0.00486398
-0.22449	-0.428571	0.00510706
-0.22449	-0.387755	0.00532999
-0.22449	-0.346939	0.00553188
-0.22449	-0.306122	0.00571195
-0.22449	-0.265306	0.00586947
-0.22449	-0.22449	0.00600384
-0.22449	-0.183673	0.00611451
-0.22449	-0.142857	0.00620105
-0.22449	-0.102041	0.00626312
-0.22449	-0.0612245	0.00630047
-0.22449	-0.0204082	0.00631295
-0.22449	0.0204082	0.00630053
-0.22449	0.0612245	0.00626323
-0.22449	0.102041	0.00620122
-0.22449	0.142857	0.00611474
-0.22449	0.183673	0.00600412
-0.22449	0.22449	0.0058698
-0.22449	0.265306	0.00571232
-0.22449	0.306122	0.00553228
-0.22449	0.346939	0.00533042
-0.22449	0.387755	0.00510751
-0.22449	0.428571	0.00486445
-0.22449	0.469388	0.00460218
-0.22449	0.510204	0.00432175
-0.22449	0.55102	0.00402426
-0.22449	0.591837	0.00371089
-0.22449	0.632653	0.00338287
-0.22449	0.673469	0.00304149
-0.22449	0.714286	0.00268811
-0.22449	0.755102	0.00232412
-0.22449	0.795918	0.00195095
-0.22449	0.836735	0.00157008
-0.22449	0.877551	0.00118302
-0.22449	0.918367	0.000791282
-0.22449	0.959184	0.000396423
-0.22449	1	0
-0.183673	-1	0.00040367
-0.183673	-0.959184	0.000805748
-0.183673	-0.918367	0.00120465
-0.183673	-0.877551	0.00159879
-0.183673	-0.836735	0.00198663
-0.183673	-0.795918	0.00236663
-0.183673	-0.755102	0.00273729
-0.183673	-0.714286	0.00309715
-0.183673	-0.673469	0.00344478
-0.183673	-0.632653	0.00377883
-0.183673	-0.591837	0.00409797
-0.183673	-0.55102	0.00440093
-0.183673	-0.510204	0.00468653
-0.183673	-0.469388	0.00495364
-0.183673	-0.428571	0.0052012
-0.183673	-0.387755	0.00542824
-0.183673	-0.346939	0.00563385
-0.183673	-0.306122	0.00581724
-0.183673	-0.265306	0.00597767
-0.183673	-0.22449	0.00611451
-0.183673	-0.183673	0.00622722
-0.183673	-0.142857	0.00631535
-0.183673	-0.102041	0.00637857
-0.183673	-0.0612245	0.00641661
-0.183673	-0.0204082	0.00642932
-0.183673	0.0204082	0.00641667
-0.183673	0.0612245	0.00637869
-0.183673	0.102041	0.00631553
-0.183673	0.142857	0.00622745
-0.183673	0.183673	0.00611479
-0.183673	0.22449	0.005978
-0.183673	0.265306	0.00581761
-0.183673	0.306122	0.00563426
-0.183673	0.346939	0.00542868
-0.183673	0.387755	0.00520166
-0.183673	0.428571	0.00495412
-0.183673	0.469388	0.00468702
-0.183673	0.510204	0.00440142
-0.183673	0.55102	0.00409844
-0.183673	0.591837	0.00377929
-0.183673	0.632653	0.00344522
-0.183673	0.673469	0.00309755
-0.183673	0.714286	0.00273766
-0.183673	0.755102	0.00236696
-0.183673	0.795918	0.00198691
-0.183673	0.836735	0.00159902
-0.183673	0.877551	0.00120482
-0.183673	0.918367	0.000805868
-0.183673	0.959184	0.000403731
-0.183673	1	0
-0.142857	-1	0.000409383
-0.142857	-0.959184	0.000817152
-0.142857	-0.918367	0.0012217
-0.142857	-0.877551	0.00162142
-0.142857	-0.836735	0.00201474
-0.142857	-0.795918	0.00240012
-0.142857	-0.755102	0.00277603
-0.142857	-0.714286	0.00314098
-0.142857	-0.673469	0.00349354
-0.142857	-0.632653	0.00383231
-0.142857	-0.591837	0.00415597
-0.142857	-0.55102	0.00446322
-0.142857	-0.510204	0.00475286
-0.142857	-0.469388	0.00502375
-0.142857	-0.428571	0.00527481
-0.142857	-0.387755	0.00550506
-0.142857	-0.346939	0.00571359
-0.142857	-0.306122	0.00589957
-0.142857	-0.265306	0.00606227
-0.142857	-0.22449	0.00620105
-0.142857	-0.183673	0.00631535
-0.142857	-0.142857	0.00640474
-0.142857	-0.102041	0.00646884
-0.142857	-0.0612245	0.00650742
-0.142857	-0.0204082	0.00652032
-0.142857	0.0204082	0.00650748
-0.142857	0.0612245	0.00646896
-0.142857	0.102041	0.00640492
-0.142857	0.142857	0.00631559
-0.142857	0.183673	0.00620134
-0.142857	0.22449	0.00606261
-0.142857	0.265306	0.00589995
-0.142857	0.306122	0.00571401
-0.142857	0.346939	0.00550551
-0.142857	0.387755	0.00527528
-0.142857	0.428571	0.00502423
-0.142857	0.469388	0.00475335
-0.142857	0.510204	0.00446371
-0.142857	0.55102	0.00415645
-0.142857	0.591837	0.00383278
-0.142857	0.632653	0.00349398
-0.142857	0.673469	0.00314139
-0.142857	0.714286	0.00277641
-0.142857	0.755102	0.00240046
-0.142857	0.795918	0.00201503
-0.142857	0.836735	0.00162166
-0.142857	0.877551	0.00122188
-0.142857	0.918367	0.000817274
-0.142857	0.959184	0.000409445
-0.142857	1	0
-0.102041	-1	0.000413481
-0.102041	-0.959184	0.000825331
-0.102041	-0.918367	0.00123392
-0.102041	-0.877551	0.00163765
-0.102041	-0.836735	0.00203491
-0.102041	-0.795918	0.00242414
-0.102041	-0.755102	0.00280381
-0.102041	-0.714286	0.00317242
-0.102041	-0.673469	0.00352851
-0.102041	-0.632653	0.00387067
-0.102041	-0.591837	0.00419756
-0.102041	-0.55102	0.00450789
-0.102041	-0.510204	0.00480044
-0.102041	-0.469388	0.00507404
-0.102041	-0.428571	0.00532761
-0.102041	-0.387755	0.00556017
-0.102041	-0.346939	0.00577078
-0.102041	-0.306122	0.00595862
-0.102041	-0.265306	0.00612295
-0.102041	-0.22449	0.00626312
-0.102041	-0.183673	0.00637857
-0.102041	-0.142857	0.00646884
-0.102041	-0.102041	0.00653359
-0.102041	-0.0612245	0.00657256
-0.102041	-0.0204082	0.00658558
-0.102041	0.0204082	0.00657262
-0.102041	0.0612245	0.00653372
-0.102041	0.102041	0.00646903
-0.102041	0.142857	0.0063788
-0.102041	0.183673	0.00626341
-0.102041	0.22449	0.00612329
-0.102041	0.265306	0.005959
-0.102041	0.306122	0.0057712
-0.102041	0.346939	0.00556062
-0.102041	0.387755	0.00532808
-0.102041	0.428571	0.00507452
-0.102041	0.469388	0.00480093
-0.102041	0.510204	0.00450839
-0.102041	0.55102	0.00419805
-0.102041	0.591837	0.00387114
-0.102041	0.632653	0.00352896
-0.102041	0.673469	0.00317284
-0.102041	0.714286	0.0028042
-0.102041	0.755102	0.00242448
-0.102041	0.795918	0.0020352
-0.102041	0.836735	0.00163789
-0.102041	0.877551	0.00123411
-0.102041	0.918367	0.000825454
-0.102041	0.959184	0.000413543
-0.102041	1	0
-0.0612245	-1	0.000415947
-0.0612245	-0.959184	0.000830253
-0.0612245	-0.918367	0.00124128
-0.0612245	-0.877551	0.00164741
-0.0612245	-0.836735	0.00204705
-0.0612245	-0.795918	0.0024386
-0.0612245	-0.755102	0.00282053
-0.0612245	-0.714286	0.00319134
-0.0612245	-0.673469	0.00354955
-0.0612245	-0.632653	0.00389376
-0.0612245	-0.591837	0.0042226
-0.0612245	-0.55102	0.00453478
-0.0612245	-0.510204	0.00482906
-0.0612245	-0.469388	0.0051043
-0.0612245	-0.428571	0.00535939
-0.0612245	-0.387755	0.00559333
-0.0612245	-0.346939	0.0058052
-0.0612245	-0.306122	0.00599416
-0.0612245	-0.265306	0.00615947
-0.0612245	-0.22449	0.00630047
-0.0612245	-0.183673	0.00641661
-0.0612245	-0.142857	0.00650742
-0.0612245	-0.102041	0.00657256
-0.0612245	-0.0612245	0.00661175
-0.0612245	-0.0204082	0.00662486
-0.0612245	0.0204082	0.00661182
-0.0612245	0.0612245	0.00657268
-0.0612245	0.102041	0.0065076
-0.0612245	0.142857	0.00641685
-0.0612245	0.183673	0.00630076
-0.0612245	0.22449	0.00615981
-0.0612245	0.265306	0.00599454
-0.0612245	0.306122	0.00580562
-0.0612245	0.346939	0.00559378
-0.0612245	0.387755	0.00535986
-0.0612245	0.428571	0.00510479
-0.0612245	0.469388	0.00482956
-0.0612245	0.510204	0.00453528
-0.0612245	0.55102	0.00422309
-0.0612245	0.591837	0.00389423
-0.0612245	0.632653	0.00355
-0.0612245	0.673469	0.00319176
-0.0612245	0.714286	0.00282092
-0.0612245	0.755102	0.00243894
-0.0612245	0.795918	0.00204734
-0.0612245	0.836735	0.00164766
-0.0612245	0.877551	0.00124147
-0.0612245	0.918367	0.000830377
-0.0612245	0.959184	0.00041601
-0.0612245	1	0
-0.0204082	-1	0.000416771
-0.0204082	-0.959184	0.000831898
-0.0204082	-0.918367	0.00124374
-0.0204082	-0.877551	0.00165068
-0.0204082	-0.836735	0.0020511
-0.0204082	-0.795918	0.00244344
-0.0204082	-0.755102	0.00282613
-0.0204082	-0.714286	0.00319766
-0.0204082	-0.673469	0.00355659
-0.0204082	-0.632653	0.00390147
-0.0204082	-0.591837	0.00423097
-0.0204082	-0.55102	0.00454377
-0.0204082	-0.510204	0.00483864
-0.0204082	-0.469388	0.00511441
-0.0204082	-0.428571	0.00537001
-0.0204082	-0.387755	0.00560441
-0.0204082	-0.346939	0.0058167
-0.0204082	-0.306122	0.00600604
-0.0204082	-0.265306	0.00617167
-0.0204082	-0.22449	0.00631295
-0.0204082	-0.183673	0.00642932
-0.0204082	-0.142857	0.00652032
-0.0204082	-0.102041	0.00658558
-0.0204082	-0.0612245	0.00662486
-0.0204082	-0.0204082	0.00663799
-0.0204082	0.0204082	0.00662492
-0.0204082	0.0612245	0.00658571
-0.0204082	0.102041	0.0065205
-0.0204082	0.142857	0.00642956
-0.0204082	0.183673	0.00631325
-0.0204082	0.22449	0.00617202
-0.0204082	0.265306	0.00600642
-0.0204082	0.306122	0.00581712
-0.0204082	0.346939	0.00560486
-0.0204082	0.387755	0.00537048
-0.0204082	0.428571	0.0051149
-0.0204082	0.469388	0.00483913
-0.0204082	0.510204	0.00454426
-0.0204082	0.55102	0.00423146
-0.0204082	0.591837	0.00390195
-0.0204082	0.632653	0.00355704
-0.0204082	0.673469	0.00319809
-0.0204082	0.714286	0.00282651
-0.0204082	0.755102	0.00244378
-0.0204082	0.795918	0.0020514
-0.0204082	0.836735	0.00165092
-0.0204082	0.877551	0.00124393
-0.0204082	0.918367	0.000832023
-0.0204082	0.959184	0.000416834
-0.0204082	1	0
0.0204082	-1	0.000415951
0.0204082	-0.959184	0.000830261
0.0204082	-0.918367	0.00124129
0.0204082	-0.877551	0.00164743
0.0204082	-0.836735	0.00204707
0.0204082	-0.795918	0.00243863
0.0204082	-0.755102	0.00282056
0.0204082	-0.714286	0.00319137
0.0204082	-0.673469	0.00354958
0.0204082	-0.632653	0.00389379
0.0204082	-0.591837	0.00422264
0.0204082	-0.55102	0.00453482
0.0204082	-0.510204	0.00482911
0.0204082	-0.469388	0.00510434
0.0204082	-0.428571	0.00535944
0.0204082	-0.387755	0.00559338
0.0204082	-0.346939	0.00580525
0.0204082	-0.306122	0.00599421
0.0204082	-0.265306	0.00615952
0.0204082	-0.22449	0.00630053
0.0204082	-0.183673	0.00641667
0.0204082	-0.142857	0.00650748
0.0204082	-0.102041	0.00657262
0.0204082	-0.0612245	0.00661182
0.0204082	-0.0204082	0.00662492
0.0204082	0.0204082	0.00661188
0.0204082	0.0612245	0.00657274
0.0204082	0.102041	0.00650767
0.0204082	0.142857	0.00641691
0.0204082	0.183673	0.00630082
0.0204082	0.22449	0.00615987
0.0204082	0.265306	0.0059946
0.0204082	0.306122	0.00580567
0.0204082	0.346939	0.00559383
0.0204082	0.387755	0.00535991
0.0204082	0.428571	0.00510483
0.0204082	0.469388	0.00482961
0.0204082	0.510204	0.00453532
0.0204082	0.55102	0.00422313
0.0204082	0.591837	0.00389427
0.0204082	0.632653	0.00355004
0.0204082	0.673469	0.00319179
0.0204082	0.714286	0.00282095
0.0204082	0.755102	0.00243897
0.0204082	0.795918	0.00204736
0.0204082	0.836735	0.00164767
0.0204082	0.877551	0.00124148
0.0204082	0.918367	0.000830385
0.0204082	0.959184	0.000416013
0.0204082	1	0
0.0612245	-1	0.000413489
0.0612245	-0.959184	0.000825346
0.0612245	-0.918367	0.00123395
0.0612245	-0.877551	0.00163768
0.0612245	-0.836735	0.00203495
0.0612245	-0.795918	0.00242419
0.0612245	-0.755102	0.00280387
0.0612245	-0.714286	0.00317248
0.0612245	-0.673469	0.00352857
0.0612245	-0.632653	0.00387075
0.0612245	-0.591837	0.00419764
0.0612245	-0.55102	0.00450798
0.0612245	-0.510204	0.00480053
0.0612245	-0.469388	0.00507413
0.0612245	-0.428571	0.00532771
0.0612245	-0.387755	0.00556027
0.0612245	-0.346939	0.00577089
0.0612245	-0.306122	0.00595873
0.0612245	-0.265306	0.00612307
0.0612245	-0.22449	0.00626323
0.0612245	-0.183673	0.00637869
0.0612245	-0.142857	0.00646896
0.0612245	-0.102041	0.00653372
0.0612245	-0.0612245	0.00657268
0.0612245	-0.0204082	0.00658571
0.0612245	0.0204082	0.00657274
0.0612245	0.0612245	0.00653384
0.0612245	0.102041	0.00646915
0.0612245	0.142857	0.00637892
0.0612245	0.183673	0.00626353
0.0612245	0.22449	0.00612341
0.0612245	0.265306	0.00595912
0.0612245	0.306122	0.00577131
0.0612245	0.346939	0.00556072
0.0612245	0.387755	0.00532818
0.0612245	0.428571	0.00507462
0.0612245	0.469388	0.00480102
0.0612245	0.510204	0.00450847
0.0612245	0.55102	0.00419813
0.0612245	0.591837	0.00387122
0.0612245	0.632653	0.00352902
0.0612245	0.673469	0.0031729
0.0612245	0.714286	0.00280425
0.0612245	0.755102	0.00242453
0.0612245	0.795918	0.00203524
0.0612245	0.836735	0.00163792
0.0612245	0.877551	0.00123413
0.0612245	0.918367	0.00082547
0.0612245	0.959184	0.000413551
0.0612245	1	0
0.102041	-1	0.000409395
0.102041	-0.959184	0.000817175
0.102041	-0.918367	0.00122173
0.102041	-0.877551	0.00162146
0.102041	-0.836735	0.0020148
0.102041	-0.795918	0.00240019
0.102041	-0.755102	0.00277611
0.102041	-0.714286	0.00314107
0.102041	-0.673469	0.00349364
0.102041	-0.632653	0.00383242
0.102041	-0.591837	0.00415608
0.102041	-0.55102	0.00446335
0.102041	-0.510204	0.004753
0.102041	-0.469388	0.00502389
0.102041	-0.428571	0.00527496
0.102041	-0.387755	0.00550522
0.102041	-0.346939	0.00571375
0.102041	-0.306122	0.00589974
0.102041	-0.265306	0.00606244
0.102041	-0.22449	0.00620122
0.102041	-0.183673	0.00631553
0.102041	-0.142857	0.00640492
0.102041	-0.102041	0.00646903
0.102041	-0.0612245	0.0065076
0.102041	-0.0204082	0.0065205
0.102041	0.0204082	0.00650767
0.102041	0.0612245	0.00646915
0.102041	0.102041	0.0064051
0.102041	0.142857	0.00631577
0.102041	0.183673	0.00620151
0.102041	0.22449	0.00606278
0.102041	0.265306	0.00590012
0.102041	0.306122	0.00571417
0.102041	0.346939	0.00550566
0.102041	0.387755	0.00527543
0.102041	0.428571	0.00502437
0.102041	0.469388	0.00475349
0.102041	0.510204	0.00446384
0.102041	0.55102	0.00415657
0.102041	0.591837	0.00383289
0.102041	0.632653	0.00349408
0.102041	0.673469	0.00314148
0.102041	0.714286	0.00277648
0.102041	0.755102	0.00240053
0.102041	0.795918	0.00201509
0.102041	0.836735	0.0016217
0.102041	0.877551	0.00122191
0.102041	0.918367	0.000817297
0.102041	0.959184	0.000409457
0.102041	1	0
0.142857	-1	0.000403685
0.142857	-0.959184	0.000805778
0.142857	-0.918367	0.00120469
0.142857	-0.877551	0.00159885
0.142857	-0.836735	0.0019867
0.142857	-0.795918	0.00236671
0.142857	-0.755102	0.00273739
0.142857	-0.714286	0.00309726
0.142857	-0.673469	0.00344491
0.142857	-0.632653	0.00377897
0.142857	-0.591837	0.00409812
0.142857	-0.55102	0.0044011
0.142857	-0.510204	0.00468671
0.142857	-0.469388	0.00495383
0.142857	-0.428571	0.0052014
0.142857	-0.387755	0.00542844
0.142857	-0.346939	0.00563406
0.142857	-0.306122	0.00581746
0.142857	-0.265306	0.00597789
0.142857	-0.22449	0.00611474
0.142857	-0.183673	0.00622745
0.142857	-0.142857	0.00631559
0.142857	-0.102041	0.0063788
0.142857	-0.0612245	0.00641685
0.142857	-0.0204082	0.00642956
0.142857	0.0204082	0.00641691
0.142857	0.0612245	0.00637892
0.142857	0.102041	0.00631577
0.142857	0.142857	0.00622768
0.142857	0.183673	0.00611502
0.142857	0.22449	0.00597822
0.142857	0.265306	0.00581783
0.142857	0.306122	0.00563447
0.142857	0.346939	0.00542888
0.142857	0.387755	0.00520186
0.142857	0.428571	0.0049543
0.142857	0.469388	0.00468719
0.142857	0.510204	0.00440158
0.142857	0.55102	0.0040986
0.142857	0.591837	0.00377943
0.142857	0.632653	0.00344535
0.142857	0.673469	0.00309767
0.142857	0.714286	0.00273776
0.142857	0.755102	0.00236705
0.142857	0.795918	0.00198699
0.142857	0.836735	0.00159908
0.142857	0.877551	0.00120487
0.142857	0.918367	0.000805898
0.142857	0.959184	0.000403746
0.142857	1	0
0.183673	-1	0.000396382
0.183673	-0.959184	0.000791201
0.183673	-0.918367	0.0011829
0.183673	-0.877551	0.00156993
0.183673	-0.836735	0.00195076
0.183673	-0.795918	0.0023239
0.183673	-0.755102	0.00268787
0.183673	-0.714286	0.00304123
0.183673	-0.673469	0.00338259
0.183673	-0.632653	0.00371061
0.183673	-0.591837	0.00402398
0.183673	-0.55102	0.00432148
0.183673	-0.510204	0.00460192
0.183673	-0.469388	0.00486421
0.183673	-0.428571	0.0051073
0.183673	-0.387755	0.00533024
0.183673	-0.346939	0.00553214
0.183673	-0.306122	0.00571221
0.183673	-0.265306	0.00586975
0.183673	-0.22449	0.00600412
0.183673	-0.183673	0.00611479
0.183673	-0.142857	0.00620134
0.183673	-0.102041	0.00626341
0.183673	-0.0612245	0.00630076
0.183673	-0.0204082	0.00631325
0.183673	0.0204082	0.00630082
0.183673	0.0612245	0.00626353
0.183673	0.102041	0.00620151
0.183673	0.142857	0.00611502
0.183673	0.183673	0.0060044
0.183673	0.22449	0.00587007
0.183673	0.265306	0.00571258
0.183673	0.306122	0.00553254
0.183673	0.346939	0.00533067
0.183673	0.387755	0.00510775
0.183673	0.428571	0.00486467
0.183673	0.469388	0.0046024
0.183673	0.510204	0.00432195
0.183673	0.55102	0.00402445
0.183673	0.591837	0.00371106
0.183673	0.632653	0.00338302
0.183673	0.673469	0.00304163
0.183673	0.714286	0.00268823
0.183673	0.755102	0.00232422
0.183673	0.795918	0.00195104
0.183673	0.836735	0.00157016
0.183673	0.877551	0.00118307
0.183673	0.918367	0.000791319
0.183673	0.959184	0.000396442
0.183673	1	0
0.22449	-1	0.000387515
0.22449	-0.959184	0.000773501
0.22449	-0.918367	0.00115643
0.22449	-0.877551	0.00153481
0.22449	-0.836735	0.00190712
0.22449	-0.795918	0.00227191
0.22449	-0.755102	0.00262774
0.22449	-0.714286	0.0029732
0.22449	-0.673469	0.00330692
0.22449	-0.632653	0.0036276
0.22449	-0.591837	0.00393396
0.22449	-0.55102	0.0042248
0.22449	-0.510204	0.00449897
0.22449	-0.469388	0.00475539
0.22449	-0.428571	0.00499304
0.22449	-0.387755	0.00521099
0.22449	-0.346939	0.00540838
0.22449	-0.306122	0.00558443
0.22449	-0.265306	0.00573844
0.22449	-0.22449	0.0058698
0.22449	-0.183673	0.005978
0.22449	-0.142857	0.00606261
0.22449	-0.102041	0.00612329
0.22449	-0.0612245	0.00615981
0.22449	-0.0204082	0.00617202
0.22449	0.0204082	0.00615987
0.22449	0.0612245	0.00612341
0.22449	0.102041	0.00606278
0.22449	0.142857	0.00597822
0.22449	0.183673	0.00587007
0.22449	0.22449	0.00573875
0.22449	0.265306	0.00558479
0.22449	0.306122	0.00540877
0.22449	0.346939	0.00521142
0.22449	0.387755	0.00499349
0.22449	0.428571	0.00475585
0.22449	0.469388	0.00449944
0.22449	0.510204	0.00422527
0.22449	0.55102	0.00393442
0.22449	0.591837	0.00362804
0.22449	0.632653	0.00330734
0.22449	0.673469	0.00297359
0.22449	0.714286	0.0026281
0.22449	0.755102	0.00227223
0.22449	0.795918	0.00190739
0.22449	0.836735	0.00153503
0.22449	0.877551	0.00115661
0.22449	0.918367	0.000773616
0.22449	0.959184	0.000387573
0.22449	1	0
0.265306	-1	0.000377118
0.265306	-0.959184	0.000752748
0.265306	-0.918367	0.00112541
0.265306	-0.877551	0.00149363
0.265306	-0.836735	0.00185595
0.265306	-0.795918	0.00221096
0.265306	-0.755102	0.00255724
0.265306	-0.714286	0.00289343
0.265306	-0.673469	0.0032182
0.265306	-0.632653	0.00353027
0.265306	-0.591837	0.00382842
0.265306	-0.55102	0.00411145
0.265306	-0.510204	0.00437827
0.265306	-0.469388	0.00462781
0.265306	-0.428571	0.00485908
0.265306	-0.387755	0.00507119
0.265306	-0.346939	0.00526328
0.265306	-0.306122	0.0054346
0.265306	-0.265306	0.00558448
0.265306	-0.22449	0.00571232
0.265306	-0.183673	0.00581761
0.265306	-0.142857	0.00589995
0.265306	-0.102041	0.005959
0.265306	-0.0612245	0.00599454
0.265306	-0.0204082	0.00600642
0.265306	0.0204082	0.0059946
0.265306	0.0612245	0.00595912
0.265306	0.102041	0.00590012
0.265306	0.142857	0.00581783
0.265306	0.183673	0.00571258
0.265306	0.22449	0.00558479
0.265306	0.265306	0.00543495
0.265306	0.306122	0.00526366
0.265306	0.346939	0.0050716
0.265306	0.387755	0.00485951
0.265306	0.428571	0.00462825
0.265306	0.469388	0.00437872
0.265306	0.510204	0.00411191
0.265306	0.55102	0.00382886
0.265306	0.591837	0.0035307
0.265306	0.632653	0.00321861
0.265306	0.673469	0.00289381
0.265306	0.714286	0.00255758
0.265306	0.755102	0.00221127
0.265306	0.795918	0.00185622
0.265306	0.836735	0.00149385
0.265306	0.877551	0.00112557
0.265306	0.918367	0.000752861
0.265306	0.959184	0.000377175
0.265306	1	0
0.306122	-1	0.000365233
0.306122	-0.959184	0.000729024
0.306122	-0.918367	0.00108994
0.306122	-0.877551	0.00144655
0.306122	-0.836735	0.00179746
0.306122	-0.795918	0.00214128
0.306122	-0.755102	0.00247664
0.306122	-0.714286	0.00280224
0.306122	-0.673469	0.00311677
0.306122	-0.632653	0.00341901
0.306122	-0.591837	0.00370776
0.306122	-0.55102	0.00398188
0.306122	-0.510204	0.00424028
0.306122	-0.469388	0.00448196
0.306122	-0.428571	0.00470594
0.306122	-0.387755	0.00491136
0.306122	-0.346939	0.0050974
0.306122	-0.306122	0.00526332
0.306122	-0.265306	0.00540847
0.306122	-0.22449	0.00553228
0.306122	-0.183673	0.00563426
0.306122	-0.142857	0.00571401
0.306122	-0.102041	0.0057712
0.306122	-0.0612245	0.00580562
0.306122	-0.0204082	0.00581712
0.306122	0.0204082	0.00580567
0.306122	0.0612245	0.00577131
0.306122	0.102041	0.00571417
0.306122	0.142857	0.00563447
0.306122	0.183673	0.00553254
0.306122	0.22449	0.00540877
0.306122	0.265306	0.00526366
0.306122	0.306122	0.00509777
0.306122	0.346939	0.00491176
0.306122	0.387755	0.00470636
0.306122	0.428571	0.00448239
0.306122	0.469388	0.00424072
0.306122	0.510204	0.00398231
0.306122	0.55102	0.00370819
0.306122	0.591837	0.00341943
0.306122	0.632653	0.00311717
0.306122	0.673469	0.00280261
0.306122	0.714286	0.00247698
0.306122	0.755102	0.00214158
0.306122	0.795918	0.00179772
0.306122	0.836735	0.00144677
0.306122	0.877551	0.0010901
0.306122	0.918367	0.000729133
0.306122	0.959184	0.000365288
0.306122	1	0
0.346939	-1	0.000351906
0.346939	-0.959184	0.000702423
0.346939	-0.918367	0.00105017
0.346939	-0.877551	0.00139377
0.346939	-0.836735	0.00173187
0.346939	-0.795918	0.00206314
0.346939	-0.755102	0.00238627
0.346939	-0.714286	0.00269999
0.346939	-0.673469	0.00300305
0.346939	-0.632653	0.00329426
0.346939	-0.591837	0.00357247
0.346939	-0.55102	0.00383658
0.346939	-0.510204	0.00408556
0.346939	-0.469388	0.00431841
0.346939	-0.428571	0.00453423
0.346939	-0.387755	0.00473215
0.346939	-0.346939	0.0049114
0.346939	-0.306122	0.00507127
0.346939	-0.265306	0.00521113
0.346939	-0.22449	0.00533042
0.346939	-0.183673	0.00542868
0.346939	-0.142857	0.00550551
0.346939	-0.102041	0.00556062
0.346939	-0.0612245	0.00559378
0.346939	-0.0204082	0.00560486
0.346939	0.0204082	0.00559383
0.346939	0.0612245	0.00556072
0.346939	0.102041	0.00550566
0.346939	0.142857	0.00542888
0.346939	0.183673	0.00533067
0.346939	0.22449	0.00521142
0.346939	0.265306	0.0050716
0.346939	0.306122	0.00491176
0.346939	0.346939	0.00473253
0.346939	0.387755	0.00453463
0.346939	0.428571	0.00431883
0.346939	0.469388	0.00408598
0.346939	0.510204	0.003837
0.346939	0.55102	0.00357288
0.346939	0.591837	0.00329466
0.346939	0.632653	0.00300343
0.346939	0.673469	0.00270034
0.346939	0.714286	0.0023866
0.346939	0.755102	0.00206343
0.346939	0.795918	0.00173212
0.346939	0.836735	0.00139397
0.346939	0.877551	0.00105032
0.346939	0.918367	0.000702528
0.346939	0.959184	0.000351959
0.346939	1	0
0.387755	-1	0.00033719
0.387755	-0.959184	0.00067305
0.387755	-0.918367	0.00100625
0.387755	-0.877551	0.00133549
0.387755	-0.836735	0.00165945
0.387755	-0.795918	0.00197687
0.387755	-0.755102	0.00228648
0.387755	-0.714286	0.00258708
0.387755	-0.673469	0.00287747
0.387755	-0.632653	0.0031565
0.387755	-0.591837	0.00342308
0.387755	-0.55102	0.00367615
0.387755	-0.510204	0.00391471
0.387755	-0.469388	0.00413783
0.387755	-0.428571	0.00434462
0.387755	-0.387755	0.00453427
0.387755	-0.346939	0.00470602
0.387755	-0.306122	0.0048592
0.387755	-0.265306	0.00499321
0.387755	-0.22449	0.00510751
0.387755	-0.183673	0.00520166
0.387755	-0.142857	0.00527528
0.387755	-0.102041	0.00532808
0.387755	-0.0612245	0.00535986
0.387755	-0.0204082	0.00537048
0.387755	0.0204082	0.00535991
0.387755	0.0612245	0.00532818
0.387755	0.102041	0.00527543
0.387755	0.142857	0.00520186
0.387755	0.183673	0.00510775
0.387755	0.22449	0.00499349
0.387755	0.265306	0.00485951
0.387755	0.306122	0.00470636
0.387755	0.346939	0.00453463
0.387755	0.387755	0.004345
0.387755	0.428571	0.00413823
0.387755	0.469388	0.00391511
0.387755	0.510204	0.00367655
0.387755	0.55102	0.00342347
0.387755	0.591837	0.00315688
0.387755	0.632653	0.00287783
0.387755	0.673469	0.00258742
0.387755	0.714286	0.0022868
0.387755	0.755102	0.00197714
0.387755	0.795918	0.00165969
0.387755	0.836735	0.00133568
0.387755	0.877551	0.0010064
0.387755	0.918367	0.00067315
0.387755	0.959184	0.000337241
0.387755	1	0
0.428571	-1	0.000321143
0.428571	-0.959184	0.000641019
0.428571	-0.918367	0.000958366
0.428571	-0.877551	0.00127193
0.428571	-0.836735	0.00158048
0.428571	-0.795918	0.00188279
0.428571	-0.755102	0.00217767
0.428571	-0.714286	0.00246396
0.428571	-0.673469	0.00274053
0.428571	-0.632653	0.00300628
0.428571	-0.591837	0.00326017
0.428571	-0.55102	0.0035012
0.428571	-0.510204	0.00372841
0.428571	-0.469388	0.00394091
0.428571	-0.428571	0.00413786
0.428571	-0.387755	0.00431848
0.428571	-0.346939	0.00448206
0.428571	-0.306122	0.00462795
0.428571	-0.265306	0.00475558
0.428571	-0.22449	0.00486445
0.428571	-0.183673	0.00495412
0.428571	-0.142857	0.00502423
0.428571	-0.102041	0.00507452
0.428571	-0.0612245	0.00510479
0.428571	-0.0204082	0.0051149
0.428571	0.0204082	0.00510483
0.428571	0.0612245	0.00507462
0.428571	0.102041	0.00502437
0.428571	0.142857	0.0049543
0.428571	0.183673	0.00486467
0.428571	0.22449	0.00475585
0.428571	0.265306	0.00462825
0.428571	0.306122	0.00448239
0.428571	0.346939	0.00431883
0.428571	0.387755	0.00413823
0.428571	0.428571	0.00394129
0.428571	0.469388	0.0037288
0.428571	0.510204	0.00350158
0.428571	0.55102	0.00326055
0.428571	0.591837	0.00300665
0.428571	0.632653	0.00274088
0.428571	0.673469	0.00246429
0.428571	0.714286	0.00217797
0.428571	0.755102	0.00188305
0.428571	0.795918	0.00158071
0.428571	0.836735	0.00127212
0.428571	0.877551	0.000958508
0.428571	0.918367	0.000641115
0.428571	0.959184	0.000321192
0.428571	1	0
0.469388	-1	0.000303829
0.469388	-0.959184	0.000606459
0.469388	-0.918367	0.000906696
0.469388	-0.877551	0.00120336
0.469388	-0.836735	0.00149527
0.469388	-0.795918	0.00178128
0.469388	-0.755102	0.00206026
0.469388	-0.714286	0.00233112
0.469388	-0.673469	0.00259277
0.469388	-0.632653	0.0028442
0.469388	-0.591837	0.0030844
0.469388	-0.55102	0.00331243
0.469388	-0.510204	0.0035274
0.469388	-0.469388	0.00372844
0.469388	-0.428571	0.00391477
0.469388	-0.387755	0.00408565
0.469388	-0.346939	0.00424041
0.469388	-0.306122	0.00437844
0.469388	-0.265306	0.00449919
0.469388	-0.22449	0.00460218
0.469388	-0.183673	0.00468702
0.469388	-0.142857	0.00475335
0.469388	-0.102041	0.00480093
0.469388	-0.0612245	0.00482956
0.469388	-0.0204082	0.00483913
0.469388	0.0204082	0.00482961
0.469388	0.0612245	0.00480102
0.469388	0.102041	0.00475349
0.469388	0.142857	0.00468719
0.469388	0.183673	0.0046024
0.469388	0.22449	0.00449944
0.469388	0.265306	0.00437872
0.469388	0.306122	0.00424072
0.469388	0.346939	0.00408598
0.469388	0.387755	0.00391511
0.469388	0.428571	0.0037288
0.469388	0.469388	0.00352776
0.469388	0.510204	0.0033128
0.469388	0.55102	0.00308476
0.469388	0.591837	0.00284454
0.469388	0.632653	0.0025931
0.469388	0.673469	0.00233142
0.469388	0.714286	0.00206054
0.469388	0.755102	0.00178153
0.469388	0.795918	0.00149548
0.469388	0.836735	0.00120353
0.469388	0.877551	0.00090683
0.469388	0.918367	0.00060655
0.469388	0.959184	0.000303875
0.469388	1	0
0.510204	-1	0.000285315
0.510204	-0.959184	0.000569505
0.510204	-0.918367	0.000851447
0.510204	-0.877551	0.00113003
0.510204	-0.836735	0.00140415
0.510204	-0.795918	0.00167274
0.510204	-0.755102	0.00193472
0.510204	-0.714286	0.00218907
0.510204	-0.673469	0.00243478
0.510204	-0.632653	0.00267089
0.510204	-0.591837	0.00289646
0.510204	-0.55102	0.00311059
0.510204	-0.510204	0.00331246
0.510204	-0.469388	0.00350125
0.510204	-0.428571	0.00367622
0.510204	-0.387755	0.00383669
0.510204	-0.346939	0.00398202
0.510204	-0.306122	0.00411164
0.510204	-0.265306	0.00422503
0.510204	-0.22449	0.00432175
0.510204	-0.183673	0.00440142
0.510204	-0.142857	0.00446371
0.510204	-0.102041	0.00450839
0.510204	-0.0612245	0.00453528
0.510204	-0.0204082	0.00454426
0.510204	0.0204082	0.00453532
0.510204	0.0612245	0.00450847
0.510204	0.102041	0.00446384
0.510204	0.142857	0.00440158
0.510204	0.183673	0.00432195
0.510204	0.22449	0.00422527
0.510204	0.265306	0.00411191
0.510204	0.306122	0.00398231
0.510204	0.346939	0.003837
0.510204	0.387755	0.00367655
0.510204	0.428571	0.00350158
0.510204	0.469388	0.0033128
0.510204	0.510204	0.00311093
0.510204	0.55102	0.00289679
0.510204	0.591837	0.00267121
0.510204	0.632653	0.00243509
0.510204	0.673469	0.00218936
0.510204	0.714286	0.00193499
0.510204	0.755102	0.00167297
0.510204	0.795918	0.00140436
0.510204	0.836735	0.0011302
0.510204	0.877551	0.000851573
0.510204	0.918367	0.00056959
0.510204	0.959184	0.000285358
0.510204	1	0
0.55102	-1	0.000265675
0.55102	-0.959184	0.000530303
0.55102	-0.918367	0.000792837
0.55102	-0.877551	0.00105224
0.55102	-0.836735	0.0013075
0.55102	-0.795918	0.00155759
0.55102	-0.755102	0.00180154
0.55102	-0.714286	0.00203839
0.55102	-0.673469	0.00226718
0.55102	-0.632653	0.00248704
0.55102	-0.591837	0.00269708
0.55102	-0.55102	0.00289647
0.55102	-0.510204	0.00308444
0.55102	-0.469388	0.00326024
0.55102	-0.428571	0.00342317
0.55102	-0.387755	0.00357259
0.55102	-0.346939	0.00370792
0.55102	-0.306122	0.00382861
0.55102	-0.265306	0.0039342
0.55102	-0.22449	0.00402426
0.55102	-0.183673	0.00409844
0.55102	-0.142857	0.00415645
0.55102	-0.102041	0.00419805
0.55102	-0.0612245	0.00422309
0.55102	-0.0204082	0.00423146
0.55102	0.0204082	0.00422313
0.55102	0.0612245	0.00419813
0.55102	0.102041	0.00415657
0.55102	0.142857	0.0040986
0.55102	0.183673	0.00402445
0.55102	0.22449	0.00393442
0.55102	0.265306	0.00382886
0.55102	0.306122	0.00370819
0.55102	0.346939	0.00357288
0.55102	0.387755	0.00342347
0.55102	0.428571	0.00326055
0.55102	0.469388	0.00308476
0.55102	0.510204	0.00289679
0.55102	0.55102	0.00269739
0.55102	0.591837	0.00248734
0.55102	0.632653	0.00226747
0.55102	0.673469	0.00203865
0.55102	0.714286	0.00180179
0.55102	0.755102	0.00155781
0.55102	0.795918	0.00130769
0.55102	0.836735	0.0010524
0.55102	0.877551	0.000792955
0.55102	0.918367	0.000530382
0.55102	0.959184	0.000265715
0.55102	1	0
0.591837	-1	0.000244987
0.591837	-0.959184	0.000489007
0.591837	-0.918367	0.000731098
0.591837	-0.877551	0.000970304
0.591837	-0.836735	0.00120568
0.591837	-0.795918	0.0014363
0.591837	-0.755102	0.00166126
0.591837	-0.714286	0.00187965
0.591837	-0.673469	0.00209064
0.591837	-0.632653	0.00229337
0.591837	-0.591837	0.00248705
0.591837	-0.55102	0.00267092
0.591837	-0.510204	0.00284425
0.591837	-0.469388	0.00300636
0.591837	-0.428571	0.0031566
0.591837	-0.387755	0.00329439
0.591837	-0.346939	0.00341918
0.591837	-0.306122	0.00353048
0.591837	-0.265306	0.00362784
0.591837	-0.22449	0.00371089
0.591837	-0.183673	0.00377929
0.591837	-0.142857	0.00383278
0.591837	-0.102041	0.00387114
0.591837	-0.0612245	0.00389423
0.591837	-0.0204082	0.00390195
0.591837	0.0204082	0.00389427
0.591837	0.0612245	0.00387122
0.591837	0.102041	0.00383289
0.591837	0.142857	0.00377943
0.591837	0.183673	0.00371106
0.591837	0.22449	0.00362804
0.591837	0.265306	0.0035307
0.591837	0.306122	0.00341943
0.591837	0.346939	0.00329466
0.591837	0.387755	0.00315688
0.591837	0.428571	0.00300665
0.591837	0.469388	0.00284454
0.591837	0.510204	0.00267121
0.591837	0.55102	0.00248734
0.591837	0.591837	0.00229365
0.591837	0.632653	0.0020909
0.591837	0.673469	0.0018799
0.591837	0.714286	0.00166148
0.591837	0.755102	0.0014365
0.591837	0.795918	0.00120585
0.591837	0.836735	0.000970446
0.591837	0.877551	0.000731206
0.591837	0.918367	0.00048908
0.591837	0.959184	0.000245024
0.591837	1	0
0.632653	-1	0.000223331
0.632653	-0.959184	0.000445782
0.632653	-0.918367	0.000666473
0.632653	-0.877551	0.000884535
0.632653	-0.836735	0.00109911
0.632653	-0.795918	0.00130934
0.632653	-0.755102	0.00151441
0.632653	-0.714286	0.0017135
0.632653	-0.673469	0.00190583
0.632653	-0.632653	0.00209065
0.632653	-0.591837	0.00226721
0.632653	-0.55102	0.00243483
0.632653	-0.510204	0.00259284
0.632653	-0.469388	0.00274061
0.632653	-0.428571	0.00287758
0.632653	-0.387755	0.00300319
0.632653	-0.346939	0.00311694
0.632653	-0.306122	0.0032184
0.632653	-0.265306	0.00330716
0.632653	-0.22449	0.00338287
0.632653	-0.183673	0.00344522
0.632653	-0.142857	0.00349398
0.632653	-0.102041	0.00352896
0.632653	-0.0612245	0.00355
0.632653	-0.0204082	0.00355704
0.632653	0.0204082	0.00355004
0.632653	0.0612245	0.00352902
0.632653	0.102041	0.00349408
0.632653	0.142857	0.00344535
0.632653	0.183673	0.00338302
0.632653	0.22449	0.00330734
0.632653	0.265306	0.00321861
0.632653	0.306122	0.00311717
0.632653	0.346939	0.00300343
0.632653	0.387755	0.00287783
0.632653	0.428571	0.00274088
0.632653	0.469388	0.0025931
0.632653	0.510204	0.00243509
0.632653	0.55102	0.00226747
0.632653	0.591837	0.0020909
0.632653	0.632653	0.00190608
0.632653	0.673469	0.00171373
0.632653	0.714286	0.00151462
0.632653	0.755102	0.00130952
0.632653	0.795918	0.00109926
0.632653	0.836735	0.000884664
0.632653	0.877551	0.000666572
0.632653	0.918367	0.000445848
0.632653	0.959184	0.000223365
0.632653	1	0
0.673469	-1	0.000200794
0.673469	-0.959184	0.000400796
0.673469	-0.918367	0.000599217
0.673469	-0.877551	0.000795274
0.673469	-0.836735	0.000988192
0.673469	-0.795918	0.00117721
0.673469	-0.755102	0.00136159
0.673469	-0.714286	0.00154059
0.673469	-0.673469	0.00171351
0.673469	-0.632653	0.00187967
0.673469	-0.591837	0.00203842
0.673469	-0.55102	0.00218912
0.673469	-0.510204	0.00233118
0.673469	-0.469388	0.00246405
0.673469	-0.428571	0.00258719
0.673469	-0.387755	0.00270012
0.673469	-0.346939	0.0028024
0.673469	-0.306122	0.00289362
0.673469	-0.265306	0.00297342
0.673469	-0.22449	0.00304149
0.673469	-0.183673	0.00309755
0.673469	-0.142857	0.00314139
0.673469	-0.102041	0.00317284
0.673469	-0.0612245	0.00319176
0.673469	-0.0204082	0.00319809
0.673469	0.0204082	0.00319179
0.673469	0.0612245	0.0031729
0.673469	0.102041	0.00314148
0.673469	0.142857	0.00309767
0.673469	0.183673	0.00304163
0.673469	0.22449	0.00297359
0.673469	0.265306	0.00289381
0.673469	0.306122	0.00280261
0.673469	0.346939	0.00270034
0.673469	0.387755	0.00258742
0.673469	0.428571	0.00246429
0.673469	0.469388	0.00233142
0.673469	0.510204	0.00218936
0.673469	0.55102	0.00203865
0.673469	0.591837	0.0018799
0.673469	0.632653	0.00171373
0.673469	0.673469	0.00154079
0.673469	0.714286	0.00136177
0.673469	0.755102	0.00117738
0.673469	0.795918	0.000988334
0.673469	0.836735	0.00079539
0.673469	0.877551	0.000599306
0.673469	0.918367	0.000400856
0.673469	0.959184	0.000200825
0.673469	1	0
0.714286	-1	0.000177465
0.714286	-0.959184	0.000354229
0.714286	-0.918367	0.000529596
0.714286	-0.877551	0.000702873
0.714286	-0.836735	0.000873377
0.714286	-0.795918	0.00104043
0.714286	-0.755102	0.00120339
0.714286	-0.714286	0.00136159
0.714286	-0.673469	0.00151442
0.714286	-0.632653	0.00166128
0.714286	-0.591837	0.00180158
0.714286	-0.55102	0.00193477
0.714286	-0.510204	0.00206033
0.714286	-0.469388	0.00217776
0.714286	-0.428571	0.00228659
0.714286	-0.387755	0.00238641
0.714286	-0.346939	0.0024768
0.714286	-0.306122	0.00255742
0.714286	-0.265306	0.00262795
0.714286	-0.22449	0.00268811
0.714286	-0.183673	0.00273766
0.714286	-0.142857	0.00277641
0.714286	-0.102041	0.0028042
0.714286	-0.0612245	0.00282092
0.714286	-0.0204082	0.00282651
0.714286	0.0204082	0.00282095
0.714286	0.0612245	0.00280425
0.714286	0.102041	0.00277648
0.714286	0.142857	0.00273776
0.714286	0.183673	0.00268823
0.714286	0.22449	0.0026281
0.714286	0.265306	0.00255758
0.714286	0.306122	0.00247698
0.714286	0.346939	0.0023866
0.714286	0.387755	0.0022868
0.714286	0.428571	0.00217797
0.714286	0.469388	0.00206054
0.714286	0.510204	0.00193499
0.714286	0.55102	0.00180179
0.714286	0.591837	0.00166148
0.714286	0.632653	0.00151462
0.714286	0.673469	0.00136177
0.714286	0.714286	0.00120355
0.714286	0.755102	0.00104058
0.714286	0.795918	0.000873502
0.714286	0.836735	0.000702976
0.714286	0.877551	0.000529674
0.714286	0.918367	0.000354282
0.714286	0.959184	0.000177491
0.714286	1	0
0.755102	-1	0.000153435
0.755102	-0.959184	0.000306264
0.755102	-0.918367	0.000457884
0.755102	-0.877551	0.000607698
0.755102	-0.836735	0.000755115
0.755102	-0.795918	0.000899551
0.755102	-0.755102	0.00104044
0.755102	-0.714286	0.00117722
0.755102	-0.673469	0.00130936
0.755102	-0.632653	0.00143633
0.755102	-0.591837	0.00155763
0.755102	-0.55102	0.00167279
0.755102	-0.510204	0.00178135
0.755102	-0.469388	0.00188287
0.755102	-0.428571	0.00197697
0.755102	-0.387755	0.00206327
0.755102	-0.346939	0.00214142
0.755102	-0.306122	0.00221112
0.755102	-0.265306	0.0022721
0.755102	-0.22449	0.00232412
0.755102	-0.183673	0.00236696
0.755102	-0.142857	0.00240046
0.755102	-0.102041	0.00242448
0.755102	-0.0612245	0.00243894
0.755102	-0.0204082	0.00244378
0.755102	0.0204082	0.00243897
0.755102	0.0612245	0.00242453
0.755102	0.102041	0.00240053
0.755102	0.142857	0.00236705
0.755102	0.183673	0.00232422
0.755102	0.22449	0.00227223
0.755102	0.265306	0.00221127
0.755102	0.306122	0.00214158
0.755102	0.346939	0.00206343
0.755102	0.387755	0.00197714
0.755102	0.428571	0.00188305
0.755102	0.469388	0.00178153
0.755102	0.510204	0.00167297
0.755102	0.55102	0.00155781
0.755102	0.591837	0.0014365
0.755102	0.632653	0.00130952
0.755102	0.673469	0.00117738
0.755102	0.714286	0.00104058
0.755102	0.755102	0.000899677
0.755102	0.795918	0.000755223
0.755102	0.836735	0.000607787
0.755102	0.877551	0.000457952
0.755102	0.918367	0.000306309
0.755102	0.959184	0.000153458
0.755102	1	0
0.795918	-1	0.000128799
0.795918	-0.959184	0.000257089
0.795918	-0.918367	0.000384365
0.795918	-0.877551	0.000510125
0.795918	-0.836735	0.000633871
0.795918	-0.795918	0.000755117
0.795918	-0.755102	0.000873383
0.795918	-0.714286	0.000988203
0.795918	-0.673469	0.00109912
0.795918	-0.632653	0.00120571
0.795918	-0.591837	0.00130753
0.795918	-0.55102	0.0014042
0.795918	-0.510204	0.00149533
0.795918	-0.469388	0.00158055
0.795918	-0.428571	0.00165954
0.795918	-0.387755	0.00173198
0.795918	-0.346939	0.00179759
0.795918	-0.306122	0.0018561
0.795918	-0.265306	0.00190729
0.795918	-0.22449	0.00195095
0.795918	-0.183673	0.00198691
0.795918	-0.142857	0.00201503
0.795918	-0.102041	0.0020352
0.795918	-0.0612245	0.00204734
0.795918	-0.0204082	0.0020514
0.795918	0.0204082	0.00204736
0.795918	0.0612245	0.00203524
0.795918	0.102041	0.00201509
0.795918	0.142857	0.00198699
0.795918	0.183673	0.00195104
0.795918	0.22449	0.00190739
0.795918	0.265306	0.00185622
0.795918	0.306122	0.00179772
0.795918	0.346939	0.00173212
0.795918	0.387755	0.00165969
0.795918	0.428571	0.00158071
0.795918	0.469388	0.00149548
0.795918	0.510204	0.00140436
0.795918	0.55102	0.00130769
0.795918	0.591837	0.00120585
0.795918	0.632653	0.00109926
0.795918	0.673469	0.000988334
0.795918	0.714286	0.000873502
0.795918	0.755102	0.000755223
0.795918	0.795918	0.000633962
0.795918	0.836735	0.000510199
0.795918	0.877551	0.000384422
0.795918	0.918367	0.000257128
0.795918	0.959184	0.000128818
0.795918	1	0
0.836735	-1	0.000103654
0.836735	-0.959184	0.0002069
0.836735	-0.918367	0.000309329
0.836735	-0.877551	0.000410537
0.836735	-0.836735	0.000510126
0.836735	-0.795918	0.000607702
0.836735	-0.755102	0.00070288
0.836735	-0.714286	0.000795285
0.836735	-0.673469	0.000884551
0.836735	-0.632653	0.000970328
0.836735	-0.591837	0.00105228
0.836735	-0.55102	0.00113007
0.836735	-0.510204	0.00120341
0.836735	-0.469388	0.001272
0.836735	-0.428571	0.00133556
0.836735	-0.387755	0.00139386
0.836735	-0.346939	0.00144666
0.836735	-0.306122	0.00149375
0.836735	-0.265306	0.00153494
0.836735	-0.22449	0.00157008
0.836735	-0.183673	0.00159902
0.836735	-0.142857	0.00162166
0.836735	-0.102041	0.00163789
0.836735	-0.0612245	0.00164766
0.836735	-0.0204082	0.00165092
0.836735	0.0204082	0.00164767
0.836735	0.0612245	0.00163792
0.836735	0.102041	0.0016217
0.836735	0.142857	0.00159908
0.836735	0.183673	0.00157016
0.836735	0.22449	0.00153503
0.836735	0.265306	0.00149385
0.836735	0.306122	0.00144677
0.836735	0.346939	0.00139397
0.836735	0.387755	0.00133568
0.836735	0.428571	0.00127212
0.836735	0.469388	0.00120353
0.836735	0.510204	0.0011302
0.836735	0.55102	0.0010524
0.836735	0.591837	0.000970446
0.836735	0.632653	0.000884664
0.836735	0.673469	0.00079539
0.836735	0.714286	0.000702976
0.836735	0.755102	0.000607787
0.836735	0.795918	0.000510199
0.836735	0.836735	0.000410597
0.836735	0.877551	0.000309375
0.836735	0.918367	0.000206931
0.836735	0.959184	0.00010367
0.836735	1	0
0.877551	-1	7.81009e-05
0.877551	-0.959184	0.000155894
0.877551	-0.918367	0.000233071
0.877551	-0.877551	0.000309329
0.877551	-0.836735	0.000384367
0.877551	-0.795918	0.000457888
0.877551	-0.755102	0.000529602
0.877551	-0.714286	0.000599227
0.877551	-0.673469	0.000666487
0.877551	-0.632653	0.000731117
0.877551	-0.591837	0.000792863
0.877551	-0.55102	0.00085148
0.877551	-0.510204	0.000906737
0.877551	-0.469388	0.000958416
0.877551	-0.428571	0.00100631
0.877551	-0.387755	0.00105024
0.877551	-0.346939	0.00109002
0.877551	-0.306122	0.0011255
0.877551	-0.265306	0.00115654
0.877551	-0.22449	0.00118302
0.877551	-0.183673	0.00120482
0.877551	-0.142857	0.00122188
0.877551	-0.102041	0.00123411
0.877551	-0.0612245	0.00124147
0.877551	-0.0204082	0.00124393
0.877551	0.0204082	0.00124148
0.877551	0.0612245	0.00123413
0.877551	0.102041	0.00122191
0.877551	0.142857	0.00120487
0.877551	0.183673	0.00118307
0.877551	0.22449	0.00115661
0.877551	0.265306	0.00112557
0.877551	0.306122	0.0010901
0.877551	0.346939	0.00105032
0.877551	0.387755	0.0010064
0.877551	0.428571	0.000958508
0.877551	0.469388	0.00090683
0.877551	0.510204	0.000851573
0.877551	0.55102	0.000792955
0.877551	0.591837	0.000731206
0.877551	0.632653	0.000666572
0.877551	0.673469	0.000599306
0.877551	0.714286	0.000529674
0.877551	0.755102	0.000457952
0.877551	0.795918	0.000384422
0.877551	0.836735	0.000309375
0.877551	0.877551	0.000233106
0.877551	0.918367	0.000155917
0.877551	0.959184	7.81127e-05
0.877551	1	0
0.918367	-1	5.22392e-05
0.918367	-0.959184	0.000104272
0.918367	-0.918367	0.000155894
0.918367	-0.877551	0.000206901
0.918367	-0.836735	0.000257091
0.918367	-0.795918	0.000306266
0.918367	-0.755102	0.000354234
0.918367	-0.714286	0.000400803
0.918367	-0.673469	0.000445792
0.918367	-0.632653	0.000489021
0.918367	-0.591837	0.00053032
0.918367	-0.55102	0.000569527
0.918367	-0.510204	0.000606487
0.918367	-0.469388	0.000641054
0.918367	-0.428571	0.000673091
0.918367	-0.387755	0.000702472
0.918367	-0.346939	0.00072908
0.918367	-0.306122	0.000752812
0.918367	-0.265306	0.000773574
0.918367	-0.22449	0.000791282
0.918367	-0.183673	0.000805868
0.918367	-0.142857	0.000817274
0.918367	-0.102041	0.000825454
0.918367	-0.0612245	0.000830377
0.918367	-0.0204082	0.000832023
0.918367	0.0204082	0.000830385
0.918367	0.0612245	0.00082547
0.918367	0.102041	0.000817297
0.918367	0.142857	0.000805898
0.918367	0.183673	0.000791319
0.918367	0.22449	0.000773616
0.918367	0.265306	0.000752861
0.918367	0.306122	0.000729133
0.918367	0.346939	0.000702528
0.918367	0.387755	0.00067315
0.918367	0.428571	0.000641115
0.918367	0.469388	0.00060655
0.918367	0.510204	0.00056959
0.918367	0.55102	0.000530382
0.918367	0.591837	0.00048908
0.918367	0.632653	0.000445848
0.918367	0.673469	0.000400856
0.918367	0.714286	0.000354282
0.918367	0.755102	0.000306309
0.918367	0.795918	0.000257128
0.918367	0.836735	0.000206931
0.918367	0.877551	0.000155917
0.918367	0.918367	0.000104288
0.918367	0.959184	5.22471e-05
0.918367	1	0
0.959184	-1	2.61713e-05
0.959184	-0.959184	5.22393e-05
0.959184	-0.918367	7.81011e-05
0.959184	-0.877551	0.000103655
0.959184	-0.836735	0.0001288
0.959184	-0.795918	0.000153436
0.959184	-0.755102	0.000177467
0.959184	-0.714286	0.000200798
0.959184	-0.673469	0.000223337
0.959184	-0.632653	0.000244994
0.959184	-0.591837	0.000265685
0.959184	-0.55102	0.000285327
0.959184	-0.510204	0.000303843
0.959184	-0.469388	0.000321161
0.959184	-0.428571	0.000337211
0.959184	-0.387755	0.00035193
0.959184	-0.346939	0.000365261
0.959184	-0.306122	0.000377151
0.959184	-0.265306	0.000387552
0.959184	-0.22449	0.000396423
0.959184	-0.183673	0.000403731
0.959184	-0.142857	0.000409445
0.959184	-0.102041	0.000413543
0.959184	-0.0612245	0.00041601
0.959184	-0.0204082	0.000416834
0.959184	0.0204082	0.000416013
0.959184	0.0612245	0.000413551
0.959184	0.102041	0.000409457
0.959184	0.142857	0.000403746
0.959184	0.183673	0.000396442
0.959184	0.22449	0.000387573
0.959184	0.265306	0.000377175
0.959184	0.306122	0.000365288
0.959184	0.346939	0.000351959
0.959184	0.387755	0.000337241
0.959184	0.428571	0.000321192
0.959184	0.469388	0.000303875
0.959184	0.510204	0.000285358
0.959184	0.55102	0.000265715
0.959184	0.591837	0.000245024
0.959184	0.632653	0.000223365
0.959184	0.673469	0.000200825
0.959184	0.714286	0.000177491
0.959184	0.755102	0.000153458
0.959184	0.795918	0.000128818
0.959184	0.836735	0.00010367
0.959184	0.877551	7.81127e-05
0.959184	0.918367	5.22471e-05
0.959184	0.959184	2.61752e-05
0.959184	1	0
1	-1	0
1	-0.959184	0
1	-0.918367	0
1	-0.877551	0
1	-0.836735	0
1	-0.795918	0
1	-0.755102	0
1	-0.714286	0
1	-0.673469	0
1	-0.632653	0
1	-0.591837	0
1	-0.55102	0
1	-0.510204	0
1	-0.469388	0
1	-0.428571	0
1	-0.387755	0
1	-0.346939	0
1	-0.306122	0
1	-0.265306	0
1	-0.22449	0
1	-0.183673	0
1	-0.142857	0
1	-0.102041	0
1	-0.0612245	0
1	-0.0204082	0
1	0.0204082	0
1	0.0612245	0
1	0.102041	0
1	0.142857	0
1	0.183673	0
1	0.22449	0
1	0.265306	0
1	0.306122	0
1	0.346939	0
1	0.387755	0
1	0.428571	0
1	0.469388	0
1	0.510204	0
1	0.55102	0
1	0.591837	0
1	0.632653	0
1	0.673469	0
1	0.714286	0
1	0.755102	0
1	0.795918	0
1	0.836735	0
1	0.877551	0
1	0.918367	0
1	0.959184	0
1	1	0
