-1	-1	7.07514e-05
-1	-0.959184	0.000141224
-1	-0.918367	0.000211139
-1	-0.877551	0.000280223
-1	-0.836735	0.000348201
-1	-0.795918	0.000414806
-1	-0.755102	0.000479776
-1	-0.714286	0.000542855
-1	-0.673469	0.000603792
-1	-0.632653	0.000662349
-1	-0.591837	0.000718294
-1	-0.55102	0.000771407
-1	-0.510204	0.000821477
-1	-0.469388	0.000868307
-1	-0.428571	0.000911713
-1	-0.387755	0.000951523
-1	-0.346939	0.00098758
-1	-0.306122	0.00101974
-1	-0.265306	0.00104788
-1	-0.22449	0.00107188
-1	-0.183673	0.00109166
-1	-0.142857	0.00110713
-1	-0.102041	0.00111823
-1	-0.0612245	0.00112491
-1	-0.0204082	0.00112716
-1	0.0204082	0.00112496
-1	0.0612245	0.00111832
-1	0.102041	0.00110727
-1	0.142857	0.00109184
-1	0.183673	0.0010721
-1	0.22449	0.00104814
-1	0.265306	0.00102003
-1	0.306122	0.000987898
-1	0.346939	0.000951864
-1	0.387755	0.000912072
-1	0.428571	0.000868678
-1	0.469388	0.000821853
-1	0.510204	0.000771783
-1	0.55102	0.000718665
-1	0.591837	0.000662708
-1	0.632653	0.000604134
-1	0.673469	0.000543173
-1	0.714286	0.000480067
-1	0.755102	0.000415065
-1	0.795918	0.000348423
-1	0.836735	0.000280404
-1	0.877551	0.000211278
-1	0.918367	0.000141318
-1	0.959184	7.07987e-05
-1	1	0
-0.959184	-1	0.000141224
-0.959184	-0.959184	0.000281891
-0.959184	-0.918367	0.000421446
-0.959184	-0.877551	0.00055934
-0.959184	-0.836735	0.000695029
-0.959184	-0.795918	0.000827977
-0.959184	-0.755102	0.000957661
-0.959184	-0.714286	0.00108357
-0.959184	-0.673469	0.0012052
-0.959184	-0.632653	0.00132209
-0.959184	-0.591837	0.00143376
-0.959184	-0.55102	0.00153977
-0.959184	-0.510204	0.00163971
-0.959184	-0.469388	0.00173319
-0.959184	-0.428571	0.00181983
-0.959184	-0.387755	0.00189929
-0.959184	-0.346939	0.00197127
-0.959184	-0.306122	0.00203546
-0.959184	-0.265306	0.00209163
-0.959184	-0.22449	0.00213954
-0.959184	-0.183673	0.00217901
-0.959184	-0.142857	0.00220989
-0.959184	-0.102041	0.00223204
-0.959184	-0.0612245	0.00224539
-0.959184	-0.0204082	0.00224988
-0.959184	0.0204082	0.00224549
-0.959184	0.0612245	0.00223223
-0.959184	0.102041	0.00221017
-0.959184	0.142857	0.00217938
-0.959184	0.183673	0.00213998
-0.959184	0.22449	0.00209214
-0.959184	0.265306	0.00203604
-0.959184	0.306122	0.0019719
-0.959184	0.346939	0.00189998
-0.959184	0.387755	0.00182055
-0.959184	0.428571	0.00173393
-0.959184	0.469388	0.00164047
-0.959184	0.510204	0.00154052
-0.959184	0.55102	0.0014345
-0.959184	0.591837	0.0013228
-0.959184	0.632653	0.00120589
-0.959184	0.673469	0.0010842
-0.959184	0.714286	0.000958241
-0.959184	0.755102	0.000828493
-0.959184	0.795918	0.000695472
-0.959184	0.836735	0.000559703
-0.959184	0.877551	0.000421724
-0.959184	0.918367	0.000282078
-0.959184	0.959184	0.000141318
-0.959184	1	0
-0.918367	-1	0.000211139
-0.918367	-0.959184	0.000421446
-0.918367	-0.918367	0.000630092
-0.918367	-0.877551	0.000836253
-0.918367	-0.836735	0.00103912
-0.918367	-0.795918	0.00123788
-0.918367	-0.755102	0.00143177
-0.918367	-0.714286	0.00162001
-0.918367	-0.673469	0.00180186
-0.918367	-0.632653	0.00197661
-0.918367	-0.591837	0.00214357
-0.918367	-0.55102	0.00230207
-0.918367	-0.510204	0.00245149
-0.918367	-0.469388	0.00259124
-0.918367	-0.428571	0.00272078
-0.918367	-0.387755	0.00283958
-0.918367	-0.346939	0.00294718
-0.918367	-0.306122	0.00304316
-0.918367	-0.265306	0.00312713
-0.918367	-0.22449	0.00319876
-0.918367	-0.183673	0.00325778
-0.918367	-0.142857	0.00330394
-0.918367	-0.102041	0.00333706
-0.918367	-0.0612245	0.00335702
-0.918367	-0.0204082	0.00336373
-0.918367	0.0204082	0.00335716
-0.918367	0.0612245	0.00333734
-0.918367	0.102041	0.00330435
-0.918367	0.142857	0.00325832
-0.918367	0.183673	0.00319942
-0.918367	0.22449	0.0031279
-0.918367	0.265306	0.00304402
-0.918367	0.306122	0.00294813
-0.918367	0.346939	0.0028406
-0.918367	0.387755	0.00272185
-0.918367	0.428571	0.00259235
-0.918367	0.469388	0.00245261
-0.918367	0.510204	0.00230319
-0.918367	0.55102	0.00214467
-0.918367	0.591837	0.00197768
-0.918367	0.632653	0.00180288
-0.918367	0.673469	0.00162096
-0.918367	0.714286	0.00143264
-0.918367	0.755102	0.00123865
-0.918367	0.795918	0.00103978
-0.918367	0.836735	0.000836795
-0.918367	0.877551	0.000630506
-0.918367	0.918367	0.000421726
-0.918367	0.959184	0.000211281
-0.918367	1	0
-0.877551	-1	0.000280223
-0.877551	-0.959184	0.00055934
-0.877551	-0.918367	0.000836253
-0.877551	-0.877551	0.00110987
-0.877551	-0.836735	0.00137911
-0.877551	-0.795918	0.00164291
-0.877551	-0.755102	0.00190023
-0.877551	-0.714286	0.00215007
-0.877551	-0.673469	0.00239142
-0.877551	-0.632653	0.00262334
-0.877551	-0.591837	0.00284492
-0.877551	-0.55102	0.00305528
-0.877551	-0.510204	0.0032536
-0.877551	-0.469388	0.00343908
-0.877551	-0.428571	0.00361099
-0.877551	-0.387755	0.00376867
-0.877551	-0.346939	0.00391147
-0.877551	-0.306122	0.00403885
-0.877551	-0.265306	0.0041503
-0.877551	-0.22449	0.00424537
-0.877551	-0.183673	0.0043237
-0.877551	-0.142857	0.00438496
-0.877551	-0.102041	0.00442892
-0.877551	-0.0612245	0.00445541
-0.877551	-0.0204082	0.00446431
-0.877551	0.0204082	0.00445559
-0.877551	0.0612245	0.00442929
-0.877551	0.102041	0.00438551
-0.877551	0.142857	0.00432442
-0.877551	0.183673	0.00424625
-0.877551	0.22449	0.00415132
-0.877551	0.265306	0.00404
-0.877551	0.306122	0.00391274
-0.877551	0.346939	0.00377002
-0.877551	0.387755	0.00361241
-0.877551	0.428571	0.00344054
-0.877551	0.469388	0.00325509
-0.877551	0.510204	0.00305678
-0.877551	0.55102	0.00284639
-0.877551	0.591837	0.00262477
-0.877551	0.632653	0.00239277
-0.877551	0.673469	0.00215133
-0.877551	0.714286	0.00190139
-0.877551	0.755102	0.00164393
-0.877551	0.795918	0.00137999
-0.877551	0.836735	0.00111059
-0.877551	0.877551	0.000836803
-0.877551	0.918367	0.000559712
-0.877551	0.959184	0.00028041
-0.877551	1	0
-0.836735	-1	0.000348201
-0.836735	-0.959184	0.000695029
-0.836735	-0.918367	0.00103912
-0.836735	-0.877551	0.00137911
-0.836735	-0.836735	0.00171366
-0.836735	-0.795918	0.00204146
-0.836735	-0.755102	0.00236121
-0.836735	-0.714286	0.00267164
-0.836735	-0.673469	0.00297155
-0.836735	-0.632653	0.00325973
-0.836735	-0.591837	0.00353507
-0.836735	-0.55102	0.00379646
-0.836735	-0.510204	0.00404288
-0.836735	-0.469388	0.00427335
-0.836735	-0.428571	0.00448697
-0.836735	-0.387755	0.00468289
-0.836735	-0.346939	0.00486035
-0.836735	-0.306122	0.00501863
-0.836735	-0.265306	0.00515711
-0.836735	-0.22449	0.00527524
-0.836735	-0.183673	0.00537257
-0.836735	-0.142857	0.00544869
-0.836735	-0.102041	0.00550332
-0.836735	-0.0612245	0.00553623
-0.836735	-0.0204082	0.00554729
-0.836735	0.0204082	0.00553646
-0.836735	0.0612245	0.00550378
-0.836735	0.102041	0.00544938
-0.836735	0.142857	0.00537346
-0.836735	0.183673	0.00527634
-0.836735	0.22449	0.00515838
-0.836735	0.265306	0.00502006
-0.836735	0.306122	0.00486191
-0.836735	0.346939	0.00468457
-0.836735	0.387755	0.00448874
-0.836735	0.428571	0.00427517
-0.836735	0.469388	0.00404473
-0.836735	0.510204	0.00379831
-0.836735	0.55102	0.00353689
-0.836735	0.591837	0.0032615
-0.836735	0.632653	0.00297323
-0.836735	0.673469	0.00267321
-0.836735	0.714286	0.00236264
-0.836735	0.755102	0.00204273
-0.836735	0.795918	0.00171475
-0.836735	0.836735	0.00138
-0.836735	0.877551	0.0010398
-0.836735	0.918367	0.000695491
-0.836735	0.959184	0.000348434
-0.836735	1	0
-0.795918	-1	0.000414806
-0.795918	-0.959184	0.000827977
-0.795918	-0.918367	0.00123788
-0.795918	-0.877551	0.00164291
-0.795918	-0.836735	0.00204146
-0.795918	-0.795918	0.00243196
-0.795918	-0.755102	0.00281287
-0.795918	-0.714286	0.00318269
-0.795918	-0.673469	0.00353996
-0.795918	-0.632653	0.00388327
-0.795918	-0.591837	0.00421127
-0.795918	-0.55102	0.00452266
-0.795918	-0.510204	0.00481622
-0.795918	-0.469388	0.00509078
-0.795918	-0.428571	0.00534526
-0.795918	-0.387755	0.00557866
-0.795918	-0.346939	0.00579006
-0.795918	-0.306122	0.00597861
-0.795918	-0.265306	0.00614358
-0.795918	-0.22449	0.00628432
-0.795918	-0.183673	0.00640026
-0.795918	-0.142857	0.00649095
-0.795918	-0.102041	0.00655602
-0.795918	-0.0612245	0.00659523
-0.795918	-0.0204082	0.00660841
-0.795918	0.0204082	0.0065955
-0.795918	0.0612245	0.00655657
-0.795918	0.102041	0.00649176
-0.795918	0.142857	0.00640132
-0.795918	0.183673	0.00628562
-0.795918	0.22449	0.0061451
-0.795918	0.265306	0.00598032
-0.795918	0.306122	0.00579192
-0.795918	0.346939	0.00558066
-0.795918	0.387755	0.00534736
-0.795918	0.428571	0.00509295
-0.795918	0.469388	0.00481842
-0.795918	0.510204	0.00452487
-0.795918	0.55102	0.00421344
-0.795918	0.591837	0.00388537
-0.795918	0.632653	0.00354196
-0.795918	0.673469	0.00318456
-0.795918	0.714286	0.00281457
-0.795918	0.755102	0.00243347
-0.795918	0.795918	0.00204276
-0.795918	0.836735	0.00164398
-0.795918	0.877551	0.0012387
-0.795918	0.918367	0.000828528
-0.795918	0.959184	0.000415084
-0.795918	1	0
-0.755102	-1	0.000479776
-0.755102	-0.959184	0.000957661
-0.755102	-0.918367	0.00143177
-0.755102	-0.877551	0.00190023
-0.755102	-0.836735	0.00236121
-0.755102	-0.795918	0.00281287
-0.755102	-0.755102	0.00325344
-0.755102	-0.714286	0.00368118
-0.755102	-0.673469	0.00409441
-0.755102	-0.632653	0.0044915
-0.755102	-0.591837	0.00487087
-0.755102	-0.55102	0.00523103
-0.755102	-0.510204	0.00557057
-0.755102	-0.469388	0.00588813
-0.755102	-0.428571	0.00618247
-0.755102	-0.387755	0.00645243
-0.755102	-0.346939	0.00669694
-0.755102	-0.306122	0.00691502
-0.755102	-0.265306	0.00710584
-0.755102	-0.22449	0.00726861
-0.755102	-0.183673	0.00740271
-0.755102	-0.142857	0.0075076
-0.755102	-0.102041	0.00758287
-0.755102	-0.0612245	0.00762822
-0.755102	-0.0204082	0.00764346
-0.755102	0.0204082	0.00762854
-0.755102	0.0612245	0.00758351
-0.755102	0.102041	0.00750855
-0.755102	0.142857	0.00740394
-0.755102	0.183673	0.00727012
-0.755102	0.22449	0.00710759
-0.755102	0.265306	0.006917
-0.755102	0.306122	0.0066991
-0.755102	0.346939	0.00645474
-0.755102	0.387755	0.00618491
-0.755102	0.428571	0.00589064
-0.755102	0.469388	0.00557312
-0.755102	0.510204	0.00523359
-0.755102	0.55102	0.00487338
-0.755102	0.591837	0.00449393
-0.755102	0.632653	0.00409673
-0.755102	0.673469	0.00368334
-0.755102	0.714286	0.00325541
-0.755102	0.755102	0.00281462
-0.755102	0.795918	0.00236271
-0.755102	0.836735	0.00190147
-0.755102	0.877551	0.00143271
-0.755102	0.918367	0.000958297
-0.755102	0.959184	0.000480097
-0.755102	1	0
-0.714286	-1	0.000542855
-0.714286	-0.959184	0.00108357
-0.714286	-0.918367	0.00162001
-0.714286	-0.877551	0.00215007
-0.714286	-0.836735	0.00267164
-0.714286	-0.795918	0.00318269
-0.714286	-0.755102	0.00368118
-0.714286	-0.714286	0.00416517
-0.714286	-0.673469	0.00463272
-0.714286	-0.632653	0.00508201
-0.714286	-0.591837	0.00551126
-0.714286	-0.55102	0.00591878
-0.714286	-0.510204	0.00630295
-0.714286	-0.469388	0.00666227
-0.714286	-0.428571	0.00699531
-0.714286	-0.387755	0.00730076
-0.714286	-0.346939	0.00757741
-0.714286	-0.306122	0.00782417
-0.714286	-0.265306	0.00804007
-0.714286	-0.22449	0.00822425
-0.714286	-0.183673	0.00837598
-0.714286	-0.142857	0.00849466
-0.714286	-0.102041	0.00857982
-0.714286	-0.0612245	0.00863113
-0.714286	-0.0204082	0.00864838
-0.714286	0.0204082	0.0086315
-0.714286	0.0612245	0.00858054
-0.714286	0.102041	0.00849573
-0.714286	0.142857	0.00837737
-0.714286	0.183673	0.00822595
-0.714286	0.22449	0.00804205
-0.714286	0.265306	0.0078264
-0.714286	0.306122	0.00757985
-0.714286	0.346939	0.00730338
-0.714286	0.387755	0.00699806
-0.714286	0.428571	0.00666511
-0.714286	0.469388	0.00630584
-0.714286	0.510204	0.00592167
-0.714286	0.55102	0.00551411
-0.714286	0.591837	0.00508477
-0.714286	0.632653	0.00463534
-0.714286	0.673469	0.00416761
-0.714286	0.714286	0.00368341
-0.714286	0.755102	0.00318467
-0.714286	0.795918	0.00267335
-0.714286	0.836735	0.00215146
-0.714286	0.877551	0.00162108
-0.714286	0.918367	0.00108429
-0.714286	0.959184	0.000543217
-0.714286	1	0
-0.673469	-1	0.000603792
-0.673469	-0.959184	0.0012052
-0.673469	-0.918367	0.00180186
-0.673469	-0.877551	0.00239142
-0.673469	-0.836735	0.00297155
-0.673469	-0.795918	0.00353996
-0.673469	-0.755102	0.00409441
-0.673469	-0.714286	0.00463272
-0.673469	-0.673469	0.00515277
-0.673469	-0.632653	0.00565249
-0.673469	-0.591837	0.00612992
-0.673469	-0.55102	0.00658319
-0.673469	-0.510204	0.00701048
-0.673469	-0.469388	0.00741014
-0.673469	-0.428571	0.00778056
-0.673469	-0.387755	0.0081203
-0.673469	-0.346939	0.00842801
-0.673469	-0.306122	0.00870247
-0.673469	-0.265306	0.0089426
-0.673469	-0.22449	0.00914745
-0.673469	-0.183673	0.00931622
-0.673469	-0.142857	0.00944822
-0.673469	-0.102041	0.00954295
-0.673469	-0.0612245	0.00960001
-0.673469	-0.0204082	0.0096192
-0.673469	0.0204082	0.00960042
-0.673469	0.0612245	0.00954375
-0.673469	0.102041	0.00944941
-0.673469	0.142857	0.00931777
-0.673469	0.183673	0.00914935
-0.673469	0.22449	0.0089448
-0.673469	0.265306	0.00870495
-0.673469	0.306122	0.00843072
-0.673469	0.346939	0.00812321
-0.673469	0.387755	0.00778362
-0.673469	0.428571	0.0074133
-0.673469	0.469388	0.0070137
-0.673469	0.510204	0.0065864
-0.673469	0.55102	0.00613309
-0.673469	0.591837	0.00565555
-0.673469	0.632653	0.00515568
-0.673469	0.673469	0.00463544
-0.673469	0.714286	0.00409689
-0.673469	0.755102	0.00354216
-0.673469	0.795918	0.00297344
-0.673469	0.836735	0.00239297
-0.673469	0.877551	0.00180305
-0.673469	0.918367	0.001206
-0.673469	0.959184	0.000604196
-0.673469	1	0
-0.632653	-1	0.000662349
-0.632653	-0.959184	0.00132209
-0.632653	-0.918367	0.00197661
-0.632653	-0.877551	0.00262334
-0.632653	-0.836735	0.00325973
-0.632653	-0.795918	0.00388327
-0.632653	-0.755102	0.0044915
-0.632653	-0.714286	0.00508201
-0.632653	-0.673469	0.00565249
-0.632653	-0.632653	0.00620068
-0.632653	-0.591837	0.00672441
-0.632653	-0.55102	0.00722163
-0.632653	-0.510204	0.00769037
-0.632653	-0.469388	0.00812878
-0.632653	-0.428571	0.00853513
-0.632653	-0.387755	0.00890782
-0.632653	-0.346939	0.00924537
-0.632653	-0.306122	0.00954645
-0.632653	-0.265306	0.00980987
-0.632653	-0.22449	0.0100346
-0.632653	-0.183673	0.0102197
-0.632653	-0.142857	0.0103645
-0.632653	-0.102041	0.0104684
-0.632653	-0.0612245	0.010531
-0.632653	-0.0204082	0.0105521
-0.632653	0.0204082	0.0105315
-0.632653	0.0612245	0.0104693
-0.632653	0.102041	0.0103658
-0.632653	0.142857	0.0102214
-0.632653	0.183673	0.0100367
-0.632653	0.22449	0.00981229
-0.632653	0.265306	0.00954917
-0.632653	0.306122	0.00924835
-0.632653	0.346939	0.00891102
-0.632653	0.387755	0.00853849
-0.632653	0.428571	0.00813225
-0.632653	0.469388	0.0076939
-0.632653	0.510204	0.00722516
-0.632653	0.55102	0.00672788
-0.632653	0.591837	0.00620404
-0.632653	0.632653	0.00565569
-0.632653	0.673469	0.00508499
-0.632653	0.714286	0.00449422
-0.632653	0.755102	0.00388569
-0.632653	0.795918	0.00326181
-0.632653	0.836735	0.00262505
-0.632653	0.877551	0.00197791
-0.632653	0.918367	0.00132297
-0.632653	0.959184	0.000662792
-0.632653	1	0
-0.591837	-1	0.000718294
-0.591837	-0.959184	0.00143376
-0.591837	-0.918367	0.00214357
-0.591837	-0.877551	0.00284492
-0.591837	-0.836735	0.00353507
-0.591837	-0.795918	0.00421127
-0.591837	-0.755102	0.00487087
-0.591837	-0.714286	0.00551126
-0.591837	-0.673469	0.00612992
-0.591837	-0.632653	0.00672441
-0.591837	-0.591837	0.00729239
-0.591837	-0.55102	0.00783161
-0.591837	-0.510204	0.00833994
-0.591837	-0.469388	0.00881538
-0.591837	-0.428571	0.00925605
-0.591837	-0.387755	0.00966021
-0.591837	-0.346939	0.0100263
-0.591837	-0.306122	0.0103528
-0.591837	-0.265306	0.0106385
-0.591837	-0.22449	0.0108822
-0.591837	-0.183673	0.0110829
-0.591837	-0.142857	0.01124
-0.591837	-0.102041	0.0113526
-0.591837	-0.0612245	0.0114205
-0.591837	-0.0204082	0.0114434
-0.591837	0.0204082	0.011421
-0.591837	0.0612245	0.0113536
-0.591837	0.102041	0.0112414
-0.591837	0.142857	0.0110848
-0.591837	0.183673	0.0108844
-0.591837	0.22449	0.0106411
-0.591837	0.265306	0.0103557
-0.591837	0.306122	0.0100295
-0.591837	0.346939	0.00966368
-0.591837	0.387755	0.00925969
-0.591837	0.428571	0.00881914
-0.591837	0.469388	0.00834376
-0.591837	0.510204	0.00783543
-0.591837	0.55102	0.00729615
-0.591837	0.591837	0.00672806
-0.591837	0.632653	0.00613339
-0.591837	0.673469	0.0055145
-0.591837	0.714286	0.00487382
-0.591837	0.755102	0.00421389
-0.591837	0.795918	0.00353732
-0.591837	0.836735	0.00284677
-0.591837	0.877551	0.00214498
-0.591837	0.918367	0.00143471
-0.591837	0.959184	0.000718774
-0.591837	1	0
-0.55102	-1	0.000771407
-0.55102	-0.959184	0.00153977
-0.55102	-0.918367	0.00230207
-0.55102	-0.877551	0.00305528
-0.55102	-0.836735	0.00379646
-0.55102	-0.795918	0.00452266
-0.55102	-0.755102	0.00523103
-0.55102	-0.714286	0.00591878
-0.55102	-0.673469	0.00658319
-0.55102	-0.632653	0.00722163
-0.55102	-0.591837	0.00783161
-0.55102	-0.55102	0.00841069
-0.55102	-0.510204	0.00895661
-0.55102	-0.469388	0.00946721
-0.55102	-0.428571	0.00994046
-0.55102	-0.387755	0.0103745
-0.55102	-0.346939	0.0107676
-0.55102	-0.306122	0.0111183
-0.55102	-0.265306	0.0114251
-0.55102	-0.22449	0.0116868
-0.55102	-0.183673	0.0119024
-0.55102	-0.142857	0.0120711
-0.55102	-0.102041	0.0121921
-0.55102	-0.0612245	0.012265
-0.55102	-0.0204082	0.0122895
-0.55102	0.0204082	0.0122655
-0.55102	0.0612245	0.0121931
-0.55102	0.102041	0.0120726
-0.55102	0.142857	0.0119044
-0.55102	0.183673	0.0116892
-0.55102	0.22449	0.0114279
-0.55102	0.265306	0.0111215
-0.55102	0.306122	0.0107711
-0.55102	0.346939	0.0103782
-0.55102	0.387755	0.00994438
-0.55102	0.428571	0.00947125
-0.55102	0.469388	0.00896072
-0.55102	0.510204	0.0084148
-0.55102	0.55102	0.00783565
-0.55102	0.591837	0.00722555
-0.55102	0.632653	0.00658691
-0.55102	0.673469	0.00592225
-0.55102	0.714286	0.0052342
-0.55102	0.755102	0.00452548
-0.55102	0.795918	0.00379887
-0.55102	0.836735	0.00305727
-0.55102	0.877551	0.00230358
-0.55102	0.918367	0.00154079
-0.55102	0.959184	0.000771922
-0.55102	1	0
-0.510204	-1	0.000821477
-0.510204	-0.959184	0.00163971
-0.510204	-0.918367	0.00245149
-0.510204	-0.877551	0.0032536
-0.510204	-0.836735	0.00404288
-0.510204	-0.795918	0.00481622
-0.510204	-0.755102	0.00557057
-0.510204	-0.714286	0.00630295
-0.510204	-0.673469	0.00701048
-0.510204	-0.632653	0.00769037
-0.510204	-0.591837	0.00833994
-0.510204	-0.55102	0.00895661
-0.510204	-0.510204	0.00953797
-0.510204	-0.469388	0.0100817
-0.510204	-0.428571	0.0105857
-0.510204	-0.387755	0.0110479
-0.510204	-0.346939	0.0114665
-0.510204	-0.306122	0.01184
-0.510204	-0.265306	0.0121667
-0.510204	-0.22449	0.0124454
-0.510204	-0.183673	0.012675
-0.510204	-0.142857	0.0128546
-0.510204	-0.102041	0.0129835
-0.510204	-0.0612245	0.0130611
-0.510204	-0.0204082	0.0130872
-0.510204	0.0204082	0.0130616
-0.510204	0.0612245	0.0129845
-0.510204	0.102041	0.0128562
-0.510204	0.142857	0.0126771
-0.510204	0.183673	0.0124479
-0.510204	0.22449	0.0121697
-0.510204	0.265306	0.0118433
-0.510204	0.306122	0.0114702
-0.510204	0.346939	0.0110519
-0.510204	0.387755	0.0105898
-0.510204	0.428571	0.010086
-0.510204	0.469388	0.00954234
-0.510204	0.510204	0.00896098
-0.510204	0.55102	0.00834424
-0.510204	0.591837	0.00769454
-0.510204	0.632653	0.00701445
-0.510204	0.673469	0.00630665
-0.510204	0.714286	0.00557394
-0.510204	0.755102	0.00481921
-0.510204	0.795918	0.00404545
-0.510204	0.836735	0.00325571
-0.510204	0.877551	0.0024531
-0.510204	0.918367	0.0016408
-0.510204	0.959184	0.000822026
-0.510204	1	0
-0.469388	-1	0.000868307
-0.469388	-0.959184	0.00173319
-0.469388	-0.918367	0.00259124
-0.469388	-0.877551	0.00343908
-0.469388	-0.836735	0.00427335
-0.469388	-0.795918	0.00509078
-0.469388	-0.755102	0.00588813
-0.469388	-0.714286	0.00666227
-0.469388	-0.673469	0.00741014
-0.469388	-0.632653	0.00812878
-0.469388	-0.591837	0.00881538
-0.469388	-0.55102	0.00946721
-0.469388	-0.510204	0.0100817
-0.469388	-0.469388	0.0106564
-0.469388	-0.428571	0.0111891
-0.469388	-0.387755	0.0116777
-0.469388	-0.346939	0.0121202
-0.469388	-0.306122	0.0125149
-0.469388	-0.265306	0.0128603
-0.469388	-0.22449	0.0131549
-0.469388	-0.183673	0.0133976
-0.469388	-0.142857	0.0135874
-0.469388	-0.102041	0.0137236
-0.469388	-0.0612245	0.0138057
-0.469388	-0.0204082	0.0138333
-0.469388	0.0204082	0.0138063
-0.469388	0.0612245	0.0137248
-0.469388	0.102041	0.0135891
-0.469388	0.142857	0.0133998
-0.469388	0.183673	0.0131576
-0.469388	0.22449	0.0128634
-0.469388	0.265306	0.0125185
-0.469388	0.306122	0.0121241
-0.469388	0.346939	0.0116819
-0.469388	0.387755	0.0111935
-0.469388	0.428571	0.010661
-0.469388	0.469388	0.0100863
-0.469388	0.510204	0.00947183
-0.469388	0.55102	0.00881993
-0.469388	0.591837	0.00813319
-0.469388	0.632653	0.00741433
-0.469388	0.673469	0.00666618
-0.469388	0.714286	0.0058917
-0.469388	0.755102	0.00509395
-0.469388	0.795918	0.00427607
-0.469388	0.836735	0.00344131
-0.469388	0.877551	0.00259295
-0.469388	0.918367	0.00173434
-0.469388	0.959184	0.000868888
-0.469388	1	0
-0.428571	-1	0.000911713
-0.428571	-0.959184	0.00181983
-0.428571	-0.918367	0.00272078
-0.428571	-0.877551	0.00361099
-0.428571	-0.836735	0.00448697
-0.428571	-0.795918	0.00534526
-0.428571	-0.755102	0.00618247
-0.428571	-0.714286	0.00699531
-0.428571	-0.673469	0.00778056
-0.428571	-0.632653	0.00853513
-0.428571	-0.591837	0.00925605
-0.428571	-0.55102	0.00994046
-0.428571	-0.510204	0.0105857
-0.428571	-0.469388	0.0111891
-0.428571	-0.428571	0.0117485
-0.428571	-0.387755	0.0122615
-0.428571	-0.346939	0.0127261
-0.428571	-0.306122	0.0131405
-0.428571	-0.265306	0.0135031
-0.428571	-0.22449	0.0138125
-0.428571	-0.183673	0.0140673
-0.428571	-0.142857	0.0142666
-0.428571	-0.102041	0.0144096
-0.428571	-0.0612245	0.0144958
-0.428571	-0.0204082	0.0145248
-0.428571	0.0204082	0.0144964
-0.428571	0.0612245	0.0144108
-0.428571	0.102041	0.0142684
-0.428571	0.142857	0.0140696
-0.428571	0.183673	0.0138153
-0.428571	0.22449	0.0135065
-0.428571	0.265306	0.0131443
-0.428571	0.306122	0.0127302
-0.428571	0.346939	0.0122659
-0.428571	0.387755	0.0117531
-0.428571	0.428571	0.0111939
-0.428571	0.469388	0.0105905
-0.428571	0.510204	0.00994532
-0.428571	0.55102	0.00926083
-0.428571	0.591837	0.00853976
-0.428571	0.632653	0.00778496
-0.428571	0.673469	0.00699941
-0.428571	0.714286	0.00618622
-0.428571	0.755102	0.00534859
-0.428571	0.795918	0.00448983
-0.428571	0.836735	0.00361333
-0.428571	0.877551	0.00272257
-0.428571	0.918367	0.00182104
-0.428571	0.959184	0.000912322
-0.428571	1	0
-0.387755	-1	0.000951523
-0.387755	-0.959184	0.00189929
-0.387755	-0.918367	0.00283958
-0.387755	-0.877551	0.00376867
-0.387755	-0.836735	0.00468289
-0.387755	-0.795918	0.00557866
-0.387755	-0.755102	0.00645243
-0.387755	-0.714286	0.00730076
-0.387755	-0.673469	0.0081203
-0.387755	-0.632653	0.00890782
-0.387755	-0.591837	0.00966021
-0.387755	-0.55102	0.0103745
-0.387755	-0.510204	0.0110479
-0.387755	-0.469388	0.0116777
-0.387755	-0.428571	0.0122615
-0.387755	-0.387755	0.0127969
-0.387755	-0.346939	0.0132818
-0.387755	-0.306122	0.0137143
-0.387755	-0.265306	0.0140927
-0.387755	-0.22449	0.0144156
-0.387755	-0.183673	0.0146815
-0.387755	-0.142857	0.0148896
-0.387755	-0.102041	0.0150388
-0.387755	-0.0612245	0.0151288
-0.387755	-0.0204082	0.015159
-0.387755	0.0204082	0.0151294
-0.387755	0.0612245	0.0150401
-0.387755	0.102041	0.0148914
-0.387755	0.142857	0.014684
-0.387755	0.183673	0.0144186
-0.387755	0.22449	0.0140962
-0.387755	0.265306	0.0137182
-0.387755	0.306122	0.0132861
-0.387755	0.346939	0.0128015
-0.387755	0.387755	0.0122663
-0.387755	0.428571	0.0116827
-0.387755	0.469388	0.011053
-0.387755	0.510204	0.0103796
-0.387755	0.55102	0.0096652
-0.387755	0.591837	0.00891265
-0.387755	0.632653	0.00812489
-0.387755	0.673469	0.00730504
-0.387755	0.714286	0.00645634
-0.387755	0.755102	0.00558213
-0.387755	0.795918	0.00468588
-0.387755	0.836735	0.00377111
-0.387755	0.877551	0.00284145
-0.387755	0.918367	0.00190056
-0.387755	0.959184	0.000952159
-0.387755	1	0
-0.346939	-1	0.00098758
-0.346939	-0.959184	0.00197127
-0.346939	-0.918367	0.00294718
-0.346939	-0.877551	0.00391147
-0.346939	-0.836735	0.00486035
-0.346939	-0.795918	0.00579006
-0.346939	-0.755102	0.00669694
-0.346939	-0.714286	0.00757741
-0.346939	-0.673469	0.00842801
-0.346939	-0.632653	0.00924537
-0.346939	-0.591837	0.0100263
-0.346939	-0.55102	0.0107676
-0.346939	-0.510204	0.0114665
-0.346939	-0.469388	0.0121202
-0.346939	-0.428571	0.0127261
-0.346939	-0.387755	0.0132818
-0.346939	-0.346939	0.0137851
-0.346939	-0.306122	0.014234
-0.346939	-0.265306	0.0146268
-0.346939	-0.22449	0.0149618
-0.346939	-0.183673	0.0152379
-0.346939	-0.142857	0.0154538
-0.346939	-0.102041	0.0156087
-0.346939	-0.0612245	0.0157021
-0.346939	-0.0204082	0.0157334
-0.346939	0.0204082	0.0157027
-0.346939	0.0612245	0.01561
-0.346939	0.102041	0.0154557
-0.346939	0.142857	0.0152404
-0.346939	0.183673	0.0149649
-0.346939	0.22449	0.0146304
-0.346939	0.265306	0.0142381
-0.346939	0.306122	0.0137895
-0.346939	0.346939	0.0132866
-0.346939	0.387755	0.0127311
-0.346939	0.428571	0.0121254
-0.346939	0.469388	0.0114718
-0.346939	0.510204	0.0107729
-0.346939	0.55102	0.0100314
-0.346939	0.591837	0.00925038
-0.346939	0.632653	0.00843277
-0.346939	0.673469	0.00758186
-0.346939	0.714286	0.00670099
-0.346939	0.755102	0.00579366
-0.346939	0.795918	0.00486344
-0.346939	0.836735	0.00391401
-0.346939	0.877551	0.00294912
-0.346939	0.918367	0.00197258
-0.346939	0.959184	0.00098824
-0.346939	1	0
-0.306122	-1	0.00101974
-0.306122	-0.959184	0.00203546
-0.306122	-0.918367	0.00304316
-0.306122	-0.877551	0.00403885
-0.306122	-0.836735	0.00501863
-0.306122	-0.795918	0.00597861
-0.306122	-0.755102	0.00691502
-0.306122	-0.714286	0.00782417
-0.306122	-0.673469	0.00870247
-0.306122	-0.632653	0.00954645
-0.306122	-0.591837	0.0103528
-0.306122	-0.55102	0.0111183
-0.306122	-0.510204	0.01184
-0.306122	-0.469388	0.0125149
-0.306122	-0.428571	0.0131405
-0.306122	-0.387755	0.0137143
-0.306122	-0.346939	0.014234
-0.306122	-0.306122	0.0146975
-0.306122	-0.265306	0.0151031
-0.306122	-0.22449	0.0154491
-0.306122	-0.183673	0.0157341
-0.306122	-0.142857	0.015957
-0.306122	-0.102041	0.016117
-0.306122	-0.0612245	0.0162134
-0.306122	-0.0204082	0.0162458
-0.306122	0.0204082	0.0162141
-0.306122	0.0612245	0.0161184
-0.306122	0.102041	0.015959
-0.306122	0.142857	0.0157367
-0.306122	0.183673	0.0154523
-0.306122	0.22449	0.0151068
-0.306122	0.265306	0.0147017
-0.306122	0.306122	0.0142386
-0.306122	0.346939	0.0137192
-0.306122	0.387755	0.0131457
-0.306122	0.428571	0.0125203
-0.306122	0.469388	0.0118454
-0.306122	0.510204	0.0111237
-0.306122	0.55102	0.0103581
-0.306122	0.591837	0.00955162
-0.306122	0.632653	0.00870739
-0.306122	0.673469	0.00782876
-0.306122	0.714286	0.00691921
-0.306122	0.755102	0.00598233
-0.306122	0.795918	0.00502182
-0.306122	0.836735	0.00404147
-0.306122	0.877551	0.00304516
-0.306122	0.918367	0.00203681
-0.306122	0.959184	0.00102042
-0.306122	1	0
-0.265306	-1	0.00104788
-0.265306	-0.959184	0.00209163
-0.265306	-0.918367	0.00312713
-0.265306	-0.877551	0.0041503
-0.265306	-0.836735	0.00515711
-0.265306	-0.795918	0.00614358
-0.265306	-0.755102	0.00710584
-0.265306	-0.714286	0.00804007
-0.265306	-0.673469	0.0089426
-0.265306	-0.632653	0.00980987
-0.265306	-0.591837	0.0106385
-0.265306	-0.55102	0.0114251
-0.265306	-0.510204	0.0121667
-0.265306	-0.469388	0.0128603
-0.265306	-0.428571	0.0135031
-0.265306	-0.387755	0.0140927
-0.265306	-0.346939	0.0146268
-0.265306	-0.306122	0.0151031
-0.265306	-0.265306	0.0155198
-0.265306	-0.22449	0.0158754
-0.265306	-0.183673	0.0161683
-0.265306	-0.142857	0.0163973
-0.265306	-0.102041	0.0165617
-0.265306	-0.0612245	0.0166608
-0.265306	-0.0204082	0.0166941
-0.265306	0.0204082	0.0166615
-0.265306	0.0612245	0.0165631
-0.265306	0.102041	0.0163994
-0.265306	0.142857	0.0161709
-0.265306	0.183673	0.0158786
-0.265306	0.22449	0.0155237
-0.265306	0.265306	0.0151074
-0.265306	0.306122	0.0146315
-0.265306	0.346939	0.0140978
-0.265306	0.387755	0.0135084
-0.265306	0.428571	0.0128657
-0.265306	0.469388	0.0121722
-0.265306	0.510204	0.0114307
-0.265306	0.55102	0.0106439
-0.265306	0.591837	0.00981518
-0.265306	0.632653	0.00894766
-0.265306	0.673469	0.00804479
-0.265306	0.714286	0.00711014
-0.265306	0.755102	0.00614741
-0.265306	0.795918	0.00516039
-0.265306	0.836735	0.00415299
-0.265306	0.877551	0.00312918
-0.265306	0.918367	0.00209302
-0.265306	0.959184	0.00104858
-0.265306	1	0
-0.22449	-1	0.00107188
-0.22449	-0.959184	0.00213954
-0.22449	-0.918367	0.00319876
-0.22449	-0.877551	0.00424537
-0.22449	-0.836735	0.00527524
-0.22449	-0.795918	0.00628432
-0.22449	-0.755102	0.00726861
-0.22449	-0.714286	0.00822425
-0.22449	-0.673469	0.00914745
-0.22449	-0.632653	0.0100346
-0.22449	-0.591837	0.0108822
-0.22449	-0.55102	0.0116868
-0.22449	-0.510204	0.0124454
-0.22449	-0.469388	0.0131549
-0.22449	-0.428571	0.0138125
-0.22449	-0.387755	0.0144156
-0.22449	-0.346939	0.0149618
-0.22449	-0.306122	0.0154491
-0.22449	-0.265306	0.0158754
-0.22449	-0.22449	0.016239
-0.22449	-0.183673	0.0165386
-0.22449	-0.142857	0.016773
-0.22449	-0.102041	0.0169411
-0.22449	-0.0612245	0.0170424
-0.22449	-0.0204082	0.0170765
-0.22449	0.0204082	0.0170432
-0.22449	0.0612245	0.0169426
-0.22449	0.102041	0.0167751
-0.22449	0.142857	0.0165414
-0.22449	0.183673	0.0162424
-0.22449	0.22449	0.0158793
-0.22449	0.265306	0.0154535
-0.22449	0.306122	0.0149667
-0.22449	0.346939	0.0144207
-0.22449	0.387755	0.0138179
-0.22449	0.428571	0.0131605
-0.22449	0.469388	0.0124511
-0.22449	0.510204	0.0116925
-0.22449	0.55102	0.0108878
-0.22449	0.591837	0.01004
-0.22449	0.632653	0.00915263
-0.22449	0.673469	0.00822907
-0.22449	0.714286	0.00727302
-0.22449	0.755102	0.00628823
-0.22449	0.795918	0.0052786
-0.22449	0.836735	0.00424813
-0.22449	0.877551	0.00320087
-0.22449	0.918367	0.00214096
-0.22449	0.959184	0.0010726
-0.22449	1	0
-0.183673	-1	0.00109166
-0.183673	-0.959184	0.00217901
-0.183673	-0.918367	0.00325778
-0.183673	-0.877551	0.0043237
-0.183673	-0.836735	0.00537257
-0.183673	-0.795918	0.00640026
-0.183673	-0.755102	0.00740271
-0.183673	-0.714286	0.00837598
-0.183673	-0.673469	0.00931622
-0.183673	-0.632653	0.0102197
-0.183673	-0.591837	0.0110829
-0.183673	-0.55102	0.0119024
-0.183673	-0.510204	0.012675
-0.183673	-0.469388	0.0133976
-0.183673	-0.428571	0.0140673
-0.183673	-0.387755	0.0146815
-0.183673	-0.346939	0.0152379
-0.183673	-0.306122	0.0157341
-0.183673	-0.265306	0.0161683
-0.183673	-0.22449	0.0165386
-0.183673	-0.183673	0.0168438
-0.183673	-0.142857	0.0170824
-0.183673	-0.102041	0.0172537
-0.183673	-0.0612245	0.0173569
-0.183673	-0.0204082	0.0173915
-0.183673	0.0204082	0.0173576
-0.183673	0.0612245	0.0172551
-0.183673	0.102041	0.0170846
-0.183673	0.142857	0.0168466
-0.183673	0.183673	0.016542
-0.183673	0.22449	0.0161722
-0.183673	0.265306	0.0157386
-0.183673	0.306122	0.0152428
-0.183673	0.346939	0.0146868
-0.183673	0.387755	0.0140728
-0.183673	0.428571	0.0134033
-0.183673	0.469388	0.0126808
-0.183673	0.510204	0.0119082
-0.183673	0.55102	0.0110886
-0.183673	0.591837	0.0102253
-0.183673	0.632653	0.00932148
-0.183673	0.673469	0.00838089
-0.183673	0.714286	0.0074072
-0.183673	0.755102	0.00640424
-0.183673	0.795918	0.00537599
-0.183673	0.836735	0.0043265
-0.183673	0.877551	0.00325992
-0.183673	0.918367	0.00218046
-0.183673	0.959184	0.00109239
-0.183673	1	0
-0.142857	-1	0.00110713
-0.142857	-0.959184	0.00220989
-0.142857	-0.918367	0.00330394
-0.142857	-0.877551	0.00438496
-0.142857	-0.836735	0.00544869
-0.142857	-0.795918	0.00649095
-0.142857	-0.755102	0.0075076
-0.142857	-0.714286	0.00849466
-0.142857	-0.673469	0.00944822
-0.142857	-0.632653	0.0103645
-0.142857	-0.591837	0.01124
-0.142857	-0.55102	0.0120711
-0.142857	-0.510204	0.0128546
-0.142857	-0.469388	0.0135874
-0.142857	-0.428571	0.0142666
-0.142857	-0.387755	0.0148896
-0.142857	-0.346939	0.0154538
-0.142857	-0.306122	0.015957
-0.142857	-0.265306	0.0163973
-0.142857	-0.22449	0.016773
-0.142857	-0.183673	0.0170824
-0.142857	-0.142857	0.0173245
-0.142857	-0.102041	0.0174982
-0.142857	-0.0612245	0.0176028
-0.142857	-0.0204082	0.017638
-0.142857	0.0204082	0.0176035
-0.142857	0.0612245	0.0174996
-0.142857	0.102041	0.0173266
-0.142857	0.142857	0.0170853
-0.142857	0.183673	0.0167764
-0.142857	0.22449	0.0164014
-0.142857	0.265306	0.0159616
-0.142857	0.306122	0.0154588
-0.142857	0.346939	0.0148949
-0.142857	0.387755	0.0142722
-0.142857	0.428571	0.0135932
-0.142857	0.469388	0.0128605
-0.142857	0.510204	0.012077
-0.142857	0.55102	0.0112458
-0.142857	0.591837	0.0103701
-0.142857	0.632653	0.00945356
-0.142857	0.673469	0.00849965
-0.142857	0.714286	0.00751215
-0.142857	0.755102	0.00649499
-0.142857	0.795918	0.00545216
-0.142857	0.836735	0.0043878
-0.142857	0.877551	0.00330611
-0.142857	0.918367	0.00221136
-0.142857	0.959184	0.00110787
-0.142857	1	0
-0.102041	-1	0.00111823
-0.102041	-0.959184	0.00223204
-0.102041	-0.918367	0.00333706
-0.102041	-0.877551	0.00442892
-0.102041	-0.836735	0.00550332
-0.102041	-0.795918	0.00655602
-0.102041	-0.755102	0.00758287
-0.102041	-0.714286	0.00857982
-0.102041	-0.673469	0.00954295
-0.102041	-0.632653	0.0104684
-0.102041	-0.591837	0.0113526
-0.102041	-0.55102	0.0121921
-0.102041	-0.510204	0.0129835
-0.102041	-0.469388	0.0137236
-0.102041	-0.428571	0.0144096
-0.102041	-0.387755	0.0150388
-0.102041	-0.346939	0.0156087
-0.102041	-0.306122	0.016117
-0.102041	-0.265306	0.0165617
-0.102041	-0.22449	0.0169411
-0.102041	-0.183673	0.0172537
-0.102041	-0.142857	0.0174982
-0.102041	-0.102041	0.0176736
-0.102041	-0.0612245	0.0177793
-0.102041	-0.0204082	0.0178148
-0.102041	0.0204082	0.01778
-0.102041	0.0612245	0.0176751
-0.102041	0.102041	0.0175003
-0.102041	0.142857	0.0172566
-0.102041	0.183673	0.0169446
-0.102041	0.22449	0.0165658
-0.102041	0.265306	0.0161216
-0.102041	0.306122	0.0156137
-0.102041	0.346939	0.0150442
-0.102041	0.387755	0.0144153
-0.102041	0.428571	0.0137295
-0.102041	0.469388	0.0129894
-0.102041	0.510204	0.012198
-0.102041	0.55102	0.0113585
-0.102041	0.591837	0.0104741
-0.102041	0.632653	0.00954834
-0.102041	0.673469	0.00858486
-0.102041	0.714286	0.00758747
-0.102041	0.755102	0.0065601
-0.102041	0.795918	0.00550683
-0.102041	0.836735	0.00443179
-0.102041	0.877551	0.00333926
-0.102041	0.918367	0.00223353
-0.102041	0.959184	0.00111897
-0.102041	1	0
-0.0612245	-1	0.00112491
-0.0612245	-0.959184	0.00224539
-0.0612245	-0.918367	0.00335702
-0.0612245	-0.877551	0.00445541
-0.0612245	-0.836735	0.00553623
-0.0612245	-0.795918	0.00659523
-0.0612245	-0.755102	0.00762822
-0.0612245	-0.714286	0.00863113
-0.0612245	-0.673469	0.00960001
-0.0612245	-0.632653	0.010531
-0.0612245	-0.591837	0.0114205
-0.0612245	-0.55102	0.012265
-0.0612245	-0.510204	0.0130611
-0.0612245	-0.469388	0.0138057
-0.0612245	-0.428571	0.0144958
-0.0612245	-0.387755	0.0151288
-0.0612245	-0.346939	0.0157021
-0.0612245	-0.306122	0.0162134
-0.0612245	-0.265306	0.0166608
-0.0612245	-0.22449	0.0170424
-0.0612245	-0.183673	0.0173569
-0.0612245	-0.142857	0.0176028
-0.0612245	-0.102041	0.0177793
-0.0612245	-0.0612245	0.0178856
-0.0612245	-0.0204082	0.0179213
-0.0612245	0.0204082	0.0178863
-0.0612245	0.0612245	0.0177808
-0.0612245	0.102041	0.017605
-0.0612245	0.142857	0.0173597
-0.0612245	0.183673	0.017046
-0.0612245	0.22449	0.0166649
-0.0612245	0.265306	0.016218
-0.0612245	0.306122	0.0157071
-0.0612245	0.346939	0.0151342
-0.0612245	0.387755	0.0145015
-0.0612245	0.428571	0.0138116
-0.0612245	0.469388	0.0130671
-0.0612245	0.510204	0.012271
-0.0612245	0.55102	0.0114264
-0.0612245	0.591837	0.0105367
-0.0612245	0.632653	0.00960544
-0.0612245	0.673469	0.0086362
-0.0612245	0.714286	0.00763284
-0.0612245	0.755102	0.00659933
-0.0612245	0.795918	0.00553976
-0.0612245	0.836735	0.0044583
-0.0612245	0.877551	0.00335923
-0.0612245	0.918367	0.00224688
-0.0612245	0.959184	0.00112567
-0.0612245	1	0
-0.0204082	-1	0.00112716
-0.0204082	-0.959184	0.00224988
-0.0204082	-0.918367	0.00336373
-0.0204082	-0.877551	0.00446431
-0.0204082	-0.836735	0.00554729
-0.0204082	-0.795918	0.00660841
-0.0204082	-0.755102	0.00764346
-0.0204082	-0.714286	0.00864838
-0.0204082	-0.673469	0.0096192
-0.0204082	-0.632653	0.0105521
-0.0204082	-0.591837	0.0114434
-0.0204082	-0.55102	0.0122895
-0.0204082	-0.510204	0.0130872
-0.0204082	-0.469388	0.0138333
-0.0204082	-0.428571	0.0145248
-0.0204082	-0.387755	0.015159
-0.0204082	-0.346939	0.0157334
-0.0204082	-0.306122	0.0162458
-0.0204082	-0.265306	0.0166941
-0.0204082	-0.22449	0.0170765
-0.0204082	-0.183673	0.0173915
-0.0204082	-0.142857	0.017638
-0.0204082	-0.102041	0.0178148
-0.0204082	-0.0612245	0.0179213
-0.0204082	-0.0204082	0.0179571
-0.0204082	0.0204082	0.0179221
-0.0204082	0.0612245	0.0178163
-0.0204082	0.102041	0.0176402
-0.0204082	0.142857	0.0173944
-0.0204082	0.183673	0.01708
-0.0204082	0.22449	0.0166982
-0.0204082	0.265306	0.0162504
-0.0204082	0.306122	0.0157385
-0.0204082	0.346939	0.0151644
-0.0204082	0.387755	0.0145305
-0.0204082	0.428571	0.0138392
-0.0204082	0.469388	0.0130932
-0.0204082	0.510204	0.0122955
-0.0204082	0.55102	0.0114493
-0.0204082	0.591837	0.0105578
-0.0204082	0.632653	0.00962464
-0.0204082	0.673469	0.00865345
-0.0204082	0.714286	0.00764809
-0.0204082	0.755102	0.00661252
-0.0204082	0.795918	0.00555083
-0.0204082	0.836735	0.00446721
-0.0204082	0.877551	0.00336594
-0.0204082	0.918367	0.00225137
-0.0204082	0.959184	0.00112791
-0.0204082	1	0
0.0204082	-1	0.00112496
0.0204082	-0.959184	0.00224549
0.0204082	-0.918367	0.00335716
0.0204082	-0.877551	0.00445559
0.0204082	-0.836735	0.00553646
0.0204082	-0.795918	0.0065955
0.0204082	-0.755102	0.00762854
0.0204082	-0.714286	0.0086315
0.0204082	-0.673469	0.00960042
0.0204082	-0.632653	0.0105315
0.0204082	-0.591837	0.011421
0.0204082	-0.55102	0.0122655
0.0204082	-0.510204	0.0130616
0.0204082	-0.469388	0.0138063
0.0204082	-0.428571	0.0144964
0.0204082	-0.387755	0.0151294
0.0204082	-0.346939	0.0157027
0.0204082	-0.306122	0.0162141
0.0204082	-0.265306	0.0166615
0.0204082	-0.22449	0.0170432
0.0204082	-0.183673	0.0173576
0.0204082	-0.142857	0.0176035
0.0204082	-0.102041	0.01778
0.0204082	-0.0612245	0.0178863
0.0204082	-0.0204082	0.0179221
0.0204082	0.0204082	0.0178871
0.0204082	0.0612245	0.0177815
0.0204082	0.102041	0.0176057
0.0204082	0.142857	0.0173605
0.0204082	0.183673	0.0170467
0.0204082	0.22449	0.0166656
0.0204082	0.265306	0.0162187
0.0204082	0.306122	0.0157078
0.0204082	0.346939	0.0151348
0.0204082	0.387755	0.0145021
0.0204082	0.428571	0.0138121
0.0204082	0.469388	0.0130676
0.0204082	0.510204	0.0122715
0.0204082	0.55102	0.0114269
0.0204082	0.591837	0.0105372
0.0204082	0.632653	0.00960585
0.0204082	0.673469	0.00863656
0.0204082	0.714286	0.00763316
0.0204082	0.755102	0.00659961
0.0204082	0.795918	0.00553999
0.0204082	0.836735	0.00445848
0.0204082	0.877551	0.00335937
0.0204082	0.918367	0.00224698
0.0204082	0.959184	0.00112571
0.0204082	1	0
0.0612245	-1	0.00111832
0.0612245	-0.959184	0.00223223
0.0612245	-0.918367	0.00333734
0.0612245	-0.877551	0.00442929
0.0612245	-0.836735	0.00550378
0.0612245	-0.795918	0.00655657
0.0612245	-0.755102	0.00758351
0.0612245	-0.714286	0.00858054
0.0612245	-0.673469	0.00954375
0.0612245	-0.632653	0.0104693
0.0612245	-0.591837	0.0113536
0.0612245	-0.55102	0.0121931
0.0612245	-0.510204	0.0129845
0.0612245	-0.469388	0.0137248
0.0612245	-0.428571	0.0144108
0.0612245	-0.387755	0.0150401
0.0612245	-0.346939	0.01561
0.0612245	-0.306122	0.0161184
0.0612245	-0.265306	0.0165631
0.0612245	-0.22449	0.0169426
0.0612245	-0.183673	0.0172551
0.0612245	-0.142857	0.0174996
0.0612245	-0.102041	0.0176751
0.0612245	-0.0612245	0.0177808
0.0612245	-0.0204082	0.0178163
0.0612245	0.0204082	0.0177815
0.0612245	0.0612245	0.0176765
0.0612245	0.102041	0.0175018
0.0612245	0.142857	0.017258
0.0612245	0.183673	0.0169461
0.0612245	0.22449	0.0165672
0.0612245	0.265306	0.016123
0.0612245	0.306122	0.0156151
0.0612245	0.346939	0.0150455
0.0612245	0.387755	0.0144165
0.0612245	0.428571	0.0137306
0.0612245	0.469388	0.0129905
0.0612245	0.510204	0.0121991
0.0612245	0.55102	0.0113595
0.0612245	0.591837	0.010475
0.0612245	0.632653	0.00954914
0.0612245	0.673469	0.00858558
0.0612245	0.714286	0.0075881
0.0612245	0.755102	0.00656065
0.0612245	0.795918	0.00550729
0.0612245	0.836735	0.00443217
0.0612245	0.877551	0.00333954
0.0612245	0.918367	0.00223371
0.0612245	0.959184	0.00111907
0.0612245	1	0
0.102041	-1	0.00110727
0.102041	-0.959184	0.00221017
0.102041	-0.918367	0.00330435
0.102041	-0.877551	0.00438551
0.102041	-0.836735	0.00544938
0.102041	-0.795918	0.00649176
0.102041	-0.755102	0.00750855
0.102041	-0.714286	0.00849573
0.102041	-0.673469	0.00944941
0.102041	-0.632653	0.0103658
0.102041	-0.591837	0.0112414
0.102041	-0.55102	0.0120726
0.102041	-0.510204	0.0128562
0.102041	-0.469388	0.0135891
0.102041	-0.428571	0.0142684
0.102041	-0.387755	0.0148914
0.102041	-0.346939	0.0154557
0.102041	-0.306122	0.015959
0.102041	-0.265306	0.0163994
0.102041	-0.22449	0.0167751
0.102041	-0.183673	0.0170846
0.102041	-0.142857	0.0173266
0.102041	-0.102041	0.0175003
0.102041	-0.0612245	0.017605
0.102041	-0.0204082	0.0176402
0.102041	0.0204082	0.0176057
0.102041	0.0612245	0.0175018
0.102041	0.102041	0.0173288
0.102041	0.142857	0.0170874
0.102041	0.183673	0.0167785
0.102041	0.22449	0.0164034
0.102041	0.265306	0.0159636
0.102041	0.306122	0.0154607
0.102041	0.346939	0.0148968
0.102041	0.387755	0.014274
0.102041	0.428571	0.0135949
0.102041	0.469388	0.0128621
0.102041	0.510204	0.0120785
0.102041	0.55102	0.0112472
0.102041	0.591837	0.0103714
0.102041	0.632653	0.00945475
0.102041	0.673469	0.00850071
0.102041	0.714286	0.0075131
0.102041	0.755102	0.0064958
0.102041	0.795918	0.00545285
0.102041	0.836735	0.00438835
0.102041	0.877551	0.00330653
0.102041	0.918367	0.00221163
0.102041	0.959184	0.00110801
0.102041	1	0
0.142857	-1	0.00109184
0.142857	-0.959184	0.00217938
0.142857	-0.918367	0.00325832
0.142857	-0.877551	0.00432442
0.142857	-0.836735	0.00537346
0.142857	-0.795918	0.00640132
0.142857	-0.755102	0.00740394
0.142857	-0.714286	0.00837737
0.142857	-0.673469	0.00931777
0.142857	-0.632653	0.0102214
0.142857	-0.591837	0.0110848
0.142857	-0.55102	0.0119044
0.142857	-0.510204	0.0126771
0.142857	-0.469388	0.0133998
0.142857	-0.428571	0.0140696
0.142857	-0.387755	0.014684
0.142857	-0.346939	0.0152404
0.142857	-0.306122	0.0157367
0.142857	-0.265306	0.0161709
0.142857	-0.22449	0.0165414
0.142857	-0.183673	0.0168466
0.142857	-0.142857	0.0170853
0.142857	-0.102041	0.0172566
0.142857	-0.0612245	0.0173597
0.142857	-0.0204082	0.0173944
0.142857	0.0204082	0.0173605
0.142857	0.0612245	0.017258
0.142857	0.102041	0.0170874
0.142857	0.142857	0.0168494
0.142857	0.183673	0.0165448
0.142857	0.22449	0.0161749
0.142857	0.265306	0.0157412
0.142857	0.306122	0.0152453
0.142857	0.346939	0.0146892
0.142857	0.387755	0.0140752
0.142857	0.428571	0.0134055
0.142857	0.469388	0.0126829
0.142857	0.510204	0.0119102
0.142857	0.55102	0.0110905
0.142857	0.591837	0.010227
0.142857	0.632653	0.00932304
0.142857	0.673469	0.00838229
0.142857	0.714286	0.00740843
0.142857	0.755102	0.00640531
0.142857	0.795918	0.00537688
0.142857	0.836735	0.00432722
0.142857	0.877551	0.00326046
0.142857	0.918367	0.00218082
0.142857	0.959184	0.00109257
0.142857	1	0
0.183673	-1	0.0010721
0.183673	-0.959184	0.00213998
0.183673	-0.918367	0.00319942
0.183673	-0.877551	0.00424625
0.183673	-0.836735	0.00527634
0.183673	-0.795918	0.00628562
0.183673	-0.755102	0.00727012
0.183673	-0.714286	0.00822595
0.183673	-0.673469	0.00914935
0.183673	-0.632653	0.0100367
0.183673	-0.591837	0.0108844
0.183673	-0.55102	0.0116892
0.183673	-0.510204	0.0124479
0.183673	-0.469388	0.0131576
0.183673	-0.428571	0.0138153
0.183673	-0.387755	0.0144186
0.183673	-0.346939	0.0149649
0.183673	-0.306122	0.0154523
0.183673	-0.265306	0.0158786
0.183673	-0.22449	0.0162424
0.183673	-0.183673	0.016542
0.183673	-0.142857	0.0167764
0.183673	-0.102041	0.0169446
0.183673	-0.0612245	0.017046
0.183673	-0.0204082	0.01708
0.183673	0.0204082	0.0170467
0.183673	0.0612245	0.0169461
0.183673	0.102041	0.0167785
0.183673	0.142857	0.0165448
0.183673	0.183673	0.0162457
0.183673	0.22449	0.0158826
0.183673	0.265306	0.0154567
0.183673	0.306122	0.0149698
0.183673	0.346939	0.0144237
0.183673	0.387755	0.0138207
0.183673	0.428571	0.0131632
0.183673	0.469388	0.0124537
0.183673	0.510204	0.0116949
0.183673	0.55102	0.01089
0.183673	0.591837	0.0100421
0.183673	0.632653	0.00915452
0.183673	0.673469	0.00823078
0.183673	0.714286	0.00727452
0.183673	0.755102	0.00628953
0.183673	0.795918	0.0052797
0.183673	0.836735	0.004249
0.183673	0.877551	0.00320153
0.183673	0.918367	0.0021414
0.183673	0.959184	0.00107282
0.183673	1	0
0.22449	-1	0.00104814
0.22449	-0.959184	0.00209214
0.22449	-0.918367	0.0031279
0.22449	-0.877551	0.00415132
0.22449	-0.836735	0.00515838
0.22449	-0.795918	0.0061451
0.22449	-0.755102	0.00710759
0.22449	-0.714286	0.00804205
0.22449	-0.673469	0.0089448
0.22449	-0.632653	0.00981229
0.22449	-0.591837	0.0106411
0.22449	-0.55102	0.0114279
0.22449	-0.510204	0.0121697
0.22449	-0.469388	0.0128634
0.22449	-0.428571	0.0135065
0.22449	-0.387755	0.0140962
0.22449	-0.346939	0.0146304
0.22449	-0.306122	0.0151068
0.22449	-0.265306	0.0155237
0.22449	-0.22449	0.0158793
0.22449	-0.183673	0.0161722
0.22449	-0.142857	0.0164014
0.22449	-0.102041	0.0165658
0.22449	-0.0612245	0.0166649
0.22449	-0.0204082	0.0166982
0.22449	0.0204082	0.0166656
0.22449	0.0612245	0.0165672
0.22449	0.102041	0.0164034
0.22449	0.142857	0.0161749
0.22449	0.183673	0.0158826
0.22449	0.22449	0.0155275
0.22449	0.265306	0.0151111
0.22449	0.306122	0.0146351
0.22449	0.346939	0.0141013
0.22449	0.387755	0.0135118
0.22449	0.428571	0.0128689
0.22449	0.469388	0.0121752
0.22449	0.510204	0.0114335
0.22449	0.55102	0.0106466
0.22449	0.591837	0.0098176
0.22449	0.632653	0.00894986
0.22449	0.673469	0.00804677
0.22449	0.714286	0.00711189
0.22449	0.755102	0.00614892
0.22449	0.795918	0.00516166
0.22449	0.836735	0.00415401
0.22449	0.877551	0.00312996
0.22449	0.918367	0.00209353
0.22449	0.959184	0.00104884
0.22449	1	0
0.265306	-1	0.00102003
0.265306	-0.959184	0.00203604
0.265306	-0.918367	0.00304402
0.265306	-0.877551	0.00404
0.265306	-0.836735	0.00502006
0.265306	-0.795918	0.00598032
0.265306	-0.755102	0.006917
0.265306	-0.714286	0.0078264
0.265306	-0.673469	0.00870495
0.265306	-0.632653	0.00954917
0.265306	-0.591837	0.0103557
0.265306	-0.55102	0.0111215
0.265306	-0.510204	0.0118433
0.265306	-0.469388	0.0125185
0.265306	-0.428571	0.0131443
0.265306	-0.387755	0.0137182
0.265306	-0.346939	0.0142381
0.265306	-0.306122	0.0147017
0.265306	-0.265306	0.0151074
0.265306	-0.22449	0.0154535
0.265306	-0.183673	0.0157386
0.265306	-0.142857	0.0159616
0.265306	-0.102041	0.0161216
0.265306	-0.0612245	0.016218
0.265306	-0.0204082	0.0162504
0.265306	0.0204082	0.0162187
0.265306	0.0612245	0.016123
0.265306	0.102041	0.0159636
0.265306	0.142857	0.0157412
0.265306	0.183673	0.0154567
0.265306	0.22449	0.0151111
0.265306	0.265306	0.0147059
0.265306	0.306122	0.0142427
0.265306	0.346939	0.0137231
0.265306	0.387755	0.0131495
0.265306	0.428571	0.0125238
0.265306	0.469388	0.0118488
0.265306	0.510204	0.0111269
0.265306	0.55102	0.0103611
0.265306	0.591837	0.00955434
0.265306	0.632653	0.00870987
0.265306	0.673469	0.007831
0.265306	0.714286	0.00692119
0.265306	0.755102	0.00598404
0.265306	0.795918	0.00502325
0.265306	0.836735	0.00404262
0.265306	0.877551	0.00304603
0.265306	0.918367	0.00203739
0.265306	0.959184	0.00102071
0.265306	1	0
0.306122	-1	0.000987898
0.306122	-0.959184	0.0019719
0.306122	-0.918367	0.00294813
0.306122	-0.877551	0.00391274
0.306122	-0.836735	0.00486191
0.306122	-0.795918	0.00579192
0.306122	-0.755102	0.0066991
0.306122	-0.714286	0.00757985
0.306122	-0.673469	0.00843072
0.306122	-0.632653	0.00924835
0.306122	-0.591837	0.0100295
0.306122	-0.55102	0.0107711
0.306122	-0.510204	0.0114702
0.306122	-0.469388	0.0121241
0.306122	-0.428571	0.0127302
0.306122	-0.387755	0.0132861
0.306122	-0.346939	0.0137895
0.306122	-0.306122	0.0142386
0.306122	-0.265306	0.0146315
0.306122	-0.22449	0.0149667
0.306122	-0.183673	0.0152428
0.306122	-0.142857	0.0154588
0.306122	-0.102041	0.0156137
0.306122	-0.0612245	0.0157071
0.306122	-0.0204082	0.0157385
0.306122	0.0204082	0.0157078
0.306122	0.0612245	0.0156151
0.306122	0.102041	0.0154607
0.306122	0.142857	0.0152453
0.306122	0.183673	0.0149698
0.306122	0.22449	0.0146351
0.306122	0.265306	0.0142427
0.306122	0.306122	0.013794
0.306122	0.346939	0.0132908
0.306122	0.387755	0.0127352
0.306122	0.428571	0.0121293
0.306122	0.469388	0.0114755
0.306122	0.510204	0.0107764
0.306122	0.55102	0.0100347
0.306122	0.591837	0.00925336
0.306122	0.632653	0.00843549
0.306122	0.673469	0.0075843
0.306122	0.714286	0.00670316
0.306122	0.755102	0.00579553
0.306122	0.795918	0.00486501
0.306122	0.836735	0.00391527
0.306122	0.877551	0.00295007
0.306122	0.918367	0.00197321
0.306122	0.959184	0.000988558
0.306122	1	0
0.346939	-1	0.000951864
0.346939	-0.959184	0.00189998
0.346939	-0.918367	0.0028406
0.346939	-0.877551	0.00377002
0.346939	-0.836735	0.00468457
0.346939	-0.795918	0.00558066
0.346939	-0.755102	0.00645474
0.346939	-0.714286	0.00730338
0.346939	-0.673469	0.00812321
0.346939	-0.632653	0.00891102
0.346939	-0.591837	0.00966368
0.346939	-0.55102	0.0103782
0.346939	-0.510204	0.0110519
0.346939	-0.469388	0.0116819
0.346939	-0.428571	0.0122659
0.346939	-0.387755	0.0128015
0.346939	-0.346939	0.0132866
0.346939	-0.306122	0.0137192
0.346939	-0.265306	0.0140978
0.346939	-0.22449	0.0144207
0.346939	-0.183673	0.0146868
0.346939	-0.142857	0.0148949
0.346939	-0.102041	0.0150442
0.346939	-0.0612245	0.0151342
0.346939	-0.0204082	0.0151644
0.346939	0.0204082	0.0151348
0.346939	0.0612245	0.0150455
0.346939	0.102041	0.0148968
0.346939	0.142857	0.0146892
0.346939	0.183673	0.0144237
0.346939	0.22449	0.0141013
0.346939	0.265306	0.0137231
0.346939	0.306122	0.0132908
0.346939	0.346939	0.0128061
0.346939	0.387755	0.0122707
0.346939	0.428571	0.0116869
0.346939	0.469388	0.0110569
0.346939	0.510204	0.0103833
0.346939	0.55102	0.00966867
0.346939	0.591837	0.00891584
0.346939	0.632653	0.0081278
0.346939	0.673469	0.00730766
0.346939	0.714286	0.00645866
0.346939	0.755102	0.00558414
0.346939	0.795918	0.00468756
0.346939	0.836735	0.00377246
0.346939	0.877551	0.00284246
0.346939	0.918367	0.00190124
0.346939	0.959184	0.0009525
0.346939	1	0
0.387755	-1	0.000912072
0.387755	-0.959184	0.00182055
0.387755	-0.918367	0.00272185
0.387755	-0.877551	0.00361241
0.387755	-0.836735	0.00448874
0.387755	-0.795918	0.00534736
0.387755	-0.755102	0.00618491
0.387755	-0.714286	0.00699806
0.387755	-0.673469	0.00778362
0.387755	-0.632653	0.00853849
0.387755	-0.591837	0.00925969
0.387755	-0.55102	0.00994438
0.387755	-0.510204	0.0105898
0.387755	-0.469388	0.0111935
0.387755	-0.428571	0.0117531
0.387755	-0.387755	0.0122663
0.387755	-0.346939	0.0127311
0.387755	-0.306122	0.0131457
0.387755	-0.265306	0.0135084
0.387755	-0.22449	0.0138179
0.387755	-0.183673	0.0140728
0.387755	-0.142857	0.0142722
0.387755	-0.102041	0.0144153
0.387755	-0.0612245	0.0145015
0.387755	-0.0204082	0.0145305
0.387755	0.0204082	0.0145021
0.387755	0.0612245	0.0144165
0.387755	0.102041	0.014274
0.387755	0.142857	0.0140752
0.387755	0.183673	0.0138207
0.387755	0.22449	0.0135118
0.387755	0.265306	0.0131495
0.387755	0.306122	0.0127352
0.387755	0.346939	0.0122707
0.387755	0.387755	0.0117577
0.387755	0.428571	0.0111983
0.387755	0.469388	0.0105947
0.387755	0.510204	0.00994923
0.387755	0.55102	0.00926447
0.387755	0.591837	0.00854312
0.387755	0.632653	0.00778802
0.387755	0.673469	0.00700217
0.387755	0.714286	0.00618865
0.387755	0.755102	0.00535069
0.387755	0.795918	0.0044916
0.387755	0.836735	0.00361476
0.387755	0.877551	0.00272364
0.387755	0.918367	0.00182176
0.387755	0.959184	0.000912681
0.387755	1	0
0.428571	-1	0.000868678
0.428571	-0.959184	0.00173393
0.428571	-0.918367	0.00259235
0.428571	-0.877551	0.00344054
0.428571	-0.836735	0.00427517
0.428571	-0.795918	0.00509295
0.428571	-0.755102	0.00589064
0.428571	-0.714286	0.00666511
0.428571	-0.673469	0.0074133
0.428571	-0.632653	0.00813225
0.428571	-0.591837	0.00881914
0.428571	-0.55102	0.00947125
0.428571	-0.510204	0.010086
0.428571	-0.469388	0.010661
0.428571	-0.428571	0.0111939
0.428571	-0.387755	0.0116827
0.428571	-0.346939	0.0121254
0.428571	-0.306122	0.0125203
0.428571	-0.265306	0.0128657
0.428571	-0.22449	0.0131605
0.428571	-0.183673	0.0134033
0.428571	-0.142857	0.0135932
0.428571	-0.102041	0.0137295
0.428571	-0.0612245	0.0138116
0.428571	-0.0204082	0.0138392
0.428571	0.0204082	0.0138121
0.428571	0.0612245	0.0137306
0.428571	0.102041	0.0135949
0.428571	0.142857	0.0134055
0.428571	0.183673	0.0131632
0.428571	0.22449	0.0128689
0.428571	0.265306	0.0125238
0.428571	0.306122	0.0121293
0.428571	0.346939	0.0116869
0.428571	0.387755	0.0111983
0.428571	0.428571	0.0106655
0.428571	0.469388	0.0100906
0.428571	0.510204	0.00947587
0.428571	0.55102	0.00882369
0.428571	0.591837	0.00813666
0.428571	0.632653	0.00741749
0.428571	0.673469	0.00666902
0.428571	0.714286	0.00589421
0.428571	0.755102	0.00509612
0.428571	0.795918	0.0042779
0.428571	0.836735	0.00344278
0.428571	0.877551	0.00259405
0.428571	0.918367	0.00173508
0.428571	0.959184	0.000869258
0.428571	1	0
0.469388	-1	0.000821853
0.469388	-0.959184	0.00164047
0.469388	-0.918367	0.00245261
0.469388	-0.877551	0.00325509
0.469388	-0.836735	0.00404473
0.469388	-0.795918	0.00481842
0.469388	-0.755102	0.00557312
0.469388	-0.714286	0.00630584
0.469388	-0.673469	0.0070137
0.469388	-0.632653	0.0076939
0.469388	-0.591837	0.00834376
0.469388	-0.55102	0.00896072
0.469388	-0.510204	0.00954234
0.469388	-0.469388	0.0100863
0.469388	-0.428571	0.0105905
0.469388	-0.387755	0.011053
0.469388	-0.346939	0.0114718
0.469388	-0.306122	0.0118454
0.469388	-0.265306	0.0121722
0.469388	-0.22449	0.0124511
0.469388	-0.183673	0.0126808
0.469388	-0.142857	0.0128605
0.469388	-0.102041	0.0129894
0.469388	-0.0612245	0.0130671
0.469388	-0.0204082	0.0130932
0.469388	0.0204082	0.0130676
0.469388	0.0612245	0.0129905
0.469388	0.102041	0.0128621
0.469388	0.142857	0.0126829
0.469388	0.183673	0.0124537
0.469388	0.22449	0.0121752
0.469388	0.265306	0.0118488
0.469388	0.306122	0.0114755
0.469388	0.346939	0.0110569
0.469388	0.387755	0.0105947
0.469388	0.428571	0.0100906
0.469388	0.469388	0.00954671
0.469388	0.510204	0.00896509
0.469388	0.55102	0.00834806
0.469388	0.591837	0.00769807
0.469388	0.632653	0.00701766
0.469388	0.673469	0.00630954
0.469388	0.714286	0.0055765
0.469388	0.755102	0.00482142
0.469388	0.795918	0.0040473
0.469388	0.836735	0.0032572
0.469388	0.877551	0.00245422
0.469388	0.918367	0.00164156
0.469388	0.959184	0.000822403
0.469388	1	0
0.510204	-1	0.000771783
0.510204	-0.959184	0.00154052
0.510204	-0.918367	0.00230319
0.510204	-0.877551	0.00305678
0.510204	-0.836735	0.00379831
0.510204	-0.795918	0.00452487
0.510204	-0.755102	0.00523359
0.510204	-0.714286	0.00592167
0.510204	-0.673469	0.0065864
0.510204	-0.632653	0.00722516
0.510204	-0.591837	0.00783543
0.510204	-0.55102	0.0084148
0.510204	-0.510204	0.00896098
0.510204	-0.469388	0.00947183
0.510204	-0.428571	0.00994532
0.510204	-0.387755	0.0103796
0.510204	-0.346939	0.0107729
0.510204	-0.306122	0.0111237
0.510204	-0.265306	0.0114307
0.510204	-0.22449	0.0116925
0.510204	-0.183673	0.0119082
0.510204	-0.142857	0.012077
0.510204	-0.102041	0.012198
0.510204	-0.0612245	0.012271
0.510204	-0.0204082	0.0122955
0.510204	0.0204082	0.0122715
0.510204	0.0612245	0.0121991
0.510204	0.102041	0.0120785
0.510204	0.142857	0.0119102
0.510204	0.183673	0.0116949
0.510204	0.22449	0.0114335
0.510204	0.265306	0.0111269
0.510204	0.306122	0.0107764
0.510204	0.346939	0.0103833
0.510204	0.387755	0.00994923
0.510204	0.428571	0.00947587
0.510204	0.469388	0.00896509
0.510204	0.510204	0.00841891
0.510204	0.55102	0.00783947
0.510204	0.591837	0.00722907
0.510204	0.632653	0.00659012
0.510204	0.673469	0.00592514
0.510204	0.714286	0.00523676
0.510204	0.755102	0.00452769
0.510204	0.795918	0.00380073
0.510204	0.836735	0.00305876
0.510204	0.877551	0.0023047
0.510204	0.918367	0.00154155
0.510204	0.959184	0.000772299
0.510204	1	0
0.55102	-1	0.000718665
0.55102	-0.959184	0.0014345
0.55102	-0.918367	0.00214467
0.55102	-0.877551	0.00284639
0.55102	-0.836735	0.00353689
0.55102	-0.795918	0.00421344
0.55102	-0.755102	0.00487338
0.55102	-0.714286	0.00551411
0.55102	-0.673469	0.00613309
0.55102	-0.632653	0.00672788
0.55102	-0.591837	0.00729615
0.55102	-0.55102	0.00783565
0.55102	-0.510204	0.00834424
0.55102	-0.469388	0.00881993
0.55102	-0.428571	0.00926083
0.55102	-0.387755	0.0096652
0.55102	-0.346939	0.0100314
0.55102	-0.306122	0.0103581
0.55102	-0.265306	0.0106439
0.55102	-0.22449	0.0108878
0.55102	-0.183673	0.0110886
0.55102	-0.142857	0.0112458
0.55102	-0.102041	0.0113585
0.55102	-0.0612245	0.0114264
0.55102	-0.0204082	0.0114493
0.55102	0.0204082	0.0114269
0.55102	0.0612245	0.0113595
0.55102	0.102041	0.0112472
0.55102	0.142857	0.0110905
0.55102	0.183673	0.01089
0.55102	0.22449	0.0106466
0.55102	0.265306	0.0103611
0.55102	0.306122	0.0100347
0.55102	0.346939	0.00966867
0.55102	0.387755	0.00926447
0.55102	0.428571	0.00882369
0.55102	0.469388	0.00834806
0.55102	0.510204	0.00783947
0.55102	0.55102	0.00729992
0.55102	0.591837	0.00673153
0.55102	0.632653	0.00613655
0.55102	0.673469	0.00551734
0.55102	0.714286	0.00487633
0.55102	0.755102	0.00421607
0.55102	0.795918	0.00353914
0.55102	0.836735	0.00284824
0.55102	0.877551	0.00214608
0.55102	0.918367	0.00143545
0.55102	0.959184	0.000719145
0.55102	1	0
0.591837	-1	0.000662708
0.591837	-0.959184	0.0013228
0.591837	-0.918367	0.00197768
0.591837	-0.877551	0.00262477
0.591837	-0.836735	0.0032615
0.591837	-0.795918	0.00388537
0.591837	-0.755102	0.00449393
0.591837	-0.714286	0.00508477
0.591837	-0.673469	0.00565555
0.591837	-0.632653	0.00620404
0.591837	-0.591837	0.00672806
0.591837	-0.55102	0.00722555
0.591837	-0.510204	0.00769454
0.591837	-0.469388	0.00813319
0.591837	-0.428571	0.00853976
0.591837	-0.387755	0.00891265
0.591837	-0.346939	0.00925038
0.591837	-0.306122	0.00955162
0.591837	-0.265306	0.00981518
0.591837	-0.22449	0.01004
0.591837	-0.183673	0.0102253
0.591837	-0.142857	0.0103701
0.591837	-0.102041	0.0104741
0.591837	-0.0612245	0.0105367
0.591837	-0.0204082	0.0105578
0.591837	0.0204082	0.0105372
0.591837	0.0612245	0.010475
0.591837	0.102041	0.0103714
0.591837	0.142857	0.010227
0.591837	0.183673	0.0100421
0.591837	0.22449	0.0098176
0.591837	0.265306	0.00955434
0.591837	0.306122	0.00925336
0.591837	0.346939	0.00891584
0.591837	0.387755	0.00854312
0.591837	0.428571	0.00813666
0.591837	0.469388	0.00769807
0.591837	0.510204	0.00722907
0.591837	0.55102	0.00673153
0.591837	0.591837	0.0062074
0.591837	0.632653	0.00565875
0.591837	0.673469	0.00508775
0.591837	0.714286	0.00449665
0.591837	0.755102	0.00388779
0.591837	0.795918	0.00326358
0.591837	0.836735	0.00262647
0.591837	0.877551	0.00197898
0.591837	0.918367	0.00132368
0.591837	0.959184	0.000663151
0.591837	1	0
0.632653	-1	0.000604134
0.632653	-0.959184	0.00120589
0.632653	-0.918367	0.00180288
0.632653	-0.877551	0.00239277
0.632653	-0.836735	0.00297323
0.632653	-0.795918	0.00354196
0.632653	-0.755102	0.00409673
0.632653	-0.714286	0.00463534
0.632653	-0.673469	0.00515568
0.632653	-0.632653	0.00565569
0.632653	-0.591837	0.00613339
0.632653	-0.55102	0.00658691
0.632653	-0.510204	0.00701445
0.632653	-0.469388	0.00741433
0.632653	-0.428571	0.00778496
0.632653	-0.387755	0.00812489
0.632653	-0.346939	0.00843277
0.632653	-0.306122	0.00870739
0.632653	-0.265306	0.00894766
0.632653	-0.22449	0.00915263
0.632653	-0.183673	0.00932148
0.632653	-0.142857	0.00945356
0.632653	-0.102041	0.00954834
0.632653	-0.0612245	0.00960544
0.632653	-0.0204082	0.00962464
0.632653	0.0204082	0.00960585
0.632653	0.0612245	0.00954914
0.632653	0.102041	0.00945475
0.632653	0.142857	0.00932304
0.632653	0.183673	0.00915452
0.632653	0.22449	0.00894986
0.632653	0.265306	0.00870987
0.632653	0.306122	0.00843549
0.632653	0.346939	0.0081278
0.632653	0.387755	0.00778802
0.632653	0.428571	0.00741749
0.632653	0.469388	0.00701766
0.632653	0.510204	0.00659012
0.632653	0.55102	0.00613655
0.632653	0.591837	0.00565875
0.632653	0.632653	0.00515859
0.632653	0.673469	0.00463806
0.632653	0.714286	0.00409921
0.632653	0.755102	0.00354417
0.632653	0.795918	0.00297512
0.632653	0.836735	0.00239432
0.632653	0.877551	0.00180407
0.632653	0.918367	0.00120669
0.632653	0.959184	0.000604537
0.632653	1	0
0.673469	-1	0.000543173
0.673469	-0.959184	0.0010842
0.673469	-0.918367	0.00162096
0.673469	-0.877551	0.00215133
0.673469	-0.836735	0.00267321
0.673469	-0.795918	0.00318456
0.673469	-0.755102	0.00368334
0.673469	-0.714286	0.00416761
0.673469	-0.673469	0.00463544
0.673469	-0.632653	0.00508499
0.673469	-0.591837	0.0055145
0.673469	-0.55102	0.00592225
0.673469	-0.510204	0.00630665
0.673469	-0.469388	0.00666618
0.673469	-0.428571	0.00699941
0.673469	-0.387755	0.00730504
0.673469	-0.346939	0.00758186
0.673469	-0.306122	0.00782876
0.673469	-0.265306	0.00804479
0.673469	-0.22449	0.00822907
0.673469	-0.183673	0.00838089
0.673469	-0.142857	0.00849965
0.673469	-0.102041	0.00858486
0.673469	-0.0612245	0.0086362
0.673469	-0.0204082	0.00865345
0.673469	0.0204082	0.00863656
0.673469	0.0612245	0.00858558
0.673469	0.102041	0.00850071
0.673469	0.142857	0.00838229
0.673469	0.183673	0.00823078
0.673469	0.22449	0.00804677
0.673469	0.265306	0.007831
0.673469	0.306122	0.0075843
0.673469	0.346939	0.00730766
0.673469	0.387755	0.00700217
0.673469	0.428571	0.00666902
0.673469	0.469388	0.00630954
0.673469	0.510204	0.00592514
0.673469	0.55102	0.00551734
0.673469	0.591837	0.00508775
0.673469	0.632653	0.00463806
0.673469	0.673469	0.00417005
0.673469	0.714286	0.00368558
0.673469	0.755102	0.00318654
0.673469	0.795918	0.00267491
0.673469	0.836735	0.00215272
0.673469	0.877551	0.00162203
0.673469	0.918367	0.00108493
0.673469	0.959184	0.000543536
0.673469	1	0
0.714286	-1	0.000480067
0.714286	-0.959184	0.000958241
0.714286	-0.918367	0.00143264
0.714286	-0.877551	0.00190139
0.714286	-0.836735	0.00236264
0.714286	-0.795918	0.00281457
0.714286	-0.755102	0.00325541
0.714286	-0.714286	0.00368341
0.714286	-0.673469	0.00409689
0.714286	-0.632653	0.00449422
0.714286	-0.591837	0.00487382
0.714286	-0.55102	0.0052342
0.714286	-0.510204	0.00557394
0.714286	-0.469388	0.0058917
0.714286	-0.428571	0.00618622
0.714286	-0.387755	0.00645634
0.714286	-0.346939	0.00670099
0.714286	-0.306122	0.00691921
0.714286	-0.265306	0.00711014
0.714286	-0.22449	0.00727302
0.714286	-0.183673	0.0074072
0.714286	-0.142857	0.00751215
0.714286	-0.102041	0.00758747
0.714286	-0.0612245	0.00763284
0.714286	-0.0204082	0.00764809
0.714286	0.0204082	0.00763316
0.714286	0.0612245	0.0075881
0.714286	0.102041	0.0075131
0.714286	0.142857	0.00740843
0.714286	0.183673	0.00727452
0.714286	0.22449	0.00711189
0.714286	0.265306	0.00692119
0.714286	0.306122	0.00670316
0.714286	0.346939	0.00645866
0.714286	0.387755	0.00618865
0.714286	0.428571	0.00589421
0.714286	0.469388	0.0055765
0.714286	0.510204	0.00523676
0.714286	0.55102	0.00487633
0.714286	0.591837	0.00449665
0.714286	0.632653	0.00409921
0.714286	0.673469	0.00368558
0.714286	0.714286	0.00325738
0.714286	0.755102	0.00281633
0.714286	0.795918	0.00236414
0.714286	0.836735	0.00190262
0.714286	0.877551	0.00143358
0.714286	0.918367	0.000958878
0.714286	0.959184	0.000480388
0.714286	1	0
0.755102	-1	0.000415065
0.755102	-0.959184	0.000828493
0.755102	-0.918367	0.00123865
0.755102	-0.877551	0.00164393
0.755102	-0.836735	0.00204273
0.755102	-0.795918	0.00243347
0.755102	-0.755102	0.00281462
0.755102	-0.714286	0.00318467
0.755102	-0.673469	0.00354216
0.755102	-0.632653	0.00388569
0.755102	-0.591837	0.00421389
0.755102	-0.55102	0.00452548
0.755102	-0.510204	0.00481921
0.755102	-0.469388	0.00509395
0.755102	-0.428571	0.00534859
0.755102	-0.387755	0.00558213
0.755102	-0.346939	0.00579366
0.755102	-0.306122	0.00598233
0.755102	-0.265306	0.00614741
0.755102	-0.22449	0.00628823
0.755102	-0.183673	0.00640424
0.755102	-0.142857	0.00649499
0.755102	-0.102041	0.0065601
0.755102	-0.0612245	0.00659933
0.755102	-0.0204082	0.00661252
0.755102	0.0204082	0.00659961
0.755102	0.0612245	0.00656065
0.755102	0.102041	0.0064958
0.755102	0.142857	0.00640531
0.755102	0.183673	0.00628953
0.755102	0.22449	0.00614892
0.755102	0.265306	0.00598404
0.755102	0.306122	0.00579553
0.755102	0.346939	0.00558414
0.755102	0.387755	0.00535069
0.755102	0.428571	0.00509612
0.755102	0.469388	0.00482142
0.755102	0.510204	0.00452769
0.755102	0.55102	0.00421607
0.755102	0.591837	0.00388779
0.755102	0.632653	0.00354417
0.755102	0.673469	0.00318654
0.755102	0.714286	0.00281633
0.755102	0.755102	0.00243499
0.755102	0.795918	0.00204403
0.755102	0.836735	0.001645
0.755102	0.877551	0.00123947
0.755102	0.918367	0.000829043
0.755102	0.959184	0.000415342
0.755102	1	0
0.795918	-1	0.000348423
0.795918	-0.959184	0.000695472
0.795918	-0.918367	0.00103978
0.795918	-0.877551	0.00137999
0.795918	-0.836735	0.00171475
0.795918	-0.795918	0.00204276
0.795918	-0.755102	0.00236271
0.795918	-0.714286	0.00267335
0.795918	-0.673469	0.00297344
0.795918	-0.632653	0.00326181
0.795918	-0.591837	0.00353732
0.795918	-0.55102	0.00379887
0.795918	-0.510204	0.00404545
0.795918	-0.469388	0.00427607
0.795918	-0.428571	0.00448983
0.795918	-0.387755	0.00468588
0.795918	-0.346939	0.00486344
0.795918	-0.306122	0.00502182
0.795918	-0.265306	0.00516039
0.795918	-0.22449	0.0052786
0.795918	-0.183673	0.00537599
0.795918	-0.142857	0.00545216
0.795918	-0.102041	0.00550683
0.795918	-0.0612245	0.00553976
0.795918	-0.0204082	0.00555083
0.795918	0.0204082	0.00553999
0.795918	0.0612245	0.00550729
0.795918	0.102041	0.00545285
0.795918	0.142857	0.00537688
0.795918	0.183673	0.0052797
0.795918	0.22449	0.00516166
0.795918	0.265306	0.00502325
0.795918	0.306122	0.00486501
0.795918	0.346939	0.00468756
0.795918	0.387755	0.0044916
0.795918	0.428571	0.0042779
0.795918	0.469388	0.0040473
0.795918	0.510204	0.00380073
0.795918	0.55102	0.00353914
0.795918	0.591837	0.00326358
0.795918	0.632653	0.00297512
0.795918	0.673469	0.00267491
0.795918	0.714286	0.00236414
0.795918	0.755102	0.00204403
0.795918	0.795918	0.00171585
0.795918	0.836735	0.00138088
0.795918	0.877551	0.00104046
0.795918	0.918367	0.000695934
0.795918	0.959184	0.000348656
0.795918	1	0
0.836735	-1	0.000280404
0.836735	-0.959184	0.000559703
0.836735	-0.918367	0.000836795
0.836735	-0.877551	0.00111059
0.836735	-0.836735	0.00138
0.836735	-0.795918	0.00164398
0.836735	-0.755102	0.00190147
0.836735	-0.714286	0.00215146
0.836735	-0.673469	0.00239297
0.836735	-0.632653	0.00262505
0.836735	-0.591837	0.00284677
0.836735	-0.55102	0.00305727
0.836735	-0.510204	0.00325571
0.836735	-0.469388	0.00344131
0.836735	-0.428571	0.00361333
0.836735	-0.387755	0.00377111
0.836735	-0.346939	0.00391401
0.836735	-0.306122	0.00404147
0.836735	-0.265306	0.00415299
0.836735	-0.22449	0.00424813
0.836735	-0.183673	0.0043265
0.836735	-0.142857	0.0043878
0.836735	-0.102041	0.00443179
0.836735	-0.0612245	0.0044583
0.836735	-0.0204082	0.00446721
0.836735	0.0204082	0.00445848
0.836735	0.0612245	0.00443217
0.836735	0.102041	0.00438835
0.836735	0.142857	0.00432722
0.836735	0.183673	0.004249
0.836735	0.22449	0.00415401
0.836735	0.265306	0.00404262
0.836735	0.306122	0.00391527
0.836735	0.346939	0.00377246
0.836735	0.387755	0.00361476
0.836735	0.428571	0.00344278
0.836735	0.469388	0.0032572
0.836735	0.510204	0.00305876
0.836735	0.55102	0.00284824
0.836735	0.591837	0.00262647
0.836735	0.632653	0.00239432
0.836735	0.673469	0.00215272
0.836735	0.714286	0.00190262
0.836735	0.755102	0.001645
0.836735	0.795918	0.00138088
0.836735	0.836735	0.00111131
0.836735	0.877551	0.000837346
0.836735	0.918367	0.000560075
0.836735	0.959184	0.000280592
0.836735	1	0
0.877551	-1	0.000211278
0.877551	-0.959184	0.000421724
0.877551	-0.918367	0.000630506
0.877551	-0.877551	0.000836803
0.877551	-0.836735	0.0010398
0.877551	-0.795918	0.0012387
0.877551	-0.755102	0.00143271
0.877551	-0.714286	0.00162108
0.877551	-0.673469	0.00180305
0.877551	-0.632653	0.00197791
0.877551	-0.591837	0.00214498
0.877551	-0.55102	0.00230358
0.877551	-0.510204	0.0024531
0.877551	-0.469388	0.00259295
0.877551	-0.428571	0.00272257
0.877551	-0.387755	0.00284145
0.877551	-0.346939	0.00294912
0.877551	-0.306122	0.00304516
0.877551	-0.265306	0.00312918
0.877551	-0.22449	0.00320087
0.877551	-0.183673	0.00325992
0.877551	-0.142857	0.00330611
0.877551	-0.102041	0.00333926
0.877551	-0.0612245	0.00335923
0.877551	-0.0204082	0.00336594
0.877551	0.0204082	0.00335937
0.877551	0.0612245	0.00333954
0.877551	0.102041	0.00330653
0.877551	0.142857	0.00326046
0.877551	0.183673	0.00320153
0.877551	0.22449	0.00312996
0.877551	0.265306	0.00304603
0.877551	0.306122	0.00295007
0.877551	0.346939	0.00284246
0.877551	0.387755	0.00272364
0.877551	0.428571	0.00259405
0.877551	0.469388	0.00245422
0.877551	0.510204	0.0023047
0.877551	0.55102	0.00214608
0.877551	0.591837	0.00197898
0.877551	0.632653	0.00180407
0.877551	0.673469	0.00162203
0.877551	0.714286	0.00143358
0.877551	0.755102	0.00123947
0.877551	0.795918	0.00104046
0.877551	0.836735	0.000837346
0.877551	0.877551	0.000630921
0.877551	0.918367	0.000422004
0.877551	0.959184	0.00021142
0.877551	1	0
0.918367	-1	0.000141318
0.918367	-0.959184	0.000282078
0.918367	-0.918367	0.000421726
0.918367	-0.877551	0.000559712
0.918367	-0.836735	0.000695491
0.918367	-0.795918	0.000828528
0.918367	-0.755102	0.000958297
0.918367	-0.714286	0.00108429
0.918367	-0.673469	0.001206
0.918367	-0.632653	0.00132297
0.918367	-0.591837	0.00143471
0.918367	-0.55102	0.00154079
0.918367	-0.510204	0.0016408
0.918367	-0.469388	0.00173434
0.918367	-0.428571	0.00182104
0.918367	-0.387755	0.00190056
0.918367	-0.346939	0.00197258
0.918367	-0.306122	0.00203681
0.918367	-0.265306	0.00209302
0.918367	-0.22449	0.00214096
0.918367	-0.183673	0.00218046
0.918367	-0.142857	0.00221136
0.918367	-0.102041	0.00223353
0.918367	-0.0612245	0.00224688
0.918367	-0.0204082	0.00225137
0.918367	0.0204082	0.00224698
0.918367	0.0612245	0.00223371
0.918367	0.102041	0.00221163
0.918367	0.142857	0.00218082
0.918367	0.183673	0.0021414
0.918367	0.22449	0.00209353
0.918367	0.265306	0.00203739
0.918367	0.306122	0.00197321
0.918367	0.346939	0.00190124
0.918367	0.387755	0.00182176
0.918367	0.428571	0.00173508
0.918367	0.469388	0.00164156
0.918367	0.510204	0.00154155
0.918367	0.55102	0.00143545
0.918367	0.591837	0.00132368
0.918367	0.632653	0.00120669
0.918367	0.673469	0.00108493
0.918367	0.714286	0.000958878
0.918367	0.755102	0.000829043
0.918367	0.795918	0.000695934
0.918367	0.836735	0.000560075
0.918367	0.877551	0.000422004
0.918367	0.918367	0.000282265
0.918367	0.959184	0.000141412
0.918367	1	0
0.959184	-1	7.07987e-05
0.959184	-0.959184	0.000141318
0.959184	-0.918367	0.000211281
0.959184	-0.877551	0.00028041
0.959184	-0.836735	0.000348434
0.959184	-0.795918	0.000415084
0.959184	-0.755102	0.000480097
0.959184	-0.714286	0.000543217
0.959184	-0.673469	0.000604196
0.959184	-0.632653	0.000662792
0.959184	-0.591837	0.000718774
0.959184	-0.55102	0.000771922
0.959184	-0.510204	0.000822026
0.959184	-0.469388	0.000868888
0.959184	-0.428571	0.000912322
0.959184	-0.387755	0.000952159
0.959184	-0.346939	0.00098824
0.959184	-0.306122	0.00102042
0.959184	-0.265306	0.00104858
0.959184	-0.22449	0.0010726
0.959184	-0.183673	0.00109239
0.959184	-0.142857	0.00110787
0.959184	-0.102041	0.00111897
0.959184	-0.0612245	0.00112567
0.959184	-0.0204082	0.00112791
0.959184	0.0204082	0.00112571
0.959184	0.0612245	0.00111907
0.959184	0.102041	0.00110801
0.959184	0.142857	0.00109257
0.959184	0.183673	0.00107282
0.959184	0.22449	0.00104884
0.959184	0.265306	0.00102071
0.959184	0.306122	0.000988558
0.959184	0.346939	0.0009525
0.959184	0.387755	0.000912681
0.959184	0.428571	0.000869258
0.959184	0.469388	0.000822403
0.959184	0.510204	0.000772299
0.959184	0.55102	0.000719145
0.959184	0.591837	0.000663151
0.959184	0.632653	0.000604537
0.959184	0.673469	0.000543536
0.959184	0.714286	0.000480388
0.959184	0.755102	0.000415342
0.959184	0.795918	0.000348656
0.959184	0.836735	0.000280592
0.959184	0.877551	0.00021142
0.959184	0.918367	0.000141412
0.959184	0.959184	7.0846e-05
0.959184	1	0
1	-1	0
1	-0.959184	0
1	-0.918367	0
1	-0.877551	0
1	-0.836735	0
1	-0.795918	0
1	-0.755102	0
1	-0.714286	0
1	-0.673469	0
1	-0.632653	0
1	-0.591837	0
1	-0.55102	0
1	-0.510204	0
1	-0.469388	0
1	-0.428571	0
1	-0.387755	0
1	-0.346939	0
1	-0.306122	0
1	-0.265306	0
1	-0.22449	0
1	-0.183673	0
1	-0.142857	0
1	-0.102041	0
1	-0.0612245	0
1	-0.0204082	0
1	0.0204082	0
1	0.0612245	0
1	0.102041	0
1	0.142857	0
1	0.183673	0
1	0.22449	0
1	0.265306	0
1	0.306122	0
1	0.346939	0
1	0.387755	0
1	0.428571	0
1	0.469388	0
1	0.510204	0
1	0.55102	0
1	0.591837	0
1	0.632653	0
1	0.673469	0
1	0.714286	0
1	0.755102	0
1	0.795918	0
1	0.836735	0
1	0.877551	0
1	0.918367	0
1	0.959184	0
1	1	0
