-1	-1	0.000833691
-1	-0.959184	0.00166446
-1	-0.918367	0.00248937
-1	-0.877551	0.00330551
-1	-0.836735	0.00410996
-1	-0.795918	0.00489982
-1	-0.755102	0.00567219
-1	-0.714286	0.0064242
-1	-0.673469	0.00715299
-1	-0.632653	0.00785576
-1	-0.591837	0.00852974
-1	-0.55102	0.00917222
-1	-0.510204	0.00978056
-1	-0.469388	0.0103522
-1	-0.428571	0.0108847
-1	-0.387755	0.0113757
-1	-0.346939	0.011823
-1	-0.306122	0.0122245
-1	-0.265306	0.0125784
-1	-0.22449	0.012883
-1	-0.183673	0.0131367
-1	-0.142857	0.0133382
-1	-0.102041	0.0134866
-1	-0.0612245	0.013581
-1	-0.0204082	0.0136207
-1	0.0204082	0.0136056
-1	0.0612245	0.0135354
-1	0.102041	0.0134105
-1	0.142857	0.0132312
-1	0.183673	0.0129983
-1	0.22449	0.0127127
-1	0.265306	0.0123757
-1	0.306122	0.0119886
-1	0.346939	0.0115532
-1	0.387755	0.0110713
-1	0.428571	0.0105449
-1	0.469388	0.00997638
-1	0.510204	0.00936804
-1	0.55102	0.00872247
-1	0.591837	0.00804236
-1	0.632653	0.00733051
-1	0.673469	0.00658984
-1	0.714286	0.00582335
-1	0.755102	0.00503412
-1	0.795918	0.00422528
-1	0.836735	0.00340002
-1	0.877551	0.00256159
-1	0.918367	0.00171324
-1	0.959184	0.000858279
-1	1	0
-0.959184	-1	0.00166446
-0.959184	-0.959184	0.00332307
-0.959184	-0.918367	0.00497
-0.959184	-0.877551	0.00659942
-0.959184	-0.836735	0.0082055
-0.959184	-0.795918	0.00978244
-0.959184	-0.755102	0.0113245
-0.959184	-0.714286	0.0128258
-0.959184	-0.673469	0.0142809
-0.959184	-0.632653	0.015684
-0.959184	-0.591837	0.0170295
-0.959184	-0.55102	0.0183123
-0.959184	-0.510204	0.0195268
-0.959184	-0.469388	0.0206681
-0.959184	-0.428571	0.0217312
-0.959184	-0.387755	0.0227114
-0.959184	-0.346939	0.0236044
-0.959184	-0.306122	0.0244061
-0.959184	-0.265306	0.0251127
-0.959184	-0.22449	0.0257207
-0.959184	-0.183673	0.0262272
-0.959184	-0.142857	0.0266297
-0.959184	-0.102041	0.0269259
-0.959184	-0.0612245	0.0271143
-0.959184	-0.0204082	0.0271937
-0.959184	0.0204082	0.0271634
-0.959184	0.0612245	0.0270233
-0.959184	0.102041	0.0267739
-0.959184	0.142857	0.026416
-0.959184	0.183673	0.025951
-0.959184	0.22449	0.0253808
-0.959184	0.265306	0.024708
-0.959184	0.306122	0.0239352
-0.959184	0.346939	0.0230659
-0.959184	0.387755	0.0221037
-0.959184	0.428571	0.0210529
-0.959184	0.469388	0.0199177
-0.959184	0.510204	0.0187032
-0.959184	0.55102	0.0174143
-0.959184	0.591837	0.0160565
-0.959184	0.632653	0.0146353
-0.959184	0.673469	0.0131566
-0.959184	0.714286	0.0116263
-0.959184	0.755102	0.0100506
-0.959184	0.795918	0.00843572
-0.959184	0.836735	0.00678811
-0.959184	0.877551	0.00511418
-0.959184	0.918367	0.00342047
-0.959184	0.959184	0.00171354
-0.959184	1	0
-0.918367	-1	0.00248937
-0.918367	-0.959184	0.00497
-0.918367	-0.918367	0.00743316
-0.918367	-0.877551	0.00987013
-0.918367	-0.836735	0.0122722
-0.918367	-0.795918	0.0146307
-0.918367	-0.755102	0.0169369
-0.918367	-0.714286	0.0191824
-0.918367	-0.673469	0.0213586
-0.918367	-0.632653	0.023457
-0.918367	-0.591837	0.0254695
-0.918367	-0.55102	0.0273879
-0.918367	-0.510204	0.0292044
-0.918367	-0.469388	0.0309113
-0.918367	-0.428571	0.0325012
-0.918367	-0.387755	0.0339673
-0.918367	-0.346939	0.0353029
-0.918367	-0.306122	0.0365019
-0.918367	-0.265306	0.0375586
-0.918367	-0.22449	0.038468
-0.918367	-0.183673	0.0392256
-0.918367	-0.142857	0.0398275
-0.918367	-0.102041	0.0402705
-0.918367	-0.0612245	0.0405523
-0.918367	-0.0204082	0.040671
-0.918367	0.0204082	0.0406257
-0.918367	0.0612245	0.0404163
-0.918367	0.102041	0.0400432
-0.918367	0.142857	0.0395079
-0.918367	0.183673	0.0388124
-0.918367	0.22449	0.0379597
-0.918367	0.265306	0.0369534
-0.918367	0.306122	0.0357976
-0.918367	0.346939	0.0344975
-0.918367	0.387755	0.0330585
-0.918367	0.428571	0.0314868
-0.918367	0.469388	0.0297891
-0.918367	0.510204	0.0279726
-0.918367	0.55102	0.026045
-0.918367	0.591837	0.0240142
-0.918367	0.632653	0.0218886
-0.918367	0.673469	0.019677
-0.918367	0.714286	0.0173883
-0.918367	0.755102	0.0150317
-0.918367	0.795918	0.0126165
-0.918367	0.836735	0.0101523
-0.918367	0.877551	0.0076488
-0.918367	0.918367	0.00511568
-0.918367	0.959184	0.00256279
-0.918367	1	0
-0.877551	-1	0.00330551
-0.877551	-0.959184	0.00659942
-0.877551	-0.918367	0.00987013
-0.877551	-0.877551	0.0131061
-0.877551	-0.836735	0.0162956
-0.877551	-0.795918	0.0194273
-0.877551	-0.755102	0.0224897
-0.877551	-0.714286	0.0254714
-0.877551	-0.673469	0.028361
-0.877551	-0.632653	0.0311474
-0.877551	-0.591837	0.0338197
-0.877551	-0.55102	0.036367
-0.877551	-0.510204	0.038779
-0.877551	-0.469388	0.0410455
-0.877551	-0.428571	0.0431568
-0.877551	-0.387755	0.0451035
-0.877551	-0.346939	0.046877
-0.877551	-0.306122	0.0484691
-0.877551	-0.265306	0.0498722
-0.877551	-0.22449	0.0510798
-0.877551	-0.183673	0.0520857
-0.877551	-0.142857	0.0528849
-0.877551	-0.102041	0.0534732
-0.877551	-0.0612245	0.0538473
-0.877551	-0.0204082	0.054005
-0.877551	0.0204082	0.0539449
-0.877551	0.0612245	0.0536667
-0.877551	0.102041	0.0531714
-0.877551	0.142857	0.0524605
-0.877551	0.183673	0.0515371
-0.877551	0.22449	0.0504048
-0.877551	0.265306	0.0490685
-0.877551	0.306122	0.0475339
-0.877551	0.346939	0.0458075
-0.877551	0.387755	0.0438967
-0.877551	0.428571	0.0418097
-0.877551	0.469388	0.0395555
-0.877551	0.510204	0.0371434
-0.877551	0.55102	0.0345838
-0.877551	0.591837	0.0318872
-0.877551	0.632653	0.0290648
-0.877551	0.673469	0.0261281
-0.877551	0.714286	0.0230891
-0.877551	0.755102	0.0199598
-0.877551	0.795918	0.0167528
-0.877551	0.836735	0.0134808
-0.877551	0.877551	0.0101565
-0.877551	0.918367	0.00679285
-0.877551	0.959184	0.003403
-0.877551	1	0
-0.836735	-1	0.00410996
-0.836735	-0.959184	0.0082055
-0.836735	-0.918367	0.0122722
-0.836735	-0.877551	0.0162956
-0.836735	-0.836735	0.0202615
-0.836735	-0.795918	0.0241553
-0.836735	-0.755102	0.027963
-0.836735	-0.714286	0.0316702
-0.836735	-0.673469	0.0352631
-0.836735	-0.632653	0.0387276
-0.836735	-0.591837	0.0420503
-0.836735	-0.55102	0.0452176
-0.836735	-0.510204	0.0482166
-0.836735	-0.469388	0.0510347
-0.836735	-0.428571	0.0536597
-0.836735	-0.387755	0.0560802
-0.836735	-0.346939	0.0582853
-0.836735	-0.306122	0.0602648
-0.836735	-0.265306	0.0620095
-0.836735	-0.22449	0.0635109
-0.836735	-0.183673	0.0647617
-0.836735	-0.142857	0.0657554
-0.836735	-0.102041	0.0664869
-0.836735	-0.0612245	0.066952
-0.836735	-0.0204082	0.067148
-0.836735	0.0204082	0.0670733
-0.836735	0.0612245	0.0667274
-0.836735	0.102041	0.0661115
-0.836735	0.142857	0.0652277
-0.836735	0.183673	0.0640795
-0.836735	0.22449	0.0626717
-0.836735	0.265306	0.0610102
-0.836735	0.306122	0.0591021
-0.836735	0.346939	0.0569555
-0.836735	0.387755	0.0545797
-0.836735	0.428571	0.0519848
-0.836735	0.469388	0.0491819
-0.836735	0.510204	0.0461829
-0.836735	0.55102	0.0430004
-0.836735	0.591837	0.0396475
-0.836735	0.632653	0.0361382
-0.836735	0.673469	0.0324869
-0.836735	0.714286	0.0287082
-0.836735	0.755102	0.0248174
-0.836735	0.795918	0.0208299
-0.836735	0.836735	0.0167616
-0.836735	0.877551	0.0126282
-0.836735	0.918367	0.00844601
-0.836735	0.959184	0.00423117
-0.836735	1	0
-0.795918	-1	0.00489982
-0.795918	-0.959184	0.00978244
-0.795918	-0.918367	0.0146307
-0.795918	-0.877551	0.0194273
-0.795918	-0.836735	0.0241553
-0.795918	-0.795918	0.0287975
-0.795918	-0.755102	0.0333369
-0.795918	-0.714286	0.0377567
-0.795918	-0.673469	0.04204
-0.795918	-0.632653	0.0461704
-0.795918	-0.591837	0.0501315
-0.795918	-0.55102	0.0539075
-0.795918	-0.510204	0.0574829
-0.795918	-0.469388	0.0608426
-0.795918	-0.428571	0.0639721
-0.795918	-0.387755	0.0668578
-0.795918	-0.346939	0.0694866
-0.795918	-0.306122	0.0718466
-0.795918	-0.265306	0.0739265
-0.795918	-0.22449	0.0757165
-0.795918	-0.183673	0.0772076
-0.795918	-0.142857	0.0783923
-0.795918	-0.102041	0.0792644
-0.795918	-0.0612245	0.0798189
-0.795918	-0.0204082	0.0800526
-0.795918	0.0204082	0.0799635
-0.795918	0.0612245	0.0795512
-0.795918	0.102041	0.0788169
-0.795918	0.142857	0.0777632
-0.795918	0.183673	0.0763944
-0.795918	0.22449	0.074716
-0.795918	0.265306	0.0727352
-0.795918	0.306122	0.0704604
-0.795918	0.346939	0.0679013
-0.795918	0.387755	0.0650689
-0.795918	0.428571	0.0619753
-0.795918	0.469388	0.0586338
-0.795918	0.510204	0.0550584
-0.795918	0.55102	0.0512642
-0.795918	0.591837	0.047267
-0.795918	0.632653	0.0430833
-0.795918	0.673469	0.0387302
-0.795918	0.714286	0.0342254
-0.795918	0.755102	0.0295868
-0.795918	0.795918	0.024833
-0.795918	0.836735	0.0199828
-0.795918	0.877551	0.0150551
-0.795918	0.918367	0.0100692
-0.795918	0.959184	0.00504433
-0.795918	1	0
-0.755102	-1	0.00567219
-0.755102	-0.959184	0.0113245
-0.755102	-0.918367	0.0169369
-0.755102	-0.877551	0.0224897
-0.755102	-0.836735	0.027963
-0.755102	-0.795918	0.0333369
-0.755102	-0.755102	0.0385919
-0.755102	-0.714286	0.0437083
-0.755102	-0.673469	0.0486668
-0.755102	-0.632653	0.0534483
-0.755102	-0.591837	0.0580338
-0.755102	-0.55102	0.0624051
-0.755102	-0.510204	0.066544
-0.755102	-0.469388	0.0704333
-0.755102	-0.428571	0.0740562
-0.755102	-0.387755	0.0773967
-0.755102	-0.346939	0.08044
-0.755102	-0.306122	0.0831719
-0.755102	-0.265306	0.0855797
-0.755102	-0.22449	0.0876518
-0.755102	-0.183673	0.089378
-0.755102	-0.142857	0.0907494
-0.755102	-0.102041	0.091759
-0.755102	-0.0612245	0.0924009
-0.755102	-0.0204082	0.0926714
-0.755102	0.0204082	0.0925683
-0.755102	0.0612245	0.092091
-0.755102	0.102041	0.0912409
-0.755102	0.142857	0.0900212
-0.755102	0.183673	0.0884366
-0.755102	0.22449	0.0864937
-0.755102	0.265306	0.0842006
-0.755102	0.306122	0.0815672
-0.755102	0.346939	0.0786047
-0.755102	0.387755	0.0753258
-0.755102	0.428571	0.0717446
-0.755102	0.469388	0.0678763
-0.755102	0.510204	0.0637374
-0.755102	0.55102	0.0593451
-0.755102	0.591837	0.0547178
-0.755102	0.632653	0.0498746
-0.755102	0.673469	0.0448353
-0.755102	0.714286	0.0396204
-0.755102	0.755102	0.0342506
-0.755102	0.795918	0.0287475
-0.755102	0.836735	0.0231327
-0.755102	0.877551	0.0174283
-0.755102	0.918367	0.0116564
-0.755102	0.959184	0.00583947
-0.755102	1	0
-0.714286	-1	0.0064242
-0.714286	-0.959184	0.0128258
-0.714286	-0.918367	0.0191824
-0.714286	-0.877551	0.0254714
-0.714286	-0.836735	0.0316702
-0.714286	-0.795918	0.0377567
-0.714286	-0.755102	0.0437083
-0.714286	-0.714286	0.0495031
-0.714286	-0.673469	0.055119
-0.714286	-0.632653	0.0605343
-0.714286	-0.591837	0.0657278
-0.714286	-0.55102	0.0706786
-0.714286	-0.510204	0.0753663
-0.714286	-0.469388	0.0797712
-0.714286	-0.428571	0.0838743
-0.714286	-0.387755	0.0876578
-0.714286	-0.346939	0.0911045
-0.714286	-0.306122	0.0941986
-0.714286	-0.265306	0.0969257
-0.714286	-0.22449	0.0992725
-0.714286	-0.183673	0.101228
-0.714286	-0.142857	0.102781
-0.714286	-0.102041	0.103924
-0.714286	-0.0612245	0.104651
-0.714286	-0.0204082	0.104958
-0.714286	0.0204082	0.104841
-0.714286	0.0612245	0.1043
-0.714286	0.102041	0.103337
-0.714286	0.142857	0.101956
-0.714286	0.183673	0.100161
-0.714286	0.22449	0.0979608
-0.714286	0.265306	0.0953637
-0.714286	0.306122	0.0923811
-0.714286	0.346939	0.0890259
-0.714286	0.387755	0.0853123
-0.714286	0.428571	0.0812563
-0.714286	0.469388	0.0768752
-0.714286	0.510204	0.0721875
-0.714286	0.55102	0.0672129
-0.714286	0.591837	0.0619722
-0.714286	0.632653	0.0564869
-0.714286	0.673469	0.0507795
-0.714286	0.714286	0.0448731
-0.714286	0.755102	0.0387915
-0.714286	0.795918	0.0325588
-0.714286	0.836735	0.0261996
-0.714286	0.877551	0.0197389
-0.714286	0.918367	0.0132018
-0.714286	0.959184	0.00661366
-0.714286	1	0
-0.673469	-1	0.00715299
-0.673469	-0.959184	0.0142809
-0.673469	-0.918367	0.0213586
-0.673469	-0.877551	0.028361
-0.673469	-0.836735	0.0352631
-0.673469	-0.795918	0.04204
-0.673469	-0.755102	0.0486668
-0.673469	-0.714286	0.055119
-0.673469	-0.673469	0.061372
-0.673469	-0.632653	0.0674017
-0.673469	-0.591837	0.0731844
-0.673469	-0.55102	0.0786968
-0.673469	-0.510204	0.0839162
-0.673469	-0.469388	0.0888208
-0.673469	-0.428571	0.0933895
-0.673469	-0.387755	0.0976022
-0.673469	-0.346939	0.10144
-0.673469	-0.306122	0.104885
-0.673469	-0.265306	0.107921
-0.673469	-0.22449	0.110535
-0.673469	-0.183673	0.112711
-0.673469	-0.142857	0.114441
-0.673469	-0.102041	0.115714
-0.673469	-0.0612245	0.116523
-0.673469	-0.0204082	0.116865
-0.673469	0.0204082	0.116734
-0.673469	0.0612245	0.116133
-0.673469	0.102041	0.115061
-0.673469	0.142857	0.113522
-0.673469	0.183673	0.111524
-0.673469	0.22449	0.109074
-0.673469	0.265306	0.106182
-0.673469	0.306122	0.102861
-0.673469	0.346939	0.0991255
-0.673469	0.387755	0.0949906
-0.673469	0.428571	0.0904745
-0.673469	0.469388	0.0855963
-0.673469	0.510204	0.0803768
-0.673469	0.55102	0.0748379
-0.673469	0.591837	0.0690026
-0.673469	0.632653	0.0628951
-0.673469	0.673469	0.0565402
-0.673469	0.714286	0.0499638
-0.673469	0.755102	0.0431922
-0.673469	0.795918	0.0362524
-0.673469	0.836735	0.0291718
-0.673469	0.877551	0.0219782
-0.673469	0.918367	0.0146995
-0.673469	0.959184	0.00736395
-0.673469	1	0
-0.632653	-1	0.00785576
-0.632653	-0.959184	0.015684
-0.632653	-0.918367	0.023457
-0.632653	-0.877551	0.0311474
-0.632653	-0.836735	0.0387276
-0.632653	-0.795918	0.0461704
-0.632653	-0.755102	0.0534483
-0.632653	-0.714286	0.0605343
-0.632653	-0.673469	0.0674017
-0.632653	-0.632653	0.0740238
-0.632653	-0.591837	0.0803746
-0.632653	-0.55102	0.0864286
-0.632653	-0.510204	0.0921609
-0.632653	-0.469388	0.0975474
-0.632653	-0.428571	0.102565
-0.632653	-0.387755	0.107191
-0.632653	-0.346939	0.111406
-0.632653	-0.306122	0.11519
-0.632653	-0.265306	0.118525
-0.632653	-0.22449	0.121394
-0.632653	-0.183673	0.123785
-0.632653	-0.142857	0.125684
-0.632653	-0.102041	0.127083
-0.632653	-0.0612245	0.127972
-0.632653	-0.0204082	0.128346
-0.632653	0.0204082	0.128203
-0.632653	0.0612245	0.127542
-0.632653	0.102041	0.126365
-0.632653	0.142857	0.124676
-0.632653	0.183673	0.122481
-0.632653	0.22449	0.11979
-0.632653	0.265306	0.116615
-0.632653	0.306122	0.112967
-0.632653	0.346939	0.108864
-0.632653	0.387755	0.104323
-0.632653	0.428571	0.0993635
-0.632653	0.469388	0.0940061
-0.632653	0.510204	0.0882738
-0.632653	0.55102	0.0821906
-0.632653	0.591837	0.075782
-0.632653	0.632653	0.0690744
-0.632653	0.673469	0.0620952
-0.632653	0.714286	0.0548727
-0.632653	0.755102	0.0474358
-0.632653	0.795918	0.0398142
-0.632653	0.836735	0.0320379
-0.632653	0.877551	0.0241375
-0.632653	0.918367	0.0161437
-0.632653	0.959184	0.00808744
-0.632653	1	0
-0.591837	-1	0.00852974
-0.591837	-0.959184	0.0170295
-0.591837	-0.918367	0.0254695
-0.591837	-0.877551	0.0338197
-0.591837	-0.836735	0.0420503
-0.591837	-0.795918	0.0501315
-0.591837	-0.755102	0.0580338
-0.591837	-0.714286	0.0657278
-0.591837	-0.673469	0.0731844
-0.591837	-0.632653	0.0803746
-0.591837	-0.591837	0.0872703
-0.591837	-0.55102	0.0938437
-0.591837	-0.510204	0.100068
-0.591837	-0.469388	0.105916
-0.591837	-0.428571	0.111364
-0.591837	-0.387755	0.116388
-0.591837	-0.346939	0.120964
-0.591837	-0.306122	0.125072
-0.591837	-0.265306	0.128693
-0.591837	-0.22449	0.131809
-0.591837	-0.183673	0.134405
-0.591837	-0.142857	0.136467
-0.591837	-0.102041	0.137986
-0.591837	-0.0612245	0.138951
-0.591837	-0.0204082	0.139358
-0.591837	0.0204082	0.139203
-0.591837	0.0612245	0.138485
-0.591837	0.102041	0.137207
-0.591837	0.142857	0.135372
-0.591837	0.183673	0.132989
-0.591837	0.22449	0.130068
-0.591837	0.265306	0.126619
-0.591837	0.306122	0.122659
-0.591837	0.346939	0.118204
-0.591837	0.387755	0.113274
-0.591837	0.428571	0.107888
-0.591837	0.469388	0.102071
-0.591837	0.510204	0.0958472
-0.591837	0.55102	0.0892421
-0.591837	0.591837	0.0822837
-0.591837	0.632653	0.0750006
-0.591837	0.673469	0.0674226
-0.591837	0.714286	0.0595804
-0.591837	0.755102	0.0515055
-0.591837	0.795918	0.04323
-0.591837	0.836735	0.0347866
-0.591837	0.877551	0.0262084
-0.591837	0.918367	0.0175287
-0.591837	0.959184	0.0087813
-0.591837	1	0
-0.55102	-1	0.00917222
-0.55102	-0.959184	0.0183123
-0.55102	-0.918367	0.0273879
-0.55102	-0.877551	0.036367
-0.55102	-0.836735	0.0452176
-0.55102	-0.795918	0.0539075
-0.55102	-0.755102	0.0624051
-0.55102	-0.714286	0.0706786
-0.55102	-0.673469	0.0786968
-0.55102	-0.632653	0.0864286
-0.55102	-0.591837	0.0938437
-0.55102	-0.55102	0.100912
-0.55102	-0.510204	0.107605
-0.55102	-0.469388	0.113894
-0.55102	-0.428571	0.119753
-0.55102	-0.387755	0.125154
-0.55102	-0.346939	0.130076
-0.55102	-0.306122	0.134493
-0.55102	-0.265306	0.138387
-0.55102	-0.22449	0.141737
-0.55102	-0.183673	0.144529
-0.55102	-0.142857	0.146746
-0.55102	-0.102041	0.148379
-0.55102	-0.0612245	0.149417
-0.55102	-0.0204082	0.149854
-0.55102	0.0204082	0.149688
-0.55102	0.0612245	0.148916
-0.55102	0.102041	0.147541
-0.55102	0.142857	0.145569
-0.55102	0.183673	0.143006
-0.55102	0.22449	0.139865
-0.55102	0.265306	0.136157
-0.55102	0.306122	0.131898
-0.55102	0.346939	0.127108
-0.55102	0.387755	0.121806
-0.55102	0.428571	0.116015
-0.55102	0.469388	0.109759
-0.55102	0.510204	0.103067
-0.55102	0.55102	0.095964
-0.55102	0.591837	0.0884815
-0.55102	0.632653	0.0806498
-0.55102	0.673469	0.072501
-0.55102	0.714286	0.0640682
-0.55102	0.755102	0.055385
-0.55102	0.795918	0.0464862
-0.55102	0.836735	0.0374068
-0.55102	0.877551	0.0281824
-0.55102	0.918367	0.018849
-0.55102	0.959184	0.00944273
-0.55102	1	0
-0.510204	-1	0.00978056
-0.510204	-0.959184	0.0195268
-0.510204	-0.918367	0.0292044
-0.510204	-0.877551	0.038779
-0.510204	-0.836735	0.0482166
-0.510204	-0.795918	0.0574829
-0.510204	-0.755102	0.066544
-0.510204	-0.714286	0.0753663
-0.510204	-0.673469	0.0839162
-0.510204	-0.632653	0.0921609
-0.510204	-0.591837	0.100068
-0.510204	-0.55102	0.107605
-0.510204	-0.510204	0.114742
-0.510204	-0.469388	0.121448
-0.510204	-0.428571	0.127695
-0.510204	-0.387755	0.133455
-0.510204	-0.346939	0.138703
-0.510204	-0.306122	0.143413
-0.510204	-0.265306	0.147565
-0.510204	-0.22449	0.151138
-0.510204	-0.183673	0.154114
-0.510204	-0.142857	0.156479
-0.510204	-0.102041	0.15822
-0.510204	-0.0612245	0.159327
-0.510204	-0.0204082	0.159793
-0.510204	0.0204082	0.159615
-0.510204	0.0612245	0.158792
-0.510204	0.102041	0.157327
-0.510204	0.142857	0.155223
-0.510204	0.183673	0.152491
-0.510204	0.22449	0.149141
-0.510204	0.265306	0.145187
-0.510204	0.306122	0.140646
-0.510204	0.346939	0.135538
-0.510204	0.387755	0.129884
-0.510204	0.428571	0.123709
-0.510204	0.469388	0.117039
-0.510204	0.510204	0.109902
-0.510204	0.55102	0.102329
-0.510204	0.591837	0.0943499
-0.510204	0.632653	0.0859988
-0.510204	0.673469	0.0773096
-0.510204	0.714286	0.0683174
-0.510204	0.755102	0.0590584
-0.510204	0.795918	0.0495693
-0.510204	0.836735	0.0398878
-0.510204	0.877551	0.0300516
-0.510204	0.918367	0.0200991
-0.510204	0.959184	0.010069
-0.510204	1	0
-0.469388	-1	0.0103522
-0.469388	-0.959184	0.0206681
-0.469388	-0.918367	0.0309113
-0.469388	-0.877551	0.0410455
-0.469388	-0.836735	0.0510347
-0.469388	-0.795918	0.0608426
-0.469388	-0.755102	0.0704333
-0.469388	-0.714286	0.0797712
-0.469388	-0.673469	0.0888208
-0.469388	-0.632653	0.0975474
-0.469388	-0.591837	0.105916
-0.469388	-0.55102	0.113894
-0.469388	-0.510204	0.121448
-0.469388	-0.469388	0.128546
-0.469388	-0.428571	0.135158
-0.469388	-0.387755	0.141255
-0.469388	-0.346939	0.146809
-0.469388	-0.306122	0.151795
-0.469388	-0.265306	0.15619
-0.469388	-0.22449	0.159971
-0.469388	-0.183673	0.163122
-0.469388	-0.142857	0.165625
-0.469388	-0.102041	0.167467
-0.469388	-0.0612245	0.168639
-0.469388	-0.0204082	0.169133
-0.469388	0.0204082	0.168944
-0.469388	0.0612245	0.168073
-0.469388	0.102041	0.166522
-0.469388	0.142857	0.164296
-0.469388	0.183673	0.161404
-0.469388	0.22449	0.157858
-0.469388	0.265306	0.153673
-0.469388	0.306122	0.148866
-0.469388	0.346939	0.14346
-0.469388	0.387755	0.137475
-0.469388	0.428571	0.13094
-0.469388	0.469388	0.12388
-0.469388	0.510204	0.116326
-0.469388	0.55102	0.108309
-0.469388	0.591837	0.0998643
-0.469388	0.632653	0.0910251
-0.469388	0.673469	0.081828
-0.469388	0.714286	0.0723103
-0.469388	0.755102	0.0625101
-0.469388	0.795918	0.0524665
-0.469388	0.836735	0.0422191
-0.469388	0.877551	0.031808
-0.469388	0.918367	0.0212738
-0.469388	0.959184	0.0106575
-0.469388	1	0
-0.428571	-1	0.0108847
-0.428571	-0.959184	0.0217312
-0.428571	-0.918367	0.0325012
-0.428571	-0.877551	0.0431568
-0.428571	-0.836735	0.0536597
-0.428571	-0.795918	0.0639721
-0.428571	-0.755102	0.0740562
-0.428571	-0.714286	0.0838743
-0.428571	-0.673469	0.0933895
-0.428571	-0.632653	0.102565
-0.428571	-0.591837	0.111364
-0.428571	-0.55102	0.119753
-0.428571	-0.510204	0.127695
-0.428571	-0.469388	0.135158
-0.428571	-0.428571	0.14211
-0.428571	-0.387755	0.148521
-0.428571	-0.346939	0.154361
-0.428571	-0.306122	0.159603
-0.428571	-0.265306	0.164224
-0.428571	-0.22449	0.1682
-0.428571	-0.183673	0.171512
-0.428571	-0.142857	0.174144
-0.428571	-0.102041	0.176081
-0.428571	-0.0612245	0.177313
-0.428571	-0.0204082	0.177832
-0.428571	0.0204082	0.177634
-0.428571	0.0612245	0.176718
-0.428571	0.102041	0.175087
-0.428571	0.142857	0.172747
-0.428571	0.183673	0.169706
-0.428571	0.22449	0.165977
-0.428571	0.265306	0.161577
-0.428571	0.306122	0.156524
-0.428571	0.346939	0.150839
-0.428571	0.387755	0.144547
-0.428571	0.428571	0.137675
-0.428571	0.469388	0.130252
-0.428571	0.510204	0.122309
-0.428571	0.55102	0.113881
-0.428571	0.591837	0.105001
-0.428571	0.632653	0.0957071
-0.428571	0.673469	0.086037
-0.428571	0.714286	0.0760297
-0.428571	0.755102	0.0657254
-0.428571	0.795918	0.0551652
-0.428571	0.836735	0.0443907
-0.428571	0.877551	0.0334441
-0.428571	0.918367	0.0223681
-0.428571	0.959184	0.0112057
-0.428571	1	0
-0.387755	-1	0.0113757
-0.387755	-0.959184	0.0227114
-0.387755	-0.918367	0.0339673
-0.387755	-0.877551	0.0451035
-0.387755	-0.836735	0.0560802
-0.387755	-0.795918	0.0668578
-0.387755	-0.755102	0.0773967
-0.387755	-0.714286	0.0876578
-0.387755	-0.673469	0.0976022
-0.387755	-0.632653	0.107191
-0.387755	-0.591837	0.116388
-0.387755	-0.55102	0.125154
-0.387755	-0.510204	0.133455
-0.387755	-0.469388	0.141255
-0.387755	-0.428571	0.148521
-0.387755	-0.387755	0.15522
-0.387755	-0.346939	0.161324
-0.387755	-0.306122	0.166803
-0.387755	-0.265306	0.171631
-0.387755	-0.22449	0.175787
-0.387755	-0.183673	0.179249
-0.387755	-0.142857	0.181999
-0.387755	-0.102041	0.184024
-0.387755	-0.0612245	0.185311
-0.387755	-0.0204082	0.185854
-0.387755	0.0204082	0.185647
-0.387755	0.0612245	0.18469
-0.387755	0.102041	0.182985
-0.387755	0.142857	0.180539
-0.387755	0.183673	0.177361
-0.387755	0.22449	0.173464
-0.387755	0.265306	0.168866
-0.387755	0.306122	0.163584
-0.387755	0.346939	0.157643
-0.387755	0.387755	0.151067
-0.387755	0.428571	0.143885
-0.387755	0.469388	0.136127
-0.387755	0.510204	0.127826
-0.387755	0.55102	0.119017
-0.387755	0.591837	0.109737
-0.387755	0.632653	0.100024
-0.387755	0.673469	0.089918
-0.387755	0.714286	0.0794593
-0.387755	0.755102	0.0686902
-0.387755	0.795918	0.0576536
-0.387755	0.836735	0.0463931
-0.387755	0.877551	0.0349527
-0.387755	0.918367	0.0233771
-0.387755	0.959184	0.0117112
-0.387755	1	0
-0.346939	-1	0.011823
-0.346939	-0.959184	0.0236044
-0.346939	-0.918367	0.0353029
-0.346939	-0.877551	0.046877
-0.346939	-0.836735	0.0582853
-0.346939	-0.795918	0.0694866
-0.346939	-0.755102	0.08044
-0.346939	-0.714286	0.0911045
-0.346939	-0.673469	0.10144
-0.346939	-0.632653	0.111406
-0.346939	-0.591837	0.120964
-0.346939	-0.55102	0.130076
-0.346939	-0.510204	0.138703
-0.346939	-0.469388	0.146809
-0.346939	-0.428571	0.154361
-0.346939	-0.387755	0.161324
-0.346939	-0.346939	0.167667
-0.346939	-0.306122	0.173361
-0.346939	-0.265306	0.17838
-0.346939	-0.22449	0.182699
-0.346939	-0.183673	0.186297
-0.346939	-0.142857	0.189156
-0.346939	-0.102041	0.19126
-0.346939	-0.0612245	0.192598
-0.346939	-0.0204082	0.193162
-0.346939	0.0204082	0.192947
-0.346939	0.0612245	0.191952
-0.346939	0.102041	0.19018
-0.346939	0.142857	0.187638
-0.346939	0.183673	0.184335
-0.346939	0.22449	0.180285
-0.346939	0.265306	0.175505
-0.346939	0.306122	0.170016
-0.346939	0.346939	0.163841
-0.346939	0.387755	0.157007
-0.346939	0.428571	0.149542
-0.346939	0.469388	0.14148
-0.346939	0.510204	0.132852
-0.346939	0.55102	0.123697
-0.346939	0.591837	0.114052
-0.346939	0.632653	0.103957
-0.346939	0.673469	0.0934535
-0.346939	0.714286	0.0825836
-0.346939	0.755102	0.0713911
-0.346939	0.795918	0.0599205
-0.346939	0.836735	0.0482172
-0.346939	0.877551	0.036327
-0.346939	0.918367	0.0242963
-0.346939	0.959184	0.0121716
-0.346939	1	0
-0.306122	-1	0.0122245
-0.306122	-0.959184	0.0244061
-0.306122	-0.918367	0.0365019
-0.306122	-0.877551	0.0484691
-0.306122	-0.836735	0.0602648
-0.306122	-0.795918	0.0718466
-0.306122	-0.755102	0.0831719
-0.306122	-0.714286	0.0941986
-0.306122	-0.673469	0.104885
-0.306122	-0.632653	0.11519
-0.306122	-0.591837	0.125072
-0.306122	-0.55102	0.134493
-0.306122	-0.510204	0.143413
-0.306122	-0.469388	0.151795
-0.306122	-0.428571	0.159603
-0.306122	-0.387755	0.166803
-0.306122	-0.346939	0.173361
-0.306122	-0.306122	0.179249
-0.306122	-0.265306	0.184438
-0.306122	-0.22449	0.188904
-0.306122	-0.183673	0.192624
-0.306122	-0.142857	0.19558
-0.306122	-0.102041	0.197755
-0.306122	-0.0612245	0.199139
-0.306122	-0.0204082	0.199722
-0.306122	0.0204082	0.1995
-0.306122	0.0612245	0.198471
-0.306122	0.102041	0.196639
-0.306122	0.142857	0.19401
-0.306122	0.183673	0.190595
-0.306122	0.22449	0.186408
-0.306122	0.265306	0.181466
-0.306122	0.306122	0.17579
-0.306122	0.346939	0.169406
-0.306122	0.387755	0.162339
-0.306122	0.428571	0.154621
-0.306122	0.469388	0.146285
-0.306122	0.510204	0.137364
-0.306122	0.55102	0.127898
-0.306122	0.591837	0.117926
-0.306122	0.632653	0.107488
-0.306122	0.673469	0.0966275
-0.306122	0.714286	0.0853884
-0.306122	0.755102	0.0738157
-0.306122	0.795918	0.0619556
-0.306122	0.836735	0.0498548
-0.306122	0.877551	0.0375608
-0.306122	0.918367	0.0251214
-0.306122	0.959184	0.012585
-0.306122	1	0
-0.265306	-1	0.0125784
-0.265306	-0.959184	0.0251127
-0.265306	-0.918367	0.0375586
-0.265306	-0.877551	0.0498722
-0.265306	-0.836735	0.0620095
-0.265306	-0.795918	0.0739265
-0.265306	-0.755102	0.0855797
-0.265306	-0.714286	0.0969257
-0.265306	-0.673469	0.107921
-0.265306	-0.632653	0.118525
-0.265306	-0.591837	0.128693
-0.265306	-0.55102	0.138387
-0.265306	-0.510204	0.147565
-0.265306	-0.469388	0.15619
-0.265306	-0.428571	0.164224
-0.265306	-0.387755	0.171631
-0.265306	-0.346939	0.17838
-0.265306	-0.306122	0.184438
-0.265306	-0.265306	0.189778
-0.265306	-0.22449	0.194373
-0.265306	-0.183673	0.198201
-0.265306	-0.142857	0.201242
-0.265306	-0.102041	0.20348
-0.265306	-0.0612245	0.204904
-0.265306	-0.0204082	0.205504
-0.265306	0.0204082	0.205275
-0.265306	0.0612245	0.204217
-0.265306	0.102041	0.202332
-0.265306	0.142857	0.199627
-0.265306	0.183673	0.196113
-0.265306	0.22449	0.191804
-0.265306	0.265306	0.186719
-0.265306	0.306122	0.18088
-0.265306	0.346939	0.17431
-0.265306	0.387755	0.167039
-0.265306	0.428571	0.159098
-0.265306	0.469388	0.150519
-0.265306	0.510204	0.141341
-0.265306	0.55102	0.131601
-0.265306	0.591837	0.12134
-0.265306	0.632653	0.1106
-0.265306	0.673469	0.0994248
-0.265306	0.714286	0.0878603
-0.265306	0.755102	0.0759527
-0.265306	0.795918	0.0637492
-0.265306	0.836735	0.0512981
-0.265306	0.877551	0.0386482
-0.265306	0.918367	0.0258487
-0.265306	0.959184	0.0129494
-0.265306	1	0
-0.22449	-1	0.012883
-0.22449	-0.959184	0.0257207
-0.22449	-0.918367	0.038468
-0.22449	-0.877551	0.0510798
-0.22449	-0.836735	0.0635109
-0.22449	-0.795918	0.0757165
-0.22449	-0.755102	0.0876518
-0.22449	-0.714286	0.0992725
-0.22449	-0.673469	0.110535
-0.22449	-0.632653	0.121394
-0.22449	-0.591837	0.131809
-0.22449	-0.55102	0.141737
-0.22449	-0.510204	0.151138
-0.22449	-0.469388	0.159971
-0.22449	-0.428571	0.1682
-0.22449	-0.387755	0.175787
-0.22449	-0.346939	0.182699
-0.22449	-0.306122	0.188904
-0.22449	-0.265306	0.194373
-0.22449	-0.22449	0.199079
-0.22449	-0.183673	0.203
-0.22449	-0.142857	0.206114
-0.22449	-0.102041	0.208407
-0.22449	-0.0612245	0.209865
-0.22449	-0.0204082	0.21048
-0.22449	0.0204082	0.210245
-0.22449	0.0612245	0.209161
-0.22449	0.102041	0.207231
-0.22449	0.142857	0.20446
-0.22449	0.183673	0.200861
-0.22449	0.22449	0.196448
-0.22449	0.265306	0.19124
-0.22449	0.306122	0.185259
-0.22449	0.346939	0.178531
-0.22449	0.387755	0.171083
-0.22449	0.428571	0.16295
-0.22449	0.469388	0.154164
-0.22449	0.510204	0.144763
-0.22449	0.55102	0.134787
-0.22449	0.591837	0.124278
-0.22449	0.632653	0.113278
-0.22449	0.673469	0.101832
-0.22449	0.714286	0.0899877
-0.22449	0.755102	0.0777917
-0.22449	0.795918	0.0652927
-0.22449	0.836735	0.0525402
-0.22449	0.877551	0.0395839
-0.22449	0.918367	0.0264746
-0.22449	0.959184	0.0132629
-0.22449	1	0
-0.183673	-1	0.0131367
-0.183673	-0.959184	0.0262272
-0.183673	-0.918367	0.0392256
-0.183673	-0.877551	0.0520857
-0.183673	-0.836735	0.0647617
-0.183673	-0.795918	0.0772076
-0.183673	-0.755102	0.089378
-0.183673	-0.714286	0.101228
-0.183673	-0.673469	0.112711
-0.183673	-0.632653	0.123785
-0.183673	-0.591837	0.134405
-0.183673	-0.55102	0.144529
-0.183673	-0.510204	0.154114
-0.183673	-0.469388	0.163122
-0.183673	-0.428571	0.171512
-0.183673	-0.387755	0.179249
-0.183673	-0.346939	0.186297
-0.183673	-0.306122	0.192624
-0.183673	-0.265306	0.198201
-0.183673	-0.22449	0.203
-0.183673	-0.183673	0.206997
-0.183673	-0.142857	0.210173
-0.183673	-0.102041	0.212511
-0.183673	-0.0612245	0.213998
-0.183673	-0.0204082	0.214625
-0.183673	0.0204082	0.214386
-0.183673	0.0612245	0.21328
-0.183673	0.102041	0.211312
-0.183673	0.142857	0.208487
-0.183673	0.183673	0.204817
-0.183673	0.22449	0.200317
-0.183673	0.265306	0.195006
-0.183673	0.306122	0.188908
-0.183673	0.346939	0.182046
-0.183673	0.387755	0.174453
-0.183673	0.428571	0.166159
-0.183673	0.469388	0.1572
-0.183673	0.510204	0.147614
-0.183673	0.55102	0.137442
-0.183673	0.591837	0.126725
-0.183673	0.632653	0.115508
-0.183673	0.673469	0.103838
-0.183673	0.714286	0.0917598
-0.183673	0.755102	0.0793237
-0.183673	0.795918	0.0665786
-0.183673	0.836735	0.0535749
-0.183673	0.877551	0.0403635
-0.183673	0.918367	0.0269959
-0.183673	0.959184	0.0135241
-0.183673	1	0
-0.142857	-1	0.0133382
-0.142857	-0.959184	0.0266297
-0.142857	-0.918367	0.0398275
-0.142857	-0.877551	0.0528849
-0.142857	-0.836735	0.0657554
-0.142857	-0.795918	0.0783923
-0.142857	-0.755102	0.0907494
-0.142857	-0.714286	0.102781
-0.142857	-0.673469	0.114441
-0.142857	-0.632653	0.125684
-0.142857	-0.591837	0.136467
-0.142857	-0.55102	0.146746
-0.142857	-0.510204	0.156479
-0.142857	-0.469388	0.165625
-0.142857	-0.428571	0.174144
-0.142857	-0.387755	0.181999
-0.142857	-0.346939	0.189156
-0.142857	-0.306122	0.19558
-0.142857	-0.265306	0.201242
-0.142857	-0.22449	0.206114
-0.142857	-0.183673	0.210173
-0.142857	-0.142857	0.213398
-0.142857	-0.102041	0.215772
-0.142857	-0.0612245	0.217282
-0.142857	-0.0204082	0.217918
-0.142857	0.0204082	0.217675
-0.142857	0.0612245	0.216553
-0.142857	0.102041	0.214554
-0.142857	0.142857	0.211686
-0.142857	0.183673	0.20796
-0.142857	0.22449	0.203391
-0.142857	0.265306	0.197999
-0.142857	0.306122	0.191806
-0.142857	0.346939	0.18484
-0.142857	0.387755	0.17713
-0.142857	0.428571	0.168708
-0.142857	0.469388	0.159612
-0.142857	0.510204	0.149879
-0.142857	0.55102	0.139551
-0.142857	0.591837	0.12867
-0.142857	0.632653	0.117281
-0.142857	0.673469	0.105431
-0.142857	0.714286	0.0931678
-0.142857	0.755102	0.0805408
-0.142857	0.795918	0.0676002
-0.142857	0.836735	0.0543969
-0.142857	0.877551	0.0409828
-0.142857	0.918367	0.0274102
-0.142857	0.959184	0.0137316
-0.142857	1	0
-0.102041	-1	0.0134866
-0.102041	-0.959184	0.0269259
-0.102041	-0.918367	0.0402705
-0.102041	-0.877551	0.0534732
-0.102041	-0.836735	0.0664869
-0.102041	-0.795918	0.0792644
-0.102041	-0.755102	0.091759
-0.102041	-0.714286	0.103924
-0.102041	-0.673469	0.115714
-0.102041	-0.632653	0.127083
-0.102041	-0.591837	0.137986
-0.102041	-0.55102	0.148379
-0.102041	-0.510204	0.15822
-0.102041	-0.469388	0.167467
-0.102041	-0.428571	0.176081
-0.102041	-0.387755	0.184024
-0.102041	-0.346939	0.19126
-0.102041	-0.306122	0.197755
-0.102041	-0.265306	0.20348
-0.102041	-0.22449	0.208407
-0.102041	-0.183673	0.212511
-0.102041	-0.142857	0.215772
-0.102041	-0.102041	0.218173
-0.102041	-0.0612245	0.219699
-0.102041	-0.0204082	0.220342
-0.102041	0.0204082	0.220097
-0.102041	0.0612245	0.218962
-0.102041	0.102041	0.216941
-0.102041	0.142857	0.214041
-0.102041	0.183673	0.210273
-0.102041	0.22449	0.205653
-0.102041	0.265306	0.200201
-0.102041	0.306122	0.19394
-0.102041	0.346939	0.186896
-0.102041	0.387755	0.1791
-0.102041	0.428571	0.170585
-0.102041	0.469388	0.161388
-0.102041	0.510204	0.151546
-0.102041	0.55102	0.141103
-0.102041	0.591837	0.130101
-0.102041	0.632653	0.118585
-0.102041	0.673469	0.106604
-0.102041	0.714286	0.0942042
-0.102041	0.755102	0.0814368
-0.102041	0.795918	0.0683522
-0.102041	0.836735	0.055002
-0.102041	0.877551	0.0414387
-0.102041	0.918367	0.0277151
-0.102041	0.959184	0.0138844
-0.102041	1	0
-0.0612245	-1	0.013581
-0.0612245	-0.959184	0.0271143
-0.0612245	-0.918367	0.0405523
-0.0612245	-0.877551	0.0538473
-0.0612245	-0.836735	0.066952
-0.0612245	-0.795918	0.0798189
-0.0612245	-0.755102	0.0924009
-0.0612245	-0.714286	0.104651
-0.0612245	-0.673469	0.116523
-0.0612245	-0.632653	0.127972
-0.0612245	-0.591837	0.138951
-0.0612245	-0.55102	0.149417
-0.0612245	-0.510204	0.159327
-0.0612245	-0.469388	0.168639
-0.0612245	-0.428571	0.177313
-0.0612245	-0.387755	0.185311
-0.0612245	-0.346939	0.192598
-0.0612245	-0.306122	0.199139
-0.0612245	-0.265306	0.204904
-0.0612245	-0.22449	0.209865
-0.0612245	-0.183673	0.213998
-0.0612245	-0.142857	0.217282
-0.0612245	-0.102041	0.219699
-0.0612245	-0.0612245	0.221236
-0.0612245	-0.0204082	0.221884
-0.0612245	0.0204082	0.221637
-0.0612245	0.0612245	0.220494
-0.0612245	0.102041	0.218459
-0.0612245	0.142857	0.215538
-0.0612245	0.183673	0.211744
-0.0612245	0.22449	0.207092
-0.0612245	0.265306	0.201602
-0.0612245	0.306122	0.195297
-0.0612245	0.346939	0.188204
-0.0612245	0.387755	0.180353
-0.0612245	0.428571	0.171778
-0.0612245	0.469388	0.162517
-0.0612245	0.510204	0.152607
-0.0612245	0.55102	0.14209
-0.0612245	0.591837	0.131011
-0.0612245	0.632653	0.119415
-0.0612245	0.673469	0.10735
-0.0612245	0.714286	0.0948633
-0.0612245	0.755102	0.0820065
-0.0612245	0.795918	0.0688304
-0.0612245	0.836735	0.0553868
-0.0612245	0.877551	0.0417286
-0.0612245	0.918367	0.027909
-0.0612245	0.959184	0.0139815
-0.0612245	1	0
-0.0204082	-1	0.0136207
-0.0204082	-0.959184	0.0271937
-0.0204082	-0.918367	0.040671
-0.0204082	-0.877551	0.054005
-0.0204082	-0.836735	0.067148
-0.0204082	-0.795918	0.0800526
-0.0204082	-0.755102	0.0926714
-0.0204082	-0.714286	0.104958
-0.0204082	-0.673469	0.116865
-0.0204082	-0.632653	0.128346
-0.0204082	-0.591837	0.139358
-0.0204082	-0.55102	0.149854
-0.0204082	-0.510204	0.159793
-0.0204082	-0.469388	0.169133
-0.0204082	-0.428571	0.177832
-0.0204082	-0.387755	0.185854
-0.0204082	-0.346939	0.193162
-0.0204082	-0.306122	0.199722
-0.0204082	-0.265306	0.205504
-0.0204082	-0.22449	0.21048
-0.0204082	-0.183673	0.214625
-0.0204082	-0.142857	0.217918
-0.0204082	-0.102041	0.220342
-0.0204082	-0.0612245	0.221884
-0.0204082	-0.0204082	0.222533
-0.0204082	0.0204082	0.222285
-0.0204082	0.0612245	0.221139
-0.0204082	0.102041	0.219098
-0.0204082	0.142857	0.216169
-0.0204082	0.183673	0.212364
-0.0204082	0.22449	0.207698
-0.0204082	0.265306	0.202192
-0.0204082	0.306122	0.195868
-0.0204082	0.346939	0.188754
-0.0204082	0.387755	0.180881
-0.0204082	0.428571	0.172281
-0.0204082	0.469388	0.162992
-0.0204082	0.510204	0.153053
-0.0204082	0.55102	0.142506
-0.0204082	0.591837	0.131395
-0.0204082	0.632653	0.119765
-0.0204082	0.673469	0.107664
-0.0204082	0.714286	0.095141
-0.0204082	0.755102	0.0822466
-0.0204082	0.795918	0.0690319
-0.0204082	0.836735	0.055549
-0.0204082	0.877551	0.0418508
-0.0204082	0.918367	0.0279907
-0.0204082	0.959184	0.0140224
-0.0204082	1	0
0.0204082	-1	0.0136056
0.0204082	-0.959184	0.0271634
0.0204082	-0.918367	0.0406257
0.0204082	-0.877551	0.0539449
0.0204082	-0.836735	0.0670733
0.0204082	-0.795918	0.0799635
0.0204082	-0.755102	0.0925683
0.0204082	-0.714286	0.104841
0.0204082	-0.673469	0.116734
0.0204082	-0.632653	0.128203
0.0204082	-0.591837	0.139203
0.0204082	-0.55102	0.149688
0.0204082	-0.510204	0.159615
0.0204082	-0.469388	0.168944
0.0204082	-0.428571	0.177634
0.0204082	-0.387755	0.185647
0.0204082	-0.346939	0.192947
0.0204082	-0.306122	0.1995
0.0204082	-0.265306	0.205275
0.0204082	-0.22449	0.210245
0.0204082	-0.183673	0.214386
0.0204082	-0.142857	0.217675
0.0204082	-0.102041	0.220097
0.0204082	-0.0612245	0.221637
0.0204082	-0.0204082	0.222285
0.0204082	0.0204082	0.222038
0.0204082	0.0612245	0.220893
0.0204082	0.102041	0.218854
0.0204082	0.142857	0.215928
0.0204082	0.183673	0.212128
0.0204082	0.22449	0.207467
0.0204082	0.265306	0.201967
0.0204082	0.306122	0.19565
0.0204082	0.346939	0.188544
0.0204082	0.387755	0.18068
0.0204082	0.428571	0.17209
0.0204082	0.469388	0.162811
0.0204082	0.510204	0.152883
0.0204082	0.55102	0.142348
0.0204082	0.591837	0.131248
0.0204082	0.632653	0.119631
0.0204082	0.673469	0.107544
0.0204082	0.714286	0.0950351
0.0204082	0.755102	0.082155
0.0204082	0.795918	0.068955
0.0204082	0.836735	0.0554872
0.0204082	0.877551	0.0418042
0.0204082	0.918367	0.0279595
0.0204082	0.959184	0.0140068
0.0204082	1	0
0.0612245	-1	0.0135354
0.0612245	-0.959184	0.0270233
0.0612245	-0.918367	0.0404163
0.0612245	-0.877551	0.0536667
0.0612245	-0.836735	0.0667274
0.0612245	-0.795918	0.0795512
0.0612245	-0.755102	0.092091
0.0612245	-0.714286	0.1043
0.0612245	-0.673469	0.116133
0.0612245	-0.632653	0.127542
0.0612245	-0.591837	0.138485
0.0612245	-0.55102	0.148916
0.0612245	-0.510204	0.158792
0.0612245	-0.469388	0.168073
0.0612245	-0.428571	0.176718
0.0612245	-0.387755	0.18469
0.0612245	-0.346939	0.191952
0.0612245	-0.306122	0.198471
0.0612245	-0.265306	0.204217
0.0612245	-0.22449	0.209161
0.0612245	-0.183673	0.21328
0.0612245	-0.142857	0.216553
0.0612245	-0.102041	0.218962
0.0612245	-0.0612245	0.220494
0.0612245	-0.0204082	0.221139
0.0612245	0.0204082	0.220893
0.0612245	0.0612245	0.219754
0.0612245	0.102041	0.217726
0.0612245	0.142857	0.214815
0.0612245	0.183673	0.211034
0.0612245	0.22449	0.206398
0.0612245	0.265306	0.200926
0.0612245	0.306122	0.194642
0.0612245	0.346939	0.187572
0.0612245	0.387755	0.179748
0.0612245	0.428571	0.171202
0.0612245	0.469388	0.161972
0.0612245	0.510204	0.152095
0.0612245	0.55102	0.141614
0.0612245	0.591837	0.130572
0.0612245	0.632653	0.119015
0.0612245	0.673469	0.106989
0.0612245	0.714286	0.0945451
0.0612245	0.755102	0.0817314
0.0612245	0.795918	0.0685995
0.0612245	0.836735	0.0552011
0.0612245	0.877551	0.0415887
0.0612245	0.918367	0.0278154
0.0612245	0.959184	0.0139346
0.0612245	1	0
0.102041	-1	0.0134105
0.102041	-0.959184	0.0267739
0.102041	-0.918367	0.0400432
0.102041	-0.877551	0.0531714
0.102041	-0.836735	0.0661115
0.102041	-0.795918	0.0788169
0.102041	-0.755102	0.0912409
0.102041	-0.714286	0.103337
0.102041	-0.673469	0.115061
0.102041	-0.632653	0.126365
0.102041	-0.591837	0.137207
0.102041	-0.55102	0.147541
0.102041	-0.510204	0.157327
0.102041	-0.469388	0.166522
0.102041	-0.428571	0.175087
0.102041	-0.387755	0.182985
0.102041	-0.346939	0.19018
0.102041	-0.306122	0.196639
0.102041	-0.265306	0.202332
0.102041	-0.22449	0.207231
0.102041	-0.183673	0.211312
0.102041	-0.142857	0.214554
0.102041	-0.102041	0.216941
0.102041	-0.0612245	0.218459
0.102041	-0.0204082	0.219098
0.102041	0.0204082	0.218854
0.102041	0.0612245	0.217726
0.102041	0.102041	0.215716
0.102041	0.142857	0.212832
0.102041	0.183673	0.209086
0.102041	0.22449	0.204492
0.102041	0.265306	0.199071
0.102041	0.306122	0.192845
0.102041	0.346939	0.185841
0.102041	0.387755	0.178089
0.102041	0.428571	0.169622
0.102041	0.469388	0.160476
0.102041	0.510204	0.150691
0.102041	0.55102	0.140306
0.102041	0.591837	0.129366
0.102041	0.632653	0.117916
0.102041	0.673469	0.106002
0.102041	0.714286	0.0936724
0.102041	0.755102	0.080977
0.102041	0.795918	0.0679663
0.102041	0.836735	0.0546915
0.102041	0.877551	0.0412048
0.102041	0.918367	0.0275586
0.102041	0.959184	0.013806
0.102041	1	0
0.142857	-1	0.0132312
0.142857	-0.959184	0.026416
0.142857	-0.918367	0.0395079
0.142857	-0.877551	0.0524605
0.142857	-0.836735	0.0652277
0.142857	-0.795918	0.0777632
0.142857	-0.755102	0.0900212
0.142857	-0.714286	0.101956
0.142857	-0.673469	0.113522
0.142857	-0.632653	0.124676
0.142857	-0.591837	0.135372
0.142857	-0.55102	0.145569
0.142857	-0.510204	0.155223
0.142857	-0.469388	0.164296
0.142857	-0.428571	0.172747
0.142857	-0.387755	0.180539
0.142857	-0.346939	0.187638
0.142857	-0.306122	0.19401
0.142857	-0.265306	0.199627
0.142857	-0.22449	0.20446
0.142857	-0.183673	0.208487
0.142857	-0.142857	0.211686
0.142857	-0.102041	0.214041
0.142857	-0.0612245	0.215538
0.142857	-0.0204082	0.216169
0.142857	0.0204082	0.215928
0.142857	0.0612245	0.214815
0.142857	0.102041	0.212832
0.142857	0.142857	0.209987
0.142857	0.183673	0.206291
0.142857	0.22449	0.201759
0.142857	0.265306	0.19641
0.142857	0.306122	0.190267
0.142857	0.346939	0.183356
0.142857	0.387755	0.175708
0.142857	0.428571	0.167354
0.142857	0.469388	0.158331
0.142857	0.510204	0.148676
0.142857	0.55102	0.138431
0.142857	0.591837	0.127637
0.142857	0.632653	0.11634
0.142857	0.673469	0.104585
0.142857	0.714286	0.0924201
0.142857	0.755102	0.0798945
0.142857	0.795918	0.0670577
0.142857	0.836735	0.0539604
0.142857	0.877551	0.0406539
0.142857	0.918367	0.0271902
0.142857	0.959184	0.0136214
0.142857	1	0
0.183673	-1	0.0129983
0.183673	-0.959184	0.025951
0.183673	-0.918367	0.0388124
0.183673	-0.877551	0.0515371
0.183673	-0.836735	0.0640795
0.183673	-0.795918	0.0763944
0.183673	-0.755102	0.0884366
0.183673	-0.714286	0.100161
0.183673	-0.673469	0.111524
0.183673	-0.632653	0.122481
0.183673	-0.591837	0.132989
0.183673	-0.55102	0.143006
0.183673	-0.510204	0.152491
0.183673	-0.469388	0.161404
0.183673	-0.428571	0.169706
0.183673	-0.387755	0.177361
0.183673	-0.346939	0.184335
0.183673	-0.306122	0.190595
0.183673	-0.265306	0.196113
0.183673	-0.22449	0.200861
0.183673	-0.183673	0.204817
0.183673	-0.142857	0.20796
0.183673	-0.102041	0.210273
0.183673	-0.0612245	0.211744
0.183673	-0.0204082	0.212364
0.183673	0.0204082	0.212128
0.183673	0.0612245	0.211034
0.183673	0.102041	0.209086
0.183673	0.142857	0.206291
0.183673	0.183673	0.20266
0.183673	0.22449	0.198207
0.183673	0.265306	0.192952
0.183673	0.306122	0.186918
0.183673	0.346939	0.180129
0.183673	0.387755	0.172615
0.183673	0.428571	0.164409
0.183673	0.469388	0.155544
0.183673	0.510204	0.146059
0.183673	0.55102	0.135994
0.183673	0.591837	0.12539
0.183673	0.632653	0.114292
0.183673	0.673469	0.102744
0.183673	0.714286	0.0907933
0.183673	0.755102	0.0784881
0.183673	0.795918	0.0658773
0.183673	0.836735	0.0530105
0.183673	0.877551	0.0399383
0.183673	0.918367	0.0267116
0.183673	0.959184	0.0133816
0.183673	1	0
0.22449	-1	0.0127127
0.22449	-0.959184	0.0253808
0.22449	-0.918367	0.0379597
0.22449	-0.877551	0.0504048
0.22449	-0.836735	0.0626717
0.22449	-0.795918	0.074716
0.22449	-0.755102	0.0864937
0.22449	-0.714286	0.0979608
0.22449	-0.673469	0.109074
0.22449	-0.632653	0.11979
0.22449	-0.591837	0.130068
0.22449	-0.55102	0.139865
0.22449	-0.510204	0.149141
0.22449	-0.469388	0.157858
0.22449	-0.428571	0.165977
0.22449	-0.387755	0.173464
0.22449	-0.346939	0.180285
0.22449	-0.306122	0.186408
0.22449	-0.265306	0.191804
0.22449	-0.22449	0.196448
0.22449	-0.183673	0.200317
0.22449	-0.142857	0.203391
0.22449	-0.102041	0.205653
0.22449	-0.0612245	0.207092
0.22449	-0.0204082	0.207698
0.22449	0.0204082	0.207467
0.22449	0.0612245	0.206398
0.22449	0.102041	0.204492
0.22449	0.142857	0.201759
0.22449	0.183673	0.198207
0.22449	0.22449	0.193853
0.22449	0.265306	0.188713
0.22449	0.306122	0.182811
0.22449	0.346939	0.176172
0.22449	0.387755	0.168823
0.22449	0.428571	0.160797
0.22449	0.469388	0.152127
0.22449	0.510204	0.14285
0.22449	0.55102	0.133006
0.22449	0.591837	0.122635
0.22449	0.632653	0.111781
0.22449	0.673469	0.100487
0.22449	0.714286	0.0887986
0.22449	0.755102	0.0767638
0.22449	0.795918	0.06443
0.22449	0.836735	0.0518459
0.22449	0.877551	0.0390609
0.22449	0.918367	0.0261247
0.22449	0.959184	0.0130876
0.22449	1	0
0.265306	-1	0.0123757
0.265306	-0.959184	0.024708
0.265306	-0.918367	0.0369534
0.265306	-0.877551	0.0490685
0.265306	-0.836735	0.0610102
0.265306	-0.795918	0.0727352
0.265306	-0.755102	0.0842006
0.265306	-0.714286	0.0953637
0.265306	-0.673469	0.106182
0.265306	-0.632653	0.116615
0.265306	-0.591837	0.126619
0.265306	-0.55102	0.136157
0.265306	-0.510204	0.145187
0.265306	-0.469388	0.153673
0.265306	-0.428571	0.161577
0.265306	-0.387755	0.168866
0.265306	-0.346939	0.175505
0.265306	-0.306122	0.181466
0.265306	-0.265306	0.186719
0.265306	-0.22449	0.19124
0.265306	-0.183673	0.195006
0.265306	-0.142857	0.197999
0.265306	-0.102041	0.200201
0.265306	-0.0612245	0.201602
0.265306	-0.0204082	0.202192
0.265306	0.0204082	0.201967
0.265306	0.0612245	0.200926
0.265306	0.102041	0.199071
0.265306	0.142857	0.19641
0.265306	0.183673	0.192952
0.265306	0.22449	0.188713
0.265306	0.265306	0.18371
0.265306	0.306122	0.177965
0.265306	0.346939	0.171501
0.265306	0.387755	0.164347
0.265306	0.428571	0.156534
0.265306	0.469388	0.148094
0.265306	0.510204	0.139063
0.265306	0.55102	0.12948
0.265306	0.591837	0.119384
0.265306	0.632653	0.108817
0.265306	0.673469	0.0978225
0.265306	0.714286	0.0864444
0.265306	0.755102	0.0747287
0.265306	0.795918	0.0627219
0.265306	0.836735	0.0504714
0.265306	0.877551	0.0380253
0.265306	0.918367	0.0254321
0.265306	0.959184	0.0127407
0.265306	1	0
0.306122	-1	0.0119886
0.306122	-0.959184	0.0239352
0.306122	-0.918367	0.0357976
0.306122	-0.877551	0.0475339
0.306122	-0.836735	0.0591021
0.306122	-0.795918	0.0704604
0.306122	-0.755102	0.0815672
0.306122	-0.714286	0.0923811
0.306122	-0.673469	0.102861
0.306122	-0.632653	0.112967
0.306122	-0.591837	0.122659
0.306122	-0.55102	0.131898
0.306122	-0.510204	0.140646
0.306122	-0.469388	0.148866
0.306122	-0.428571	0.156524
0.306122	-0.387755	0.163584
0.306122	-0.346939	0.170016
0.306122	-0.306122	0.17579
0.306122	-0.265306	0.18088
0.306122	-0.22449	0.185259
0.306122	-0.183673	0.188908
0.306122	-0.142857	0.191806
0.306122	-0.102041	0.19394
0.306122	-0.0612245	0.195297
0.306122	-0.0204082	0.195868
0.306122	0.0204082	0.19565
0.306122	0.0612245	0.194642
0.306122	0.102041	0.192845
0.306122	0.142857	0.190267
0.306122	0.183673	0.186918
0.306122	0.22449	0.182811
0.306122	0.265306	0.177965
0.306122	0.306122	0.172399
0.306122	0.346939	0.166137
0.306122	0.387755	0.159207
0.306122	0.428571	0.151638
0.306122	0.469388	0.143462
0.306122	0.510204	0.134714
0.306122	0.55102	0.125431
0.306122	0.591837	0.11565
0.306122	0.632653	0.105414
0.306122	0.673469	0.0947631
0.306122	0.714286	0.0837408
0.306122	0.755102	0.0723915
0.306122	0.795918	0.0607602
0.306122	0.836735	0.0488929
0.306122	0.877551	0.0368361
0.306122	0.918367	0.0246367
0.306122	0.959184	0.0123422
0.306122	1	0
0.346939	-1	0.0115532
0.346939	-0.959184	0.0230659
0.346939	-0.918367	0.0344975
0.346939	-0.877551	0.0458075
0.346939	-0.836735	0.0569555
0.346939	-0.795918	0.0679013
0.346939	-0.755102	0.0786047
0.346939	-0.714286	0.0890259
0.346939	-0.673469	0.0991255
0.346939	-0.632653	0.108864
0.346939	-0.591837	0.118204
0.346939	-0.55102	0.127108
0.346939	-0.510204	0.135538
0.346939	-0.469388	0.14346
0.346939	-0.428571	0.150839
0.346939	-0.387755	0.157643
0.346939	-0.346939	0.163841
0.346939	-0.306122	0.169406
0.346939	-0.265306	0.17431
0.346939	-0.22449	0.178531
0.346939	-0.183673	0.182046
0.346939	-0.142857	0.18484
0.346939	-0.102041	0.186896
0.346939	-0.0612245	0.188204
0.346939	-0.0204082	0.188754
0.346939	0.0204082	0.188544
0.346939	0.0612245	0.187572
0.346939	0.102041	0.185841
0.346939	0.142857	0.183356
0.346939	0.183673	0.180129
0.346939	0.22449	0.176172
0.346939	0.265306	0.171501
0.346939	0.306122	0.166137
0.346939	0.346939	0.160103
0.346939	0.387755	0.153425
0.346939	0.428571	0.14613
0.346939	0.469388	0.138252
0.346939	0.510204	0.129821
0.346939	0.55102	0.120875
0.346939	0.591837	0.11145
0.346939	0.632653	0.101585
0.346939	0.673469	0.0913213
0.346939	0.714286	0.0806994
0.346939	0.755102	0.0697622
0.346939	0.795918	0.0585534
0.346939	0.836735	0.0471171
0.346939	0.877551	0.0354982
0.346939	0.918367	0.0237419
0.346939	0.959184	0.0118939
0.346939	1	0
0.387755	-1	0.0110713
0.387755	-0.959184	0.0221037
0.387755	-0.918367	0.0330585
0.387755	-0.877551	0.0438967
0.387755	-0.836735	0.0545797
0.387755	-0.795918	0.0650689
0.387755	-0.755102	0.0753258
0.387755	-0.714286	0.0853123
0.387755	-0.673469	0.0949906
0.387755	-0.632653	0.104323
0.387755	-0.591837	0.113274
0.387755	-0.55102	0.121806
0.387755	-0.510204	0.129884
0.387755	-0.469388	0.137475
0.387755	-0.428571	0.144547
0.387755	-0.387755	0.151067
0.387755	-0.346939	0.157007
0.387755	-0.306122	0.162339
0.387755	-0.265306	0.167039
0.387755	-0.22449	0.171083
0.387755	-0.183673	0.174453
0.387755	-0.142857	0.17713
0.387755	-0.102041	0.1791
0.387755	-0.0612245	0.180353
0.387755	-0.0204082	0.180881
0.387755	0.0204082	0.18068
0.387755	0.0612245	0.179748
0.387755	0.102041	0.178089
0.387755	0.142857	0.175708
0.387755	0.183673	0.172615
0.387755	0.22449	0.168823
0.387755	0.265306	0.164347
0.387755	0.306122	0.159207
0.387755	0.346939	0.153425
0.387755	0.387755	0.147025
0.387755	0.428571	0.140035
0.387755	0.469388	0.132485
0.387755	0.510204	0.124406
0.387755	0.55102	0.115833
0.387755	0.591837	0.106801
0.387755	0.632653	0.0973479
0.387755	0.673469	0.087512
0.387755	0.714286	0.0773331
0.387755	0.755102	0.0668522
0.387755	0.795918	0.0561109
0.387755	0.836735	0.0451517
0.387755	0.877551	0.0340174
0.387755	0.918367	0.0227516
0.387755	0.959184	0.0113978
0.387755	1	0
0.428571	-1	0.0105449
0.428571	-0.959184	0.0210529
0.428571	-0.918367	0.0314868
0.428571	-0.877551	0.0418097
0.428571	-0.836735	0.0519848
0.428571	-0.795918	0.0619753
0.428571	-0.755102	0.0717446
0.428571	-0.714286	0.0812563
0.428571	-0.673469	0.0904745
0.428571	-0.632653	0.0993635
0.428571	-0.591837	0.107888
0.428571	-0.55102	0.116015
0.428571	-0.510204	0.123709
0.428571	-0.469388	0.13094
0.428571	-0.428571	0.137675
0.428571	-0.387755	0.143885
0.428571	-0.346939	0.149542
0.428571	-0.306122	0.154621
0.428571	-0.265306	0.159098
0.428571	-0.22449	0.16295
0.428571	-0.183673	0.166159
0.428571	-0.142857	0.168708
0.428571	-0.102041	0.170585
0.428571	-0.0612245	0.171778
0.428571	-0.0204082	0.172281
0.428571	0.0204082	0.17209
0.428571	0.0612245	0.171202
0.428571	0.102041	0.169622
0.428571	0.142857	0.167354
0.428571	0.183673	0.164409
0.428571	0.22449	0.160797
0.428571	0.265306	0.156534
0.428571	0.306122	0.151638
0.428571	0.346939	0.14613
0.428571	0.387755	0.140035
0.428571	0.428571	0.133377
0.428571	0.469388	0.126186
0.428571	0.510204	0.118491
0.428571	0.55102	0.110326
0.428571	0.591837	0.101723
0.428571	0.632653	0.0927197
0.428571	0.673469	0.0833514
0.428571	0.714286	0.0736565
0.428571	0.755102	0.0636739
0.428571	0.795918	0.0534433
0.428571	0.836735	0.0430051
0.428571	0.877551	0.0324002
0.428571	0.918367	0.0216699
0.428571	0.959184	0.0108559
0.428571	1	0
0.469388	-1	0.00997638
0.469388	-0.959184	0.0199177
0.469388	-0.918367	0.0297891
0.469388	-0.877551	0.0395555
0.469388	-0.836735	0.0491819
0.469388	-0.795918	0.0586338
0.469388	-0.755102	0.0678763
0.469388	-0.714286	0.0768752
0.469388	-0.673469	0.0855963
0.469388	-0.632653	0.0940061
0.469388	-0.591837	0.102071
0.469388	-0.55102	0.109759
0.469388	-0.510204	0.117039
0.469388	-0.469388	0.12388
0.469388	-0.428571	0.130252
0.469388	-0.387755	0.136127
0.469388	-0.346939	0.14148
0.469388	-0.306122	0.146285
0.469388	-0.265306	0.150519
0.469388	-0.22449	0.154164
0.469388	-0.183673	0.1572
0.469388	-0.142857	0.159612
0.469388	-0.102041	0.161388
0.469388	-0.0612245	0.162517
0.469388	-0.0204082	0.162992
0.469388	0.0204082	0.162811
0.469388	0.0612245	0.161972
0.469388	0.102041	0.160476
0.469388	0.142857	0.158331
0.469388	0.183673	0.155544
0.469388	0.22449	0.152127
0.469388	0.265306	0.148094
0.469388	0.306122	0.143462
0.469388	0.346939	0.138252
0.469388	0.387755	0.132485
0.469388	0.428571	0.126186
0.469388	0.469388	0.119382
0.469388	0.510204	0.112103
0.469388	0.55102	0.104377
0.469388	0.591837	0.0962388
0.469388	0.632653	0.0877205
0.469388	0.673469	0.0788573
0.469388	0.714286	0.0696851
0.469388	0.755102	0.0602408
0.469388	0.795918	0.0505618
0.469388	0.836735	0.0406863
0.469388	0.877551	0.0306532
0.469388	0.918367	0.0205015
0.469388	0.959184	0.0102706
0.469388	1	0
0.510204	-1	0.00936804
0.510204	-0.959184	0.0187032
0.510204	-0.918367	0.0279726
0.510204	-0.877551	0.0371434
0.510204	-0.836735	0.0461829
0.510204	-0.795918	0.0550584
0.510204	-0.755102	0.0637374
0.510204	-0.714286	0.0721875
0.510204	-0.673469	0.0803768
0.510204	-0.632653	0.0882738
0.510204	-0.591837	0.0958472
0.510204	-0.55102	0.103067
0.510204	-0.510204	0.109902
0.510204	-0.469388	0.116326
0.510204	-0.428571	0.122309
0.510204	-0.387755	0.127826
0.510204	-0.346939	0.132852
0.510204	-0.306122	0.137364
0.510204	-0.265306	0.141341
0.510204	-0.22449	0.144763
0.510204	-0.183673	0.147614
0.510204	-0.142857	0.149879
0.510204	-0.102041	0.151546
0.510204	-0.0612245	0.152607
0.510204	-0.0204082	0.153053
0.510204	0.0204082	0.152883
0.510204	0.0612245	0.152095
0.510204	0.102041	0.150691
0.510204	0.142857	0.148676
0.510204	0.183673	0.146059
0.510204	0.22449	0.14285
0.510204	0.265306	0.139063
0.510204	0.306122	0.134714
0.510204	0.346939	0.129821
0.510204	0.387755	0.124406
0.510204	0.428571	0.118491
0.510204	0.469388	0.112103
0.510204	0.510204	0.105267
0.510204	0.55102	0.0980127
0.510204	0.591837	0.0903704
0.510204	0.632653	0.0823715
0.510204	0.673469	0.0740488
0.510204	0.714286	0.0654359
0.510204	0.755102	0.0565674
0.510204	0.795918	0.0474786
0.510204	0.836735	0.0382054
0.510204	0.877551	0.0287841
0.510204	0.918367	0.0192514
0.510204	0.959184	0.00964431
0.510204	1	0
0.55102	-1	0.00872247
0.55102	-0.959184	0.0174143
0.55102	-0.918367	0.026045
0.55102	-0.877551	0.0345838
0.55102	-0.836735	0.0430004
0.55102	-0.795918	0.0512642
0.55102	-0.755102	0.0593451
0.55102	-0.714286	0.0672129
0.55102	-0.673469	0.0748379
0.55102	-0.632653	0.0821906
0.55102	-0.591837	0.0892421
0.55102	-0.55102	0.095964
0.55102	-0.510204	0.102329
0.55102	-0.469388	0.108309
0.55102	-0.428571	0.113881
0.55102	-0.387755	0.119017
0.55102	-0.346939	0.123697
0.55102	-0.306122	0.127898
0.55102	-0.265306	0.131601
0.55102	-0.22449	0.134787
0.55102	-0.183673	0.137442
0.55102	-0.142857	0.139551
0.55102	-0.102041	0.141103
0.55102	-0.0612245	0.14209
0.55102	-0.0204082	0.142506
0.55102	0.0204082	0.142348
0.55102	0.0612245	0.141614
0.55102	0.102041	0.140306
0.55102	0.142857	0.138431
0.55102	0.183673	0.135994
0.55102	0.22449	0.133006
0.55102	0.265306	0.12948
0.55102	0.306122	0.125431
0.55102	0.346939	0.120875
0.55102	0.387755	0.115833
0.55102	0.428571	0.110326
0.55102	0.469388	0.104377
0.55102	0.510204	0.0980127
0.55102	0.55102	0.0912584
0.55102	0.591837	0.0841428
0.55102	0.632653	0.0766951
0.55102	0.673469	0.0689459
0.55102	0.714286	0.0609266
0.55102	0.755102	0.0526692
0.55102	0.795918	0.0442068
0.55102	0.836735	0.0355726
0.55102	0.877551	0.0268005
0.55102	0.918367	0.0179247
0.55102	0.959184	0.0089797
0.55102	1	0
0.591837	-1	0.00804236
0.591837	-0.959184	0.0160565
0.591837	-0.918367	0.0240142
0.591837	-0.877551	0.0318872
0.591837	-0.836735	0.0396475
0.591837	-0.795918	0.047267
0.591837	-0.755102	0.0547178
0.591837	-0.714286	0.0619722
0.591837	-0.673469	0.0690026
0.591837	-0.632653	0.075782
0.591837	-0.591837	0.0822837
0.591837	-0.55102	0.0884815
0.591837	-0.510204	0.0943499
0.591837	-0.469388	0.0998643
0.591837	-0.428571	0.105001
0.591837	-0.387755	0.109737
0.591837	-0.346939	0.114052
0.591837	-0.306122	0.117926
0.591837	-0.265306	0.12134
0.591837	-0.22449	0.124278
0.591837	-0.183673	0.126725
0.591837	-0.142857	0.12867
0.591837	-0.102041	0.130101
0.591837	-0.0612245	0.131011
0.591837	-0.0204082	0.131395
0.591837	0.0204082	0.131248
0.591837	0.0612245	0.130572
0.591837	0.102041	0.129366
0.591837	0.142857	0.127637
0.591837	0.183673	0.12539
0.591837	0.22449	0.122635
0.591837	0.265306	0.119384
0.591837	0.306122	0.11565
0.591837	0.346939	0.11145
0.591837	0.387755	0.106801
0.591837	0.428571	0.101723
0.591837	0.469388	0.0962388
0.591837	0.510204	0.0903704
0.591837	0.55102	0.0841428
0.591837	0.591837	0.077582
0.591837	0.632653	0.070715
0.591837	0.673469	0.06357
0.591837	0.714286	0.056176
0.591837	0.755102	0.0485625
0.591837	0.795918	0.0407598
0.591837	0.836735	0.0327989
0.591837	0.877551	0.0247108
0.591837	0.918367	0.0165271
0.591837	0.959184	0.00827953
0.591837	1	0
0.632653	-1	0.00733051
0.632653	-0.959184	0.0146353
0.632653	-0.918367	0.0218886
0.632653	-0.877551	0.0290648
0.632653	-0.836735	0.0361382
0.632653	-0.795918	0.0430833
0.632653	-0.755102	0.0498746
0.632653	-0.714286	0.0564869
0.632653	-0.673469	0.0628951
0.632653	-0.632653	0.0690744
0.632653	-0.591837	0.0750006
0.632653	-0.55102	0.0806498
0.632653	-0.510204	0.0859988
0.632653	-0.469388	0.0910251
0.632653	-0.428571	0.0957071
0.632653	-0.387755	0.100024
0.632653	-0.346939	0.103957
0.632653	-0.306122	0.107488
0.632653	-0.265306	0.1106
0.632653	-0.22449	0.113278
0.632653	-0.183673	0.115508
0.632653	-0.142857	0.117281
0.632653	-0.102041	0.118585
0.632653	-0.0612245	0.119415
0.632653	-0.0204082	0.119765
0.632653	0.0204082	0.119631
0.632653	0.0612245	0.119015
0.632653	0.102041	0.117916
0.632653	0.142857	0.11634
0.632653	0.183673	0.114292
0.632653	0.22449	0.111781
0.632653	0.265306	0.108817
0.632653	0.306122	0.105414
0.632653	0.346939	0.101585
0.632653	0.387755	0.0973479
0.632653	0.428571	0.0927197
0.632653	0.469388	0.0877205
0.632653	0.510204	0.0823715
0.632653	0.55102	0.0766951
0.632653	0.591837	0.070715
0.632653	0.632653	0.0644559
0.632653	0.673469	0.0579433
0.632653	0.714286	0.0512037
0.632653	0.755102	0.0442641
0.632653	0.795918	0.0371521
0.632653	0.836735	0.0298958
0.632653	0.877551	0.0225236
0.632653	0.918367	0.0150642
0.632653	0.959184	0.00754669
0.632653	1	0
0.673469	-1	0.00658984
0.673469	-0.959184	0.0131566
0.673469	-0.918367	0.019677
0.673469	-0.877551	0.0261281
0.673469	-0.836735	0.0324869
0.673469	-0.795918	0.0387302
0.673469	-0.755102	0.0448353
0.673469	-0.714286	0.0507795
0.673469	-0.673469	0.0565402
0.673469	-0.632653	0.0620952
0.673469	-0.591837	0.0674226
0.673469	-0.55102	0.072501
0.673469	-0.510204	0.0773096
0.673469	-0.469388	0.081828
0.673469	-0.428571	0.086037
0.673469	-0.387755	0.089918
0.673469	-0.346939	0.0934535
0.673469	-0.306122	0.0966275
0.673469	-0.265306	0.0994248
0.673469	-0.22449	0.101832
0.673469	-0.183673	0.103838
0.673469	-0.142857	0.105431
0.673469	-0.102041	0.106604
0.673469	-0.0612245	0.10735
0.673469	-0.0204082	0.107664
0.673469	0.0204082	0.107544
0.673469	0.0612245	0.106989
0.673469	0.102041	0.106002
0.673469	0.142857	0.104585
0.673469	0.183673	0.102744
0.673469	0.22449	0.100487
0.673469	0.265306	0.0978225
0.673469	0.306122	0.0947631
0.673469	0.346939	0.0913213
0.673469	0.387755	0.087512
0.673469	0.428571	0.0833514
0.673469	0.469388	0.0788573
0.673469	0.510204	0.0740488
0.673469	0.55102	0.0689459
0.673469	0.591837	0.06357
0.673469	0.632653	0.0579433
0.673469	0.673469	0.0520888
0.673469	0.714286	0.0460302
0.673469	0.755102	0.0397917
0.673469	0.795918	0.0333983
0.673469	0.836735	0.0268751
0.673469	0.877551	0.0202478
0.673469	0.918367	0.0135422
0.673469	0.959184	0.00678418
0.673469	1	0
0.714286	-1	0.00582335
0.714286	-0.959184	0.0116263
0.714286	-0.918367	0.0173883
0.714286	-0.877551	0.0230891
0.714286	-0.836735	0.0287082
0.714286	-0.795918	0.0342254
0.714286	-0.755102	0.0396204
0.714286	-0.714286	0.0448731
0.714286	-0.673469	0.0499638
0.714286	-0.632653	0.0548727
0.714286	-0.591837	0.0595804
0.714286	-0.55102	0.0640682
0.714286	-0.510204	0.0683174
0.714286	-0.469388	0.0723103
0.714286	-0.428571	0.0760297
0.714286	-0.387755	0.0794593
0.714286	-0.346939	0.0825836
0.714286	-0.306122	0.0853884
0.714286	-0.265306	0.0878603
0.714286	-0.22449	0.0899877
0.714286	-0.183673	0.0917598
0.714286	-0.142857	0.0931678
0.714286	-0.102041	0.0942042
0.714286	-0.0612245	0.0948633
0.714286	-0.0204082	0.095141
0.714286	0.0204082	0.0950351
0.714286	0.0612245	0.0945451
0.714286	0.102041	0.0936724
0.714286	0.142857	0.0924201
0.714286	0.183673	0.0907933
0.714286	0.22449	0.0887986
0.714286	0.265306	0.0864444
0.714286	0.306122	0.0837408
0.714286	0.346939	0.0806994
0.714286	0.387755	0.0773331
0.714286	0.428571	0.0736565
0.714286	0.469388	0.0696851
0.714286	0.510204	0.0654359
0.714286	0.55102	0.0609266
0.714286	0.591837	0.056176
0.714286	0.632653	0.0512037
0.714286	0.673469	0.0460302
0.714286	0.714286	0.0406762
0.714286	0.755102	0.0351634
0.714286	0.795918	0.0295136
0.714286	0.836735	0.0237492
0.714286	0.877551	0.0178927
0.714286	0.918367	0.011967
0.714286	0.959184	0.00599509
0.714286	1	0
0.755102	-1	0.00503412
0.755102	-0.959184	0.0100506
0.755102	-0.918367	0.0150317
0.755102	-0.877551	0.0199598
0.755102	-0.836735	0.0248174
0.755102	-0.795918	0.0295868
0.755102	-0.755102	0.0342506
0.755102	-0.714286	0.0387915
0.755102	-0.673469	0.0431922
0.755102	-0.632653	0.0474358
0.755102	-0.591837	0.0515055
0.755102	-0.55102	0.055385
0.755102	-0.510204	0.0590584
0.755102	-0.469388	0.0625101
0.755102	-0.428571	0.0657254
0.755102	-0.387755	0.0686902
0.755102	-0.346939	0.0713911
0.755102	-0.306122	0.0738157
0.755102	-0.265306	0.0759527
0.755102	-0.22449	0.0777917
0.755102	-0.183673	0.0793237
0.755102	-0.142857	0.0805408
0.755102	-0.102041	0.0814368
0.755102	-0.0612245	0.0820065
0.755102	-0.0204082	0.0822466
0.755102	0.0204082	0.082155
0.755102	0.0612245	0.0817314
0.755102	0.102041	0.080977
0.755102	0.142857	0.0798945
0.755102	0.183673	0.0784881
0.755102	0.22449	0.0767638
0.755102	0.265306	0.0747287
0.755102	0.306122	0.0723915
0.755102	0.346939	0.0697622
0.755102	0.387755	0.0668522
0.755102	0.428571	0.0636739
0.755102	0.469388	0.0602408
0.755102	0.510204	0.0565674
0.755102	0.55102	0.0526692
0.755102	0.591837	0.0485625
0.755102	0.632653	0.0442641
0.755102	0.673469	0.0397917
0.755102	0.714286	0.0351634
0.755102	0.755102	0.0303977
0.755102	0.795918	0.0255136
0.755102	0.836735	0.0205305
0.755102	0.877551	0.0154677
0.755102	0.918367	0.0103451
0.755102	0.959184	0.00518258
0.755102	1	0
0.795918	-1	0.00422528
0.795918	-0.959184	0.00843572
0.795918	-0.918367	0.0126165
0.795918	-0.877551	0.0167528
0.795918	-0.836735	0.0208299
0.795918	-0.795918	0.024833
0.795918	-0.755102	0.0287475
0.795918	-0.714286	0.0325588
0.795918	-0.673469	0.0362524
0.795918	-0.632653	0.0398142
0.795918	-0.591837	0.04323
0.795918	-0.55102	0.0464862
0.795918	-0.510204	0.0495693
0.795918	-0.469388	0.0524665
0.795918	-0.428571	0.0551652
0.795918	-0.387755	0.0576536
0.795918	-0.346939	0.0599205
0.795918	-0.306122	0.0619556
0.795918	-0.265306	0.0637492
0.795918	-0.22449	0.0652927
0.795918	-0.183673	0.0665786
0.795918	-0.142857	0.0676002
0.795918	-0.102041	0.0683522
0.795918	-0.0612245	0.0688304
0.795918	-0.0204082	0.0690319
0.795918	0.0204082	0.068955
0.795918	0.0612245	0.0685995
0.795918	0.102041	0.0679663
0.795918	0.142857	0.0670577
0.795918	0.183673	0.0658773
0.795918	0.22449	0.06443
0.795918	0.265306	0.0627219
0.795918	0.306122	0.0607602
0.795918	0.346939	0.0585534
0.795918	0.387755	0.0561109
0.795918	0.428571	0.0534433
0.795918	0.469388	0.0505618
0.795918	0.510204	0.0474786
0.795918	0.55102	0.0442068
0.795918	0.591837	0.0407598
0.795918	0.632653	0.0371521
0.795918	0.673469	0.0333983
0.795918	0.714286	0.0295136
0.795918	0.755102	0.0255136
0.795918	0.795918	0.0214143
0.795918	0.836735	0.0172318
0.795918	0.877551	0.0129825
0.795918	0.918367	0.00868297
0.795918	0.959184	0.00434988
0.795918	1	0
0.836735	-1	0.00340002
0.836735	-0.959184	0.00678811
0.836735	-0.918367	0.0101523
0.836735	-0.877551	0.0134808
0.836735	-0.836735	0.0167616
0.836735	-0.795918	0.0199828
0.836735	-0.755102	0.0231327
0.836735	-0.714286	0.0261996
0.836735	-0.673469	0.0291718
0.836735	-0.632653	0.0320379
0.836735	-0.591837	0.0347866
0.836735	-0.55102	0.0374068
0.836735	-0.510204	0.0398878
0.836735	-0.469388	0.0422191
0.836735	-0.428571	0.0443907
0.836735	-0.387755	0.0463931
0.836735	-0.346939	0.0482172
0.836735	-0.306122	0.0498548
0.836735	-0.265306	0.0512981
0.836735	-0.22449	0.0525402
0.836735	-0.183673	0.0535749
0.836735	-0.142857	0.0543969
0.836735	-0.102041	0.055002
0.836735	-0.0612245	0.0553868
0.836735	-0.0204082	0.055549
0.836735	0.0204082	0.0554872
0.836735	0.0612245	0.0552011
0.836735	0.102041	0.0546915
0.836735	0.142857	0.0539604
0.836735	0.183673	0.0530105
0.836735	0.22449	0.0518459
0.836735	0.265306	0.0504714
0.836735	0.306122	0.0488929
0.836735	0.346939	0.0471171
0.836735	0.387755	0.0451517
0.836735	0.428571	0.0430051
0.836735	0.469388	0.0406863
0.836735	0.510204	0.0382054
0.836735	0.55102	0.0355726
0.836735	0.591837	0.0327989
0.836735	0.632653	0.0298958
0.836735	0.673469	0.0268751
0.836735	0.714286	0.0237492
0.836735	0.755102	0.0205305
0.836735	0.795918	0.0172318
0.836735	0.836735	0.0138662
0.836735	0.877551	0.0104468
0.836735	0.918367	0.00698707
0.836735	0.959184	0.00350029
0.836735	1	0
0.877551	-1	0.00256159
0.877551	-0.959184	0.00511418
0.877551	-0.918367	0.0076488
0.877551	-0.877551	0.0101565
0.877551	-0.836735	0.0126282
0.877551	-0.795918	0.0150551
0.877551	-0.755102	0.0174283
0.877551	-0.714286	0.0197389
0.877551	-0.673469	0.0219782
0.877551	-0.632653	0.0241375
0.877551	-0.591837	0.0262084
0.877551	-0.55102	0.0281824
0.877551	-0.510204	0.0300516
0.877551	-0.469388	0.031808
0.877551	-0.428571	0.0334441
0.877551	-0.387755	0.0349527
0.877551	-0.346939	0.036327
0.877551	-0.306122	0.0375608
0.877551	-0.265306	0.0386482
0.877551	-0.22449	0.0395839
0.877551	-0.183673	0.0403635
0.877551	-0.142857	0.0409828
0.877551	-0.102041	0.0414387
0.877551	-0.0612245	0.0417286
0.877551	-0.0204082	0.0418508
0.877551	0.0204082	0.0418042
0.877551	0.0612245	0.0415887
0.877551	0.102041	0.0412048
0.877551	0.142857	0.0406539
0.877551	0.183673	0.0399383
0.877551	0.22449	0.0390609
0.877551	0.265306	0.0380253
0.877551	0.306122	0.0368361
0.877551	0.346939	0.0354982
0.877551	0.387755	0.0340174
0.877551	0.428571	0.0324002
0.877551	0.469388	0.0306532
0.877551	0.510204	0.0287841
0.877551	0.55102	0.0268005
0.877551	0.591837	0.0247108
0.877551	0.632653	0.0225236
0.877551	0.673469	0.0202478
0.877551	0.714286	0.0178927
0.877551	0.755102	0.0154677
0.877551	0.795918	0.0129825
0.877551	0.836735	0.0104468
0.877551	0.877551	0.00787069
0.877551	0.918367	0.00526408
0.877551	0.959184	0.00263713
0.877551	1	0
0.918367	-1	0.00171324
0.918367	-0.959184	0.00342047
0.918367	-0.918367	0.00511568
0.918367	-0.877551	0.00679285
0.918367	-0.836735	0.00844601
0.918367	-0.795918	0.0100692
0.918367	-0.755102	0.0116564
0.918367	-0.714286	0.0132018
0.918367	-0.673469	0.0146995
0.918367	-0.632653	0.0161437
0.918367	-0.591837	0.0175287
0.918367	-0.55102	0.018849
0.918367	-0.510204	0.0200991
0.918367	-0.469388	0.0212738
0.918367	-0.428571	0.0223681
0.918367	-0.387755	0.0233771
0.918367	-0.346939	0.0242963
0.918367	-0.306122	0.0251214
0.918367	-0.265306	0.0258487
0.918367	-0.22449	0.0264746
0.918367	-0.183673	0.0269959
0.918367	-0.142857	0.0274102
0.918367	-0.102041	0.0277151
0.918367	-0.0612245	0.027909
0.918367	-0.0204082	0.0279907
0.918367	0.0204082	0.0279595
0.918367	0.0612245	0.0278154
0.918367	0.102041	0.0275586
0.918367	0.142857	0.0271902
0.918367	0.183673	0.0267116
0.918367	0.22449	0.0261247
0.918367	0.265306	0.0254321
0.918367	0.306122	0.0246367
0.918367	0.346939	0.0237419
0.918367	0.387755	0.0227516
0.918367	0.428571	0.0216699
0.918367	0.469388	0.0205015
0.918367	0.510204	0.0192514
0.918367	0.55102	0.0179247
0.918367	0.591837	0.0165271
0.918367	0.632653	0.0150642
0.918367	0.673469	0.0135422
0.918367	0.714286	0.011967
0.918367	0.755102	0.0103451
0.918367	0.795918	0.00868297
0.918367	0.836735	0.00698707
0.918367	0.877551	0.00526408
0.918367	0.918367	0.00352073
0.918367	0.959184	0.00176377
0.918367	1	0
0.959184	-1	0.000858279
0.959184	-0.959184	0.00171354
0.959184	-0.918367	0.00256279
0.959184	-0.877551	0.003403
0.959184	-0.836735	0.00423117
0.959184	-0.795918	0.00504433
0.959184	-0.755102	0.00583947
0.959184	-0.714286	0.00661366
0.959184	-0.673469	0.00736395
0.959184	-0.632653	0.00808744
0.959184	-0.591837	0.0087813
0.959184	-0.55102	0.00944273
0.959184	-0.510204	0.010069
0.959184	-0.469388	0.0106575
0.959184	-0.428571	0.0112057
0.959184	-0.387755	0.0117112
0.959184	-0.346939	0.0121716
0.959184	-0.306122	0.012585
0.959184	-0.265306	0.0129494
0.959184	-0.22449	0.0132629
0.959184	-0.183673	0.0135241
0.959184	-0.142857	0.0137316
0.959184	-0.102041	0.0138844
0.959184	-0.0612245	0.0139815
0.959184	-0.0204082	0.0140224
0.959184	0.0204082	0.0140068
0.959184	0.0612245	0.0139346
0.959184	0.102041	0.013806
0.959184	0.142857	0.0136214
0.959184	0.183673	0.0133816
0.959184	0.22449	0.0130876
0.959184	0.265306	0.0127407
0.959184	0.306122	0.0123422
0.959184	0.346939	0.0118939
0.959184	0.387755	0.0113978
0.959184	0.428571	0.0108559
0.959184	0.469388	0.0102706
0.959184	0.510204	0.00964431
0.959184	0.55102	0.0089797
0.959184	0.591837	0.00827953
0.959184	0.632653	0.00754669
0.959184	0.673469	0.00678418
0.959184	0.714286	0.00599509
0.959184	0.755102	0.00518258
0.959184	0.795918	0.00434988
0.959184	0.836735	0.00350029
0.959184	0.877551	0.00263713
0.959184	0.918367	0.00176377
0.959184	0.959184	0.00088359
0.959184	1	0
1	-1	0
1	-0.959184	0
1	-0.918367	0
1	-0.877551	0
1	-0.836735	0
1	-0.795918	0
1	-0.755102	0
1	-0.714286	0
1	-0.673469	0
1	-0.632653	0
1	-0.591837	0
1	-0.55102	0
1	-0.510204	0
1	-0.469388	0
1	-0.428571	0
1	-0.387755	0
1	-0.346939	0
1	-0.306122	0
1	-0.265306	0
1	-0.22449	0
1	-0.183673	0
1	-0.142857	0
1	-0.102041	0
1	-0.0612245	0
1	-0.0204082	0
1	0.0204082	0
1	0.0612245	0
1	0.102041	0
1	0.142857	0
1	0.183673	0
1	0.22449	0
1	0.265306	0
1	0.306122	0
1	0.346939	0
1	0.387755	0
1	0.428571	0
1	0.469388	0
1	0.510204	0
1	0.55102	0
1	0.591837	0
1	0.632653	0
1	0.673469	0
1	0.714286	0
1	0.755102	0
1	0.795918	0
1	0.836735	0
1	0.877551	0
1	0.918367	0
1	0.959184	0
1	1	0
