-1	-1	0.00121055
-1	-0.959184	0.00242228
-1	-0.918367	0.00363613
-1	-0.877551	0.00485267
-1	-0.836735	0.00607185
-1	-0.795918	0.00729287
-1	-0.755102	0.00851406
-1	-0.714286	0.00973276
-1	-0.673469	0.0109453
-1	-0.632653	0.0121469
-1	-0.591837	0.0133319
-1	-0.55102	0.0144936
-1	-0.510204	0.0156244
-1	-0.469388	0.0167162
-1	-0.428571	0.0177601
-1	-0.387755	0.0187472
-1	-0.346939	0.0196683
-1	-0.306122	0.0205142
-1	-0.265306	0.0212762
-1	-0.22449	0.021946
-1	-0.183673	0.0225161
-1	-0.142857	0.0229798
-1	-0.102041	0.0233318
-1	-0.0612245	0.0235676
-1	-0.0204082	0.0236842
-1	0.0204082	0.0236801
-1	0.0612245	0.023555
-1	0.102041	0.0233102
-1	0.142857	0.0229482
-1	0.183673	0.022473
-1	0.22449	0.0218896
-1	0.265306	0.0212042
-1	0.306122	0.0204238
-1	0.346939	0.0195561
-1	0.387755	0.0186096
-1	0.428571	0.0175926
-1	0.469388	0.016514
-1	0.510204	0.0153822
-1	0.55102	0.0142056
-1	0.591837	0.012992
-1	0.632653	0.0117484
-1	0.673469	0.0104815
-1	0.714286	0.0091967
-1	0.755102	0.00789885
-1	0.795918	0.00659179
-1	0.836735	0.00527855
-1	0.877551	0.0039614
-1	0.918367	0.00264194
-1	0.959184	0.00132123
-1	1	0
-0.959184	-1	0.00242228
-0.959184	-0.959184	0.0048469
-0.959184	-0.918367	0.00727578
-0.959184	-0.877551	0.00971003
-0.959184	-0.836735	0.0121496
-0.959184	-0.795918	0.0145928
-0.959184	-0.755102	0.0170363
-0.959184	-0.714286	0.0194749
-0.959184	-0.673469	0.0219011
-0.959184	-0.632653	0.0243055
-0.959184	-0.591837	0.0266767
-0.959184	-0.55102	0.0290011
-0.959184	-0.510204	0.0312638
-0.959184	-0.469388	0.0334484
-0.959184	-0.428571	0.0355374
-0.959184	-0.387755	0.0375125
-0.959184	-0.346939	0.0393555
-0.959184	-0.306122	0.0410481
-0.959184	-0.265306	0.0425728
-0.959184	-0.22449	0.0439131
-0.959184	-0.183673	0.0450538
-0.959184	-0.142857	0.0459818
-0.959184	-0.102041	0.046686
-0.959184	-0.0612245	0.0471579
-0.959184	-0.0204082	0.0473913
-0.959184	0.0204082	0.047383
-0.959184	0.0612245	0.0471328
-0.959184	0.102041	0.0466429
-0.959184	0.142857	0.0459186
-0.959184	0.183673	0.0449676
-0.959184	0.22449	0.0438003
-0.959184	0.265306	0.0424287
-0.959184	0.306122	0.0408672
-0.959184	0.346939	0.0391311
-0.959184	0.387755	0.037237
-0.959184	0.428571	0.0352022
-0.959184	0.469388	0.0330439
-0.959184	0.510204	0.0307793
-0.959184	0.55102	0.0284249
-0.959184	0.591837	0.0259965
-0.959184	0.632653	0.0235082
-0.959184	0.673469	0.0209731
-0.959184	0.714286	0.0184023
-0.959184	0.755102	0.0158053
-0.959184	0.795918	0.0131899
-0.959184	0.836735	0.0105622
-0.959184	0.877551	0.00792663
-0.959184	0.918367	0.00528642
-0.959184	0.959184	0.00264374
-0.959184	1	0
-0.918367	-1	0.00363613
-0.918367	-0.959184	0.00727578
-0.918367	-0.918367	0.0109218
-0.918367	-0.877551	0.0145759
-0.918367	-0.836735	0.018238
-0.918367	-0.795918	0.0219055
-0.918367	-0.755102	0.0255736
-0.918367	-0.714286	0.0292342
-0.918367	-0.673469	0.0328762
-0.918367	-0.632653	0.0364855
-0.918367	-0.591837	0.0400448
-0.918367	-0.55102	0.0435341
-0.918367	-0.510204	0.0469307
-0.918367	-0.469388	0.05021
-0.918367	-0.428571	0.0533458
-0.918367	-0.387755	0.0563107
-0.918367	-0.346939	0.0590772
-0.918367	-0.306122	0.0616181
-0.918367	-0.265306	0.0639068
-0.918367	-0.22449	0.0659186
-0.918367	-0.183673	0.067631
-0.918367	-0.142857	0.069024
-0.918367	-0.102041	0.0700812
-0.918367	-0.0612245	0.0707894
-0.918367	-0.0204082	0.0711398
-0.918367	0.0204082	0.0711274
-0.918367	0.0612245	0.0707517
-0.918367	0.102041	0.0700164
-0.918367	0.142857	0.0689291
-0.918367	0.183673	0.0675016
-0.918367	0.22449	0.0657493
-0.918367	0.265306	0.0636905
-0.918367	0.306122	0.0613464
-0.918367	0.346939	0.0587403
-0.918367	0.387755	0.0558972
-0.918367	0.428571	0.0528426
-0.918367	0.469388	0.0496027
-0.918367	0.510204	0.0462033
-0.918367	0.55102	0.0426692
-0.918367	0.591837	0.0390238
-0.918367	0.632653	0.0352886
-0.918367	0.673469	0.0314831
-0.918367	0.714286	0.027624
-0.918367	0.755102	0.0237257
-0.918367	0.795918	0.0197997
-0.918367	0.836735	0.0158551
-0.918367	0.877551	0.0118988
-0.918367	0.918367	0.00793556
-0.918367	0.959184	0.00396857
-0.918367	1	0
-0.877551	-1	0.00485267
-0.877551	-0.959184	0.00971003
-0.877551	-0.918367	0.0145759
-0.877551	-0.877551	0.0194526
-0.877551	-0.836735	0.0243398
-0.877551	-0.795918	0.0292344
-0.877551	-0.755102	0.0341297
-0.877551	-0.714286	0.039015
-0.877551	-0.673469	0.0438755
-0.877551	-0.632653	0.0486924
-0.877551	-0.591837	0.0534425
-0.877551	-0.55102	0.0580991
-0.877551	-0.510204	0.0626321
-0.877551	-0.469388	0.0670085
-0.877551	-0.428571	0.0711933
-0.877551	-0.387755	0.0751502
-0.877551	-0.346939	0.0788423
-0.877551	-0.306122	0.0822332
-0.877551	-0.265306	0.0852876
-0.877551	-0.22449	0.0879725
-0.877551	-0.183673	0.0902578
-0.877551	-0.142857	0.0921169
-0.877551	-0.102041	0.0935277
-0.877551	-0.0612245	0.0944729
-0.877551	-0.0204082	0.0949405
-0.877551	0.0204082	0.094924
-0.877551	0.0612245	0.0944226
-0.877551	0.102041	0.0934412
-0.877551	0.142857	0.0919902
-0.877551	0.183673	0.0900852
-0.877551	0.22449	0.0877465
-0.877551	0.265306	0.084999
-0.877551	0.306122	0.0818707
-0.877551	0.346939	0.0783927
-0.877551	0.387755	0.0745983
-0.877551	0.428571	0.0705218
-0.877551	0.469388	0.066198
-0.877551	0.510204	0.0616613
-0.877551	0.55102	0.0569448
-0.877551	0.591837	0.0520797
-0.877551	0.632653	0.047095
-0.877551	0.673469	0.0420162
-0.877551	0.714286	0.0368661
-0.877551	0.755102	0.0316635
-0.877551	0.795918	0.026424
-0.877551	0.836735	0.0211597
-0.877551	0.877551	0.0158798
-0.877551	0.918367	0.0105905
-0.877551	0.959184	0.00529632
-0.877551	1	0
-0.836735	-1	0.00607185
-0.836735	-0.959184	0.0121496
-0.836735	-0.918367	0.018238
-0.836735	-0.877551	0.0243398
-0.836735	-0.836735	0.0304549
-0.836735	-0.795918	0.0365792
-0.836735	-0.755102	0.0427043
-0.836735	-0.714286	0.048817
-0.836735	-0.673469	0.0548986
-0.836735	-0.632653	0.0609256
-0.836735	-0.591837	0.0668691
-0.836735	-0.55102	0.0726956
-0.836735	-0.510204	0.0783674
-0.836735	-0.469388	0.0838433
-0.836735	-0.428571	0.0890795
-0.836735	-0.387755	0.0940304
-0.836735	-0.346939	0.0986501
-0.836735	-0.306122	0.102893
-0.836735	-0.265306	0.106715
-0.836735	-0.22449	0.110074
-0.836735	-0.183673	0.112933
-0.836735	-0.142857	0.115259
-0.836735	-0.102041	0.117025
-0.836735	-0.0612245	0.118207
-0.836735	-0.0204082	0.118792
-0.836735	0.0204082	0.118772
-0.836735	0.0612245	0.118144
-0.836735	0.102041	0.116917
-0.836735	0.142857	0.115101
-0.836735	0.183673	0.112717
-0.836735	0.22449	0.109791
-0.836735	0.265306	0.106353
-0.836735	0.306122	0.102439
-0.836735	0.346939	0.0980875
-0.836735	0.387755	0.0933398
-0.836735	0.428571	0.0882392
-0.836735	0.469388	0.0828292
-0.836735	0.510204	0.0771527
-0.836735	0.55102	0.0712512
-0.836735	0.591837	0.065164
-0.836735	0.632653	0.0589269
-0.836735	0.673469	0.0525722
-0.836735	0.714286	0.0461281
-0.836735	0.755102	0.0396185
-0.836735	0.795918	0.0330626
-0.836735	0.836735	0.0264758
-0.836735	0.877551	0.0198694
-0.836735	0.918367	0.0132513
-0.836735	0.959184	0.00662695
-0.836735	1	0
-0.795918	-1	0.00729287
-0.795918	-0.959184	0.0145928
-0.795918	-0.918367	0.0219055
-0.795918	-0.877551	0.0292344
-0.795918	-0.836735	0.0365792
-0.795918	-0.795918	0.0439351
-0.795918	-0.755102	0.0512919
-0.795918	-0.714286	0.0586337
-0.795918	-0.673469	0.0659383
-0.795918	-0.632653	0.0731773
-0.795918	-0.591837	0.0803159
-0.795918	-0.55102	0.0873141
-0.795918	-0.510204	0.0941264
-0.795918	-0.469388	0.100703
-0.795918	-0.428571	0.106992
-0.795918	-0.387755	0.112939
-0.795918	-0.346939	0.118487
-0.795918	-0.306122	0.123583
-0.795918	-0.265306	0.128174
-0.795918	-0.22449	0.132209
-0.795918	-0.183673	0.135643
-0.795918	-0.142857	0.138437
-0.795918	-0.102041	0.140557
-0.795918	-0.0612245	0.141977
-0.795918	-0.0204082	0.14268
-0.795918	0.0204082	0.142655
-0.795918	0.0612245	0.141902
-0.795918	0.102041	0.140427
-0.795918	0.142857	0.138246
-0.795918	0.183673	0.135383
-0.795918	0.22449	0.131869
-0.795918	0.265306	0.12774
-0.795918	0.306122	0.123038
-0.795918	0.346939	0.117812
-0.795918	0.387755	0.112109
-0.795918	0.428571	0.105983
-0.795918	0.469388	0.0994853
-0.795918	0.510204	0.0926673
-0.795918	0.55102	0.0855792
-0.795918	0.591837	0.0782678
-0.795918	0.632653	0.0707765
-0.795918	0.673469	0.063144
-0.795918	0.714286	0.0554041
-0.795918	0.755102	0.0475855
-0.795918	0.795918	0.0397113
-0.795918	0.836735	0.0317999
-0.795918	0.877551	0.0238649
-0.795918	0.918367	0.015916
-0.795918	0.959184	0.00795959
-0.795918	1	0
-0.755102	-1	0.00851406
-0.755102	-0.959184	0.0170363
-0.755102	-0.918367	0.0255736
-0.755102	-0.877551	0.0341297
-0.755102	-0.836735	0.0427043
-0.755102	-0.795918	0.0512919
-0.755102	-0.755102	0.0598806
-0.755102	-0.714286	0.0684518
-0.755102	-0.673469	0.0769795
-0.755102	-0.632653	0.0854305
-0.755102	-0.591837	0.0937645
-0.755102	-0.55102	0.101934
-0.755102	-0.510204	0.109887
-0.755102	-0.469388	0.117565
-0.755102	-0.428571	0.124908
-0.755102	-0.387755	0.13185
-0.755102	-0.346939	0.138327
-0.755102	-0.306122	0.144276
-0.755102	-0.265306	0.149635
-0.755102	-0.22449	0.154346
-0.755102	-0.183673	0.158355
-0.755102	-0.142857	0.161617
-0.755102	-0.102041	0.164092
-0.755102	-0.0612245	0.16575
-0.755102	-0.0204082	0.16657
-0.755102	0.0204082	0.166541
-0.755102	0.0612245	0.165662
-0.755102	0.102041	0.16394
-0.755102	0.142857	0.161394
-0.755102	0.183673	0.158052
-0.755102	0.22449	0.153949
-0.755102	0.265306	0.149129
-0.755102	0.306122	0.14364
-0.755102	0.346939	0.137538
-0.755102	0.387755	0.130881
-0.755102	0.428571	0.123729
-0.755102	0.469388	0.116143
-0.755102	0.510204	0.108184
-0.755102	0.55102	0.0999089
-0.755102	0.591837	0.0913734
-0.755102	0.632653	0.0826277
-0.755102	0.673469	0.0737172
-0.755102	0.714286	0.0646813
-0.755102	0.755102	0.0555535
-0.755102	0.795918	0.0463608
-0.755102	0.836735	0.0371247
-0.755102	0.877551	0.0278611
-0.755102	0.918367	0.0185811
-0.755102	0.959184	0.00929241
-0.755102	1	0
-0.714286	-1	0.00973276
-0.714286	-0.959184	0.0194749
-0.714286	-0.918367	0.0292342
-0.714286	-0.877551	0.039015
-0.714286	-0.836735	0.048817
-0.714286	-0.795918	0.0586337
-0.714286	-0.755102	0.0684518
-0.714286	-0.714286	0.0782498
-0.714286	-0.673469	0.0879981
-0.714286	-0.632653	0.0976587
-0.714286	-0.591837	0.107185
-0.714286	-0.55102	0.116525
-0.714286	-0.510204	0.125616
-0.714286	-0.469388	0.134393
-0.714286	-0.428571	0.142786
-0.714286	-0.387755	0.150722
-0.714286	-0.346939	0.158126
-0.714286	-0.306122	0.164927
-0.714286	-0.265306	0.171053
-0.714286	-0.22449	0.176437
-0.714286	-0.183673	0.18102
-0.714286	-0.142857	0.184749
-0.714286	-0.102041	0.187578
-0.714286	-0.0612245	0.189474
-0.714286	-0.0204082	0.190411
-0.714286	0.0204082	0.190378
-0.714286	0.0612245	0.189373
-0.714286	0.102041	0.187405
-0.714286	0.142857	0.184495
-0.714286	0.183673	0.180674
-0.714286	0.22449	0.175984
-0.714286	0.265306	0.170473
-0.714286	0.306122	0.164199
-0.714286	0.346939	0.157224
-0.714286	0.387755	0.149614
-0.714286	0.428571	0.141439
-0.714286	0.469388	0.132767
-0.714286	0.510204	0.123669
-0.714286	0.55102	0.114209
-0.714286	0.591837	0.104452
-0.714286	0.632653	0.0944546
-0.714286	0.673469	0.0842687
-0.714286	0.714286	0.0739395
-0.714286	0.755102	0.0635052
-0.714286	0.795918	0.0529968
-0.714286	0.836735	0.0424386
-0.714286	0.877551	0.031849
-0.714286	0.918367	0.0212407
-0.714286	0.959184	0.0106225
-0.714286	1	0
-0.673469	-1	0.0109453
-0.673469	-0.959184	0.0219011
-0.673469	-0.918367	0.0328762
-0.673469	-0.877551	0.0438755
-0.673469	-0.836735	0.0548986
-0.673469	-0.795918	0.0659383
-0.673469	-0.755102	0.0769795
-0.673469	-0.714286	0.0879981
-0.673469	-0.673469	0.0989607
-0.673469	-0.632653	0.109825
-0.673469	-0.591837	0.120538
-0.673469	-0.55102	0.131041
-0.673469	-0.510204	0.141265
-0.673469	-0.469388	0.151135
-0.673469	-0.428571	0.160573
-0.673469	-0.387755	0.169498
-0.673469	-0.346939	0.177825
-0.673469	-0.306122	0.185472
-0.673469	-0.265306	0.192361
-0.673469	-0.22449	0.198416
-0.673469	-0.183673	0.20357
-0.673469	-0.142857	0.207763
-0.673469	-0.102041	0.210945
-0.673469	-0.0612245	0.213077
-0.673469	-0.0204082	0.214131
-0.673469	0.0204082	0.214094
-0.673469	0.0612245	0.212963
-0.673469	0.102041	0.21075
-0.673469	0.142857	0.207477
-0.673469	0.183673	0.203181
-0.673469	0.22449	0.197906
-0.673469	0.265306	0.19171
-0.673469	0.306122	0.184654
-0.673469	0.346939	0.17681
-0.673469	0.387755	0.168253
-0.673469	0.428571	0.159059
-0.673469	0.469388	0.149307
-0.673469	0.510204	0.139075
-0.673469	0.55102	0.128437
-0.673469	0.591837	0.117464
-0.673469	0.632653	0.106221
-0.673469	0.673469	0.0947667
-0.673469	0.714286	0.0831508
-0.673469	0.755102	0.0714165
-0.673469	0.795918	0.059599
-0.673469	0.836735	0.0477256
-0.673469	0.877551	0.0358167
-0.673469	0.918367	0.0238869
-0.673469	0.959184	0.0119458
-0.673469	1	0
-0.632653	-1	0.0121469
-0.632653	-0.959184	0.0243055
-0.632653	-0.918367	0.0364855
-0.632653	-0.877551	0.0486924
-0.632653	-0.836735	0.0609256
-0.632653	-0.795918	0.0731773
-0.632653	-0.755102	0.0854305
-0.632653	-0.714286	0.0976587
-0.632653	-0.673469	0.109825
-0.632653	-0.632653	0.121881
-0.632653	-0.591837	0.133771
-0.632653	-0.55102	0.145426
-0.632653	-0.510204	0.156772
-0.632653	-0.469388	0.167726
-0.632653	-0.428571	0.178201
-0.632653	-0.387755	0.188105
-0.632653	-0.346939	0.197346
-0.632653	-0.306122	0.205833
-0.632653	-0.265306	0.213477
-0.632653	-0.22449	0.220198
-0.632653	-0.183673	0.225917
-0.632653	-0.142857	0.23057
-0.632653	-0.102041	0.234101
-0.632653	-0.0612245	0.236467
-0.632653	-0.0204082	0.237637
-0.632653	0.0204082	0.237596
-0.632653	0.0612245	0.236341
-0.632653	0.102041	0.233885
-0.632653	0.142857	0.230253
-0.632653	0.183673	0.225485
-0.632653	0.22449	0.219632
-0.632653	0.265306	0.212755
-0.632653	0.306122	0.204925
-0.632653	0.346939	0.19622
-0.632653	0.387755	0.186723
-0.632653	0.428571	0.176519
-0.632653	0.469388	0.165697
-0.632653	0.510204	0.154342
-0.632653	0.55102	0.142537
-0.632653	0.591837	0.130359
-0.632653	0.632653	0.117882
-0.632653	0.673469	0.10517
-0.632653	0.714286	0.0922791
-0.632653	0.755102	0.0792567
-0.632653	0.795918	0.0661419
-0.632653	0.836735	0.052965
-0.632653	0.877551	0.0397488
-0.632653	0.918367	0.0265093
-0.632653	0.959184	0.0132573
-0.632653	1	0
-0.591837	-1	0.0133319
-0.591837	-0.959184	0.0266767
-0.591837	-0.918367	0.0400448
-0.591837	-0.877551	0.0534425
-0.591837	-0.836735	0.0668691
-0.591837	-0.795918	0.0803159
-0.591837	-0.755102	0.0937645
-0.591837	-0.714286	0.107185
-0.591837	-0.673469	0.120538
-0.591837	-0.632653	0.133771
-0.591837	-0.591837	0.14682
-0.591837	-0.55102	0.159613
-0.591837	-0.510204	0.172065
-0.591837	-0.469388	0.184088
-0.591837	-0.428571	0.195584
-0.591837	-0.387755	0.206453
-0.591837	-0.346939	0.216596
-0.591837	-0.306122	0.225911
-0.591837	-0.265306	0.234301
-0.591837	-0.22449	0.241677
-0.591837	-0.183673	0.247954
-0.591837	-0.142857	0.253061
-0.591837	-0.102041	0.256937
-0.591837	-0.0612245	0.259533
-0.591837	-0.0204082	0.260817
-0.591837	0.0204082	0.260772
-0.591837	0.0612245	0.259395
-0.591837	0.102041	0.256699
-0.591837	0.142857	0.252713
-0.591837	0.183673	0.24748
-0.591837	0.22449	0.241055
-0.591837	0.265306	0.233508
-0.591837	0.306122	0.224914
-0.591837	0.346939	0.21536
-0.591837	0.387755	0.204937
-0.591837	0.428571	0.193738
-0.591837	0.469388	0.18186
-0.591837	0.510204	0.169398
-0.591837	0.55102	0.156441
-0.591837	0.591837	0.143076
-0.591837	0.632653	0.129382
-0.591837	0.673469	0.11543
-0.591837	0.714286	0.101281
-0.591837	0.755102	0.0869883
-0.591837	0.795918	0.0725941
-0.591837	0.836735	0.0581318
-0.591837	0.877551	0.0436264
-0.591837	0.918367	0.0290953
-0.591837	0.959184	0.0145506
-0.591837	1	0
-0.55102	-1	0.0144936
-0.55102	-0.959184	0.0290011
-0.55102	-0.918367	0.0435341
-0.55102	-0.877551	0.0580991
-0.55102	-0.836735	0.0726956
-0.55102	-0.795918	0.0873141
-0.55102	-0.755102	0.101934
-0.55102	-0.714286	0.116525
-0.55102	-0.673469	0.131041
-0.55102	-0.632653	0.145426
-0.55102	-0.591837	0.159613
-0.55102	-0.55102	0.17352
-0.55102	-0.510204	0.187057
-0.55102	-0.469388	0.200127
-0.55102	-0.428571	0.212624
-0.55102	-0.387755	0.224441
-0.55102	-0.346939	0.235467
-0.55102	-0.306122	0.245593
-0.55102	-0.265306	0.254715
-0.55102	-0.22449	0.262733
-0.55102	-0.183673	0.269557
-0.55102	-0.142857	0.275109
-0.55102	-0.102041	0.279322
-0.55102	-0.0612245	0.282144
-0.55102	-0.0204082	0.283541
-0.55102	0.0204082	0.283491
-0.55102	0.0612245	0.281994
-0.55102	0.102041	0.279063
-0.55102	0.142857	0.27473
-0.55102	0.183673	0.269041
-0.55102	0.22449	0.262057
-0.55102	0.265306	0.253852
-0.55102	0.306122	0.24451
-0.55102	0.346939	0.234124
-0.55102	0.387755	0.222792
-0.55102	0.428571	0.210618
-0.55102	0.469388	0.197705
-0.55102	0.510204	0.184157
-0.55102	0.55102	0.170071
-0.55102	0.591837	0.155542
-0.55102	0.632653	0.140655
-0.55102	0.673469	0.125487
-0.55102	0.714286	0.110106
-0.55102	0.755102	0.0945676
-0.55102	0.795918	0.0789193
-0.55102	0.836735	0.0631969
-0.55102	0.877551	0.0474276
-0.55102	0.918367	0.0316304
-0.55102	0.959184	0.0158184
-0.55102	1	0
-0.510204	-1	0.0156244
-0.510204	-0.959184	0.0312638
-0.510204	-0.918367	0.0469307
-0.510204	-0.877551	0.0626321
-0.510204	-0.836735	0.0783674
-0.510204	-0.795918	0.0941264
-0.510204	-0.755102	0.109887
-0.510204	-0.714286	0.125616
-0.510204	-0.673469	0.141265
-0.510204	-0.632653	0.156772
-0.510204	-0.591837	0.172065
-0.510204	-0.55102	0.187057
-0.510204	-0.510204	0.20165
-0.510204	-0.469388	0.21574
-0.510204	-0.428571	0.229212
-0.510204	-0.387755	0.241951
-0.510204	-0.346939	0.253837
-0.510204	-0.306122	0.264753
-0.510204	-0.265306	0.274586
-0.510204	-0.22449	0.283229
-0.510204	-0.183673	0.290586
-0.510204	-0.142857	0.296571
-0.510204	-0.102041	0.301112
-0.510204	-0.0612245	0.304155
-0.510204	-0.0204082	0.30566
-0.510204	0.0204082	0.305607
-0.510204	0.0612245	0.303993
-0.510204	0.102041	0.300834
-0.510204	0.142857	0.296162
-0.510204	0.183673	0.29003
-0.510204	0.22449	0.282501
-0.510204	0.265306	0.273656
-0.510204	0.306122	0.263585
-0.510204	0.346939	0.252388
-0.510204	0.387755	0.240173
-0.510204	0.428571	0.227049
-0.510204	0.469388	0.213129
-0.510204	0.510204	0.198524
-0.510204	0.55102	0.183339
-0.510204	0.591837	0.167677
-0.510204	0.632653	0.151628
-0.510204	0.673469	0.135277
-0.510204	0.714286	0.118696
-0.510204	0.755102	0.101946
-0.510204	0.795918	0.0850765
-0.510204	0.836735	0.0681275
-0.510204	0.877551	0.0511279
-0.510204	0.918367	0.0340982
-0.510204	0.959184	0.0170525
-0.510204	1	0
-0.469388	-1	0.0167162
-0.469388	-0.959184	0.0334484
-0.469388	-0.918367	0.05021
-0.469388	-0.877551	0.0670085
-0.469388	-0.836735	0.0838433
-0.469388	-0.795918	0.100703
-0.469388	-0.755102	0.117565
-0.469388	-0.714286	0.134393
-0.469388	-0.673469	0.151135
-0.469388	-0.632653	0.167726
-0.469388	-0.591837	0.184088
-0.469388	-0.55102	0.200127
-0.469388	-0.510204	0.21574
-0.469388	-0.469388	0.230813
-0.469388	-0.428571	0.245227
-0.469388	-0.387755	0.258855
-0.469388	-0.346939	0.271572
-0.469388	-0.306122	0.28325
-0.469388	-0.265306	0.29377
-0.469388	-0.22449	0.303017
-0.469388	-0.183673	0.310888
-0.469388	-0.142857	0.317291
-0.469388	-0.102041	0.32215
-0.469388	-0.0612245	0.325405
-0.469388	-0.0204082	0.327015
-0.469388	0.0204082	0.326958
-0.469388	0.0612245	0.325232
-0.469388	0.102041	0.321852
-0.469388	0.142857	0.316854
-0.469388	0.183673	0.310293
-0.469388	0.22449	0.302238
-0.469388	0.265306	0.292775
-0.469388	0.306122	0.282001
-0.469388	0.346939	0.270022
-0.469388	0.387755	0.256953
-0.469388	0.428571	0.242913
-0.469388	0.469388	0.22802
-0.469388	0.510204	0.212395
-0.469388	0.55102	0.196149
-0.469388	0.591837	0.179392
-0.469388	0.632653	0.162222
-0.469388	0.673469	0.144729
-0.469388	0.714286	0.126989
-0.469388	0.755102	0.109069
-0.469388	0.795918	0.091021
-0.469388	0.836735	0.0728878
-0.469388	0.877551	0.0547003
-0.469388	0.918367	0.0364808
-0.469388	0.959184	0.0182441
-0.469388	1	0
-0.428571	-1	0.0177601
-0.428571	-0.959184	0.0355374
-0.428571	-0.918367	0.0533458
-0.428571	-0.877551	0.0711933
-0.428571	-0.836735	0.0890795
-0.428571	-0.795918	0.106992
-0.428571	-0.755102	0.124908
-0.428571	-0.714286	0.142786
-0.428571	-0.673469	0.160573
-0.428571	-0.632653	0.178201
-0.428571	-0.591837	0.195584
-0.428571	-0.55102	0.212624
-0.428571	-0.510204	0.229212
-0.428571	-0.469388	0.245227
-0.428571	-0.428571	0.26054
-0.428571	-0.387755	0.27502
-0.428571	-0.346939	0.28853
-0.428571	-0.306122	0.300938
-0.428571	-0.265306	0.312114
-0.428571	-0.22449	0.321939
-0.428571	-0.183673	0.330301
-0.428571	-0.142857	0.337104
-0.428571	-0.102041	0.342266
-0.428571	-0.0612245	0.345724
-0.428571	-0.0204082	0.347435
-0.428571	0.0204082	0.347375
-0.428571	0.0612245	0.34554
-0.428571	0.102041	0.341949
-0.428571	0.142857	0.336639
-0.428571	0.183673	0.329669
-0.428571	0.22449	0.321111
-0.428571	0.265306	0.311057
-0.428571	0.306122	0.29961
-0.428571	0.346939	0.286884
-0.428571	0.387755	0.272999
-0.428571	0.428571	0.258082
-0.428571	0.469388	0.242259
-0.428571	0.510204	0.225658
-0.428571	0.55102	0.208398
-0.428571	0.591837	0.190595
-0.428571	0.632653	0.172353
-0.428571	0.673469	0.153767
-0.428571	0.714286	0.13492
-0.428571	0.755102	0.11588
-0.428571	0.795918	0.0967053
-0.428571	0.836735	0.0774396
-0.428571	0.877551	0.0581164
-0.428571	0.918367	0.038759
-0.428571	0.959184	0.0193834
-0.428571	1	0
-0.387755	-1	0.0187472
-0.387755	-0.959184	0.0375125
-0.387755	-0.918367	0.0563107
-0.387755	-0.877551	0.0751502
-0.387755	-0.836735	0.0940304
-0.387755	-0.795918	0.112939
-0.387755	-0.755102	0.13185
-0.387755	-0.714286	0.150722
-0.387755	-0.673469	0.169498
-0.387755	-0.632653	0.188105
-0.387755	-0.591837	0.206453
-0.387755	-0.55102	0.224441
-0.387755	-0.510204	0.241951
-0.387755	-0.469388	0.258855
-0.387755	-0.428571	0.27502
-0.387755	-0.387755	0.290304
-0.387755	-0.346939	0.304564
-0.387755	-0.306122	0.317662
-0.387755	-0.265306	0.329459
-0.387755	-0.22449	0.33983
-0.387755	-0.183673	0.348656
-0.387755	-0.142857	0.355837
-0.387755	-0.102041	0.361286
-0.387755	-0.0612245	0.364937
-0.387755	-0.0204082	0.366743
-0.387755	0.0204082	0.366679
-0.387755	0.0612245	0.364742
-0.387755	0.102041	0.360952
-0.387755	0.142857	0.355347
-0.387755	0.183673	0.347989
-0.387755	0.22449	0.338956
-0.387755	0.265306	0.328343
-0.387755	0.306122	0.31626
-0.387755	0.346939	0.302826
-0.387755	0.387755	0.28817
-0.387755	0.428571	0.272424
-0.387755	0.469388	0.255723
-0.387755	0.510204	0.238199
-0.387755	0.55102	0.21998
-0.387755	0.591837	0.201187
-0.387755	0.632653	0.181932
-0.387755	0.673469	0.162313
-0.387755	0.714286	0.142418
-0.387755	0.755102	0.12232
-0.387755	0.795918	0.10208
-0.387755	0.836735	0.0817435
-0.387755	0.877551	0.0613464
-0.387755	0.918367	0.0409132
-0.387755	0.959184	0.0204607
-0.387755	1	0
-0.346939	-1	0.0196683
-0.346939	-0.959184	0.0393555
-0.346939	-0.918367	0.0590772
-0.346939	-0.877551	0.0788423
-0.346939	-0.836735	0.0986501
-0.346939	-0.795918	0.118487
-0.346939	-0.755102	0.138327
-0.346939	-0.714286	0.158126
-0.346939	-0.673469	0.177825
-0.346939	-0.632653	0.197346
-0.346939	-0.591837	0.216596
-0.346939	-0.55102	0.235467
-0.346939	-0.510204	0.253837
-0.346939	-0.469388	0.271572
-0.346939	-0.428571	0.28853
-0.346939	-0.387755	0.304564
-0.346939	-0.346939	0.319526
-0.346939	-0.306122	0.333266
-0.346939	-0.265306	0.345643
-0.346939	-0.22449	0.356523
-0.346939	-0.183673	0.365783
-0.346939	-0.142857	0.373316
-0.346939	-0.102041	0.379033
-0.346939	-0.0612245	0.382863
-0.346939	-0.0204082	0.384758
-0.346939	0.0204082	0.384691
-0.346939	0.0612245	0.382659
-0.346939	0.102041	0.378682
-0.346939	0.142857	0.372802
-0.346939	0.183673	0.365083
-0.346939	0.22449	0.355606
-0.346939	0.265306	0.344473
-0.346939	0.306122	0.331796
-0.346939	0.346939	0.317702
-0.346939	0.387755	0.302326
-0.346939	0.428571	0.285807
-0.346939	0.469388	0.268285
-0.346939	0.510204	0.2499
-0.346939	0.55102	0.230786
-0.346939	0.591837	0.211071
-0.346939	0.632653	0.190869
-0.346939	0.673469	0.170287
-0.346939	0.714286	0.149415
-0.346939	0.755102	0.12833
-0.346939	0.795918	0.107095
-0.346939	0.836735	0.0857594
-0.346939	0.877551	0.0643602
-0.346939	0.918367	0.0429232
-0.346939	0.959184	0.0214659
-0.346939	1	0
-0.306122	-1	0.0205142
-0.306122	-0.959184	0.0410481
-0.306122	-0.918367	0.0616181
-0.306122	-0.877551	0.0822332
-0.306122	-0.836735	0.102893
-0.306122	-0.795918	0.123583
-0.306122	-0.755102	0.144276
-0.306122	-0.714286	0.164927
-0.306122	-0.673469	0.185472
-0.306122	-0.632653	0.205833
-0.306122	-0.591837	0.225911
-0.306122	-0.55102	0.245593
-0.306122	-0.510204	0.264753
-0.306122	-0.469388	0.28325
-0.306122	-0.428571	0.300938
-0.306122	-0.387755	0.317662
-0.306122	-0.346939	0.333266
-0.306122	-0.306122	0.347598
-0.306122	-0.265306	0.360507
-0.306122	-0.22449	0.371854
-0.306122	-0.183673	0.381512
-0.306122	-0.142857	0.38937
-0.306122	-0.102041	0.395332
-0.306122	-0.0612245	0.399327
-0.306122	-0.0204082	0.401303
-0.306122	0.0204082	0.401233
-0.306122	0.0612245	0.399114
-0.306122	0.102041	0.394966
-0.306122	0.142857	0.388834
-0.306122	0.183673	0.380782
-0.306122	0.22449	0.370898
-0.306122	0.265306	0.359286
-0.306122	0.306122	0.346064
-0.306122	0.346939	0.331364
-0.306122	0.387755	0.315327
-0.306122	0.428571	0.298097
-0.306122	0.469388	0.279822
-0.306122	0.510204	0.260647
-0.306122	0.55102	0.240711
-0.306122	0.591837	0.220148
-0.306122	0.632653	0.199078
-0.306122	0.673469	0.17761
-0.306122	0.714286	0.15584
-0.306122	0.755102	0.133849
-0.306122	0.795918	0.111701
-0.306122	0.836735	0.0894476
-0.306122	0.877551	0.0671281
-0.306122	0.918367	0.0447692
-0.306122	0.959184	0.0223891
-0.306122	1	0
-0.265306	-1	0.0212762
-0.265306	-0.959184	0.0425728
-0.265306	-0.918367	0.0639068
-0.265306	-0.877551	0.0852876
-0.265306	-0.836735	0.106715
-0.265306	-0.795918	0.128174
-0.265306	-0.755102	0.149635
-0.265306	-0.714286	0.171053
-0.265306	-0.673469	0.192361
-0.265306	-0.632653	0.213477
-0.265306	-0.591837	0.234301
-0.265306	-0.55102	0.254715
-0.265306	-0.510204	0.274586
-0.265306	-0.469388	0.29377
-0.265306	-0.428571	0.312114
-0.265306	-0.387755	0.329459
-0.265306	-0.346939	0.345643
-0.265306	-0.306122	0.360507
-0.265306	-0.265306	0.373895
-0.265306	-0.22449	0.385664
-0.265306	-0.183673	0.395681
-0.265306	-0.142857	0.40383
-0.265306	-0.102041	0.410014
-0.265306	-0.0612245	0.414157
-0.265306	-0.0204082	0.416206
-0.265306	0.0204082	0.416134
-0.265306	0.0612245	0.413936
-0.265306	0.102041	0.409634
-0.265306	0.142857	0.403274
-0.265306	0.183673	0.394923
-0.265306	0.22449	0.384672
-0.265306	0.265306	0.372629
-0.265306	0.306122	0.358916
-0.265306	0.346939	0.343671
-0.265306	0.387755	0.327038
-0.265306	0.428571	0.309168
-0.265306	0.469388	0.290215
-0.265306	0.510204	0.270327
-0.265306	0.55102	0.249651
-0.265306	0.591837	0.228324
-0.265306	0.632653	0.206471
-0.265306	0.673469	0.184207
-0.265306	0.714286	0.161628
-0.265306	0.755102	0.13882
-0.265306	0.795918	0.115849
-0.265306	0.836735	0.0927699
-0.265306	0.877551	0.0696214
-0.265306	0.918367	0.046432
-0.265306	0.959184	0.0232207
-0.265306	1	0
-0.22449	-1	0.021946
-0.22449	-0.959184	0.0439131
-0.22449	-0.918367	0.0659186
-0.22449	-0.877551	0.0879725
-0.22449	-0.836735	0.110074
-0.22449	-0.795918	0.132209
-0.22449	-0.755102	0.154346
-0.22449	-0.714286	0.176437
-0.22449	-0.673469	0.198416
-0.22449	-0.632653	0.220198
-0.22449	-0.591837	0.241677
-0.22449	-0.55102	0.262733
-0.22449	-0.510204	0.283229
-0.22449	-0.469388	0.303017
-0.22449	-0.428571	0.321939
-0.22449	-0.387755	0.33983
-0.22449	-0.346939	0.356523
-0.22449	-0.306122	0.371854
-0.22449	-0.265306	0.385664
-0.22449	-0.22449	0.397803
-0.22449	-0.183673	0.408135
-0.22449	-0.142857	0.416541
-0.22449	-0.102041	0.422919
-0.22449	-0.0612245	0.427192
-0.22449	-0.0204082	0.429306
-0.22449	0.0204082	0.429232
-0.22449	0.0612245	0.426965
-0.22449	0.102041	0.422528
-0.22449	0.142857	0.415967
-0.22449	0.183673	0.407354
-0.22449	0.22449	0.39678
-0.22449	0.265306	0.384358
-0.22449	0.306122	0.370213
-0.22449	0.346939	0.354488
-0.22449	0.387755	0.337332
-0.22449	0.428571	0.3189
-0.22449	0.469388	0.29935
-0.22449	0.510204	0.278836
-0.22449	0.55102	0.25751
-0.22449	0.591837	0.235511
-0.22449	0.632653	0.212971
-0.22449	0.673469	0.190005
-0.22449	0.714286	0.166716
-0.22449	0.755102	0.14319
-0.22449	0.795918	0.119496
-0.22449	0.836735	0.0956903
-0.22449	0.877551	0.0718131
-0.22449	0.918367	0.0478937
-0.22449	0.959184	0.0239516
-0.22449	1	0
-0.183673	-1	0.0225161
-0.183673	-0.959184	0.0450538
-0.183673	-0.918367	0.067631
-0.183673	-0.877551	0.0902578
-0.183673	-0.836735	0.112933
-0.183673	-0.795918	0.135643
-0.183673	-0.755102	0.158355
-0.183673	-0.714286	0.18102
-0.183673	-0.673469	0.20357
-0.183673	-0.632653	0.225917
-0.183673	-0.591837	0.247954
-0.183673	-0.55102	0.269557
-0.183673	-0.510204	0.290586
-0.183673	-0.469388	0.310888
-0.183673	-0.428571	0.330301
-0.183673	-0.387755	0.348656
-0.183673	-0.346939	0.365783
-0.183673	-0.306122	0.381512
-0.183673	-0.265306	0.395681
-0.183673	-0.22449	0.408135
-0.183673	-0.183673	0.418736
-0.183673	-0.142857	0.427359
-0.183673	-0.102041	0.433903
-0.183673	-0.0612245	0.438288
-0.183673	-0.0204082	0.440456
-0.183673	0.0204082	0.44038
-0.183673	0.0612245	0.438054
-0.183673	0.102041	0.433502
-0.183673	0.142857	0.426771
-0.183673	0.183673	0.417934
-0.183673	0.22449	0.407086
-0.183673	0.265306	0.39434
-0.183673	0.306122	0.379829
-0.183673	0.346939	0.363695
-0.183673	0.387755	0.346094
-0.183673	0.428571	0.327183
-0.183673	0.469388	0.307125
-0.183673	0.510204	0.286079
-0.183673	0.55102	0.264198
-0.183673	0.591837	0.241628
-0.183673	0.632653	0.218503
-0.183673	0.673469	0.194941
-0.183673	0.714286	0.171047
-0.183673	0.755102	0.146909
-0.183673	0.795918	0.1226
-0.183673	0.836735	0.0981759
-0.183673	0.877551	0.0736785
-0.183673	0.918367	0.0491377
-0.183673	0.959184	0.0245738
-0.183673	1	0
-0.142857	-1	0.0229798
-0.142857	-0.959184	0.0459818
-0.142857	-0.918367	0.069024
-0.142857	-0.877551	0.0921169
-0.142857	-0.836735	0.115259
-0.142857	-0.795918	0.138437
-0.142857	-0.755102	0.161617
-0.142857	-0.714286	0.184749
-0.142857	-0.673469	0.207763
-0.142857	-0.632653	0.23057
-0.142857	-0.591837	0.253061
-0.142857	-0.55102	0.275109
-0.142857	-0.510204	0.296571
-0.142857	-0.469388	0.317291
-0.142857	-0.428571	0.337104
-0.142857	-0.387755	0.355837
-0.142857	-0.346939	0.373316
-0.142857	-0.306122	0.38937
-0.142857	-0.265306	0.40383
-0.142857	-0.22449	0.416541
-0.142857	-0.183673	0.427359
-0.142857	-0.142857	0.43616
-0.142857	-0.102041	0.442839
-0.142857	-0.0612245	0.447314
-0.142857	-0.0204082	0.449527
-0.142857	0.0204082	0.449449
-0.142857	0.0612245	0.447075
-0.142857	0.102041	0.442429
-0.142857	0.142857	0.43556
-0.142857	0.183673	0.426541
-0.142857	0.22449	0.415469
-0.142857	0.265306	0.402462
-0.142857	0.306122	0.387651
-0.142857	0.346939	0.371186
-0.142857	0.387755	0.353221
-0.142857	0.428571	0.333921
-0.142857	0.469388	0.31345
-0.142857	0.510204	0.291971
-0.142857	0.55102	0.26964
-0.142857	0.591837	0.246605
-0.142857	0.632653	0.223003
-0.142857	0.673469	0.198956
-0.142857	0.714286	0.17457
-0.142857	0.755102	0.149935
-0.142857	0.795918	0.125125
-0.142857	0.836735	0.100198
-0.142857	0.877551	0.075196
-0.142857	0.918367	0.0501498
-0.142857	0.959184	0.02508
-0.142857	1	0
-0.102041	-1	0.0233318
-0.102041	-0.959184	0.046686
-0.102041	-0.918367	0.0700812
-0.102041	-0.877551	0.0935277
-0.102041	-0.836735	0.117025
-0.102041	-0.795918	0.140557
-0.102041	-0.755102	0.164092
-0.102041	-0.714286	0.187578
-0.102041	-0.673469	0.210945
-0.102041	-0.632653	0.234101
-0.102041	-0.591837	0.256937
-0.102041	-0.55102	0.279322
-0.102041	-0.510204	0.301112
-0.102041	-0.469388	0.32215
-0.102041	-0.428571	0.342266
-0.102041	-0.387755	0.361286
-0.102041	-0.346939	0.379033
-0.102041	-0.306122	0.395332
-0.102041	-0.265306	0.410014
-0.102041	-0.22449	0.422919
-0.102041	-0.183673	0.433903
-0.102041	-0.142857	0.442839
-0.102041	-0.102041	0.44962
-0.102041	-0.0612245	0.454163
-0.102041	-0.0204082	0.456411
-0.102041	0.0204082	0.456331
-0.102041	0.0612245	0.453921
-0.102041	0.102041	0.449204
-0.102041	0.142857	0.442229
-0.102041	0.183673	0.433072
-0.102041	0.22449	0.421831
-0.102041	0.265306	0.408625
-0.102041	0.306122	0.393587
-0.102041	0.346939	0.37687
-0.102041	0.387755	0.35863
-0.102041	0.428571	0.339035
-0.102041	0.469388	0.31825
-0.102041	0.510204	0.296442
-0.102041	0.55102	0.273769
-0.102041	0.591837	0.250382
-0.102041	0.632653	0.226418
-0.102041	0.673469	0.202003
-0.102041	0.714286	0.177243
-0.102041	0.755102	0.152231
-0.102041	0.795918	0.127042
-0.102041	0.836735	0.101733
-0.102041	0.877551	0.0763476
-0.102041	0.918367	0.0509179
-0.102041	0.959184	0.0254641
-0.102041	1	0
-0.0612245	-1	0.0235676
-0.0612245	-0.959184	0.0471579
-0.0612245	-0.918367	0.0707894
-0.0612245	-0.877551	0.0944729
-0.0612245	-0.836735	0.118207
-0.0612245	-0.795918	0.141977
-0.0612245	-0.755102	0.16575
-0.0612245	-0.714286	0.189474
-0.0612245	-0.673469	0.213077
-0.0612245	-0.632653	0.236467
-0.0612245	-0.591837	0.259533
-0.0612245	-0.55102	0.282144
-0.0612245	-0.510204	0.304155
-0.0612245	-0.469388	0.325405
-0.0612245	-0.428571	0.345724
-0.0612245	-0.387755	0.364937
-0.0612245	-0.346939	0.382863
-0.0612245	-0.306122	0.399327
-0.0612245	-0.265306	0.414157
-0.0612245	-0.22449	0.427192
-0.0612245	-0.183673	0.438288
-0.0612245	-0.142857	0.447314
-0.0612245	-0.102041	0.454163
-0.0612245	-0.0612245	0.458752
-0.0612245	-0.0204082	0.461022
-0.0612245	0.0204082	0.460942
-0.0612245	0.0612245	0.458508
-0.0612245	0.102041	0.453743
-0.0612245	0.142857	0.446698
-0.0612245	0.183673	0.437448
-0.0612245	0.22449	0.426094
-0.0612245	0.265306	0.412753
-0.0612245	0.306122	0.397564
-0.0612245	0.346939	0.380678
-0.0612245	0.387755	0.362254
-0.0612245	0.428571	0.342461
-0.0612245	0.469388	0.321466
-0.0612245	0.510204	0.299438
-0.0612245	0.55102	0.276535
-0.0612245	0.591837	0.252912
-0.0612245	0.632653	0.228706
-0.0612245	0.673469	0.204044
-0.0612245	0.714286	0.179034
-0.0612245	0.755102	0.15377
-0.0612245	0.795918	0.128325
-0.0612245	0.836735	0.102761
-0.0612245	0.877551	0.0771192
-0.0612245	0.918367	0.0514324
-0.0612245	0.959184	0.0257214
-0.0612245	1	0
-0.0204082	-1	0.0236842
-0.0204082	-0.959184	0.0473913
-0.0204082	-0.918367	0.0711398
-0.0204082	-0.877551	0.0949405
-0.0204082	-0.836735	0.118792
-0.0204082	-0.795918	0.14268
-0.0204082	-0.755102	0.16657
-0.0204082	-0.714286	0.190411
-0.0204082	-0.673469	0.214131
-0.0204082	-0.632653	0.237637
-0.0204082	-0.591837	0.260817
-0.0204082	-0.55102	0.283541
-0.0204082	-0.510204	0.30566
-0.0204082	-0.469388	0.327015
-0.0204082	-0.428571	0.347435
-0.0204082	-0.387755	0.366743
-0.0204082	-0.346939	0.384758
-0.0204082	-0.306122	0.401303
-0.0204082	-0.265306	0.416206
-0.0204082	-0.22449	0.429306
-0.0204082	-0.183673	0.440456
-0.0204082	-0.142857	0.449527
-0.0204082	-0.102041	0.456411
-0.0204082	-0.0612245	0.461022
-0.0204082	-0.0204082	0.463304
-0.0204082	0.0204082	0.463223
-0.0204082	0.0612245	0.460777
-0.0204082	0.102041	0.455988
-0.0204082	0.142857	0.448908
-0.0204082	0.183673	0.439613
-0.0204082	0.22449	0.428202
-0.0204082	0.265306	0.414796
-0.0204082	0.306122	0.399532
-0.0204082	0.346939	0.382562
-0.0204082	0.387755	0.364047
-0.0204082	0.428571	0.344156
-0.0204082	0.469388	0.323057
-0.0204082	0.510204	0.300919
-0.0204082	0.55102	0.277904
-0.0204082	0.591837	0.254163
-0.0204082	0.632653	0.229838
-0.0204082	0.673469	0.205054
-0.0204082	0.714286	0.17992
-0.0204082	0.755102	0.154531
-0.0204082	0.795918	0.128961
-0.0204082	0.836735	0.103269
-0.0204082	0.877551	0.0775009
-0.0204082	0.918367	0.051687
-0.0204082	0.959184	0.0258487
-0.0204082	1	0
0.0204082	-1	0.0236801
0.0204082	-0.959184	0.047383
0.0204082	-0.918367	0.0711274
0.0204082	-0.877551	0.094924
0.0204082	-0.836735	0.118772
0.0204082	-0.795918	0.142655
0.0204082	-0.755102	0.166541
0.0204082	-0.714286	0.190378
0.0204082	-0.673469	0.214094
0.0204082	-0.632653	0.237596
0.0204082	-0.591837	0.260772
0.0204082	-0.55102	0.283491
0.0204082	-0.510204	0.305607
0.0204082	-0.469388	0.326958
0.0204082	-0.428571	0.347375
0.0204082	-0.387755	0.366679
0.0204082	-0.346939	0.384691
0.0204082	-0.306122	0.401233
0.0204082	-0.265306	0.416134
0.0204082	-0.22449	0.429232
0.0204082	-0.183673	0.44038
0.0204082	-0.142857	0.449449
0.0204082	-0.102041	0.456331
0.0204082	-0.0612245	0.460942
0.0204082	-0.0204082	0.463223
0.0204082	0.0204082	0.463142
0.0204082	0.0612245	0.460696
0.0204082	0.102041	0.455909
0.0204082	0.142857	0.44883
0.0204082	0.183673	0.439537
0.0204082	0.22449	0.428128
0.0204082	0.265306	0.414724
0.0204082	0.306122	0.399462
0.0204082	0.346939	0.382495
0.0204082	0.387755	0.363984
0.0204082	0.428571	0.344096
0.0204082	0.469388	0.323001
0.0204082	0.510204	0.300867
0.0204082	0.55102	0.277856
0.0204082	0.591837	0.254119
0.0204082	0.632653	0.229798
0.0204082	0.673469	0.205018
0.0204082	0.714286	0.179889
0.0204082	0.755102	0.154504
0.0204082	0.795918	0.128938
0.0204082	0.836735	0.103251
0.0204082	0.877551	0.0774874
0.0204082	0.918367	0.051678
0.0204082	0.959184	0.0258442
0.0204082	1	0
0.0612245	-1	0.023555
0.0612245	-0.959184	0.0471328
0.0612245	-0.918367	0.0707517
0.0612245	-0.877551	0.0944226
0.0612245	-0.836735	0.118144
0.0612245	-0.795918	0.141902
0.0612245	-0.755102	0.165662
0.0612245	-0.714286	0.189373
0.0612245	-0.673469	0.212963
0.0612245	-0.632653	0.236341
0.0612245	-0.591837	0.259395
0.0612245	-0.55102	0.281994
0.0612245	-0.510204	0.303993
0.0612245	-0.469388	0.325232
0.0612245	-0.428571	0.34554
0.0612245	-0.387755	0.364742
0.0612245	-0.346939	0.382659
0.0612245	-0.306122	0.399114
0.0612245	-0.265306	0.413936
0.0612245	-0.22449	0.426965
0.0612245	-0.183673	0.438054
0.0612245	-0.142857	0.447075
0.0612245	-0.102041	0.453921
0.0612245	-0.0612245	0.458508
0.0612245	-0.0204082	0.460777
0.0612245	0.0204082	0.460696
0.0612245	0.0612245	0.458263
0.0612245	0.102041	0.453501
0.0612245	0.142857	0.44646
0.0612245	0.183673	0.437215
0.0612245	0.22449	0.425867
0.0612245	0.265306	0.412533
0.0612245	0.306122	0.397353
0.0612245	0.346939	0.380475
0.0612245	0.387755	0.362061
0.0612245	0.428571	0.342278
0.0612245	0.469388	0.321295
0.0612245	0.510204	0.299278
0.0612245	0.55102	0.276388
0.0612245	0.591837	0.252777
0.0612245	0.632653	0.228584
0.0612245	0.673469	0.203935
0.0612245	0.714286	0.178939
0.0612245	0.755102	0.153688
0.0612245	0.795918	0.128257
0.0612245	0.836735	0.102706
0.0612245	0.877551	0.0770781
0.0612245	0.918367	0.0514051
0.0612245	0.959184	0.0257077
0.0612245	1	0
0.102041	-1	0.0233102
0.102041	-0.959184	0.0466429
0.102041	-0.918367	0.0700164
0.102041	-0.877551	0.0934412
0.102041	-0.836735	0.116917
0.102041	-0.795918	0.140427
0.102041	-0.755102	0.16394
0.102041	-0.714286	0.187405
0.102041	-0.673469	0.21075
0.102041	-0.632653	0.233885
0.102041	-0.591837	0.256699
0.102041	-0.55102	0.279063
0.102041	-0.510204	0.300834
0.102041	-0.469388	0.321852
0.102041	-0.428571	0.341949
0.102041	-0.387755	0.360952
0.102041	-0.346939	0.378682
0.102041	-0.306122	0.394966
0.102041	-0.265306	0.409634
0.102041	-0.22449	0.422528
0.102041	-0.183673	0.433502
0.102041	-0.142857	0.442429
0.102041	-0.102041	0.449204
0.102041	-0.0612245	0.453743
0.102041	-0.0204082	0.455988
0.102041	0.0204082	0.455909
0.102041	0.0612245	0.453501
0.102041	0.102041	0.448788
0.102041	0.142857	0.44182
0.102041	0.183673	0.432672
0.102041	0.22449	0.421441
0.102041	0.265306	0.408246
0.102041	0.306122	0.393223
0.102041	0.346939	0.376521
0.102041	0.387755	0.358298
0.102041	0.428571	0.338721
0.102041	0.469388	0.317956
0.102041	0.510204	0.296168
0.102041	0.55102	0.273516
0.102041	0.591837	0.25015
0.102041	0.632653	0.226209
0.102041	0.673469	0.201816
0.102041	0.714286	0.177079
0.102041	0.755102	0.15209
0.102041	0.795918	0.126924
0.102041	0.836735	0.101638
0.102041	0.877551	0.076277
0.102041	0.918367	0.0508708
0.102041	0.959184	0.0254405
0.102041	1	0
0.142857	-1	0.0229482
0.142857	-0.959184	0.0459186
0.142857	-0.918367	0.0689291
0.142857	-0.877551	0.0919902
0.142857	-0.836735	0.115101
0.142857	-0.795918	0.138246
0.142857	-0.755102	0.161394
0.142857	-0.714286	0.184495
0.142857	-0.673469	0.207477
0.142857	-0.632653	0.230253
0.142857	-0.591837	0.252713
0.142857	-0.55102	0.27473
0.142857	-0.510204	0.296162
0.142857	-0.469388	0.316854
0.142857	-0.428571	0.336639
0.142857	-0.387755	0.355347
0.142857	-0.346939	0.372802
0.142857	-0.306122	0.388834
0.142857	-0.265306	0.403274
0.142857	-0.22449	0.415967
0.142857	-0.183673	0.426771
0.142857	-0.142857	0.43556
0.142857	-0.102041	0.442229
0.142857	-0.0612245	0.446698
0.142857	-0.0204082	0.448908
0.142857	0.0204082	0.44883
0.142857	0.0612245	0.44646
0.142857	0.102041	0.44182
0.142857	0.142857	0.43496
0.142857	0.183673	0.425954
0.142857	0.22449	0.414897
0.142857	0.265306	0.401907
0.142857	0.306122	0.387118
0.142857	0.346939	0.370675
0.142857	0.387755	0.352735
0.142857	0.428571	0.333462
0.142857	0.469388	0.313019
0.142857	0.510204	0.291569
0.142857	0.55102	0.269269
0.142857	0.591837	0.246266
0.142857	0.632653	0.222696
0.142857	0.673469	0.198682
0.142857	0.714286	0.174329
0.142857	0.755102	0.149729
0.142857	0.795918	0.124953
0.142857	0.836735	0.10006
0.142857	0.877551	0.0750926
0.142857	0.918367	0.0500808
0.142857	0.959184	0.0250455
0.142857	1	0
0.183673	-1	0.022473
0.183673	-0.959184	0.0449676
0.183673	-0.918367	0.0675016
0.183673	-0.877551	0.0900852
0.183673	-0.836735	0.112717
0.183673	-0.795918	0.135383
0.183673	-0.755102	0.158052
0.183673	-0.714286	0.180674
0.183673	-0.673469	0.203181
0.183673	-0.632653	0.225485
0.183673	-0.591837	0.24748
0.183673	-0.55102	0.269041
0.183673	-0.510204	0.29003
0.183673	-0.469388	0.310293
0.183673	-0.428571	0.329669
0.183673	-0.387755	0.347989
0.183673	-0.346939	0.365083
0.183673	-0.306122	0.380782
0.183673	-0.265306	0.394923
0.183673	-0.22449	0.407354
0.183673	-0.183673	0.417934
0.183673	-0.142857	0.426541
0.183673	-0.102041	0.433072
0.183673	-0.0612245	0.437448
0.183673	-0.0204082	0.439613
0.183673	0.0204082	0.439537
0.183673	0.0612245	0.437215
0.183673	0.102041	0.432672
0.183673	0.142857	0.425954
0.183673	0.183673	0.417134
0.183673	0.22449	0.406306
0.183673	0.265306	0.393585
0.183673	0.306122	0.379102
0.183673	0.346939	0.362999
0.183673	0.387755	0.345431
0.183673	0.428571	0.326557
0.183673	0.469388	0.306537
0.183673	0.510204	0.285531
0.183673	0.55102	0.263693
0.183673	0.591837	0.241166
0.183673	0.632653	0.218085
0.183673	0.673469	0.194568
0.183673	0.714286	0.170719
0.183673	0.755102	0.146628
0.183673	0.795918	0.122366
0.183673	0.836735	0.0979881
0.183673	0.877551	0.0735375
0.183673	0.918367	0.0490438
0.183673	0.959184	0.0245268
0.183673	1	0
0.22449	-1	0.0218896
0.22449	-0.959184	0.0438003
0.22449	-0.918367	0.0657493
0.22449	-0.877551	0.0877465
0.22449	-0.836735	0.109791
0.22449	-0.795918	0.131869
0.22449	-0.755102	0.153949
0.22449	-0.714286	0.175984
0.22449	-0.673469	0.197906
0.22449	-0.632653	0.219632
0.22449	-0.591837	0.241055
0.22449	-0.55102	0.262057
0.22449	-0.510204	0.282501
0.22449	-0.469388	0.302238
0.22449	-0.428571	0.321111
0.22449	-0.387755	0.338956
0.22449	-0.346939	0.355606
0.22449	-0.306122	0.370898
0.22449	-0.265306	0.384672
0.22449	-0.22449	0.39678
0.22449	-0.183673	0.407086
0.22449	-0.142857	0.415469
0.22449	-0.102041	0.421831
0.22449	-0.0612245	0.426094
0.22449	-0.0204082	0.428202
0.22449	0.0204082	0.428128
0.22449	0.0612245	0.425867
0.22449	0.102041	0.421441
0.22449	0.142857	0.414897
0.22449	0.183673	0.406306
0.22449	0.22449	0.39576
0.22449	0.265306	0.383369
0.22449	0.306122	0.369261
0.22449	0.346939	0.353577
0.22449	0.387755	0.336465
0.22449	0.428571	0.31808
0.22449	0.469388	0.29858
0.22449	0.510204	0.27812
0.22449	0.55102	0.256848
0.22449	0.591837	0.234906
0.22449	0.632653	0.212423
0.22449	0.673469	0.189517
0.22449	0.714286	0.166288
0.22449	0.755102	0.142822
0.22449	0.795918	0.119189
0.22449	0.836735	0.0954444
0.22449	0.877551	0.0716285
0.22449	0.918367	0.0477706
0.22449	0.959184	0.0238901
0.22449	1	0
0.265306	-1	0.0212042
0.265306	-0.959184	0.0424287
0.265306	-0.918367	0.0636905
0.265306	-0.877551	0.084999
0.265306	-0.836735	0.106353
0.265306	-0.795918	0.12774
0.265306	-0.755102	0.149129
0.265306	-0.714286	0.170473
0.265306	-0.673469	0.19171
0.265306	-0.632653	0.212755
0.265306	-0.591837	0.233508
0.265306	-0.55102	0.253852
0.265306	-0.510204	0.273656
0.265306	-0.469388	0.292775
0.265306	-0.428571	0.311057
0.265306	-0.387755	0.328343
0.265306	-0.346939	0.344473
0.265306	-0.306122	0.359286
0.265306	-0.265306	0.372629
0.265306	-0.22449	0.384358
0.265306	-0.183673	0.39434
0.265306	-0.142857	0.402462
0.265306	-0.102041	0.408625
0.265306	-0.0612245	0.412753
0.265306	-0.0204082	0.414796
0.265306	0.0204082	0.414724
0.265306	0.0612245	0.412533
0.265306	0.102041	0.408246
0.265306	0.142857	0.401907
0.265306	0.183673	0.393585
0.265306	0.22449	0.383369
0.265306	0.265306	0.371366
0.265306	0.306122	0.3577
0.265306	0.346939	0.342507
0.265306	0.387755	0.32593
0.265306	0.428571	0.308121
0.265306	0.469388	0.289232
0.265306	0.510204	0.269412
0.265306	0.55102	0.248806
0.265306	0.591837	0.227551
0.265306	0.632653	0.205772
0.265306	0.673469	0.183583
0.265306	0.714286	0.161081
0.265306	0.755102	0.13835
0.265306	0.795918	0.115457
0.265306	0.836735	0.0924558
0.265306	0.877551	0.0693857
0.265306	0.918367	0.0462748
0.265306	0.959184	0.0231421
0.265306	1	0
0.306122	-1	0.0204238
0.306122	-0.959184	0.0408672
0.306122	-0.918367	0.0613464
0.306122	-0.877551	0.0818707
0.306122	-0.836735	0.102439
0.306122	-0.795918	0.123038
0.306122	-0.755102	0.14364
0.306122	-0.714286	0.164199
0.306122	-0.673469	0.184654
0.306122	-0.632653	0.204925
0.306122	-0.591837	0.224914
0.306122	-0.55102	0.24451
0.306122	-0.510204	0.263585
0.306122	-0.469388	0.282001
0.306122	-0.428571	0.29961
0.306122	-0.387755	0.31626
0.306122	-0.346939	0.331796
0.306122	-0.306122	0.346064
0.306122	-0.265306	0.358916
0.306122	-0.22449	0.370213
0.306122	-0.183673	0.379829
0.306122	-0.142857	0.387651
0.306122	-0.102041	0.393587
0.306122	-0.0612245	0.397564
0.306122	-0.0204082	0.399532
0.306122	0.0204082	0.399462
0.306122	0.0612245	0.397353
0.306122	0.102041	0.393223
0.306122	0.142857	0.387118
0.306122	0.183673	0.379102
0.306122	0.22449	0.369261
0.306122	0.265306	0.3577
0.306122	0.306122	0.344537
0.306122	0.346939	0.329902
0.306122	0.387755	0.313936
0.306122	0.428571	0.296782
0.306122	0.469388	0.278588
0.306122	0.510204	0.259497
0.306122	0.55102	0.239649
0.306122	0.591837	0.219177
0.306122	0.632653	0.198199
0.306122	0.673469	0.176827
0.306122	0.714286	0.155153
0.306122	0.755102	0.133258
0.306122	0.795918	0.111208
0.306122	0.836735	0.0890532
0.306122	0.877551	0.0668321
0.306122	0.918367	0.0445718
0.306122	0.959184	0.0222904
0.306122	1	0
0.346939	-1	0.0195561
0.346939	-0.959184	0.0391311
0.346939	-0.918367	0.0587403
0.346939	-0.877551	0.0783927
0.346939	-0.836735	0.0980875
0.346939	-0.795918	0.117812
0.346939	-0.755102	0.137538
0.346939	-0.714286	0.157224
0.346939	-0.673469	0.17681
0.346939	-0.632653	0.19622
0.346939	-0.591837	0.21536
0.346939	-0.55102	0.234124
0.346939	-0.510204	0.252388
0.346939	-0.469388	0.270022
0.346939	-0.428571	0.286884
0.346939	-0.387755	0.302826
0.346939	-0.346939	0.317702
0.346939	-0.306122	0.331364
0.346939	-0.265306	0.343671
0.346939	-0.22449	0.354488
0.346939	-0.183673	0.363695
0.346939	-0.142857	0.371186
0.346939	-0.102041	0.37687
0.346939	-0.0612245	0.380678
0.346939	-0.0204082	0.382562
0.346939	0.0204082	0.382495
0.346939	0.0612245	0.380475
0.346939	0.102041	0.376521
0.346939	0.142857	0.370675
0.346939	0.183673	0.362999
0.346939	0.22449	0.353577
0.346939	0.265306	0.342507
0.346939	0.306122	0.329902
0.346939	0.346939	0.315889
0.346939	0.387755	0.300601
0.346939	0.428571	0.284176
0.346939	0.469388	0.266754
0.346939	0.510204	0.248474
0.346939	0.55102	0.22947
0.346939	0.591837	0.209866
0.346939	0.632653	0.18978
0.346939	0.673469	0.169315
0.346939	0.714286	0.148562
0.346939	0.755102	0.127598
0.346939	0.795918	0.106484
0.346939	0.836735	0.0852703
0.346939	0.877551	0.0639931
0.346939	0.918367	0.0426784
0.346939	0.959184	0.0213435
0.346939	1	0
0.387755	-1	0.0186096
0.387755	-0.959184	0.037237
0.387755	-0.918367	0.0558972
0.387755	-0.877551	0.0745983
0.387755	-0.836735	0.0933398
0.387755	-0.795918	0.112109
0.387755	-0.755102	0.130881
0.387755	-0.714286	0.149614
0.387755	-0.673469	0.168253
0.387755	-0.632653	0.186723
0.387755	-0.591837	0.204937
0.387755	-0.55102	0.222792
0.387755	-0.510204	0.240173
0.387755	-0.469388	0.256953
0.387755	-0.428571	0.272999
0.387755	-0.387755	0.28817
0.387755	-0.346939	0.302326
0.387755	-0.306122	0.315327
0.387755	-0.265306	0.327038
0.387755	-0.22449	0.337332
0.387755	-0.183673	0.346094
0.387755	-0.142857	0.353221
0.387755	-0.102041	0.35863
0.387755	-0.0612245	0.362254
0.387755	-0.0204082	0.364047
0.387755	0.0204082	0.363984
0.387755	0.0612245	0.362061
0.387755	0.102041	0.358298
0.387755	0.142857	0.352735
0.387755	0.183673	0.345431
0.387755	0.22449	0.336465
0.387755	0.265306	0.32593
0.387755	0.306122	0.313936
0.387755	0.346939	0.300601
0.387755	0.387755	0.286052
0.387755	0.428571	0.270422
0.387755	0.469388	0.253844
0.387755	0.510204	0.236448
0.387755	0.55102	0.218364
0.387755	0.591837	0.199709
0.387755	0.632653	0.180595
0.387755	0.673469	0.16112
0.387755	0.714286	0.141372
0.387755	0.755102	0.121422
0.387755	0.795918	0.10133
0.387755	0.836735	0.0811431
0.387755	0.877551	0.0608957
0.387755	0.918367	0.0406127
0.387755	0.959184	0.0203104
0.387755	1	0
0.428571	-1	0.0175926
0.428571	-0.959184	0.0352022
0.428571	-0.918367	0.0528426
0.428571	-0.877551	0.0705218
0.428571	-0.836735	0.0882392
0.428571	-0.795918	0.105983
0.428571	-0.755102	0.123729
0.428571	-0.714286	0.141439
0.428571	-0.673469	0.159059
0.428571	-0.632653	0.176519
0.428571	-0.591837	0.193738
0.428571	-0.55102	0.210618
0.428571	-0.510204	0.227049
0.428571	-0.469388	0.242913
0.428571	-0.428571	0.258082
0.428571	-0.387755	0.272424
0.428571	-0.346939	0.285807
0.428571	-0.306122	0.298097
0.428571	-0.265306	0.309168
0.428571	-0.22449	0.3189
0.428571	-0.183673	0.327183
0.428571	-0.142857	0.333921
0.428571	-0.102041	0.339035
0.428571	-0.0612245	0.342461
0.428571	-0.0204082	0.344156
0.428571	0.0204082	0.344096
0.428571	0.0612245	0.342278
0.428571	0.102041	0.338721
0.428571	0.142857	0.333462
0.428571	0.183673	0.326557
0.428571	0.22449	0.31808
0.428571	0.265306	0.308121
0.428571	0.306122	0.296782
0.428571	0.346939	0.284176
0.428571	0.387755	0.270422
0.428571	0.428571	0.255646
0.428571	0.469388	0.239973
0.428571	0.510204	0.223528
0.428571	0.55102	0.206432
0.428571	0.591837	0.188796
0.428571	0.632653	0.170727
0.428571	0.673469	0.152316
0.428571	0.714286	0.133647
0.428571	0.755102	0.114787
0.428571	0.795918	0.0957929
0.428571	0.836735	0.0767091
0.428571	0.877551	0.0575681
0.428571	0.918367	0.0383934
0.428571	0.959184	0.0192005
0.428571	1	0
0.469388	-1	0.016514
0.469388	-0.959184	0.0330439
0.469388	-0.918367	0.0496027
0.469388	-0.877551	0.066198
0.469388	-0.836735	0.0828292
0.469388	-0.795918	0.0994853
0.469388	-0.755102	0.116143
0.469388	-0.714286	0.132767
0.469388	-0.673469	0.149307
0.469388	-0.632653	0.165697
0.469388	-0.591837	0.18186
0.469388	-0.55102	0.197705
0.469388	-0.510204	0.213129
0.469388	-0.469388	0.22802
0.469388	-0.428571	0.242259
0.469388	-0.387755	0.255723
0.469388	-0.346939	0.268285
0.469388	-0.306122	0.279822
0.469388	-0.265306	0.290215
0.469388	-0.22449	0.29935
0.469388	-0.183673	0.307125
0.469388	-0.142857	0.31345
0.469388	-0.102041	0.31825
0.469388	-0.0612245	0.321466
0.469388	-0.0204082	0.323057
0.469388	0.0204082	0.323001
0.469388	0.0612245	0.321295
0.469388	0.102041	0.317956
0.469388	0.142857	0.313019
0.469388	0.183673	0.306537
0.469388	0.22449	0.29858
0.469388	0.265306	0.289232
0.469388	0.306122	0.278588
0.469388	0.346939	0.266754
0.469388	0.387755	0.253844
0.469388	0.428571	0.239973
0.469388	0.469388	0.225261
0.469388	0.510204	0.209824
0.469388	0.55102	0.193776
0.469388	0.591837	0.177222
0.469388	0.632653	0.16026
0.469388	0.673469	0.142978
0.469388	0.714286	0.125453
0.469388	0.755102	0.107749
0.469388	0.795918	0.0899199
0.469388	0.836735	0.072006
0.469388	0.877551	0.0540386
0.469388	0.918367	0.0360395
0.469388	0.959184	0.0180234
0.469388	1	0
0.510204	-1	0.0153822
0.510204	-0.959184	0.0307793
0.510204	-0.918367	0.0462033
0.510204	-0.877551	0.0616613
0.510204	-0.836735	0.0771527
0.510204	-0.795918	0.0926673
0.510204	-0.755102	0.108184
0.510204	-0.714286	0.123669
0.510204	-0.673469	0.139075
0.510204	-0.632653	0.154342
0.510204	-0.591837	0.169398
0.510204	-0.55102	0.184157
0.510204	-0.510204	0.198524
0.510204	-0.469388	0.212395
0.510204	-0.428571	0.225658
0.510204	-0.387755	0.238199
0.510204	-0.346939	0.2499
0.510204	-0.306122	0.260647
0.510204	-0.265306	0.270327
0.510204	-0.22449	0.278836
0.510204	-0.183673	0.286079
0.510204	-0.142857	0.291971
0.510204	-0.102041	0.296442
0.510204	-0.0612245	0.299438
0.510204	-0.0204082	0.300919
0.510204	0.0204082	0.300867
0.510204	0.0612245	0.299278
0.510204	0.102041	0.296168
0.510204	0.142857	0.291569
0.510204	0.183673	0.285531
0.510204	0.22449	0.27812
0.510204	0.265306	0.269412
0.510204	0.306122	0.259497
0.510204	0.346939	0.248474
0.510204	0.387755	0.236448
0.510204	0.428571	0.223528
0.510204	0.469388	0.209824
0.510204	0.510204	0.195445
0.510204	0.55102	0.180497
0.510204	0.591837	0.165077
0.510204	0.632653	0.149277
0.510204	0.673469	0.13318
0.510204	0.714286	0.116856
0.510204	0.755102	0.100365
0.510204	0.795918	0.0837576
0.510204	0.836735	0.0670714
0.510204	0.877551	0.0503353
0.510204	0.918367	0.0335696
0.510204	0.959184	0.0167882
0.510204	1	0
0.55102	-1	0.0142056
0.55102	-0.959184	0.0284249
0.55102	-0.918367	0.0426692
0.55102	-0.877551	0.0569448
0.55102	-0.836735	0.0712512
0.55102	-0.795918	0.0855792
0.55102	-0.755102	0.0999089
0.55102	-0.714286	0.114209
0.55102	-0.673469	0.128437
0.55102	-0.632653	0.142537
0.55102	-0.591837	0.156441
0.55102	-0.55102	0.170071
0.55102	-0.510204	0.183339
0.55102	-0.469388	0.196149
0.55102	-0.428571	0.208398
0.55102	-0.387755	0.21998
0.55102	-0.346939	0.230786
0.55102	-0.306122	0.240711
0.55102	-0.265306	0.249651
0.55102	-0.22449	0.25751
0.55102	-0.183673	0.264198
0.55102	-0.142857	0.26964
0.55102	-0.102041	0.273769
0.55102	-0.0612245	0.276535
0.55102	-0.0204082	0.277904
0.55102	0.0204082	0.277856
0.55102	0.0612245	0.276388
0.55102	0.102041	0.273516
0.55102	0.142857	0.269269
0.55102	0.183673	0.263693
0.55102	0.22449	0.256848
0.55102	0.265306	0.248806
0.55102	0.306122	0.239649
0.55102	0.346939	0.22947
0.55102	0.387755	0.218364
0.55102	0.428571	0.206432
0.55102	0.469388	0.193776
0.55102	0.510204	0.180497
0.55102	0.55102	0.166691
0.55102	0.591837	0.15245
0.55102	0.632653	0.137859
0.55102	0.673469	0.122993
0.55102	0.714286	0.107918
0.55102	0.755102	0.0926884
0.55102	0.795918	0.0773511
0.55102	0.836735	0.0619411
0.55102	0.877551	0.0464852
0.55102	0.918367	0.0310019
0.55102	0.959184	0.0155041
0.55102	1	0
0.591837	-1	0.012992
0.591837	-0.959184	0.0259965
0.591837	-0.918367	0.0390238
0.591837	-0.877551	0.0520797
0.591837	-0.836735	0.065164
0.591837	-0.795918	0.0782678
0.591837	-0.755102	0.0913734
0.591837	-0.714286	0.104452
0.591837	-0.673469	0.117464
0.591837	-0.632653	0.130359
0.591837	-0.591837	0.143076
0.591837	-0.55102	0.155542
0.591837	-0.510204	0.167677
0.591837	-0.469388	0.179392
0.591837	-0.428571	0.190595
0.591837	-0.387755	0.201187
0.591837	-0.346939	0.211071
0.591837	-0.306122	0.220148
0.591837	-0.265306	0.228324
0.591837	-0.22449	0.235511
0.591837	-0.183673	0.241628
0.591837	-0.142857	0.246605
0.591837	-0.102041	0.250382
0.591837	-0.0612245	0.252912
0.591837	-0.0204082	0.254163
0.591837	0.0204082	0.254119
0.591837	0.0612245	0.252777
0.591837	0.102041	0.25015
0.591837	0.142857	0.246266
0.591837	0.183673	0.241166
0.591837	0.22449	0.234906
0.591837	0.265306	0.227551
0.591837	0.306122	0.219177
0.591837	0.346939	0.209866
0.591837	0.387755	0.199709
0.591837	0.428571	0.188796
0.591837	0.469388	0.177222
0.591837	0.510204	0.165077
0.591837	0.55102	0.15245
0.591837	0.591837	0.139427
0.591837	0.632653	0.126082
0.591837	0.673469	0.112486
0.591837	0.714286	0.0986979
0.591837	0.755102	0.0847698
0.591837	0.795918	0.0707428
0.591837	0.836735	0.0566493
0.591837	0.877551	0.0425138
0.591837	0.918367	0.0283533
0.591837	0.959184	0.0141795
0.591837	1	0
0.632653	-1	0.0117484
0.632653	-0.959184	0.0235082
0.632653	-0.918367	0.0352886
0.632653	-0.877551	0.047095
0.632653	-0.836735	0.0589269
0.632653	-0.795918	0.0707765
0.632653	-0.755102	0.0826277
0.632653	-0.714286	0.0944546
0.632653	-0.673469	0.106221
0.632653	-0.632653	0.117882
0.632653	-0.591837	0.129382
0.632653	-0.55102	0.140655
0.632653	-0.510204	0.151628
0.632653	-0.469388	0.162222
0.632653	-0.428571	0.172353
0.632653	-0.387755	0.181932
0.632653	-0.346939	0.190869
0.632653	-0.306122	0.199078
0.632653	-0.265306	0.206471
0.632653	-0.22449	0.212971
0.632653	-0.183673	0.218503
0.632653	-0.142857	0.223003
0.632653	-0.102041	0.226418
0.632653	-0.0612245	0.228706
0.632653	-0.0204082	0.229838
0.632653	0.0204082	0.229798
0.632653	0.0612245	0.228584
0.632653	0.102041	0.226209
0.632653	0.142857	0.222696
0.632653	0.183673	0.218085
0.632653	0.22449	0.212423
0.632653	0.265306	0.205772
0.632653	0.306122	0.198199
0.632653	0.346939	0.18978
0.632653	0.387755	0.180595
0.632653	0.428571	0.170727
0.632653	0.469388	0.16026
0.632653	0.510204	0.149277
0.632653	0.55102	0.137859
0.632653	0.591837	0.126082
0.632653	0.632653	0.114014
0.632653	0.673469	0.101719
0.632653	0.714286	0.0892513
0.632653	0.755102	0.0766563
0.632653	0.795918	0.0639718
0.632653	0.836735	0.0512273
0.632653	0.877551	0.0384447
0.632653	0.918367	0.0256395
0.632653	0.959184	0.0128223
0.632653	1	0
0.673469	-1	0.0104815
0.673469	-0.959184	0.0209731
0.673469	-0.918367	0.0314831
0.673469	-0.877551	0.0420162
0.673469	-0.836735	0.0525722
0.673469	-0.795918	0.063144
0.673469	-0.755102	0.0737172
0.673469	-0.714286	0.0842687
0.673469	-0.673469	0.0947667
0.673469	-0.632653	0.10517
0.673469	-0.591837	0.11543
0.673469	-0.55102	0.125487
0.673469	-0.510204	0.135277
0.673469	-0.469388	0.144729
0.673469	-0.428571	0.153767
0.673469	-0.387755	0.162313
0.673469	-0.346939	0.170287
0.673469	-0.306122	0.17761
0.673469	-0.265306	0.184207
0.673469	-0.22449	0.190005
0.673469	-0.183673	0.194941
0.673469	-0.142857	0.198956
0.673469	-0.102041	0.202003
0.673469	-0.0612245	0.204044
0.673469	-0.0204082	0.205054
0.673469	0.0204082	0.205018
0.673469	0.0612245	0.203935
0.673469	0.102041	0.201816
0.673469	0.142857	0.198682
0.673469	0.183673	0.194568
0.673469	0.22449	0.189517
0.673469	0.265306	0.183583
0.673469	0.306122	0.176827
0.673469	0.346939	0.169315
0.673469	0.387755	0.16112
0.673469	0.428571	0.152316
0.673469	0.469388	0.142978
0.673469	0.510204	0.13318
0.673469	0.55102	0.122993
0.673469	0.591837	0.112486
0.673469	0.632653	0.101719
0.673469	0.673469	0.0907502
0.673469	0.714286	0.0796267
0.673469	0.755102	0.0683898
0.673469	0.795918	0.0570732
0.673469	0.836735	0.045703
0.673469	0.877551	0.0342988
0.673469	0.918367	0.0228746
0.673469	0.959184	0.0114396
0.673469	1	0
0.714286	-1	0.0091967
0.714286	-0.959184	0.0184023
0.714286	-0.918367	0.027624
0.714286	-0.877551	0.0368661
0.714286	-0.836735	0.0461281
0.714286	-0.795918	0.0554041
0.714286	-0.755102	0.0646813
0.714286	-0.714286	0.0739395
0.714286	-0.673469	0.0831508
0.714286	-0.632653	0.0922791
0.714286	-0.591837	0.101281
0.714286	-0.55102	0.110106
0.714286	-0.510204	0.118696
0.714286	-0.469388	0.126989
0.714286	-0.428571	0.13492
0.714286	-0.387755	0.142418
0.714286	-0.346939	0.149415
0.714286	-0.306122	0.15584
0.714286	-0.265306	0.161628
0.714286	-0.22449	0.166716
0.714286	-0.183673	0.171047
0.714286	-0.142857	0.17457
0.714286	-0.102041	0.177243
0.714286	-0.0612245	0.179034
0.714286	-0.0204082	0.17992
0.714286	0.0204082	0.179889
0.714286	0.0612245	0.178939
0.714286	0.102041	0.177079
0.714286	0.142857	0.174329
0.714286	0.183673	0.170719
0.714286	0.22449	0.166288
0.714286	0.265306	0.161081
0.714286	0.306122	0.155153
0.714286	0.346939	0.148562
0.714286	0.387755	0.141372
0.714286	0.428571	0.133647
0.714286	0.469388	0.125453
0.714286	0.510204	0.116856
0.714286	0.55102	0.107918
0.714286	0.591837	0.0986979
0.714286	0.632653	0.0892513
0.714286	0.673469	0.0796267
0.714286	0.714286	0.0698665
0.714286	0.755102	0.060007
0.714286	0.795918	0.0500775
0.714286	0.836735	0.040101
0.714286	0.877551	0.0300947
0.714286	0.918367	0.0200708
0.714286	0.959184	0.0100374
0.714286	1	0
0.755102	-1	0.00789885
0.755102	-0.959184	0.0158053
0.755102	-0.918367	0.0237257
0.755102	-0.877551	0.0316635
0.755102	-0.836735	0.0396185
0.755102	-0.795918	0.0475855
0.755102	-0.755102	0.0555535
0.755102	-0.714286	0.0635052
0.755102	-0.673469	0.0714165
0.755102	-0.632653	0.0792567
0.755102	-0.591837	0.0869883
0.755102	-0.55102	0.0945676
0.755102	-0.510204	0.101946
0.755102	-0.469388	0.109069
0.755102	-0.428571	0.11588
0.755102	-0.387755	0.12232
0.755102	-0.346939	0.12833
0.755102	-0.306122	0.133849
0.755102	-0.265306	0.13882
0.755102	-0.22449	0.14319
0.755102	-0.183673	0.146909
0.755102	-0.142857	0.149935
0.755102	-0.102041	0.152231
0.755102	-0.0612245	0.15377
0.755102	-0.0204082	0.154531
0.755102	0.0204082	0.154504
0.755102	0.0612245	0.153688
0.755102	0.102041	0.15209
0.755102	0.142857	0.149729
0.755102	0.183673	0.146628
0.755102	0.22449	0.142822
0.755102	0.265306	0.13835
0.755102	0.306122	0.133258
0.755102	0.346939	0.127598
0.755102	0.387755	0.121422
0.755102	0.428571	0.114787
0.755102	0.469388	0.107749
0.755102	0.510204	0.100365
0.755102	0.55102	0.0926884
0.755102	0.591837	0.0847698
0.755102	0.632653	0.0766563
0.755102	0.673469	0.0683898
0.755102	0.714286	0.060007
0.755102	0.755102	0.0515388
0.755102	0.795918	0.0430106
0.755102	0.836735	0.0344419
0.755102	0.877551	0.0258477
0.755102	0.918367	0.0172384
0.755102	0.959184	0.00862091
0.755102	1	0
0.795918	-1	0.00659179
0.795918	-0.959184	0.0131899
0.795918	-0.918367	0.0197997
0.795918	-0.877551	0.026424
0.795918	-0.836735	0.0330626
0.795918	-0.795918	0.0397113
0.795918	-0.755102	0.0463608
0.795918	-0.714286	0.0529968
0.795918	-0.673469	0.059599
0.795918	-0.632653	0.0661419
0.795918	-0.591837	0.0725941
0.795918	-0.55102	0.0789193
0.795918	-0.510204	0.0850765
0.795918	-0.469388	0.091021
0.795918	-0.428571	0.0967053
0.795918	-0.387755	0.10208
0.795918	-0.346939	0.107095
0.795918	-0.306122	0.111701
0.795918	-0.265306	0.115849
0.795918	-0.22449	0.119496
0.795918	-0.183673	0.1226
0.795918	-0.142857	0.125125
0.795918	-0.102041	0.127042
0.795918	-0.0612245	0.128325
0.795918	-0.0204082	0.128961
0.795918	0.0204082	0.128938
0.795918	0.0612245	0.128257
0.795918	0.102041	0.126924
0.795918	0.142857	0.124953
0.795918	0.183673	0.122366
0.795918	0.22449	0.119189
0.795918	0.265306	0.115457
0.795918	0.306122	0.111208
0.795918	0.346939	0.106484
0.795918	0.387755	0.10133
0.795918	0.428571	0.0957929
0.795918	0.469388	0.0899199
0.795918	0.510204	0.0837576
0.795918	0.55102	0.0773511
0.795918	0.591837	0.0707428
0.795918	0.632653	0.0639718
0.795918	0.673469	0.0570732
0.795918	0.714286	0.0500775
0.795918	0.755102	0.0430106
0.795918	0.795918	0.0358935
0.795918	0.836735	0.0287427
0.795918	0.877551	0.0215706
0.795918	0.918367	0.0143859
0.795918	0.959184	0.00719437
0.795918	1	0
0.836735	-1	0.00527855
0.836735	-0.959184	0.0105622
0.836735	-0.918367	0.0158551
0.836735	-0.877551	0.0211597
0.836735	-0.836735	0.0264758
0.836735	-0.795918	0.0317999
0.836735	-0.755102	0.0371247
0.836735	-0.714286	0.0424386
0.836735	-0.673469	0.0477256
0.836735	-0.632653	0.052965
0.836735	-0.591837	0.0581318
0.836735	-0.55102	0.0631969
0.836735	-0.510204	0.0681275
0.836735	-0.469388	0.0728878
0.836735	-0.428571	0.0774396
0.836735	-0.387755	0.0817435
0.836735	-0.346939	0.0857594
0.836735	-0.306122	0.0894476
0.836735	-0.265306	0.0927699
0.836735	-0.22449	0.0956903
0.836735	-0.183673	0.0981759
0.836735	-0.142857	0.100198
0.836735	-0.102041	0.101733
0.836735	-0.0612245	0.102761
0.836735	-0.0204082	0.103269
0.836735	0.0204082	0.103251
0.836735	0.0612245	0.102706
0.836735	0.102041	0.101638
0.836735	0.142857	0.10006
0.836735	0.183673	0.0979881
0.836735	0.22449	0.0954444
0.836735	0.265306	0.0924558
0.836735	0.306122	0.0890532
0.836735	0.346939	0.0852703
0.836735	0.387755	0.0811431
0.836735	0.428571	0.0767091
0.836735	0.469388	0.072006
0.836735	0.510204	0.0670714
0.836735	0.55102	0.0619411
0.836735	0.591837	0.0566493
0.836735	0.632653	0.0512273
0.836735	0.673469	0.045703
0.836735	0.714286	0.040101
0.836735	0.755102	0.0344419
0.836735	0.795918	0.0287427
0.836735	0.836735	0.0230165
0.836735	0.877551	0.0172733
0.836735	0.918367	0.0115199
0.836735	0.959184	0.0057611
0.836735	1	0
0.877551	-1	0.0039614
0.877551	-0.959184	0.00792663
0.877551	-0.918367	0.0118988
0.877551	-0.877551	0.0158798
0.877551	-0.836735	0.0198694
0.877551	-0.795918	0.0238649
0.877551	-0.755102	0.0278611
0.877551	-0.714286	0.031849
0.877551	-0.673469	0.0358167
0.877551	-0.632653	0.0397488
0.877551	-0.591837	0.0436264
0.877551	-0.55102	0.0474276
0.877551	-0.510204	0.0511279
0.877551	-0.469388	0.0547003
0.877551	-0.428571	0.0581164
0.877551	-0.387755	0.0613464
0.877551	-0.346939	0.0643602
0.877551	-0.306122	0.0671281
0.877551	-0.265306	0.0696214
0.877551	-0.22449	0.0718131
0.877551	-0.183673	0.0736785
0.877551	-0.142857	0.075196
0.877551	-0.102041	0.0763476
0.877551	-0.0612245	0.0771192
0.877551	-0.0204082	0.0775009
0.877551	0.0204082	0.0774874
0.877551	0.0612245	0.0770781
0.877551	0.102041	0.076277
0.877551	0.142857	0.0750926
0.877551	0.183673	0.0735375
0.877551	0.22449	0.0716285
0.877551	0.265306	0.0693857
0.877551	0.306122	0.0668321
0.877551	0.346939	0.0639931
0.877551	0.387755	0.0608957
0.877551	0.428571	0.0575681
0.877551	0.469388	0.0540386
0.877551	0.510204	0.0503353
0.877551	0.55102	0.0464852
0.877551	0.591837	0.0425138
0.877551	0.632653	0.0384447
0.877551	0.673469	0.0342988
0.877551	0.714286	0.0300947
0.877551	0.755102	0.0258477
0.877551	0.795918	0.0215706
0.877551	0.836735	0.0172733
0.877551	0.877551	0.0129631
0.877551	0.918367	0.00864535
0.877551	0.959184	0.00432354
0.877551	1	0
0.918367	-1	0.00264194
0.918367	-0.959184	0.00528642
0.918367	-0.918367	0.00793556
0.918367	-0.877551	0.0105905
0.918367	-0.836735	0.0132513
0.918367	-0.795918	0.015916
0.918367	-0.755102	0.0185811
0.918367	-0.714286	0.0212407
0.918367	-0.673469	0.0238869
0.918367	-0.632653	0.0265093
0.918367	-0.591837	0.0290953
0.918367	-0.55102	0.0316304
0.918367	-0.510204	0.0340982
0.918367	-0.469388	0.0364808
0.918367	-0.428571	0.038759
0.918367	-0.387755	0.0409132
0.918367	-0.346939	0.0429232
0.918367	-0.306122	0.0447692
0.918367	-0.265306	0.046432
0.918367	-0.22449	0.0478937
0.918367	-0.183673	0.0491377
0.918367	-0.142857	0.0501498
0.918367	-0.102041	0.0509179
0.918367	-0.0612245	0.0514324
0.918367	-0.0204082	0.051687
0.918367	0.0204082	0.051678
0.918367	0.0612245	0.0514051
0.918367	0.102041	0.0508708
0.918367	0.142857	0.0500808
0.918367	0.183673	0.0490438
0.918367	0.22449	0.0477706
0.918367	0.265306	0.0462748
0.918367	0.306122	0.0445718
0.918367	0.346939	0.0426784
0.918367	0.387755	0.0406127
0.918367	0.428571	0.0383934
0.918367	0.469388	0.0360395
0.918367	0.510204	0.0335696
0.918367	0.55102	0.0310019
0.918367	0.591837	0.0283533
0.918367	0.632653	0.0256395
0.918367	0.673469	0.0228746
0.918367	0.714286	0.0200708
0.918367	0.755102	0.0172384
0.918367	0.795918	0.0143859
0.918367	0.836735	0.0115199
0.918367	0.877551	0.00864535
0.918367	0.918367	0.00576576
0.918367	0.959184	0.00288346
0.918367	1	0
0.959184	-1	0.00132123
0.959184	-0.959184	0.00264374
0.959184	-0.918367	0.00396857
0.959184	-0.877551	0.00529632
0.959184	-0.836735	0.00662695
0.959184	-0.795918	0.00795959
0.959184	-0.755102	0.00929241
0.959184	-0.714286	0.0106225
0.959184	-0.673469	0.0119458
0.959184	-0.632653	0.0132573
0.959184	-0.591837	0.0145506
0.959184	-0.55102	0.0158184
0.959184	-0.510204	0.0170525
0.959184	-0.469388	0.0182441
0.959184	-0.428571	0.0193834
0.959184	-0.387755	0.0204607
0.959184	-0.346939	0.0214659
0.959184	-0.306122	0.0223891
0.959184	-0.265306	0.0232207
0.959184	-0.22449	0.0239516
0.959184	-0.183673	0.0245738
0.959184	-0.142857	0.02508
0.959184	-0.102041	0.0254641
0.959184	-0.0612245	0.0257214
0.959184	-0.0204082	0.0258487
0.959184	0.0204082	0.0258442
0.959184	0.0612245	0.0257077
0.959184	0.102041	0.0254405
0.959184	0.142857	0.0250455
0.959184	0.183673	0.0245268
0.959184	0.22449	0.0238901
0.959184	0.265306	0.0231421
0.959184	0.306122	0.0222904
0.959184	0.346939	0.0213435
0.959184	0.387755	0.0203104
0.959184	0.428571	0.0192005
0.959184	0.469388	0.0180234
0.959184	0.510204	0.0167882
0.959184	0.55102	0.0155041
0.959184	0.591837	0.0141795
0.959184	0.632653	0.0128223
0.959184	0.673469	0.0114396
0.959184	0.714286	0.0100374
0.959184	0.755102	0.00862091
0.959184	0.795918	0.00719437
0.959184	0.836735	0.0057611
0.959184	0.877551	0.00432354
0.959184	0.918367	0.00288346
0.959184	0.959184	0.00144202
0.959184	1	0
1	-1	0
1	-0.959184	0
1	-0.918367	0
1	-0.877551	0
1	-0.836735	0
1	-0.795918	0
1	-0.755102	0
1	-0.714286	0
1	-0.673469	0
1	-0.632653	0
1	-0.591837	0
1	-0.55102	0
1	-0.510204	0
1	-0.469388	0
1	-0.428571	0
1	-0.387755	0
1	-0.346939	0
1	-0.306122	0
1	-0.265306	0
1	-0.22449	0
1	-0.183673	0
1	-0.142857	0
1	-0.102041	0
1	-0.0612245	0
1	-0.0204082	0
1	0.0204082	0
1	0.0612245	0
1	0.102041	0
1	0.142857	0
1	0.183673	0
1	0.22449	0
1	0.265306	0
1	0.306122	0
1	0.346939	0
1	0.387755	0
1	0.428571	0
1	0.469388	0
1	0.510204	0
1	0.55102	0
1	0.591837	0
1	0.632653	0
1	0.673469	0
1	0.714286	0
1	0.755102	0
1	0.795918	0
1	0.836735	0
1	0.877551	0
1	0.918367	0
1	0.959184	0
1	1	0
