-1	-1	0.00114723
-1	-0.959184	0.00229877
-1	-0.918367	0.00345861
-1	-0.877551	0.00463005
-1	-0.836735	0.00581548
-1	-0.795918	0.00701604
-1	-0.755102	0.0082315
-1	-0.714286	0.00946006
-1	-0.673469	0.0106983
-1	-0.632653	0.0119411
-1	-0.591837	0.0131819
-1	-0.55102	0.0144125
-1	-0.510204	0.0156234
-1	-0.469388	0.0168043
-1	-0.428571	0.0179437
-1	-0.387755	0.0190297
-1	-0.346939	0.0200505
-1	-0.306122	0.0209938
-1	-0.265306	0.0218483
-1	-0.22449	0.0226029
-1	-0.183673	0.0232479
-1	-0.142857	0.0237746
-1	-0.102041	0.0241758
-1	-0.0612245	0.0244458
-1	-0.0204082	0.0245809
-1	0.0204082	0.0245789
-1	0.0612245	0.0244398
-1	0.102041	0.0241653
-1	0.142857	0.0237589
-1	0.183673	0.0232259
-1	0.22449	0.0225731
-1	0.265306	0.0218088
-1	0.306122	0.0209424
-1	0.346939	0.0199843
-1	0.387755	0.0189454
-1	0.428571	0.0178372
-1	0.469388	0.0166711
-1	0.510204	0.0154582
-1	0.55102	0.0142091
-1	0.591837	0.0129338
-1	0.632653	0.0116409
-1	0.673469	0.010338
-1	0.714286	0.00903127
-1	0.755102	0.00772542
-1	0.795918	0.0064237
-1	0.836735	0.00512793
-1	0.877551	0.00383867
-1	0.918367	0.00255534
-1	0.959184	0.00127647
-1	1	0
-0.959184	-1	0.00229877
-0.959184	-0.959184	0.00460619
-0.959184	-0.918367	0.00693022
-0.959184	-0.877551	0.00927751
-0.959184	-0.836735	0.0116528
-0.959184	-0.795918	0.0140585
-0.959184	-0.755102	0.0164939
-0.959184	-0.714286	0.0189557
-0.959184	-0.673469	0.0214368
-0.959184	-0.632653	0.0239271
-0.959184	-0.591837	0.0264133
-0.959184	-0.55102	0.0288791
-0.959184	-0.510204	0.0313055
-0.959184	-0.469388	0.0336716
-0.959184	-0.428571	0.0359547
-0.959184	-0.387755	0.0381309
-0.959184	-0.346939	0.0401761
-0.959184	-0.306122	0.0420664
-0.959184	-0.265306	0.0437785
-0.959184	-0.22449	0.0452907
-0.959184	-0.183673	0.0465831
-0.959184	-0.142857	0.0476384
-0.959184	-0.102041	0.0484423
-0.959184	-0.0612245	0.0489833
-0.959184	-0.0204082	0.0492539
-0.959184	0.0204082	0.04925
-0.959184	0.0612245	0.0489713
-0.959184	0.102041	0.0484212
-0.959184	0.142857	0.0476069
-0.959184	0.183673	0.0465389
-0.959184	0.22449	0.0452309
-0.959184	0.265306	0.0436994
-0.959184	0.306122	0.0419634
-0.959184	0.346939	0.0400435
-0.959184	0.387755	0.0379619
-0.959184	0.428571	0.0357414
-0.959184	0.469388	0.0334047
-0.959184	0.510204	0.0309744
-0.959184	0.55102	0.0284716
-0.959184	0.591837	0.0259161
-0.959184	0.632653	0.0233255
-0.959184	0.673469	0.0207148
-0.959184	0.714286	0.0180965
-0.959184	0.755102	0.0154799
-0.959184	0.795918	0.0128715
-0.959184	0.836735	0.0102751
-0.959184	0.877551	0.00769177
-0.959184	0.918367	0.00512028
-0.959184	0.959184	0.00255774
-0.959184	1	0
-0.918367	-1	0.00345861
-0.918367	-0.959184	0.00693022
-0.918367	-0.918367	0.0104268
-0.918367	-0.877551	0.0139584
-0.918367	-0.836735	0.0175322
-0.918367	-0.795918	0.0211515
-0.918367	-0.755102	0.0248158
-0.918367	-0.714286	0.0285196
-0.918367	-0.673469	0.0322525
-0.918367	-0.632653	0.0359992
-0.918367	-0.591837	0.0397398
-0.918367	-0.55102	0.0434496
-0.918367	-0.510204	0.0471003
-0.918367	-0.469388	0.0506602
-0.918367	-0.428571	0.0540951
-0.918367	-0.387755	0.0573693
-0.918367	-0.346939	0.0604464
-0.918367	-0.306122	0.0632904
-0.918367	-0.265306	0.0658662
-0.918367	-0.22449	0.0681413
-0.918367	-0.183673	0.0700858
-0.918367	-0.142857	0.0716736
-0.918367	-0.102041	0.072883
-0.918367	-0.0612245	0.073697
-0.918367	-0.0204082	0.0741041
-0.918367	0.0204082	0.0740982
-0.918367	0.0612245	0.0736789
-0.918367	0.102041	0.0728513
-0.918367	0.142857	0.0716261
-0.918367	0.183673	0.0700193
-0.918367	0.22449	0.0680513
-0.918367	0.265306	0.0657472
-0.918367	0.306122	0.0631353
-0.918367	0.346939	0.0602469
-0.918367	0.387755	0.0571151
-0.918367	0.428571	0.0537742
-0.918367	0.469388	0.0502586
-0.918367	0.510204	0.0466021
-0.918367	0.55102	0.0428366
-0.918367	0.591837	0.0389918
-0.918367	0.632653	0.0350941
-0.918367	0.673469	0.0311663
-0.918367	0.714286	0.0272269
-0.918367	0.755102	0.0232901
-0.918367	0.795918	0.0193658
-0.918367	0.836735	0.0154594
-0.918367	0.877551	0.0115726
-0.918367	0.918367	0.00770368
-0.918367	0.959184	0.00384823
-0.918367	1	0
-0.877551	-1	0.00463005
-0.877551	-0.959184	0.00927751
-0.877551	-0.918367	0.0139584
-0.877551	-0.877551	0.0186862
-0.877551	-0.836735	0.0234704
-0.877551	-0.795918	0.0283156
-0.877551	-0.755102	0.033221
-0.877551	-0.714286	0.0381792
-0.877551	-0.673469	0.0431764
-0.877551	-0.632653	0.0481921
-0.877551	-0.591837	0.0531996
-0.877551	-0.55102	0.0581659
-0.877551	-0.510204	0.063053
-0.877551	-0.469388	0.0678185
-0.877551	-0.428571	0.0724168
-0.877551	-0.387755	0.0767999
-0.877551	-0.346939	0.0809191
-0.877551	-0.306122	0.0847263
-0.877551	-0.265306	0.0881745
-0.877551	-0.22449	0.0912201
-0.877551	-0.183673	0.0938232
-0.877551	-0.142857	0.0959487
-0.877551	-0.102041	0.0975677
-0.877551	-0.0612245	0.0986574
-0.877551	-0.0204082	0.0992024
-0.877551	0.0204082	0.0991945
-0.877551	0.0612245	0.0986332
-0.877551	0.102041	0.0975253
-0.877551	0.142857	0.0958852
-0.877551	0.183673	0.0937341
-0.877551	0.22449	0.0910997
-0.877551	0.265306	0.0880152
-0.877551	0.306122	0.0845187
-0.877551	0.346939	0.080652
-0.877551	0.387755	0.0764595
-0.877551	0.428571	0.0719871
-0.877551	0.469388	0.0672809
-0.877551	0.510204	0.0623859
-0.877551	0.55102	0.0573451
-0.877551	0.591837	0.0521982
-0.877551	0.632653	0.0469804
-0.877551	0.673469	0.0417222
-0.877551	0.714286	0.0364486
-0.877551	0.755102	0.0311784
-0.877551	0.795918	0.0259249
-0.877551	0.836735	0.0206955
-0.877551	0.877551	0.0154922
-0.877551	0.918367	0.0103129
-0.877551	0.959184	0.00515164
-0.877551	1	0
-0.836735	-1	0.00581548
-0.836735	-0.959184	0.0116528
-0.836735	-0.918367	0.0175322
-0.836735	-0.877551	0.0234704
-0.836735	-0.836735	0.0294794
-0.836735	-0.795918	0.0355651
-0.836735	-0.755102	0.0417263
-0.836735	-0.714286	0.0479539
-0.836735	-0.673469	0.0542304
-0.836735	-0.632653	0.0605303
-0.836735	-0.591837	0.0668197
-0.836735	-0.55102	0.0730574
-0.836735	-0.510204	0.0791957
-0.836735	-0.469388	0.0851812
-0.836735	-0.428571	0.0909566
-0.836735	-0.387755	0.0964617
-0.836735	-0.346939	0.101636
-0.836735	-0.306122	0.106417
-0.836735	-0.265306	0.110748
-0.836735	-0.22449	0.114574
-0.836735	-0.183673	0.117843
-0.836735	-0.142857	0.120513
-0.836735	-0.102041	0.122546
-0.836735	-0.0612245	0.123915
-0.836735	-0.0204082	0.124599
-0.836735	0.0204082	0.124589
-0.836735	0.0612245	0.123884
-0.836735	0.102041	0.122493
-0.836735	0.142857	0.120433
-0.836735	0.183673	0.117731
-0.836735	0.22449	0.114422
-0.836735	0.265306	0.110548
-0.836735	0.306122	0.106157
-0.836735	0.346939	0.1013
-0.836735	0.387755	0.0960342
-0.836735	0.428571	0.0904169
-0.836735	0.469388	0.0845058
-0.836735	0.510204	0.0783578
-0.836735	0.55102	0.0720265
-0.836735	0.591837	0.0655619
-0.836735	0.632653	0.0590083
-0.836735	0.673469	0.052404
-0.836735	0.714286	0.0457802
-0.836735	0.755102	0.0391608
-0.836735	0.795918	0.0325623
-0.836735	0.836735	0.025994
-0.836735	0.877551	0.0194586
-0.836735	0.918367	0.0129533
-0.836735	0.959184	0.00647058
-0.836735	1	0
-0.795918	-1	0.00701604
-0.795918	-0.959184	0.0140585
-0.795918	-0.918367	0.0211515
-0.795918	-0.877551	0.0283156
-0.795918	-0.836735	0.0355651
-0.795918	-0.795918	0.0429072
-0.795918	-0.755102	0.0503402
-0.795918	-0.714286	0.0578534
-0.795918	-0.673469	0.0654256
-0.795918	-0.632653	0.0730258
-0.795918	-0.591837	0.0806135
-0.795918	-0.55102	0.0881388
-0.795918	-0.510204	0.0955441
-0.795918	-0.469388	0.102765
-0.795918	-0.428571	0.109733
-0.795918	-0.387755	0.116374
-0.795918	-0.346939	0.122616
-0.795918	-0.306122	0.128385
-0.795918	-0.265306	0.13361
-0.795918	-0.22449	0.138224
-0.795918	-0.183673	0.142169
-0.795918	-0.142857	0.145389
-0.795918	-0.102041	0.147842
-0.795918	-0.0612245	0.149494
-0.795918	-0.0204082	0.150319
-0.795918	0.0204082	0.150308
-0.795918	0.0612245	0.149457
-0.795918	0.102041	0.147778
-0.795918	0.142857	0.145293
-0.795918	0.183673	0.142034
-0.795918	0.22449	0.138042
-0.795918	0.265306	0.133368
-0.795918	0.306122	0.12807
-0.795918	0.346939	0.122211
-0.795918	0.387755	0.115858
-0.795918	0.428571	0.109081
-0.795918	0.469388	0.10195
-0.795918	0.510204	0.0945332
-0.795918	0.55102	0.086895
-0.795918	0.591837	0.0790959
-0.795918	0.632653	0.0711895
-0.795918	0.673469	0.0632219
-0.795918	0.714286	0.0552308
-0.795918	0.755102	0.047245
-0.795918	0.795918	0.0392844
-0.795918	0.836735	0.0313601
-0.795918	0.877551	0.0234756
-0.795918	0.918367	0.0156273
-0.795918	0.959184	0.00780636
-0.795918	1	0
-0.755102	-1	0.0082315
-0.755102	-0.959184	0.0164939
-0.755102	-0.918367	0.0248158
-0.755102	-0.877551	0.033221
-0.755102	-0.836735	0.0417263
-0.755102	-0.795918	0.0503402
-0.755102	-0.755102	0.0590609
-0.755102	-0.714286	0.0678755
-0.755102	-0.673469	0.0767594
-0.755102	-0.632653	0.0856762
-0.755102	-0.591837	0.0945782
-0.755102	-0.55102	0.103407
-0.755102	-0.510204	0.112095
-0.755102	-0.469388	0.120567
-0.755102	-0.428571	0.128741
-0.755102	-0.387755	0.136533
-0.755102	-0.346939	0.143856
-0.755102	-0.306122	0.150624
-0.755102	-0.265306	0.156754
-0.755102	-0.22449	0.162168
-0.755102	-0.183673	0.166795
-0.755102	-0.142857	0.170574
-0.755102	-0.102041	0.173452
-0.755102	-0.0612245	0.175389
-0.755102	-0.0204082	0.176358
-0.755102	0.0204082	0.176344
-0.755102	0.0612245	0.175346
-0.755102	0.102041	0.173376
-0.755102	0.142857	0.170461
-0.755102	0.183673	0.166637
-0.755102	0.22449	0.161953
-0.755102	0.265306	0.15647
-0.755102	0.306122	0.150255
-0.755102	0.346939	0.143381
-0.755102	0.387755	0.135928
-0.755102	0.428571	0.127977
-0.755102	0.469388	0.119611
-0.755102	0.510204	0.110909
-0.755102	0.55102	0.101948
-0.755102	0.591837	0.0927976
-0.755102	0.632653	0.0835217
-0.755102	0.673469	0.0741739
-0.755102	0.714286	0.0647985
-0.755102	0.755102	0.0554294
-0.755102	0.795918	0.0460897
-0.755102	0.836735	0.0367928
-0.755102	0.877551	0.0275424
-0.755102	0.918367	0.0183345
-0.755102	0.959184	0.0091587
-0.755102	1	0
-0.714286	-1	0.00946006
-0.714286	-0.959184	0.0189557
-0.714286	-0.918367	0.0285196
-0.714286	-0.877551	0.0381792
-0.714286	-0.836735	0.0479539
-0.714286	-0.795918	0.0578534
-0.714286	-0.755102	0.0678755
-0.714286	-0.714286	0.0780055
-0.714286	-0.673469	0.0882152
-0.714286	-0.632653	0.0984626
-0.714286	-0.591837	0.108693
-0.714286	-0.55102	0.118839
-0.714286	-0.510204	0.128824
-0.714286	-0.469388	0.13856
-0.714286	-0.428571	0.147954
-0.714286	-0.387755	0.156908
-0.714286	-0.346939	0.165324
-0.714286	-0.306122	0.173101
-0.714286	-0.265306	0.180146
-0.714286	-0.22449	0.186368
-0.714286	-0.183673	0.191686
-0.714286	-0.142857	0.196028
-0.714286	-0.102041	0.199336
-0.714286	-0.0612245	0.201562
-0.714286	-0.0204082	0.202675
-0.714286	0.0204082	0.202659
-0.714286	0.0612245	0.201512
-0.714286	0.102041	0.199249
-0.714286	0.142857	0.195898
-0.714286	0.183673	0.191504
-0.714286	0.22449	0.186122
-0.714286	0.265306	0.17982
-0.714286	0.306122	0.172677
-0.714286	0.346939	0.164778
-0.714286	0.387755	0.156213
-0.714286	0.428571	0.147076
-0.714286	0.469388	0.137461
-0.714286	0.510204	0.12746
-0.714286	0.55102	0.117162
-0.714286	0.591837	0.106647
-0.714286	0.632653	0.0959864
-0.714286	0.673469	0.0852437
-0.714286	0.714286	0.0744692
-0.714286	0.755102	0.0637018
-0.714286	0.795918	0.0529683
-0.714286	0.836735	0.0422839
-0.714286	0.877551	0.031653
-0.714286	0.918367	0.0210709
-0.714286	0.959184	0.0105256
-0.714286	1	0
-0.673469	-1	0.0106983
-0.673469	-0.959184	0.0214368
-0.673469	-0.918367	0.0322525
-0.673469	-0.877551	0.0431764
-0.673469	-0.836735	0.0542304
-0.673469	-0.795918	0.0654256
-0.673469	-0.755102	0.0767594
-0.673469	-0.714286	0.0882152
-0.673469	-0.673469	0.0997609
-0.673469	-0.632653	0.111349
-0.673469	-0.591837	0.122919
-0.673469	-0.55102	0.134393
-0.673469	-0.510204	0.145684
-0.673469	-0.469388	0.156694
-0.673469	-0.428571	0.167317
-0.673469	-0.387755	0.177443
-0.673469	-0.346939	0.18696
-0.673469	-0.306122	0.195755
-0.673469	-0.265306	0.203722
-0.673469	-0.22449	0.210758
-0.673469	-0.183673	0.216772
-0.673469	-0.142857	0.221682
-0.673469	-0.102041	0.225422
-0.673469	-0.0612245	0.22794
-0.673469	-0.0204082	0.229199
-0.673469	0.0204082	0.229181
-0.673469	0.0612245	0.227884
-0.673469	0.102041	0.225324
-0.673469	0.142857	0.221535
-0.673469	0.183673	0.216566
-0.673469	0.22449	0.210479
-0.673469	0.265306	0.203353
-0.673469	0.306122	0.195276
-0.673469	0.346939	0.186342
-0.673469	0.387755	0.176656
-0.673469	0.428571	0.166324
-0.673469	0.469388	0.155451
-0.673469	0.510204	0.144142
-0.673469	0.55102	0.132496
-0.673469	0.591837	0.120604
-0.673469	0.632653	0.108549
-0.673469	0.673469	0.0964004
-0.673469	0.714286	0.0842158
-0.673469	0.755102	0.0720393
-0.673469	0.795918	0.059901
-0.673469	0.836735	0.0478182
-0.673469	0.877551	0.0357959
-0.673469	0.918367	0.0238288
-0.673469	0.959184	0.0119033
-0.673469	1	0
-0.632653	-1	0.0119411
-0.632653	-0.959184	0.0239271
-0.632653	-0.918367	0.0359992
-0.632653	-0.877551	0.0481921
-0.632653	-0.836735	0.0605303
-0.632653	-0.795918	0.0730258
-0.632653	-0.755102	0.0856762
-0.632653	-0.714286	0.0984626
-0.632653	-0.673469	0.111349
-0.632653	-0.632653	0.124284
-0.632653	-0.591837	0.137197
-0.632653	-0.55102	0.150003
-0.632653	-0.510204	0.162606
-0.632653	-0.469388	0.174894
-0.632653	-0.428571	0.186752
-0.632653	-0.387755	0.198054
-0.632653	-0.346939	0.208676
-0.632653	-0.306122	0.218493
-0.632653	-0.265306	0.227384
-0.632653	-0.22449	0.235237
-0.632653	-0.183673	0.241949
-0.632653	-0.142857	0.24743
-0.632653	-0.102041	0.251605
-0.632653	-0.0612245	0.254415
-0.632653	-0.0204082	0.25582
-0.632653	0.0204082	0.2558
-0.632653	0.0612245	0.254352
-0.632653	0.102041	0.251495
-0.632653	0.142857	0.247266
-0.632653	0.183673	0.24172
-0.632653	0.22449	0.234927
-0.632653	0.265306	0.226973
-0.632653	0.306122	0.217957
-0.632653	0.346939	0.207986
-0.632653	0.387755	0.197176
-0.632653	0.428571	0.185643
-0.632653	0.469388	0.173507
-0.632653	0.510204	0.160885
-0.632653	0.55102	0.147886
-0.632653	0.591837	0.134613
-0.632653	0.632653	0.121158
-0.632653	0.673469	0.107598
-0.632653	0.714286	0.0939985
-0.632653	0.755102	0.0804076
-0.632653	0.795918	0.0668594
-0.632653	0.836735	0.053373
-0.632653	0.877551	0.0399541
-0.632653	0.918367	0.0265969
-0.632653	0.959184	0.013286
-0.632653	1	0
-0.591837	-1	0.0131819
-0.591837	-0.959184	0.0264133
-0.591837	-0.918367	0.0397398
-0.591837	-0.877551	0.0531996
-0.591837	-0.836735	0.0668197
-0.591837	-0.795918	0.0806135
-0.591837	-0.755102	0.0945782
-0.591837	-0.714286	0.108693
-0.591837	-0.673469	0.122919
-0.591837	-0.632653	0.137197
-0.591837	-0.591837	0.151451
-0.591837	-0.55102	0.165588
-0.591837	-0.510204	0.1795
-0.591837	-0.469388	0.193065
-0.591837	-0.428571	0.206153
-0.591837	-0.387755	0.21863
-0.591837	-0.346939	0.230355
-0.591837	-0.306122	0.241191
-0.591837	-0.265306	0.251007
-0.591837	-0.22449	0.259676
-0.591837	-0.183673	0.267085
-0.591837	-0.142857	0.273135
-0.591837	-0.102041	0.277743
-0.591837	-0.0612245	0.280845
-0.591837	-0.0204082	0.282396
-0.591837	0.0204082	0.282373
-0.591837	0.0612245	0.280775
-0.591837	0.102041	0.277622
-0.591837	0.142857	0.272954
-0.591837	0.183673	0.266831
-0.591837	0.22449	0.259332
-0.591837	0.265306	0.250553
-0.591837	0.306122	0.2406
-0.591837	0.346939	0.229594
-0.591837	0.387755	0.21766
-0.591837	0.428571	0.20493
-0.591837	0.469388	0.191533
-0.591837	0.510204	0.1776
-0.591837	0.55102	0.163251
-0.591837	0.591837	0.148599
-0.591837	0.632653	0.133746
-0.591837	0.673469	0.118778
-0.591837	0.714286	0.103765
-0.591837	0.755102	0.0887619
-0.591837	0.795918	0.0738061
-0.591837	0.836735	0.0589185
-0.591837	0.877551	0.0441055
-0.591837	0.918367	0.0293604
-0.591837	0.959184	0.0146665
-0.591837	1	0
-0.55102	-1	0.0144125
-0.55102	-0.959184	0.0288791
-0.55102	-0.918367	0.0434496
-0.55102	-0.877551	0.0581659
-0.55102	-0.836735	0.0730574
-0.55102	-0.795918	0.0881388
-0.55102	-0.755102	0.103407
-0.55102	-0.714286	0.118839
-0.55102	-0.673469	0.134393
-0.55102	-0.632653	0.150003
-0.55102	-0.591837	0.165588
-0.55102	-0.55102	0.181045
-0.55102	-0.510204	0.196254
-0.55102	-0.469388	0.211085
-0.55102	-0.428571	0.225396
-0.55102	-0.387755	0.239036
-0.55102	-0.346939	0.251855
-0.55102	-0.306122	0.263703
-0.55102	-0.265306	0.274434
-0.55102	-0.22449	0.283912
-0.55102	-0.183673	0.292013
-0.55102	-0.142857	0.298627
-0.55102	-0.102041	0.303665
-0.55102	-0.0612245	0.307057
-0.55102	-0.0204082	0.308753
-0.55102	0.0204082	0.308728
-0.55102	0.0612245	0.306981
-0.55102	0.102041	0.303533
-0.55102	0.142857	0.298429
-0.55102	0.183673	0.291735
-0.55102	0.22449	0.283537
-0.55102	0.265306	0.273938
-0.55102	0.306122	0.263057
-0.55102	0.346939	0.251023
-0.55102	0.387755	0.237976
-0.55102	0.428571	0.224057
-0.55102	0.469388	0.209411
-0.55102	0.510204	0.194177
-0.55102	0.55102	0.178489
-0.55102	0.591837	0.16247
-0.55102	0.632653	0.14623
-0.55102	0.673469	0.129865
-0.55102	0.714286	0.113451
-0.55102	0.755102	0.0970475
-0.55102	0.795918	0.0806957
-0.55102	0.836735	0.0644185
-0.55102	0.877551	0.0482227
-0.55102	0.918367	0.0321011
-0.55102	0.959184	0.0160356
-0.55102	1	0
-0.510204	-1	0.0156234
-0.510204	-0.959184	0.0313055
-0.510204	-0.918367	0.0471003
-0.510204	-0.877551	0.063053
-0.510204	-0.836735	0.0791957
-0.510204	-0.795918	0.0955441
-0.510204	-0.755102	0.112095
-0.510204	-0.714286	0.128824
-0.510204	-0.673469	0.145684
-0.510204	-0.632653	0.162606
-0.510204	-0.591837	0.1795
-0.510204	-0.55102	0.196254
-0.510204	-0.510204	0.212741
-0.510204	-0.469388	0.228818
-0.510204	-0.428571	0.24433
-0.510204	-0.387755	0.259117
-0.510204	-0.346939	0.273013
-0.510204	-0.306122	0.285855
-0.510204	-0.265306	0.297488
-0.510204	-0.22449	0.307762
-0.510204	-0.183673	0.316542
-0.510204	-0.142857	0.323713
-0.510204	-0.102041	0.329174
-0.510204	-0.0612245	0.33285
-0.510204	-0.0204082	0.334688
-0.510204	0.0204082	0.334662
-0.510204	0.0612245	0.332768
-0.510204	0.102041	0.329031
-0.510204	0.142857	0.323498
-0.510204	0.183673	0.316242
-0.510204	0.22449	0.307355
-0.510204	0.265306	0.29695
-0.510204	0.306122	0.285155
-0.510204	0.346939	0.27211
-0.510204	0.387755	0.257967
-0.510204	0.428571	0.24288
-0.510204	0.469388	0.227003
-0.510204	0.510204	0.210489
-0.510204	0.55102	0.193483
-0.510204	0.591837	0.176119
-0.510204	0.632653	0.158515
-0.510204	0.673469	0.140775
-0.510204	0.714286	0.122982
-0.510204	0.755102	0.105201
-0.510204	0.795918	0.0874754
-0.510204	0.836735	0.0698307
-0.510204	0.877551	0.0522742
-0.510204	0.918367	0.0347982
-0.510204	0.959184	0.0173829
-0.510204	1	0
-0.469388	-1	0.0168043
-0.469388	-0.959184	0.0336716
-0.469388	-0.918367	0.0506602
-0.469388	-0.877551	0.0678185
-0.469388	-0.836735	0.0851812
-0.469388	-0.795918	0.102765
-0.469388	-0.755102	0.120567
-0.469388	-0.714286	0.13856
-0.469388	-0.673469	0.156694
-0.469388	-0.632653	0.174894
-0.469388	-0.591837	0.193065
-0.469388	-0.55102	0.211085
-0.469388	-0.510204	0.228818
-0.469388	-0.469388	0.24611
-0.469388	-0.428571	0.262794
-0.469388	-0.387755	0.278697
-0.469388	-0.346939	0.293643
-0.469388	-0.306122	0.307456
-0.469388	-0.265306	0.319967
-0.469388	-0.22449	0.331017
-0.469388	-0.183673	0.340461
-0.469388	-0.142857	0.348173
-0.469388	-0.102041	0.354047
-0.469388	-0.0612245	0.358001
-0.469388	-0.0204082	0.359978
-0.469388	0.0204082	0.359949
-0.469388	0.0612245	0.357912
-0.469388	0.102041	0.353893
-0.469388	0.142857	0.347942
-0.469388	0.183673	0.340138
-0.469388	0.22449	0.330579
-0.469388	0.265306	0.319388
-0.469388	0.306122	0.306702
-0.469388	0.346939	0.292672
-0.469388	0.387755	0.277461
-0.469388	0.428571	0.261233
-0.469388	0.469388	0.244157
-0.469388	0.510204	0.226396
-0.469388	0.55102	0.208105
-0.469388	0.591837	0.189428
-0.469388	0.632653	0.170495
-0.469388	0.673469	0.151414
-0.469388	0.714286	0.132277
-0.469388	0.755102	0.113152
-0.469388	0.795918	0.0940864
-0.469388	0.836735	0.0751082
-0.469388	0.877551	0.0562249
-0.469388	0.918367	0.0374281
-0.469388	0.959184	0.0186966
-0.469388	1	0
-0.428571	-1	0.0179437
-0.428571	-0.959184	0.0359547
-0.428571	-0.918367	0.0540951
-0.428571	-0.877551	0.0724168
-0.428571	-0.836735	0.0909566
-0.428571	-0.795918	0.109733
-0.428571	-0.755102	0.128741
-0.428571	-0.714286	0.147954
-0.428571	-0.673469	0.167317
-0.428571	-0.632653	0.186752
-0.428571	-0.591837	0.206153
-0.428571	-0.55102	0.225396
-0.428571	-0.510204	0.24433
-0.428571	-0.469388	0.262794
-0.428571	-0.428571	0.280609
-0.428571	-0.387755	0.29759
-0.428571	-0.346939	0.313549
-0.428571	-0.306122	0.328298
-0.428571	-0.265306	0.341657
-0.428571	-0.22449	0.353456
-0.428571	-0.183673	0.36354
-0.428571	-0.142857	0.371774
-0.428571	-0.102041	0.378046
-0.428571	-0.0612245	0.382268
-0.428571	-0.0204082	0.384379
-0.428571	0.0204082	0.384348
-0.428571	0.0612245	0.382174
-0.428571	0.102041	0.377882
-0.428571	0.142857	0.371528
-0.428571	0.183673	0.363194
-0.428571	0.22449	0.352988
-0.428571	0.265306	0.341039
-0.428571	0.306122	0.327493
-0.428571	0.346939	0.312512
-0.428571	0.387755	0.296269
-0.428571	0.428571	0.278942
-0.428571	0.469388	0.260708
-0.428571	0.510204	0.241743
-0.428571	0.55102	0.222213
-0.428571	0.591837	0.20227
-0.428571	0.632653	0.182053
-0.428571	0.673469	0.161679
-0.428571	0.714286	0.141244
-0.428571	0.755102	0.120823
-0.428571	0.795918	0.100465
-0.428571	0.836735	0.0802005
-0.428571	0.877551	0.0600369
-0.428571	0.918367	0.0399657
-0.428571	0.959184	0.0199642
-0.428571	1	0
-0.387755	-1	0.0190297
-0.387755	-0.959184	0.0381309
-0.387755	-0.918367	0.0573693
-0.387755	-0.877551	0.0767999
-0.387755	-0.836735	0.0964617
-0.387755	-0.795918	0.116374
-0.387755	-0.755102	0.136533
-0.387755	-0.714286	0.156908
-0.387755	-0.673469	0.177443
-0.387755	-0.632653	0.198054
-0.387755	-0.591837	0.21863
-0.387755	-0.55102	0.239036
-0.387755	-0.510204	0.259117
-0.387755	-0.469388	0.278697
-0.387755	-0.428571	0.29759
-0.387755	-0.387755	0.315598
-0.387755	-0.346939	0.332523
-0.387755	-0.306122	0.348164
-0.387755	-0.265306	0.362331
-0.387755	-0.22449	0.374844
-0.387755	-0.183673	0.385538
-0.387755	-0.142857	0.394271
-0.387755	-0.102041	0.400922
-0.387755	-0.0612245	0.405399
-0.387755	-0.0204082	0.407638
-0.387755	0.0204082	0.407606
-0.387755	0.0612245	0.405299
-0.387755	0.102041	0.400748
-0.387755	0.142857	0.394009
-0.387755	0.183673	0.385172
-0.387755	0.22449	0.374348
-0.387755	0.265306	0.361676
-0.387755	0.306122	0.34731
-0.387755	0.346939	0.331423
-0.387755	0.387755	0.314198
-0.387755	0.428571	0.295822
-0.387755	0.469388	0.276485
-0.387755	0.510204	0.256373
-0.387755	0.55102	0.235661
-0.387755	0.591837	0.214511
-0.387755	0.632653	0.193071
-0.387755	0.673469	0.171464
-0.387755	0.714286	0.149793
-0.387755	0.755102	0.128135
-0.387755	0.795918	0.106546
-0.387755	0.836735	0.0850544
-0.387755	0.877551	0.0636706
-0.387755	0.918367	0.0423846
-0.387755	0.959184	0.0211725
-0.387755	1	0
-0.346939	-1	0.0200505
-0.346939	-0.959184	0.0401761
-0.346939	-0.918367	0.0604464
-0.346939	-0.877551	0.0809191
-0.346939	-0.836735	0.101636
-0.346939	-0.795918	0.122616
-0.346939	-0.755102	0.143856
-0.346939	-0.714286	0.165324
-0.346939	-0.673469	0.18696
-0.346939	-0.632653	0.208676
-0.346939	-0.591837	0.230355
-0.346939	-0.55102	0.251855
-0.346939	-0.510204	0.273013
-0.346939	-0.469388	0.293643
-0.346939	-0.428571	0.313549
-0.346939	-0.387755	0.332523
-0.346939	-0.346939	0.350354
-0.346939	-0.306122	0.366834
-0.346939	-0.265306	0.381761
-0.346939	-0.22449	0.394945
-0.346939	-0.183673	0.406212
-0.346939	-0.142857	0.415413
-0.346939	-0.102041	0.422421
-0.346939	-0.0612245	0.427138
-0.346939	-0.0204082	0.429497
-0.346939	0.0204082	0.429463
-0.346939	0.0612245	0.427033
-0.346939	0.102041	0.422237
-0.346939	0.142857	0.415137
-0.346939	0.183673	0.405826
-0.346939	0.22449	0.394422
-0.346939	0.265306	0.38107
-0.346939	0.306122	0.365935
-0.346939	0.346939	0.349196
-0.346939	0.387755	0.331047
-0.346939	0.428571	0.311686
-0.346939	0.469388	0.291313
-0.346939	0.510204	0.270122
-0.346939	0.55102	0.248299
-0.346939	0.591837	0.226016
-0.346939	0.632653	0.203425
-0.346939	0.673469	0.18066
-0.346939	0.714286	0.157826
-0.346939	0.755102	0.135007
-0.346939	0.795918	0.11226
-0.346939	0.836735	0.0896162
-0.346939	0.877551	0.0670855
-0.346939	0.918367	0.0446579
-0.346939	0.959184	0.0223081
-0.346939	1	0
-0.306122	-1	0.0209938
-0.306122	-0.959184	0.0420664
-0.306122	-0.918367	0.0632904
-0.306122	-0.877551	0.0847263
-0.306122	-0.836735	0.106417
-0.306122	-0.795918	0.128385
-0.306122	-0.755102	0.150624
-0.306122	-0.714286	0.173101
-0.306122	-0.673469	0.195755
-0.306122	-0.632653	0.218493
-0.306122	-0.591837	0.241191
-0.306122	-0.55102	0.263703
-0.306122	-0.510204	0.285855
-0.306122	-0.469388	0.307456
-0.306122	-0.428571	0.328298
-0.306122	-0.387755	0.348164
-0.306122	-0.346939	0.366834
-0.306122	-0.306122	0.38409
-0.306122	-0.265306	0.399718
-0.306122	-0.22449	0.413522
-0.306122	-0.183673	0.425319
-0.306122	-0.142857	0.434953
-0.306122	-0.102041	0.44229
-0.306122	-0.0612245	0.447229
-0.306122	-0.0204082	0.449699
-0.306122	0.0204082	0.449663
-0.306122	0.0612245	0.447119
-0.306122	0.102041	0.442097
-0.306122	0.142857	0.434664
-0.306122	0.183673	0.424915
-0.306122	0.22449	0.412975
-0.306122	0.265306	0.398995
-0.306122	0.306122	0.383147
-0.306122	0.346939	0.365622
-0.306122	0.387755	0.346619
-0.306122	0.428571	0.326348
-0.306122	0.469388	0.305016
-0.306122	0.510204	0.282828
-0.306122	0.55102	0.259979
-0.306122	0.591837	0.236648
-0.306122	0.632653	0.212995
-0.306122	0.673469	0.189159
-0.306122	0.714286	0.165251
-0.306122	0.755102	0.141359
-0.306122	0.795918	0.117541
-0.306122	0.836735	0.0938323
-0.306122	0.877551	0.0702416
-0.306122	0.918367	0.0467589
-0.306122	0.959184	0.0233577
-0.306122	1	0
-0.265306	-1	0.0218483
-0.265306	-0.959184	0.0437785
-0.265306	-0.918367	0.0658662
-0.265306	-0.877551	0.0881745
-0.265306	-0.836735	0.110748
-0.265306	-0.795918	0.13361
-0.265306	-0.755102	0.156754
-0.265306	-0.714286	0.180146
-0.265306	-0.673469	0.203722
-0.265306	-0.632653	0.227384
-0.265306	-0.591837	0.251007
-0.265306	-0.55102	0.274434
-0.265306	-0.510204	0.297488
-0.265306	-0.469388	0.319967
-0.265306	-0.428571	0.341657
-0.265306	-0.387755	0.362331
-0.265306	-0.346939	0.381761
-0.265306	-0.306122	0.399718
-0.265306	-0.265306	0.415983
-0.265306	-0.22449	0.430348
-0.265306	-0.183673	0.442625
-0.265306	-0.142857	0.45265
-0.265306	-0.102041	0.460286
-0.265306	-0.0612245	0.465426
-0.265306	-0.0204082	0.467996
-0.265306	0.0204082	0.467959
-0.265306	0.0612245	0.465311
-0.265306	0.102041	0.460086
-0.265306	0.142857	0.45235
-0.265306	0.183673	0.442204
-0.265306	0.22449	0.429778
-0.265306	0.265306	0.41523
-0.265306	0.306122	0.398738
-0.265306	0.346939	0.380499
-0.265306	0.387755	0.360723
-0.265306	0.428571	0.339627
-0.265306	0.469388	0.317428
-0.265306	0.510204	0.294337
-0.265306	0.55102	0.270558
-0.265306	0.591837	0.246278
-0.265306	0.632653	0.221663
-0.265306	0.673469	0.196856
-0.265306	0.714286	0.171976
-0.265306	0.755102	0.147112
-0.265306	0.795918	0.122325
-0.265306	0.836735	0.097651
-0.265306	0.877551	0.0731002
-0.265306	0.918367	0.0486619
-0.265306	0.959184	0.0243083
-0.265306	1	0
-0.22449	-1	0.0226029
-0.22449	-0.959184	0.0452907
-0.22449	-0.918367	0.0681413
-0.22449	-0.877551	0.0912201
-0.22449	-0.836735	0.114574
-0.22449	-0.795918	0.138224
-0.22449	-0.755102	0.162168
-0.22449	-0.714286	0.186368
-0.22449	-0.673469	0.210758
-0.22449	-0.632653	0.235237
-0.22449	-0.591837	0.259676
-0.22449	-0.55102	0.283912
-0.22449	-0.510204	0.307762
-0.22449	-0.469388	0.331017
-0.22449	-0.428571	0.353456
-0.22449	-0.387755	0.374844
-0.22449	-0.346939	0.394945
-0.22449	-0.306122	0.413522
-0.22449	-0.265306	0.430348
-0.22449	-0.22449	0.445208
-0.22449	-0.183673	0.45791
-0.22449	-0.142857	0.468281
-0.22449	-0.102041	0.47618
-0.22449	-0.0612245	0.481498
-0.22449	-0.0204082	0.484157
-0.22449	0.0204082	0.484118
-0.22449	0.0612245	0.481379
-0.22449	0.102041	0.475973
-0.22449	0.142857	0.46797
-0.22449	0.183673	0.457474
-0.22449	0.22449	0.444619
-0.22449	0.265306	0.429569
-0.22449	0.306122	0.412507
-0.22449	0.346939	0.393639
-0.22449	0.387755	0.37318
-0.22449	0.428571	0.351356
-0.22449	0.469388	0.32839
-0.22449	0.510204	0.304502
-0.22449	0.55102	0.279902
-0.22449	0.591837	0.254783
-0.22449	0.632653	0.229318
-0.22449	0.673469	0.203655
-0.22449	0.714286	0.177916
-0.22449	0.755102	0.152193
-0.22449	0.795918	0.12655
-0.22449	0.836735	0.101024
-0.22449	0.877551	0.075625
-0.22449	0.918367	0.0503426
-0.22449	0.959184	0.0251478
-0.22449	1	0
-0.183673	-1	0.0232479
-0.183673	-0.959184	0.0465831
-0.183673	-0.918367	0.0700858
-0.183673	-0.877551	0.0938232
-0.183673	-0.836735	0.117843
-0.183673	-0.795918	0.142169
-0.183673	-0.755102	0.166795
-0.183673	-0.714286	0.191686
-0.183673	-0.673469	0.216772
-0.183673	-0.632653	0.241949
-0.183673	-0.591837	0.267085
-0.183673	-0.55102	0.292013
-0.183673	-0.510204	0.316542
-0.183673	-0.469388	0.340461
-0.183673	-0.428571	0.36354
-0.183673	-0.387755	0.385538
-0.183673	-0.346939	0.406212
-0.183673	-0.306122	0.425319
-0.183673	-0.265306	0.442625
-0.183673	-0.22449	0.45791
-0.183673	-0.183673	0.470973
-0.183673	-0.142857	0.48164
-0.183673	-0.102041	0.489765
-0.183673	-0.0612245	0.495234
-0.183673	-0.0204082	0.497969
-0.183673	0.0204082	0.497929
-0.183673	0.0612245	0.495112
-0.183673	0.102041	0.489552
-0.183673	0.142857	0.481321
-0.183673	0.183673	0.470525
-0.183673	0.22449	0.457304
-0.183673	0.265306	0.441824
-0.183673	0.306122	0.424276
-0.183673	0.346939	0.404869
-0.183673	0.387755	0.383827
-0.183673	0.428571	0.36138
-0.183673	0.469388	0.337759
-0.183673	0.510204	0.31319
-0.183673	0.55102	0.287888
-0.183673	0.591837	0.262053
-0.183673	0.632653	0.235861
-0.183673	0.673469	0.209466
-0.183673	0.714286	0.182992
-0.183673	0.755102	0.156535
-0.183673	0.795918	0.130161
-0.183673	0.836735	0.103906
-0.183673	0.877551	0.077783
-0.183673	0.918367	0.0517791
-0.183673	0.959184	0.0258654
-0.183673	1	0
-0.142857	-1	0.0237746
-0.142857	-0.959184	0.0476384
-0.142857	-0.918367	0.0716736
-0.142857	-0.877551	0.0959487
-0.142857	-0.836735	0.120513
-0.142857	-0.795918	0.145389
-0.142857	-0.755102	0.170574
-0.142857	-0.714286	0.196028
-0.142857	-0.673469	0.221682
-0.142857	-0.632653	0.24743
-0.142857	-0.591837	0.273135
-0.142857	-0.55102	0.298627
-0.142857	-0.510204	0.323713
-0.142857	-0.469388	0.348173
-0.142857	-0.428571	0.371774
-0.142857	-0.387755	0.394271
-0.142857	-0.346939	0.415413
-0.142857	-0.306122	0.434953
-0.142857	-0.265306	0.45265
-0.142857	-0.22449	0.468281
-0.142857	-0.183673	0.48164
-0.142857	-0.142857	0.492549
-0.142857	-0.102041	0.500858
-0.142857	-0.0612245	0.50645
-0.142857	-0.0204082	0.509247
-0.142857	0.0204082	0.509207
-0.142857	0.0612245	0.506326
-0.142857	0.102041	0.500639
-0.142857	0.142857	0.492222
-0.142857	0.183673	0.481182
-0.142857	0.22449	0.467661
-0.142857	0.265306	0.451831
-0.142857	0.306122	0.433885
-0.142857	0.346939	0.414039
-0.142857	0.387755	0.392521
-0.142857	0.428571	0.369565
-0.142857	0.469388	0.345409
-0.142857	0.510204	0.320284
-0.142857	0.55102	0.294409
-0.142857	0.591837	0.267989
-0.142857	0.632653	0.241204
-0.142857	0.673469	0.214211
-0.142857	0.714286	0.187137
-0.142857	0.755102	0.160081
-0.142857	0.795918	0.133109
-0.142857	0.836735	0.10626
-0.142857	0.877551	0.079545
-0.142857	0.918367	0.0529521
-0.142857	0.959184	0.0264514
-0.142857	1	0
-0.102041	-1	0.0241758
-0.102041	-0.959184	0.0484423
-0.102041	-0.918367	0.072883
-0.102041	-0.877551	0.0975677
-0.102041	-0.836735	0.122546
-0.102041	-0.795918	0.147842
-0.102041	-0.755102	0.173452
-0.102041	-0.714286	0.199336
-0.102041	-0.673469	0.225422
-0.102041	-0.632653	0.251605
-0.102041	-0.591837	0.277743
-0.102041	-0.55102	0.303665
-0.102041	-0.510204	0.329174
-0.102041	-0.469388	0.354047
-0.102041	-0.428571	0.378046
-0.102041	-0.387755	0.400922
-0.102041	-0.346939	0.422421
-0.102041	-0.306122	0.44229
-0.102041	-0.265306	0.460286
-0.102041	-0.22449	0.47618
-0.102041	-0.183673	0.489765
-0.102041	-0.142857	0.500858
-0.102041	-0.102041	0.509306
-0.102041	-0.0612245	0.514993
-0.102041	-0.0204082	0.517838
-0.102041	0.0204082	0.517796
-0.102041	0.0612245	0.514866
-0.102041	0.102041	0.509085
-0.102041	0.142857	0.500525
-0.102041	0.183673	0.489299
-0.102041	0.22449	0.47555
-0.102041	0.265306	0.459453
-0.102041	0.306122	0.441205
-0.102041	0.346939	0.421024
-0.102041	0.387755	0.399143
-0.102041	0.428571	0.3758
-0.102041	0.469388	0.351236
-0.102041	0.510204	0.325687
-0.102041	0.55102	0.299376
-0.102041	0.591837	0.27251
-0.102041	0.632653	0.245273
-0.102041	0.673469	0.217825
-0.102041	0.714286	0.190295
-0.102041	0.755102	0.162782
-0.102041	0.795918	0.135355
-0.102041	0.836735	0.108053
-0.102041	0.877551	0.0808871
-0.102041	0.918367	0.0538456
-0.102041	0.959184	0.0268977
-0.102041	1	0
-0.0612245	-1	0.0244458
-0.0612245	-0.959184	0.0489833
-0.0612245	-0.918367	0.073697
-0.0612245	-0.877551	0.0986574
-0.0612245	-0.836735	0.123915
-0.0612245	-0.795918	0.149494
-0.0612245	-0.755102	0.175389
-0.0612245	-0.714286	0.201562
-0.0612245	-0.673469	0.22794
-0.0612245	-0.632653	0.254415
-0.0612245	-0.591837	0.280845
-0.0612245	-0.55102	0.307057
-0.0612245	-0.510204	0.33285
-0.0612245	-0.469388	0.358001
-0.0612245	-0.428571	0.382268
-0.0612245	-0.387755	0.405399
-0.0612245	-0.346939	0.427138
-0.0612245	-0.306122	0.447229
-0.0612245	-0.265306	0.465426
-0.0612245	-0.22449	0.481498
-0.0612245	-0.183673	0.495234
-0.0612245	-0.142857	0.50645
-0.0612245	-0.102041	0.514993
-0.0612245	-0.0612245	0.520744
-0.0612245	-0.0204082	0.52362
-0.0612245	0.0204082	0.523578
-0.0612245	0.0612245	0.520616
-0.0612245	0.102041	0.514769
-0.0612245	0.142857	0.506114
-0.0612245	0.183673	0.494763
-0.0612245	0.22449	0.48086
-0.0612245	0.265306	0.464583
-0.0612245	0.306122	0.446131
-0.0612245	0.346939	0.425725
-0.0612245	0.387755	0.4036
-0.0612245	0.428571	0.379997
-0.0612245	0.469388	0.355159
-0.0612245	0.510204	0.329324
-0.0612245	0.55102	0.302719
-0.0612245	0.591837	0.275553
-0.0612245	0.632653	0.248012
-0.0612245	0.673469	0.220258
-0.0612245	0.714286	0.19242
-0.0612245	0.755102	0.1646
-0.0612245	0.795918	0.136867
-0.0612245	0.836735	0.10926
-0.0612245	0.877551	0.0817905
-0.0612245	0.918367	0.0544469
-0.0612245	0.959184	0.0271981
-0.0612245	1	0
-0.0204082	-1	0.0245809
-0.0204082	-0.959184	0.0492539
-0.0204082	-0.918367	0.0741041
-0.0204082	-0.877551	0.0992024
-0.0204082	-0.836735	0.124599
-0.0204082	-0.795918	0.150319
-0.0204082	-0.755102	0.176358
-0.0204082	-0.714286	0.202675
-0.0204082	-0.673469	0.229199
-0.0204082	-0.632653	0.25582
-0.0204082	-0.591837	0.282396
-0.0204082	-0.55102	0.308753
-0.0204082	-0.510204	0.334688
-0.0204082	-0.469388	0.359978
-0.0204082	-0.428571	0.384379
-0.0204082	-0.387755	0.407638
-0.0204082	-0.346939	0.429497
-0.0204082	-0.306122	0.449699
-0.0204082	-0.265306	0.467996
-0.0204082	-0.22449	0.484157
-0.0204082	-0.183673	0.497969
-0.0204082	-0.142857	0.509247
-0.0204082	-0.102041	0.517838
-0.0204082	-0.0612245	0.52362
-0.0204082	-0.0204082	0.526512
-0.0204082	0.0204082	0.52647
-0.0204082	0.0612245	0.523491
-0.0204082	0.102041	0.517612
-0.0204082	0.142857	0.508909
-0.0204082	0.183673	0.497495
-0.0204082	0.22449	0.483516
-0.0204082	0.265306	0.467149
-0.0204082	0.306122	0.448595
-0.0204082	0.346939	0.428077
-0.0204082	0.387755	0.405829
-0.0204082	0.428571	0.382095
-0.0204082	0.469388	0.35712
-0.0204082	0.510204	0.331143
-0.0204082	0.55102	0.304391
-0.0204082	0.591837	0.277075
-0.0204082	0.632653	0.249382
-0.0204082	0.673469	0.221474
-0.0204082	0.714286	0.193483
-0.0204082	0.755102	0.165509
-0.0204082	0.795918	0.137623
-0.0204082	0.836735	0.109863
-0.0204082	0.877551	0.0822424
-0.0204082	0.918367	0.0547477
-0.0204082	0.959184	0.0273483
-0.0204082	1	0
0.0204082	-1	0.0245789
0.0204082	-0.959184	0.04925
0.0204082	-0.918367	0.0740982
0.0204082	-0.877551	0.0991945
0.0204082	-0.836735	0.124589
0.0204082	-0.795918	0.150308
0.0204082	-0.755102	0.176344
0.0204082	-0.714286	0.202659
0.0204082	-0.673469	0.229181
0.0204082	-0.632653	0.2558
0.0204082	-0.591837	0.282373
0.0204082	-0.55102	0.308728
0.0204082	-0.510204	0.334662
0.0204082	-0.469388	0.359949
0.0204082	-0.428571	0.384348
0.0204082	-0.387755	0.407606
0.0204082	-0.346939	0.429463
0.0204082	-0.306122	0.449663
0.0204082	-0.265306	0.467959
0.0204082	-0.22449	0.484118
0.0204082	-0.183673	0.497929
0.0204082	-0.142857	0.509207
0.0204082	-0.102041	0.517796
0.0204082	-0.0612245	0.523578
0.0204082	-0.0204082	0.52647
0.0204082	0.0204082	0.526428
0.0204082	0.0612245	0.523449
0.0204082	0.102041	0.517571
0.0204082	0.142857	0.508869
0.0204082	0.183673	0.497455
0.0204082	0.22449	0.483478
0.0204082	0.265306	0.467112
0.0204082	0.306122	0.448559
0.0204082	0.346939	0.428042
0.0204082	0.387755	0.405796
0.0204082	0.428571	0.382065
0.0204082	0.469388	0.357092
0.0204082	0.510204	0.331117
0.0204082	0.55102	0.304367
0.0204082	0.591837	0.277053
0.0204082	0.632653	0.249362
0.0204082	0.673469	0.221457
0.0204082	0.714286	0.193467
0.0204082	0.755102	0.165496
0.0204082	0.795918	0.137612
0.0204082	0.836735	0.109855
0.0204082	0.877551	0.0822358
0.0204082	0.918367	0.0547434
0.0204082	0.959184	0.0273462
0.0204082	1	0
0.0612245	-1	0.0244398
0.0612245	-0.959184	0.0489713
0.0612245	-0.918367	0.0736789
0.0612245	-0.877551	0.0986332
0.0612245	-0.836735	0.123884
0.0612245	-0.795918	0.149457
0.0612245	-0.755102	0.175346
0.0612245	-0.714286	0.201512
0.0612245	-0.673469	0.227884
0.0612245	-0.632653	0.254352
0.0612245	-0.591837	0.280775
0.0612245	-0.55102	0.306981
0.0612245	-0.510204	0.332768
0.0612245	-0.469388	0.357912
0.0612245	-0.428571	0.382174
0.0612245	-0.387755	0.405299
0.0612245	-0.346939	0.427033
0.0612245	-0.306122	0.447119
0.0612245	-0.265306	0.465311
0.0612245	-0.22449	0.481379
0.0612245	-0.183673	0.495112
0.0612245	-0.142857	0.506326
0.0612245	-0.102041	0.514866
0.0612245	-0.0612245	0.520616
0.0612245	-0.0204082	0.523491
0.0612245	0.0204082	0.523449
0.0612245	0.0612245	0.520487
0.0612245	0.102041	0.514642
0.0612245	0.142857	0.505989
0.0612245	0.183673	0.494641
0.0612245	0.22449	0.480742
0.0612245	0.265306	0.464469
0.0612245	0.306122	0.446021
0.0612245	0.346939	0.42562
0.0612245	0.387755	0.4035
0.0612245	0.428571	0.379903
0.0612245	0.469388	0.355071
0.0612245	0.510204	0.329243
0.0612245	0.55102	0.302645
0.0612245	0.591837	0.275485
0.0612245	0.632653	0.247951
0.0612245	0.673469	0.220203
0.0612245	0.714286	0.192373
0.0612245	0.755102	0.16456
0.0612245	0.795918	0.136833
0.0612245	0.836735	0.109233
0.0612245	0.877551	0.0817704
0.0612245	0.918367	0.0544336
0.0612245	0.959184	0.0271914
0.0612245	1	0
0.102041	-1	0.0241653
0.102041	-0.959184	0.0484212
0.102041	-0.918367	0.0728513
0.102041	-0.877551	0.0975253
0.102041	-0.836735	0.122493
0.102041	-0.795918	0.147778
0.102041	-0.755102	0.173376
0.102041	-0.714286	0.199249
0.102041	-0.673469	0.225324
0.102041	-0.632653	0.251495
0.102041	-0.591837	0.277622
0.102041	-0.55102	0.303533
0.102041	-0.510204	0.329031
0.102041	-0.469388	0.353893
0.102041	-0.428571	0.377882
0.102041	-0.387755	0.400748
0.102041	-0.346939	0.422237
0.102041	-0.306122	0.442097
0.102041	-0.265306	0.460086
0.102041	-0.22449	0.475973
0.102041	-0.183673	0.489552
0.102041	-0.142857	0.500639
0.102041	-0.102041	0.509085
0.102041	-0.0612245	0.514769
0.102041	-0.0204082	0.517612
0.102041	0.0204082	0.517571
0.102041	0.0612245	0.514642
0.102041	0.102041	0.508863
0.102041	0.142857	0.500307
0.102041	0.183673	0.489086
0.102041	0.22449	0.475343
0.102041	0.265306	0.459253
0.102041	0.306122	0.441012
0.102041	0.346939	0.420841
0.102041	0.387755	0.398969
0.102041	0.428571	0.375636
0.102041	0.469388	0.351084
0.102041	0.510204	0.325545
0.102041	0.55102	0.299246
0.102041	0.591837	0.272391
0.102041	0.632653	0.245167
0.102041	0.673469	0.21773
0.102041	0.714286	0.190212
0.102041	0.755102	0.162711
0.102041	0.795918	0.135296
0.102041	0.836735	0.108006
0.102041	0.877551	0.080852
0.102041	0.918367	0.0538222
0.102041	0.959184	0.026886
0.102041	1	0
0.142857	-1	0.0237589
0.142857	-0.959184	0.0476069
0.142857	-0.918367	0.0716261
0.142857	-0.877551	0.0958852
0.142857	-0.836735	0.120433
0.142857	-0.795918	0.145293
0.142857	-0.755102	0.170461
0.142857	-0.714286	0.195898
0.142857	-0.673469	0.221535
0.142857	-0.632653	0.247266
0.142857	-0.591837	0.272954
0.142857	-0.55102	0.298429
0.142857	-0.510204	0.323498
0.142857	-0.469388	0.347942
0.142857	-0.428571	0.371528
0.142857	-0.387755	0.394009
0.142857	-0.346939	0.415137
0.142857	-0.306122	0.434664
0.142857	-0.265306	0.45235
0.142857	-0.22449	0.46797
0.142857	-0.183673	0.481321
0.142857	-0.142857	0.492222
0.142857	-0.102041	0.500525
0.142857	-0.0612245	0.506114
0.142857	-0.0204082	0.508909
0.142857	0.0204082	0.508869
0.142857	0.0612245	0.505989
0.142857	0.102041	0.500307
0.142857	0.142857	0.491895
0.142857	0.183673	0.480863
0.142857	0.22449	0.467351
0.142857	0.265306	0.451531
0.142857	0.306122	0.433597
0.142857	0.346939	0.413765
0.142857	0.387755	0.39226
0.142857	0.428571	0.36932
0.142857	0.469388	0.34518
0.142857	0.510204	0.320072
0.142857	0.55102	0.294214
0.142857	0.591837	0.267811
0.142857	0.632653	0.241044
0.142857	0.673469	0.214069
0.142857	0.714286	0.187013
0.142857	0.755102	0.159975
0.142857	0.795918	0.133021
0.142857	0.836735	0.10619
0.142857	0.877551	0.0794923
0.142857	0.918367	0.052917
0.142857	0.959184	0.0264339
0.142857	1	0
0.183673	-1	0.0232259
0.183673	-0.959184	0.0465389
0.183673	-0.918367	0.0700193
0.183673	-0.877551	0.0937341
0.183673	-0.836735	0.117731
0.183673	-0.795918	0.142034
0.183673	-0.755102	0.166637
0.183673	-0.714286	0.191504
0.183673	-0.673469	0.216566
0.183673	-0.632653	0.24172
0.183673	-0.591837	0.266831
0.183673	-0.55102	0.291735
0.183673	-0.510204	0.316242
0.183673	-0.469388	0.340138
0.183673	-0.428571	0.363194
0.183673	-0.387755	0.385172
0.183673	-0.346939	0.405826
0.183673	-0.306122	0.424915
0.183673	-0.265306	0.442204
0.183673	-0.22449	0.457474
0.183673	-0.183673	0.470525
0.183673	-0.142857	0.481182
0.183673	-0.102041	0.489299
0.183673	-0.0612245	0.494763
0.183673	-0.0204082	0.497495
0.183673	0.0204082	0.497455
0.183673	0.0612245	0.494641
0.183673	0.102041	0.489086
0.183673	0.142857	0.480863
0.183673	0.183673	0.470077
0.183673	0.22449	0.456869
0.183673	0.265306	0.441403
0.183673	0.306122	0.423872
0.183673	0.346939	0.404484
0.183673	0.387755	0.383462
0.183673	0.428571	0.361036
0.183673	0.469388	0.337438
0.183673	0.510204	0.312892
0.183673	0.55102	0.287615
0.183673	0.591837	0.261804
0.183673	0.632653	0.235637
0.183673	0.673469	0.209267
0.183673	0.714286	0.182818
0.183673	0.755102	0.156386
0.183673	0.795918	0.130037
0.183673	0.836735	0.103808
0.183673	0.877551	0.0777091
0.183673	0.918367	0.05173
0.183673	0.959184	0.0258409
0.183673	1	0
0.22449	-1	0.0225731
0.22449	-0.959184	0.0452309
0.22449	-0.918367	0.0680513
0.22449	-0.877551	0.0910997
0.22449	-0.836735	0.114422
0.22449	-0.795918	0.138042
0.22449	-0.755102	0.161953
0.22449	-0.714286	0.186122
0.22449	-0.673469	0.210479
0.22449	-0.632653	0.234927
0.22449	-0.591837	0.259332
0.22449	-0.55102	0.283537
0.22449	-0.510204	0.307355
0.22449	-0.469388	0.330579
0.22449	-0.428571	0.352988
0.22449	-0.387755	0.374348
0.22449	-0.346939	0.394422
0.22449	-0.306122	0.412975
0.22449	-0.265306	0.429778
0.22449	-0.22449	0.444619
0.22449	-0.183673	0.457304
0.22449	-0.142857	0.467661
0.22449	-0.102041	0.47555
0.22449	-0.0612245	0.48086
0.22449	-0.0204082	0.483516
0.22449	0.0204082	0.483478
0.22449	0.0612245	0.480742
0.22449	0.102041	0.475343
0.22449	0.142857	0.467351
0.22449	0.183673	0.456869
0.22449	0.22449	0.444031
0.22449	0.265306	0.429
0.22449	0.306122	0.411961
0.22449	0.346939	0.393118
0.22449	0.387755	0.372687
0.22449	0.428571	0.350891
0.22449	0.469388	0.327955
0.22449	0.510204	0.3041
0.22449	0.55102	0.279532
0.22449	0.591837	0.254447
0.22449	0.632653	0.229015
0.22449	0.673469	0.203386
0.22449	0.714286	0.177681
0.22449	0.755102	0.151991
0.22449	0.795918	0.126383
0.22449	0.836735	0.10089
0.22449	0.877551	0.0755251
0.22449	0.918367	0.0502761
0.22449	0.959184	0.0251146
0.22449	1	0
0.265306	-1	0.0218088
0.265306	-0.959184	0.0436994
0.265306	-0.918367	0.0657472
0.265306	-0.877551	0.0880152
0.265306	-0.836735	0.110548
0.265306	-0.795918	0.133368
0.265306	-0.755102	0.15647
0.265306	-0.714286	0.17982
0.265306	-0.673469	0.203353
0.265306	-0.632653	0.226973
0.265306	-0.591837	0.250553
0.265306	-0.55102	0.273938
0.265306	-0.510204	0.29695
0.265306	-0.469388	0.319388
0.265306	-0.428571	0.341039
0.265306	-0.387755	0.361676
0.265306	-0.346939	0.38107
0.265306	-0.306122	0.398995
0.265306	-0.265306	0.41523
0.265306	-0.22449	0.429569
0.265306	-0.183673	0.441824
0.265306	-0.142857	0.451831
0.265306	-0.102041	0.459453
0.265306	-0.0612245	0.464583
0.265306	-0.0204082	0.467149
0.265306	0.0204082	0.467112
0.265306	0.0612245	0.464469
0.265306	0.102041	0.459253
0.265306	0.142857	0.451531
0.265306	0.183673	0.441403
0.265306	0.22449	0.429
0.265306	0.265306	0.414478
0.265306	0.306122	0.398016
0.265306	0.346939	0.37981
0.265306	0.387755	0.360071
0.265306	0.428571	0.339013
0.265306	0.469388	0.316853
0.265306	0.510204	0.293805
0.265306	0.55102	0.270069
0.265306	0.591837	0.245832
0.265306	0.632653	0.221262
0.265306	0.673469	0.1965
0.265306	0.714286	0.171665
0.265306	0.755102	0.146846
0.265306	0.795918	0.122104
0.265306	0.836735	0.0974745
0.265306	0.877551	0.0729681
0.265306	0.918367	0.0485739
0.265306	0.959184	0.0242643
0.265306	1	0
0.306122	-1	0.0209424
0.306122	-0.959184	0.0419634
0.306122	-0.918367	0.0631353
0.306122	-0.877551	0.0845187
0.306122	-0.836735	0.106157
0.306122	-0.795918	0.12807
0.306122	-0.755102	0.150255
0.306122	-0.714286	0.172677
0.306122	-0.673469	0.195276
0.306122	-0.632653	0.217957
0.306122	-0.591837	0.2406
0.306122	-0.55102	0.263057
0.306122	-0.510204	0.285155
0.306122	-0.469388	0.306702
0.306122	-0.428571	0.327493
0.306122	-0.387755	0.34731
0.306122	-0.346939	0.365935
0.306122	-0.306122	0.383147
0.306122	-0.265306	0.398738
0.306122	-0.22449	0.412507
0.306122	-0.183673	0.424276
0.306122	-0.142857	0.433885
0.306122	-0.102041	0.441205
0.306122	-0.0612245	0.446131
0.306122	-0.0204082	0.448595
0.306122	0.0204082	0.448559
0.306122	0.0612245	0.446021
0.306122	0.102041	0.441012
0.306122	0.142857	0.433597
0.306122	0.183673	0.423872
0.306122	0.22449	0.411961
0.306122	0.265306	0.398016
0.306122	0.306122	0.382207
0.306122	0.346939	0.364725
0.306122	0.387755	0.345769
0.306122	0.428571	0.325547
0.306122	0.469388	0.304268
0.306122	0.510204	0.282135
0.306122	0.55102	0.259342
0.306122	0.591837	0.236068
0.306122	0.632653	0.212473
0.306122	0.673469	0.188695
0.306122	0.714286	0.164846
0.306122	0.755102	0.141012
0.306122	0.795918	0.117253
0.306122	0.836735	0.0936024
0.306122	0.877551	0.0700695
0.306122	0.918367	0.0466443
0.306122	0.959184	0.0233004
0.306122	1	0
0.346939	-1	0.0199843
0.346939	-0.959184	0.0400435
0.346939	-0.918367	0.0602469
0.346939	-0.877551	0.080652
0.346939	-0.836735	0.1013
0.346939	-0.795918	0.122211
0.346939	-0.755102	0.143381
0.346939	-0.714286	0.164778
0.346939	-0.673469	0.186342
0.346939	-0.632653	0.207986
0.346939	-0.591837	0.229594
0.346939	-0.55102	0.251023
0.346939	-0.510204	0.27211
0.346939	-0.469388	0.292672
0.346939	-0.428571	0.312512
0.346939	-0.387755	0.331423
0.346939	-0.346939	0.349196
0.346939	-0.306122	0.365622
0.346939	-0.265306	0.380499
0.346939	-0.22449	0.393639
0.346939	-0.183673	0.404869
0.346939	-0.142857	0.414039
0.346939	-0.102041	0.421024
0.346939	-0.0612245	0.425725
0.346939	-0.0204082	0.428077
0.346939	0.0204082	0.428042
0.346939	0.0612245	0.42562
0.346939	0.102041	0.420841
0.346939	0.142857	0.413765
0.346939	0.183673	0.404484
0.346939	0.22449	0.393118
0.346939	0.265306	0.37981
0.346939	0.306122	0.364725
0.346939	0.346939	0.348042
0.346939	0.387755	0.329953
0.346939	0.428571	0.310656
0.346939	0.469388	0.29035
0.346939	0.510204	0.269229
0.346939	0.55102	0.247478
0.346939	0.591837	0.225269
0.346939	0.632653	0.202753
0.346939	0.673469	0.180063
0.346939	0.714286	0.157305
0.346939	0.755102	0.134562
0.346939	0.795918	0.111889
0.346939	0.836735	0.0893203
0.346939	0.877551	0.0668639
0.346939	0.918367	0.0445104
0.346939	0.959184	0.0222345
0.346939	1	0
0.387755	-1	0.0189454
0.387755	-0.959184	0.0379619
0.387755	-0.918367	0.0571151
0.387755	-0.877551	0.0764595
0.387755	-0.836735	0.0960342
0.387755	-0.795918	0.115858
0.387755	-0.755102	0.135928
0.387755	-0.714286	0.156213
0.387755	-0.673469	0.176656
0.387755	-0.632653	0.197176
0.387755	-0.591837	0.21766
0.387755	-0.55102	0.237976
0.387755	-0.510204	0.257967
0.387755	-0.469388	0.277461
0.387755	-0.428571	0.296269
0.387755	-0.387755	0.314198
0.387755	-0.346939	0.331047
0.387755	-0.306122	0.346619
0.387755	-0.265306	0.360723
0.387755	-0.22449	0.37318
0.387755	-0.183673	0.383827
0.387755	-0.142857	0.392521
0.387755	-0.102041	0.399143
0.387755	-0.0612245	0.4036
0.387755	-0.0204082	0.405829
0.387755	0.0204082	0.405796
0.387755	0.0612245	0.4035
0.387755	0.102041	0.398969
0.387755	0.142857	0.39226
0.387755	0.183673	0.383462
0.387755	0.22449	0.372687
0.387755	0.265306	0.360071
0.387755	0.306122	0.345769
0.387755	0.346939	0.329953
0.387755	0.387755	0.312804
0.387755	0.428571	0.29451
0.387755	0.469388	0.275259
0.387755	0.510204	0.255236
0.387755	0.55102	0.234615
0.387755	0.591837	0.21356
0.387755	0.632653	0.192215
0.387755	0.673469	0.170704
0.387755	0.714286	0.149128
0.387755	0.755102	0.127567
0.387755	0.795918	0.106073
0.387755	0.836735	0.0846774
0.387755	0.877551	0.0633883
0.387755	0.918367	0.0421967
0.387755	0.959184	0.0210787
0.387755	1	0
0.428571	-1	0.0178372
0.428571	-0.959184	0.0357414
0.428571	-0.918367	0.0537742
0.428571	-0.877551	0.0719871
0.428571	-0.836735	0.0904169
0.428571	-0.795918	0.109081
0.428571	-0.755102	0.127977
0.428571	-0.714286	0.147076
0.428571	-0.673469	0.166324
0.428571	-0.632653	0.185643
0.428571	-0.591837	0.20493
0.428571	-0.55102	0.224057
0.428571	-0.510204	0.24288
0.428571	-0.469388	0.261233
0.428571	-0.428571	0.278942
0.428571	-0.387755	0.295822
0.428571	-0.346939	0.311686
0.428571	-0.306122	0.326348
0.428571	-0.265306	0.339627
0.428571	-0.22449	0.351356
0.428571	-0.183673	0.36138
0.428571	-0.142857	0.369565
0.428571	-0.102041	0.3758
0.428571	-0.0612245	0.379997
0.428571	-0.0204082	0.382095
0.428571	0.0204082	0.382065
0.428571	0.0612245	0.379903
0.428571	0.102041	0.375636
0.428571	0.142857	0.36932
0.428571	0.183673	0.361036
0.428571	0.22449	0.350891
0.428571	0.265306	0.339013
0.428571	0.306122	0.325547
0.428571	0.346939	0.310656
0.428571	0.387755	0.29451
0.428571	0.428571	0.277285
0.428571	0.469388	0.25916
0.428571	0.510204	0.240308
0.428571	0.55102	0.220893
0.428571	0.591837	0.201069
0.428571	0.632653	0.180972
0.428571	0.673469	0.160719
0.428571	0.714286	0.140406
0.428571	0.755102	0.120106
0.428571	0.795918	0.099869
0.428571	0.836735	0.0797245
0.428571	0.877551	0.0596806
0.428571	0.918367	0.0397286
0.428571	0.959184	0.0198458
0.428571	1	0
0.469388	-1	0.0166711
0.469388	-0.959184	0.0334047
0.469388	-0.918367	0.0502586
0.469388	-0.877551	0.0672809
0.469388	-0.836735	0.0845058
0.469388	-0.795918	0.10195
0.469388	-0.755102	0.119611
0.469388	-0.714286	0.137461
0.469388	-0.673469	0.155451
0.469388	-0.632653	0.173507
0.469388	-0.591837	0.191533
0.469388	-0.55102	0.209411
0.469388	-0.510204	0.227003
0.469388	-0.469388	0.244157
0.469388	-0.428571	0.260708
0.469388	-0.387755	0.276485
0.469388	-0.346939	0.291313
0.469388	-0.306122	0.305016
0.469388	-0.265306	0.317428
0.469388	-0.22449	0.32839
0.469388	-0.183673	0.337759
0.469388	-0.142857	0.345409
0.469388	-0.102041	0.351236
0.469388	-0.0612245	0.355159
0.469388	-0.0204082	0.35712
0.469388	0.0204082	0.357092
0.469388	0.0612245	0.355071
0.469388	0.102041	0.351084
0.469388	0.142857	0.34518
0.469388	0.183673	0.337438
0.469388	0.22449	0.327955
0.469388	0.265306	0.316853
0.469388	0.306122	0.304268
0.469388	0.346939	0.29035
0.469388	0.387755	0.275259
0.469388	0.428571	0.25916
0.469388	0.469388	0.24222
0.469388	0.510204	0.224599
0.469388	0.55102	0.206454
0.469388	0.591837	0.187926
0.469388	0.632653	0.169142
0.469388	0.673469	0.150213
0.469388	0.714286	0.131227
0.469388	0.755102	0.112254
0.469388	0.795918	0.0933403
0.469388	0.836735	0.0745126
0.469388	0.877551	0.0557791
0.469388	0.918367	0.0371314
0.469388	0.959184	0.0185484
0.469388	1	0
0.510204	-1	0.0154582
0.510204	-0.959184	0.0309744
0.510204	-0.918367	0.0466021
0.510204	-0.877551	0.0623859
0.510204	-0.836735	0.0783578
0.510204	-0.795918	0.0945332
0.510204	-0.755102	0.110909
0.510204	-0.714286	0.12746
0.510204	-0.673469	0.144142
0.510204	-0.632653	0.160885
0.510204	-0.591837	0.1776
0.510204	-0.55102	0.194177
0.510204	-0.510204	0.210489
0.510204	-0.469388	0.226396
0.510204	-0.428571	0.241743
0.510204	-0.387755	0.256373
0.510204	-0.346939	0.270122
0.510204	-0.306122	0.282828
0.510204	-0.265306	0.294337
0.510204	-0.22449	0.304502
0.510204	-0.183673	0.31319
0.510204	-0.142857	0.320284
0.510204	-0.102041	0.325687
0.510204	-0.0612245	0.329324
0.510204	-0.0204082	0.331143
0.510204	0.0204082	0.331117
0.510204	0.0612245	0.329243
0.510204	0.102041	0.325545
0.510204	0.142857	0.320072
0.510204	0.183673	0.312892
0.510204	0.22449	0.3041
0.510204	0.265306	0.293805
0.510204	0.306122	0.282135
0.510204	0.346939	0.269229
0.510204	0.387755	0.255236
0.510204	0.428571	0.240308
0.510204	0.469388	0.224599
0.510204	0.510204	0.208261
0.510204	0.55102	0.191435
0.510204	0.591837	0.174255
0.510204	0.632653	0.156837
0.510204	0.673469	0.139285
0.510204	0.714286	0.121681
0.510204	0.755102	0.104088
0.510204	0.795918	0.0865497
0.510204	0.836735	0.0690918
0.510204	0.877551	0.0517211
0.510204	0.918367	0.03443
0.510204	0.959184	0.0171989
0.510204	1	0
0.55102	-1	0.0142091
0.55102	-0.959184	0.0284716
0.55102	-0.918367	0.0428366
0.55102	-0.877551	0.0573451
0.55102	-0.836735	0.0720265
0.55102	-0.795918	0.086895
0.55102	-0.755102	0.101948
0.55102	-0.714286	0.117162
0.55102	-0.673469	0.132496
0.55102	-0.632653	0.147886
0.55102	-0.591837	0.163251
0.55102	-0.55102	0.178489
0.55102	-0.510204	0.193483
0.55102	-0.469388	0.208105
0.55102	-0.428571	0.222213
0.55102	-0.387755	0.235661
0.55102	-0.346939	0.248299
0.55102	-0.306122	0.259979
0.55102	-0.265306	0.270558
0.55102	-0.22449	0.279902
0.55102	-0.183673	0.287888
0.55102	-0.142857	0.294409
0.55102	-0.102041	0.299376
0.55102	-0.0612245	0.302719
0.55102	-0.0204082	0.304391
0.55102	0.0204082	0.304367
0.55102	0.0612245	0.302645
0.55102	0.102041	0.299246
0.55102	0.142857	0.294214
0.55102	0.183673	0.287615
0.55102	0.22449	0.279532
0.55102	0.265306	0.270069
0.55102	0.306122	0.259342
0.55102	0.346939	0.247478
0.55102	0.387755	0.234615
0.55102	0.428571	0.220893
0.55102	0.469388	0.206454
0.55102	0.510204	0.191435
0.55102	0.55102	0.175969
0.55102	0.591837	0.160176
0.55102	0.632653	0.144166
0.55102	0.673469	0.128032
0.55102	0.714286	0.111849
0.55102	0.755102	0.0956778
0.55102	0.795918	0.0795568
0.55102	0.836735	0.0635093
0.55102	0.877551	0.0475421
0.55102	0.918367	0.0316481
0.55102	0.959184	0.0158093
0.55102	1	0
0.591837	-1	0.0129338
0.591837	-0.959184	0.0259161
0.591837	-0.918367	0.0389918
0.591837	-0.877551	0.0521982
0.591837	-0.836735	0.0655619
0.591837	-0.795918	0.0790959
0.591837	-0.755102	0.0927976
0.591837	-0.714286	0.106647
0.591837	-0.673469	0.120604
0.591837	-0.632653	0.134613
0.591837	-0.591837	0.148599
0.591837	-0.55102	0.16247
0.591837	-0.510204	0.176119
0.591837	-0.469388	0.189428
0.591837	-0.428571	0.20227
0.591837	-0.387755	0.214511
0.591837	-0.346939	0.226016
0.591837	-0.306122	0.236648
0.591837	-0.265306	0.246278
0.591837	-0.22449	0.254783
0.591837	-0.183673	0.262053
0.591837	-0.142857	0.267989
0.591837	-0.102041	0.27251
0.591837	-0.0612245	0.275553
0.591837	-0.0204082	0.277075
0.591837	0.0204082	0.277053
0.591837	0.0612245	0.275485
0.591837	0.102041	0.272391
0.591837	0.142857	0.267811
0.591837	0.183673	0.261804
0.591837	0.22449	0.254447
0.591837	0.265306	0.245832
0.591837	0.306122	0.236068
0.591837	0.346939	0.225269
0.591837	0.387755	0.21356
0.591837	0.428571	0.201069
0.591837	0.469388	0.187926
0.591837	0.510204	0.174255
0.591837	0.55102	0.160176
0.591837	0.591837	0.145801
0.591837	0.632653	0.131227
0.591837	0.673469	0.116541
0.591837	0.714286	0.101811
0.591837	0.755102	0.0870906
0.591837	0.795918	0.0724165
0.591837	0.836735	0.0578093
0.591837	0.877551	0.0432751
0.591837	0.918367	0.0288076
0.591837	0.959184	0.0143904
0.591837	1	0
0.632653	-1	0.0116409
0.632653	-0.959184	0.0233255
0.632653	-0.918367	0.0350941
0.632653	-0.877551	0.0469804
0.632653	-0.836735	0.0590083
0.632653	-0.795918	0.0711895
0.632653	-0.755102	0.0835217
0.632653	-0.714286	0.0959864
0.632653	-0.673469	0.108549
0.632653	-0.632653	0.121158
0.632653	-0.591837	0.133746
0.632653	-0.55102	0.14623
0.632653	-0.510204	0.158515
0.632653	-0.469388	0.170495
0.632653	-0.428571	0.182053
0.632653	-0.387755	0.193071
0.632653	-0.346939	0.203425
0.632653	-0.306122	0.212995
0.632653	-0.265306	0.221663
0.632653	-0.22449	0.229318
0.632653	-0.183673	0.235861
0.632653	-0.142857	0.241204
0.632653	-0.102041	0.245273
0.632653	-0.0612245	0.248012
0.632653	-0.0204082	0.249382
0.632653	0.0204082	0.249362
0.632653	0.0612245	0.247951
0.632653	0.102041	0.245167
0.632653	0.142857	0.241044
0.632653	0.183673	0.235637
0.632653	0.22449	0.229015
0.632653	0.265306	0.221262
0.632653	0.306122	0.212473
0.632653	0.346939	0.202753
0.632653	0.387755	0.192215
0.632653	0.428571	0.180972
0.632653	0.469388	0.169142
0.632653	0.510204	0.156837
0.632653	0.55102	0.144166
0.632653	0.591837	0.131227
0.632653	0.632653	0.118111
0.632653	0.673469	0.104892
0.632653	0.714286	0.0916344
0.632653	0.755102	0.0783853
0.632653	0.795918	0.0651779
0.632653	0.836735	0.0520308
0.632653	0.877551	0.0389494
0.632653	0.918367	0.025928
0.632653	0.959184	0.0129519
0.632653	1	0
0.673469	-1	0.010338
0.673469	-0.959184	0.0207148
0.673469	-0.918367	0.0311663
0.673469	-0.877551	0.0417222
0.673469	-0.836735	0.052404
0.673469	-0.795918	0.0632219
0.673469	-0.755102	0.0741739
0.673469	-0.714286	0.0852437
0.673469	-0.673469	0.0964004
0.673469	-0.632653	0.107598
0.673469	-0.591837	0.118778
0.673469	-0.55102	0.129865
0.673469	-0.510204	0.140775
0.673469	-0.469388	0.151414
0.673469	-0.428571	0.161679
0.673469	-0.387755	0.171464
0.673469	-0.346939	0.18066
0.673469	-0.306122	0.189159
0.673469	-0.265306	0.196856
0.673469	-0.22449	0.203655
0.673469	-0.183673	0.209466
0.673469	-0.142857	0.214211
0.673469	-0.102041	0.217825
0.673469	-0.0612245	0.220258
0.673469	-0.0204082	0.221474
0.673469	0.0204082	0.221457
0.673469	0.0612245	0.220203
0.673469	0.102041	0.21773
0.673469	0.142857	0.214069
0.673469	0.183673	0.209267
0.673469	0.22449	0.203386
0.673469	0.265306	0.1965
0.673469	0.306122	0.188695
0.673469	0.346939	0.180063
0.673469	0.387755	0.170704
0.673469	0.428571	0.160719
0.673469	0.469388	0.150213
0.673469	0.510204	0.139285
0.673469	0.55102	0.128032
0.673469	0.591837	0.116541
0.673469	0.632653	0.104892
0.673469	0.673469	0.0931528
0.673469	0.714286	0.0813788
0.673469	0.755102	0.0696126
0.673469	0.795918	0.0578833
0.673469	0.836735	0.0462075
0.673469	0.877551	0.0345902
0.673469	0.918367	0.0230262
0.673469	0.959184	0.0115023
0.673469	1	0
0.714286	-1	0.00903127
0.714286	-0.959184	0.0180965
0.714286	-0.918367	0.0272269
0.714286	-0.877551	0.0364486
0.714286	-0.836735	0.0457802
0.714286	-0.795918	0.0552308
0.714286	-0.755102	0.0647985
0.714286	-0.714286	0.0744692
0.714286	-0.673469	0.0842158
0.714286	-0.632653	0.0939985
0.714286	-0.591837	0.103765
0.714286	-0.55102	0.113451
0.714286	-0.510204	0.122982
0.714286	-0.469388	0.132277
0.714286	-0.428571	0.141244
0.714286	-0.387755	0.149793
0.714286	-0.346939	0.157826
0.714286	-0.306122	0.165251
0.714286	-0.265306	0.171976
0.714286	-0.22449	0.177916
0.714286	-0.183673	0.182992
0.714286	-0.142857	0.187137
0.714286	-0.102041	0.190295
0.714286	-0.0612245	0.19242
0.714286	-0.0204082	0.193483
0.714286	0.0204082	0.193467
0.714286	0.0612245	0.192373
0.714286	0.102041	0.190212
0.714286	0.142857	0.187013
0.714286	0.183673	0.182818
0.714286	0.22449	0.177681
0.714286	0.265306	0.171665
0.714286	0.306122	0.164846
0.714286	0.346939	0.157305
0.714286	0.387755	0.149128
0.714286	0.428571	0.140406
0.714286	0.469388	0.131227
0.714286	0.510204	0.121681
0.714286	0.55102	0.111849
0.714286	0.591837	0.101811
0.714286	0.632653	0.0916344
0.714286	0.673469	0.0813788
0.714286	0.714286	0.071093
0.714286	0.755102	0.0608139
0.714286	0.795918	0.050567
0.714286	0.836735	0.040367
0.714286	0.877551	0.0302181
0.714286	0.918367	0.0201157
0.714286	0.959184	0.0100485
0.714286	1	0
0.755102	-1	0.00772542
0.755102	-0.959184	0.0154799
0.755102	-0.918367	0.0232901
0.755102	-0.877551	0.0311784
0.755102	-0.836735	0.0391608
0.755102	-0.795918	0.047245
0.755102	-0.755102	0.0554294
0.755102	-0.714286	0.0637018
0.755102	-0.673469	0.0720393
0.755102	-0.632653	0.0804076
0.755102	-0.591837	0.0887619
0.755102	-0.55102	0.0970475
0.755102	-0.510204	0.105201
0.755102	-0.469388	0.113152
0.755102	-0.428571	0.120823
0.755102	-0.387755	0.128135
0.755102	-0.346939	0.135007
0.755102	-0.306122	0.141359
0.755102	-0.265306	0.147112
0.755102	-0.22449	0.152193
0.755102	-0.183673	0.156535
0.755102	-0.142857	0.160081
0.755102	-0.102041	0.162782
0.755102	-0.0612245	0.1646
0.755102	-0.0204082	0.165509
0.755102	0.0204082	0.165496
0.755102	0.0612245	0.16456
0.755102	0.102041	0.162711
0.755102	0.142857	0.159975
0.755102	0.183673	0.156386
0.755102	0.22449	0.151991
0.755102	0.265306	0.146846
0.755102	0.306122	0.141012
0.755102	0.346939	0.134562
0.755102	0.387755	0.127567
0.755102	0.428571	0.120106
0.755102	0.469388	0.112254
0.755102	0.510204	0.104088
0.755102	0.55102	0.0956778
0.755102	0.591837	0.0870906
0.755102	0.632653	0.0783853
0.755102	0.673469	0.0696126
0.755102	0.714286	0.0608139
0.755102	0.755102	0.0520209
0.755102	0.795918	0.0432556
0.755102	0.836735	0.0345304
0.755102	0.877551	0.0258489
0.755102	0.918367	0.0172072
0.755102	0.959184	0.00859556
0.755102	1	0
0.795918	-1	0.0064237
0.795918	-0.959184	0.0128715
0.795918	-0.918367	0.0193658
0.795918	-0.877551	0.0259249
0.795918	-0.836735	0.0325623
0.795918	-0.795918	0.0392844
0.795918	-0.755102	0.0460897
0.795918	-0.714286	0.0529683
0.795918	-0.673469	0.059901
0.795918	-0.632653	0.0668594
0.795918	-0.591837	0.0738061
0.795918	-0.55102	0.0806957
0.795918	-0.510204	0.0874754
0.795918	-0.469388	0.0940864
0.795918	-0.428571	0.100465
0.795918	-0.387755	0.106546
0.795918	-0.346939	0.11226
0.795918	-0.306122	0.117541
0.795918	-0.265306	0.122325
0.795918	-0.22449	0.12655
0.795918	-0.183673	0.130161
0.795918	-0.142857	0.133109
0.795918	-0.102041	0.135355
0.795918	-0.0612245	0.136867
0.795918	-0.0204082	0.137623
0.795918	0.0204082	0.137612
0.795918	0.0612245	0.136833
0.795918	0.102041	0.135296
0.795918	0.142857	0.133021
0.795918	0.183673	0.130037
0.795918	0.22449	0.126383
0.795918	0.265306	0.122104
0.795918	0.306122	0.117253
0.795918	0.346939	0.111889
0.795918	0.387755	0.106073
0.795918	0.428571	0.099869
0.795918	0.469388	0.0933403
0.795918	0.510204	0.0865497
0.795918	0.55102	0.0795568
0.795918	0.591837	0.0724165
0.795918	0.632653	0.0651779
0.795918	0.673469	0.0578833
0.795918	0.714286	0.050567
0.795918	0.755102	0.0432556
0.795918	0.795918	0.0359673
0.795918	0.836735	0.0287122
0.795918	0.877551	0.0214934
0.795918	0.918367	0.0143078
0.795918	0.959184	0.00714724
0.795918	1	0
0.836735	-1	0.00512793
0.836735	-0.959184	0.0102751
0.836735	-0.918367	0.0154594
0.836735	-0.877551	0.0206955
0.836735	-0.836735	0.025994
0.836735	-0.795918	0.0313601
0.836735	-0.755102	0.0367928
0.836735	-0.714286	0.0422839
0.836735	-0.673469	0.0478182
0.836735	-0.632653	0.053373
0.836735	-0.591837	0.0589185
0.836735	-0.55102	0.0644185
0.836735	-0.510204	0.0698307
0.836735	-0.469388	0.0751082
0.836735	-0.428571	0.0802005
0.836735	-0.387755	0.0850544
0.836735	-0.346939	0.0896162
0.836735	-0.306122	0.0938323
0.836735	-0.265306	0.097651
0.836735	-0.22449	0.101024
0.836735	-0.183673	0.103906
0.836735	-0.142857	0.10626
0.836735	-0.102041	0.108053
0.836735	-0.0612245	0.10926
0.836735	-0.0204082	0.109863
0.836735	0.0204082	0.109855
0.836735	0.0612245	0.109233
0.836735	0.102041	0.108006
0.836735	0.142857	0.10619
0.836735	0.183673	0.103808
0.836735	0.22449	0.10089
0.836735	0.265306	0.0974745
0.836735	0.306122	0.0936024
0.836735	0.346939	0.0893203
0.836735	0.387755	0.0846774
0.836735	0.428571	0.0797245
0.836735	0.469388	0.0745126
0.836735	0.510204	0.0690918
0.836735	0.55102	0.0635093
0.836735	0.591837	0.0578093
0.836735	0.632653	0.0520308
0.836735	0.673469	0.0462075
0.836735	0.714286	0.040367
0.836735	0.755102	0.0345304
0.836735	0.795918	0.0287122
0.836735	0.836735	0.0229205
0.836735	0.877551	0.0171579
0.836735	0.918367	0.0114217
0.836735	0.959184	0.00570553
0.836735	1	0
0.877551	-1	0.00383867
0.877551	-0.959184	0.00769177
0.877551	-0.918367	0.0115726
0.877551	-0.877551	0.0154922
0.877551	-0.836735	0.0194586
0.877551	-0.795918	0.0234756
0.877551	-0.755102	0.0275424
0.877551	-0.714286	0.031653
0.877551	-0.673469	0.0357959
0.877551	-0.632653	0.0399541
0.877551	-0.591837	0.0441055
0.877551	-0.55102	0.0482227
0.877551	-0.510204	0.0522742
0.877551	-0.469388	0.0562249
0.877551	-0.428571	0.0600369
0.877551	-0.387755	0.0636706
0.877551	-0.346939	0.0670855
0.877551	-0.306122	0.0702416
0.877551	-0.265306	0.0731002
0.877551	-0.22449	0.075625
0.877551	-0.183673	0.077783
0.877551	-0.142857	0.079545
0.877551	-0.102041	0.0808871
0.877551	-0.0612245	0.0817905
0.877551	-0.0204082	0.0822424
0.877551	0.0204082	0.0822358
0.877551	0.0612245	0.0817704
0.877551	0.102041	0.080852
0.877551	0.142857	0.0794923
0.877551	0.183673	0.0777091
0.877551	0.22449	0.0755251
0.877551	0.265306	0.0729681
0.877551	0.306122	0.0700695
0.877551	0.346939	0.0668639
0.877551	0.387755	0.0633883
0.877551	0.428571	0.0596806
0.877551	0.469388	0.0557791
0.877551	0.510204	0.0517211
0.877551	0.55102	0.0475421
0.877551	0.591837	0.0432751
0.877551	0.632653	0.0389494
0.877551	0.673469	0.0345902
0.877551	0.714286	0.0302181
0.877551	0.755102	0.0258489
0.877551	0.795918	0.0214934
0.877551	0.836735	0.0171579
0.877551	0.877551	0.0128441
0.877551	0.918367	0.00855011
0.877551	0.959184	0.00427106
0.877551	1	0
0.918367	-1	0.00255534
0.918367	-0.959184	0.00512028
0.918367	-0.918367	0.00770368
0.918367	-0.877551	0.0103129
0.918367	-0.836735	0.0129533
0.918367	-0.795918	0.0156273
0.918367	-0.755102	0.0183345
0.918367	-0.714286	0.0210709
0.918367	-0.673469	0.0238288
0.918367	-0.632653	0.0265969
0.918367	-0.591837	0.0293604
0.918367	-0.55102	0.0321011
0.918367	-0.510204	0.0347982
0.918367	-0.469388	0.0374281
0.918367	-0.428571	0.0399657
0.918367	-0.387755	0.0423846
0.918367	-0.346939	0.0446579
0.918367	-0.306122	0.0467589
0.918367	-0.265306	0.0486619
0.918367	-0.22449	0.0503426
0.918367	-0.183673	0.0517791
0.918367	-0.142857	0.0529521
0.918367	-0.102041	0.0538456
0.918367	-0.0612245	0.0544469
0.918367	-0.0204082	0.0547477
0.918367	0.0204082	0.0547434
0.918367	0.0612245	0.0544336
0.918367	0.102041	0.0538222
0.918367	0.142857	0.052917
0.918367	0.183673	0.05173
0.918367	0.22449	0.0502761
0.918367	0.265306	0.0485739
0.918367	0.306122	0.0466443
0.918367	0.346939	0.0445104
0.918367	0.387755	0.0421967
0.918367	0.428571	0.0397286
0.918367	0.469388	0.0371314
0.918367	0.510204	0.03443
0.918367	0.55102	0.0316481
0.918367	0.591837	0.0288076
0.918367	0.632653	0.025928
0.918367	0.673469	0.0230262
0.918367	0.714286	0.0201157
0.918367	0.755102	0.0172072
0.918367	0.795918	0.0143078
0.918367	0.836735	0.0114217
0.918367	0.877551	0.00855011
0.918367	0.918367	0.00569167
0.918367	0.959184	0.00284318
0.918367	1	0
0.959184	-1	0.00127647
0.959184	-0.959184	0.00255774
0.959184	-0.918367	0.00384823
0.959184	-0.877551	0.00515164
0.959184	-0.836735	0.00647058
0.959184	-0.795918	0.00780636
0.959184	-0.755102	0.0091587
0.959184	-0.714286	0.0105256
0.959184	-0.673469	0.0119033
0.959184	-0.632653	0.013286
0.959184	-0.591837	0.0146665
0.959184	-0.55102	0.0160356
0.959184	-0.510204	0.0173829
0.959184	-0.469388	0.0186966
0.959184	-0.428571	0.0199642
0.959184	-0.387755	0.0211725
0.959184	-0.346939	0.0223081
0.959184	-0.306122	0.0233577
0.959184	-0.265306	0.0243083
0.959184	-0.22449	0.0251478
0.959184	-0.183673	0.0258654
0.959184	-0.142857	0.0264514
0.959184	-0.102041	0.0268977
0.959184	-0.0612245	0.0271981
0.959184	-0.0204082	0.0273483
0.959184	0.0204082	0.0273462
0.959184	0.0612245	0.0271914
0.959184	0.102041	0.026886
0.959184	0.142857	0.0264339
0.959184	0.183673	0.0258409
0.959184	0.22449	0.0251146
0.959184	0.265306	0.0242643
0.959184	0.306122	0.0233004
0.959184	0.346939	0.0222345
0.959184	0.387755	0.0210787
0.959184	0.428571	0.0198458
0.959184	0.469388	0.0185484
0.959184	0.510204	0.0171989
0.959184	0.55102	0.0158093
0.959184	0.591837	0.0143904
0.959184	0.632653	0.0129519
0.959184	0.673469	0.0115023
0.959184	0.714286	0.0100485
0.959184	0.755102	0.00859556
0.959184	0.795918	0.00714724
0.959184	0.836735	0.00570553
0.959184	0.877551	0.00427106
0.959184	0.918367	0.00284318
0.959184	0.959184	0.00142026
0.959184	1	0
1	-1	0
1	-0.959184	0
1	-0.918367	0
1	-0.877551	0
1	-0.836735	0
1	-0.795918	0
1	-0.755102	0
1	-0.714286	0
1	-0.673469	0
1	-0.632653	0
1	-0.591837	0
1	-0.55102	0
1	-0.510204	0
1	-0.469388	0
1	-0.428571	0
1	-0.387755	0
1	-0.346939	0
1	-0.306122	0
1	-0.265306	0
1	-0.22449	0
1	-0.183673	0
1	-0.142857	0
1	-0.102041	0
1	-0.0612245	0
1	-0.0204082	0
1	0.0204082	0
1	0.0612245	0
1	0.102041	0
1	0.142857	0
1	0.183673	0
1	0.22449	0
1	0.265306	0
1	0.306122	0
1	0.346939	0
1	0.387755	0
1	0.428571	0
1	0.469388	0
1	0.510204	0
1	0.55102	0
1	0.591837	0
1	0.632653	0
1	0.673469	0
1	0.714286	0
1	0.755102	0
1	0.795918	0
1	0.836735	0
1	0.877551	0
1	0.918367	0
1	0.959184	0
1	1	0
