-1	-1	0.000670369
-1	-0.959184	0.00133824
-1	-0.918367	0.00200112
-1	-0.877551	0.00265654
-1	-0.836735	0.00330204
-1	-0.795918	0.00393517
-1	-0.755102	0.00455354
-1	-0.714286	0.00515479
-1	-0.673469	0.00573661
-1	-0.632653	0.00629672
-1	-0.591837	0.00683295
-1	-0.55102	0.00734316
-1	-0.510204	0.00782532
-1	-0.469388	0.00827747
-1	-0.428571	0.00869776
-1	-0.387755	0.00908446
-1	-0.346939	0.00943593
-1	-0.306122	0.00975069
-1	-0.265306	0.0100274
-1	-0.22449	0.0102648
-1	-0.183673	0.0104618
-1	-0.142857	0.0106177
-1	-0.102041	0.0107315
-1	-0.0612245	0.0108028
-1	-0.0204082	0.0108313
-1	0.0204082	0.0108166
-1	0.0612245	0.0107588
-1	0.102041	0.010658
-1	0.142857	0.0105146
-1	0.183673	0.0103292
-1	0.22449	0.0101024
-1	0.265306	0.00983511
-1	0.306122	0.00952844
-1	0.346939	0.00918359
-1	0.387755	0.00880196
-1	0.428571	0.00838509
-1	0.469388	0.00793467
-1	0.510204	0.00745251
-1	0.55102	0.00694057
-1	0.591837	0.00640092
-1	0.632653	0.00583574
-1	0.673469	0.0052473
-1	0.714286	0.00463796
-1	0.755102	0.00401017
-1	0.795918	0.00336643
-1	0.836735	0.00270932
-1	0.877551	0.00204146
-1	0.918367	0.00136549
-1	0.959184	0.0006841
-1	1	0
-0.959184	-1	0.00133824
-0.959184	-0.959184	0.0026715
-0.959184	-0.918367	0.0039948
-0.959184	-0.877551	0.00530319
-0.959184	-0.836735	0.00659177
-0.959184	-0.795918	0.00785568
-0.959184	-0.755102	0.00909012
-0.959184	-0.714286	0.0102904
-0.959184	-0.673469	0.0114518
-0.959184	-0.632653	0.01257
-0.959184	-0.591837	0.0136405
-0.959184	-0.55102	0.014659
-0.959184	-0.510204	0.0156215
-0.959184	-0.469388	0.0165241
-0.959184	-0.428571	0.0173631
-0.959184	-0.387755	0.0181351
-0.959184	-0.346939	0.0188367
-0.959184	-0.306122	0.0194651
-0.959184	-0.265306	0.0200174
-0.959184	-0.22449	0.0204913
-0.959184	-0.183673	0.0208847
-0.959184	-0.142857	0.0211958
-0.959184	-0.102041	0.0214231
-0.959184	-0.0612245	0.0215654
-0.959184	-0.0204082	0.0216222
-0.959184	0.0204082	0.0215929
-0.959184	0.0612245	0.0214774
-0.959184	0.102041	0.0212763
-0.959184	0.142857	0.0209901
-0.959184	0.183673	0.0206199
-0.959184	0.22449	0.0201671
-0.959184	0.265306	0.0196336
-0.959184	0.306122	0.0190214
-0.959184	0.346939	0.018333
-0.959184	0.387755	0.0175711
-0.959184	0.428571	0.016739
-0.959184	0.469388	0.0158398
-0.959184	0.510204	0.0148773
-0.959184	0.55102	0.0138553
-0.959184	0.591837	0.012778
-0.959184	0.632653	0.0116497
-0.959184	0.673469	0.0104751
-0.959184	0.714286	0.00925864
-0.959184	0.755102	0.0080054
-0.959184	0.795918	0.00672033
-0.959184	0.836735	0.00540855
-0.959184	0.877551	0.00407531
-0.959184	0.918367	0.00272589
-0.959184	0.959184	0.00136565
-0.959184	1	0
-0.918367	-1	0.00200112
-0.918367	-0.959184	0.0039948
-0.918367	-0.918367	0.00597358
-0.918367	-0.877551	0.00793007
-0.918367	-0.836735	0.00985694
-0.918367	-0.795918	0.0117469
-0.918367	-0.755102	0.0135928
-0.918367	-0.714286	0.0153876
-0.918367	-0.673469	0.0171244
-0.918367	-0.632653	0.0187964
-0.918367	-0.591837	0.0203971
-0.918367	-0.55102	0.0219202
-0.918367	-0.510204	0.0233594
-0.918367	-0.469388	0.0247092
-0.918367	-0.428571	0.0259638
-0.918367	-0.387755	0.0271181
-0.918367	-0.346939	0.0281673
-0.918367	-0.306122	0.0291069
-0.918367	-0.265306	0.0299328
-0.918367	-0.22449	0.0306415
-0.918367	-0.183673	0.0312297
-0.918367	-0.142857	0.0316949
-0.918367	-0.102041	0.0320347
-0.918367	-0.0612245	0.0322477
-0.918367	-0.0204082	0.0323325
-0.918367	0.0204082	0.0322887
-0.918367	0.0612245	0.0321161
-0.918367	0.102041	0.0318153
-0.918367	0.142857	0.0313873
-0.918367	0.183673	0.0308337
-0.918367	0.22449	0.0301567
-0.918367	0.265306	0.0293589
-0.918367	0.306122	0.0284434
-0.918367	0.346939	0.027414
-0.918367	0.387755	0.0262748
-0.918367	0.428571	0.0250304
-0.918367	0.469388	0.0236859
-0.918367	0.510204	0.0222466
-0.918367	0.55102	0.0207184
-0.918367	0.591837	0.0191075
-0.918367	0.632653	0.0174203
-0.918367	0.673469	0.0156638
-0.918367	0.714286	0.0138448
-0.918367	0.755102	0.0119708
-0.918367	0.795918	0.0100492
-0.918367	0.836735	0.00808763
-0.918367	0.877551	0.00609397
-0.918367	0.918367	0.00407613
-0.918367	0.959184	0.00204211
-0.918367	1	0
-0.877551	-1	0.00265654
-0.877551	-0.959184	0.00530319
-0.877551	-0.918367	0.00793007
-0.877551	-0.877551	0.0105274
-0.877551	-0.836735	0.0130853
-0.877551	-0.795918	0.0155943
-0.877551	-0.755102	0.0180448
-0.877551	-0.714286	0.0204275
-0.877551	-0.673469	0.0227331
-0.877551	-0.632653	0.0249527
-0.877551	-0.591837	0.0270777
-0.877551	-0.55102	0.0290996
-0.877551	-0.510204	0.0310102
-0.877551	-0.469388	0.032802
-0.877551	-0.428571	0.0344676
-0.877551	-0.387755	0.036
-0.877551	-0.346939	0.0373928
-0.877551	-0.306122	0.0386401
-0.877551	-0.265306	0.0397366
-0.877551	-0.22449	0.0406773
-0.877551	-0.183673	0.0414583
-0.877551	-0.142857	0.0420757
-0.877551	-0.102041	0.0425269
-0.877551	-0.0612245	0.0428096
-0.877551	-0.0204082	0.0429222
-0.877551	0.0204082	0.042864
-0.877551	0.0612245	0.0426349
-0.877551	0.102041	0.0422356
-0.877551	0.142857	0.0416674
-0.877551	0.183673	0.0409326
-0.877551	0.22449	0.0400338
-0.877551	0.265306	0.0389747
-0.877551	0.306122	0.0377594
-0.877551	0.346939	0.0363928
-0.877551	0.387755	0.0348805
-0.877551	0.428571	0.0332285
-0.877551	0.469388	0.0314436
-0.877551	0.510204	0.0295329
-0.877551	0.55102	0.0275042
-0.877551	0.591837	0.0253656
-0.877551	0.632653	0.0231259
-0.877551	0.673469	0.020794
-0.877551	0.714286	0.0183793
-0.877551	0.755102	0.0158915
-0.877551	0.795918	0.0133405
-0.877551	0.836735	0.0107365
-0.877551	0.877551	0.0080899
-0.877551	0.918367	0.00541116
-0.877551	0.959184	0.00271096
-0.877551	1	0
-0.836735	-1	0.00330204
-0.836735	-0.959184	0.00659177
-0.836735	-0.918367	0.00985694
-0.836735	-0.877551	0.0130853
-0.836735	-0.836735	0.0162648
-0.836735	-0.795918	0.0193835
-0.836735	-0.755102	0.0224294
-0.836735	-0.714286	0.025391
-0.836735	-0.673469	0.0282568
-0.836735	-0.632653	0.0310158
-0.836735	-0.591837	0.0336571
-0.836735	-0.55102	0.0361702
-0.836735	-0.510204	0.0385452
-0.836735	-0.469388	0.0407723
-0.836735	-0.428571	0.0428426
-0.836735	-0.387755	0.0447473
-0.836735	-0.346939	0.0464786
-0.836735	-0.306122	0.048029
-0.836735	-0.265306	0.0493918
-0.836735	-0.22449	0.0505612
-0.836735	-0.183673	0.0515319
-0.836735	-0.142857	0.0522994
-0.836735	-0.102041	0.0528602
-0.836735	-0.0612245	0.0532115
-0.836735	-0.0204082	0.0533515
-0.836735	0.0204082	0.0532792
-0.836735	0.0612245	0.0529944
-0.836735	0.102041	0.0524981
-0.836735	0.142857	0.0517919
-0.836735	0.183673	0.0508784
-0.836735	0.22449	0.0497613
-0.836735	0.265306	0.0484448
-0.836735	0.306122	0.0469342
-0.836735	0.346939	0.0452356
-0.836735	0.387755	0.0433558
-0.836735	0.428571	0.0413025
-0.836735	0.469388	0.0390838
-0.836735	0.510204	0.0367088
-0.836735	0.55102	0.0341872
-0.836735	0.591837	0.031529
-0.836735	0.632653	0.0287451
-0.836735	0.673469	0.0258466
-0.836735	0.714286	0.0228452
-0.836735	0.755102	0.0197529
-0.836735	0.795918	0.016582
-0.836735	0.836735	0.0133453
-0.836735	0.877551	0.0100556
-0.836735	0.918367	0.00672598
-0.836735	0.959184	0.00336967
-0.836735	1	0
-0.795918	-1	0.00393517
-0.795918	-0.959184	0.00785568
-0.795918	-0.918367	0.0117469
-0.795918	-0.877551	0.0155943
-0.795918	-0.836735	0.0193835
-0.795918	-0.795918	0.0231001
-0.795918	-0.755102	0.02673
-0.795918	-0.714286	0.0302594
-0.795918	-0.673469	0.0336748
-0.795918	-0.632653	0.0369628
-0.795918	-0.591837	0.0401105
-0.795918	-0.55102	0.0431055
-0.795918	-0.510204	0.0459359
-0.795918	-0.469388	0.04859
-0.795918	-0.428571	0.0510572
-0.795918	-0.387755	0.0533272
-0.795918	-0.346939	0.0553904
-0.795918	-0.306122	0.0572381
-0.795918	-0.265306	0.0588623
-0.795918	-0.22449	0.0602558
-0.795918	-0.183673	0.0614126
-0.795918	-0.142857	0.0623273
-0.795918	-0.102041	0.0629957
-0.795918	-0.0612245	0.0634144
-0.795918	-0.0204082	0.0635812
-0.795918	0.0204082	0.063495
-0.795918	0.0612245	0.0631556
-0.795918	0.102041	0.0625641
-0.795918	0.142857	0.0617225
-0.795918	0.183673	0.0606339
-0.795918	0.22449	0.0593025
-0.795918	0.265306	0.0577336
-0.795918	0.306122	0.0559334
-0.795918	0.346939	0.0539091
-0.795918	0.387755	0.0516689
-0.795918	0.428571	0.0492218
-0.795918	0.469388	0.0465777
-0.795918	0.510204	0.0437474
-0.795918	0.55102	0.0407422
-0.795918	0.591837	0.0375744
-0.795918	0.632653	0.0342567
-0.795918	0.673469	0.0308025
-0.795918	0.714286	0.0272256
-0.795918	0.755102	0.0235403
-0.795918	0.795918	0.0197615
-0.795918	0.836735	0.0159042
-0.795918	0.877551	0.0119837
-0.795918	0.918367	0.00801562
-0.795918	0.959184	0.00401577
-0.795918	1	0
-0.755102	-1	0.00455354
-0.755102	-0.959184	0.00909012
-0.755102	-0.918367	0.0135928
-0.755102	-0.877551	0.0180448
-0.755102	-0.836735	0.0224294
-0.755102	-0.795918	0.02673
-0.755102	-0.755102	0.0309304
-0.755102	-0.714286	0.0350144
-0.755102	-0.673469	0.0389664
-0.755102	-0.632653	0.0427711
-0.755102	-0.591837	0.0464135
-0.755102	-0.55102	0.0498791
-0.755102	-0.510204	0.0531542
-0.755102	-0.469388	0.0562255
-0.755102	-0.428571	0.0590804
-0.755102	-0.387755	0.061707
-0.755102	-0.346939	0.0640944
-0.755102	-0.306122	0.0662325
-0.755102	-0.265306	0.0681119
-0.755102	-0.22449	0.0697245
-0.755102	-0.183673	0.071063
-0.755102	-0.142857	0.0721214
-0.755102	-0.102041	0.0728948
-0.755102	-0.0612245	0.0733793
-0.755102	-0.0204082	0.0735723
-0.755102	0.0204082	0.0734726
-0.755102	0.0612245	0.0730799
-0.755102	0.102041	0.0723954
-0.755102	0.142857	0.0714215
-0.755102	0.183673	0.0701619
-0.755102	0.22449	0.0686213
-0.755102	0.265306	0.0668059
-0.755102	0.306122	0.0647228
-0.755102	0.346939	0.0623804
-0.755102	0.387755	0.0597882
-0.755102	0.428571	0.0569565
-0.755102	0.469388	0.053897
-0.755102	0.510204	0.0506219
-0.755102	0.55102	0.0471445
-0.755102	0.591837	0.0434789
-0.755102	0.632653	0.0396398
-0.755102	0.673469	0.0356428
-0.755102	0.714286	0.0315038
-0.755102	0.755102	0.0272394
-0.755102	0.795918	0.0228668
-0.755102	0.836735	0.0184033
-0.755102	0.877551	0.0138668
-0.755102	0.918367	0.00927519
-0.755102	0.959184	0.00464681
-0.755102	1	0
-0.714286	-1	0.00515479
-0.714286	-0.959184	0.0102904
-0.714286	-0.918367	0.0153876
-0.714286	-0.877551	0.0204275
-0.714286	-0.836735	0.025391
-0.714286	-0.795918	0.0302594
-0.714286	-0.755102	0.0350144
-0.714286	-0.714286	0.0396377
-0.714286	-0.673469	0.0441116
-0.714286	-0.632653	0.0484186
-0.714286	-0.591837	0.0525419
-0.714286	-0.55102	0.0564652
-0.714286	-0.510204	0.0601727
-0.714286	-0.469388	0.0636495
-0.714286	-0.428571	0.0668814
-0.714286	-0.387755	0.0698548
-0.714286	-0.346939	0.0725575
-0.714286	-0.306122	0.0749778
-0.714286	-0.265306	0.0771054
-0.714286	-0.22449	0.0789309
-0.714286	-0.183673	0.0804462
-0.714286	-0.142857	0.0816444
-0.714286	-0.102041	0.0825198
-0.714286	-0.0612245	0.0830683
-0.714286	-0.0204082	0.0832868
-0.714286	0.0204082	0.0831739
-0.714286	0.0612245	0.0827294
-0.714286	0.102041	0.0819545
-0.714286	0.142857	0.0808521
-0.714286	0.183673	0.0794261
-0.714286	0.22449	0.0776821
-0.714286	0.265306	0.075627
-0.714286	0.306122	0.0732688
-0.714286	0.346939	0.0706171
-0.714286	0.387755	0.0676826
-0.714286	0.428571	0.0644771
-0.714286	0.469388	0.0610135
-0.714286	0.510204	0.057306
-0.714286	0.55102	0.0533695
-0.714286	0.591837	0.0492198
-0.714286	0.632653	0.0448739
-0.714286	0.673469	0.040349
-0.714286	0.714286	0.0356635
-0.714286	0.755102	0.0308361
-0.714286	0.795918	0.0258861
-0.714286	0.836735	0.0208333
-0.714286	0.877551	0.0156978
-0.714286	0.918367	0.0104999
-0.714286	0.959184	0.00526038
-0.714286	1	0
-0.673469	-1	0.00573661
-0.673469	-0.959184	0.0114518
-0.673469	-0.918367	0.0171244
-0.673469	-0.877551	0.0227331
-0.673469	-0.836735	0.0282568
-0.673469	-0.795918	0.0336748
-0.673469	-0.755102	0.0389664
-0.673469	-0.714286	0.0441116
-0.673469	-0.673469	0.0490904
-0.673469	-0.632653	0.0538835
-0.673469	-0.591837	0.0584722
-0.673469	-0.55102	0.0628383
-0.673469	-0.510204	0.0669643
-0.673469	-0.469388	0.0708335
-0.673469	-0.428571	0.0744302
-0.673469	-0.387755	0.0777392
-0.673469	-0.346939	0.0807469
-0.673469	-0.306122	0.0834404
-0.673469	-0.265306	0.0858081
-0.673469	-0.22449	0.0878397
-0.673469	-0.183673	0.089526
-0.673469	-0.142857	0.0908594
-0.673469	-0.102041	0.0918337
-0.673469	-0.0612245	0.0924441
-0.673469	-0.0204082	0.0926873
-0.673469	0.0204082	0.0925616
-0.673469	0.0612245	0.0920669
-0.673469	0.102041	0.0912046
-0.673469	0.142857	0.0899777
-0.673469	0.183673	0.0883908
-0.673469	0.22449	0.08645
-0.673469	0.265306	0.0841629
-0.673469	0.306122	0.0815386
-0.673469	0.346939	0.0785876
-0.673469	0.387755	0.0753218
-0.673469	0.428571	0.0717545
-0.673469	0.469388	0.0679
-0.673469	0.510204	0.063774
-0.673469	0.55102	0.0593932
-0.673469	0.591837	0.0547752
-0.673469	0.632653	0.0499387
-0.673469	0.673469	0.0449032
-0.673469	0.714286	0.0396888
-0.673469	0.755102	0.0343166
-0.673469	0.795918	0.0288079
-0.673469	0.836735	0.0231847
-0.673469	0.877551	0.0174695
-0.673469	0.918367	0.011685
-0.673469	0.959184	0.00585411
-0.673469	1	0
-0.632653	-1	0.00629672
-0.632653	-0.959184	0.01257
-0.632653	-0.918367	0.0187964
-0.632653	-0.877551	0.0249527
-0.632653	-0.836735	0.0310158
-0.632653	-0.795918	0.0369628
-0.632653	-0.755102	0.0427711
-0.632653	-0.714286	0.0484186
-0.632653	-0.673469	0.0538835
-0.632653	-0.632653	0.0591447
-0.632653	-0.591837	0.0641814
-0.632653	-0.55102	0.0689738
-0.632653	-0.510204	0.0735027
-0.632653	-0.469388	0.0777497
-0.632653	-0.428571	0.0816975
-0.632653	-0.387755	0.0853296
-0.632653	-0.346939	0.088631
-0.632653	-0.306122	0.0915875
-0.632653	-0.265306	0.0941864
-0.632653	-0.22449	0.0964163
-0.632653	-0.183673	0.0982673
-0.632653	-0.142857	0.0997309
-0.632653	-0.102041	0.1008
-0.632653	-0.0612245	0.10147
-0.632653	-0.0204082	0.101737
-0.632653	0.0204082	0.101599
-0.632653	0.0612245	0.101056
-0.632653	0.102041	0.10011
-0.632653	0.142857	0.0987631
-0.632653	0.183673	0.0970212
-0.632653	0.22449	0.0948909
-0.632653	0.265306	0.0923805
-0.632653	0.306122	0.0894999
-0.632653	0.346939	0.0862608
-0.632653	0.387755	0.0826762
-0.632653	0.428571	0.0787606
-0.632653	0.469388	0.0745297
-0.632653	0.510204	0.0700009
-0.632653	0.55102	0.0651923
-0.632653	0.591837	0.0601234
-0.632653	0.632653	0.0548147
-0.632653	0.673469	0.0492875
-0.632653	0.714286	0.043564
-0.632653	0.755102	0.0376672
-0.632653	0.795918	0.0316207
-0.632653	0.836735	0.0254485
-0.632653	0.877551	0.0191752
-0.632653	0.918367	0.0128259
-0.632653	0.959184	0.0064257
-0.632653	1	0
-0.591837	-1	0.00683295
-0.591837	-0.959184	0.0136405
-0.591837	-0.918367	0.0203971
-0.591837	-0.877551	0.0270777
-0.591837	-0.836735	0.0336571
-0.591837	-0.795918	0.0401105
-0.591837	-0.755102	0.0464135
-0.591837	-0.714286	0.0525419
-0.591837	-0.673469	0.0584722
-0.591837	-0.632653	0.0641814
-0.591837	-0.591837	0.0696471
-0.591837	-0.55102	0.0748476
-0.591837	-0.510204	0.0797621
-0.591837	-0.469388	0.0843708
-0.591837	-0.428571	0.0886548
-0.591837	-0.387755	0.0925963
-0.591837	-0.346939	0.0961788
-0.591837	-0.306122	0.099387
-0.591837	-0.265306	0.102207
-0.591837	-0.22449	0.104627
-0.591837	-0.183673	0.106636
-0.591837	-0.142857	0.108224
-0.591837	-0.102041	0.109384
-0.591837	-0.0612245	0.110111
-0.591837	-0.0204082	0.110401
-0.591837	0.0204082	0.110251
-0.591837	0.0612245	0.109662
-0.591837	0.102041	0.108635
-0.591837	0.142857	0.107174
-0.591837	0.183673	0.105283
-0.591837	0.22449	0.102972
-0.591837	0.265306	0.100248
-0.591837	0.306122	0.0971217
-0.591837	0.346939	0.0936067
-0.591837	0.387755	0.0897169
-0.591837	0.428571	0.0854678
-0.591837	0.469388	0.0808767
-0.591837	0.510204	0.0759621
-0.591837	0.55102	0.070744
-0.591837	0.591837	0.0652435
-0.591837	0.632653	0.0594827
-0.591837	0.673469	0.0534848
-0.591837	0.714286	0.0472739
-0.591837	0.755102	0.0408749
-0.591837	0.795918	0.0343135
-0.591837	0.836735	0.0276157
-0.591837	0.877551	0.0208082
-0.591837	0.918367	0.0139182
-0.591837	0.959184	0.00697291
-0.591837	1	0
-0.55102	-1	0.00734316
-0.55102	-0.959184	0.014659
-0.55102	-0.918367	0.0219202
-0.55102	-0.877551	0.0290996
-0.55102	-0.836735	0.0361702
-0.55102	-0.795918	0.0431055
-0.55102	-0.755102	0.0498791
-0.55102	-0.714286	0.0564652
-0.55102	-0.673469	0.0628383
-0.55102	-0.632653	0.0689738
-0.55102	-0.591837	0.0748476
-0.55102	-0.55102	0.0804364
-0.55102	-0.510204	0.0857179
-0.55102	-0.469388	0.0906707
-0.55102	-0.428571	0.0952746
-0.55102	-0.387755	0.0995104
-0.55102	-0.346939	0.10336
-0.55102	-0.306122	0.106808
-0.55102	-0.265306	0.109839
-0.55102	-0.22449	0.112439
-0.55102	-0.183673	0.114598
-0.55102	-0.142857	0.116305
-0.55102	-0.102041	0.117552
-0.55102	-0.0612245	0.118333
-0.55102	-0.0204082	0.118645
-0.55102	0.0204082	0.118484
-0.55102	0.0612245	0.117851
-0.55102	0.102041	0.116747
-0.55102	0.142857	0.115176
-0.55102	0.183673	0.113145
-0.55102	0.22449	0.110661
-0.55102	0.265306	0.107733
-0.55102	0.306122	0.104374
-0.55102	0.346939	0.100596
-0.55102	0.387755	0.096416
-0.55102	0.428571	0.0918496
-0.55102	0.469388	0.0869157
-0.55102	0.510204	0.0816342
-0.55102	0.55102	0.0760264
-0.55102	0.591837	0.0701152
-0.55102	0.632653	0.0639242
-0.55102	0.673469	0.0574785
-0.55102	0.714286	0.0508038
-0.55102	0.755102	0.043927
-0.55102	0.795918	0.0368756
-0.55102	0.836735	0.0296777
-0.55102	0.877551	0.0223619
-0.55102	0.918367	0.0149574
-0.55102	0.959184	0.00749357
-0.55102	1	0
-0.510204	-1	0.00782532
-0.510204	-0.959184	0.0156215
-0.510204	-0.918367	0.0233594
-0.510204	-0.877551	0.0310102
-0.510204	-0.836735	0.0385452
-0.510204	-0.795918	0.0459359
-0.510204	-0.755102	0.0531542
-0.510204	-0.714286	0.0601727
-0.510204	-0.673469	0.0669643
-0.510204	-0.632653	0.0735027
-0.510204	-0.591837	0.0797621
-0.510204	-0.55102	0.0857179
-0.510204	-0.510204	0.0913462
-0.510204	-0.469388	0.0966242
-0.510204	-0.428571	0.10153
-0.510204	-0.387755	0.106044
-0.510204	-0.346939	0.110147
-0.510204	-0.306122	0.113821
-0.510204	-0.265306	0.117051
-0.510204	-0.22449	0.119822
-0.510204	-0.183673	0.122123
-0.510204	-0.142857	0.123942
-0.510204	-0.102041	0.125271
-0.510204	-0.0612245	0.126103
-0.510204	-0.0204082	0.126435
-0.510204	0.0204082	0.126264
-0.510204	0.0612245	0.125589
-0.510204	0.102041	0.124412
-0.510204	0.142857	0.122739
-0.510204	0.183673	0.120574
-0.510204	0.22449	0.117927
-0.510204	0.265306	0.114807
-0.510204	0.306122	0.111227
-0.510204	0.346939	0.107202
-0.510204	0.387755	0.102747
-0.510204	0.428571	0.0978805
-0.510204	0.469388	0.0926226
-0.510204	0.510204	0.0869943
-0.510204	0.55102	0.0810184
-0.510204	0.591837	0.074719
-0.510204	0.632653	0.0681215
-0.510204	0.673469	0.0612525
-0.510204	0.714286	0.0541396
-0.510204	0.755102	0.0468113
-0.510204	0.795918	0.0392969
-0.510204	0.836735	0.0316264
-0.510204	0.877551	0.0238302
-0.510204	0.918367	0.0159395
-0.510204	0.959184	0.00798561
-0.510204	1	0
-0.469388	-1	0.00827747
-0.469388	-0.959184	0.0165241
-0.469388	-0.918367	0.0247092
-0.469388	-0.877551	0.032802
-0.469388	-0.836735	0.0407723
-0.469388	-0.795918	0.04859
-0.469388	-0.755102	0.0562255
-0.469388	-0.714286	0.0636495
-0.469388	-0.673469	0.0708335
-0.469388	-0.632653	0.0777497
-0.469388	-0.591837	0.0843708
-0.469388	-0.55102	0.0906707
-0.469388	-0.510204	0.0966242
-0.469388	-0.469388	0.102207
-0.469388	-0.428571	0.107397
-0.469388	-0.387755	0.112172
-0.469388	-0.346939	0.116511
-0.469388	-0.306122	0.120398
-0.469388	-0.265306	0.123814
-0.469388	-0.22449	0.126746
-0.469388	-0.183673	0.129179
-0.469388	-0.142857	0.131103
-0.469388	-0.102041	0.132509
-0.469388	-0.0612245	0.133389
-0.469388	-0.0204082	0.13374
-0.469388	0.0204082	0.133559
-0.469388	0.0612245	0.132845
-0.469388	0.102041	0.131601
-0.469388	0.142857	0.129831
-0.469388	0.183673	0.127541
-0.469388	0.22449	0.12474
-0.469388	0.265306	0.12144
-0.469388	0.306122	0.117654
-0.469388	0.346939	0.113396
-0.469388	0.387755	0.108683
-0.469388	0.428571	0.103536
-0.469388	0.469388	0.0979744
-0.469388	0.510204	0.0920209
-0.469388	0.55102	0.0856996
-0.469388	0.591837	0.0790363
-0.469388	0.632653	0.0720576
-0.469388	0.673469	0.0647917
-0.469388	0.714286	0.0572678
-0.469388	0.755102	0.0495161
-0.469388	0.795918	0.0415675
-0.469388	0.836735	0.0334537
-0.469388	0.877551	0.0252071
-0.469388	0.918367	0.0168605
-0.469388	0.959184	0.00844702
-0.469388	1	0
-0.428571	-1	0.00869776
-0.428571	-0.959184	0.0173631
-0.428571	-0.918367	0.0259638
-0.428571	-0.877551	0.0344676
-0.428571	-0.836735	0.0428426
-0.428571	-0.795918	0.0510572
-0.428571	-0.755102	0.0590804
-0.428571	-0.714286	0.0668814
-0.428571	-0.673469	0.0744302
-0.428571	-0.632653	0.0816975
-0.428571	-0.591837	0.0886548
-0.428571	-0.55102	0.0952746
-0.428571	-0.510204	0.10153
-0.428571	-0.469388	0.107397
-0.428571	-0.428571	0.11285
-0.428571	-0.387755	0.117867
-0.428571	-0.346939	0.122427
-0.428571	-0.306122	0.126511
-0.428571	-0.265306	0.130101
-0.428571	-0.22449	0.133181
-0.428571	-0.183673	0.135738
-0.428571	-0.142857	0.13776
-0.428571	-0.102041	0.139237
-0.428571	-0.0612245	0.140162
-0.428571	-0.0204082	0.140531
-0.428571	0.0204082	0.140341
-0.428571	0.0612245	0.139591
-0.428571	0.102041	0.138283
-0.428571	0.142857	0.136423
-0.428571	0.183673	0.134017
-0.428571	0.22449	0.131074
-0.428571	0.265306	0.127607
-0.428571	0.306122	0.123628
-0.428571	0.346939	0.119153
-0.428571	0.387755	0.114202
-0.428571	0.428571	0.108793
-0.428571	0.469388	0.102949
-0.428571	0.510204	0.0966933
-0.428571	0.55102	0.0900511
-0.428571	0.591837	0.0830494
-0.428571	0.632653	0.0757163
-0.428571	0.673469	0.0680815
-0.428571	0.714286	0.0601756
-0.428571	0.755102	0.0520303
-0.428571	0.795918	0.0436781
-0.428571	0.836735	0.0351524
-0.428571	0.877551	0.0264871
-0.428571	0.918367	0.0177166
-0.428571	0.959184	0.00887592
-0.428571	1	0
-0.387755	-1	0.00908446
-0.387755	-0.959184	0.0181351
-0.387755	-0.918367	0.0271181
-0.387755	-0.877551	0.036
-0.387755	-0.836735	0.0447473
-0.387755	-0.795918	0.0533272
-0.387755	-0.755102	0.061707
-0.387755	-0.714286	0.0698548
-0.387755	-0.673469	0.0777392
-0.387755	-0.632653	0.0853296
-0.387755	-0.591837	0.0925963
-0.387755	-0.55102	0.0995104
-0.387755	-0.510204	0.106044
-0.387755	-0.469388	0.112172
-0.387755	-0.428571	0.117867
-0.387755	-0.387755	0.123107
-0.387755	-0.346939	0.12787
-0.387755	-0.306122	0.132136
-0.387755	-0.265306	0.135885
-0.387755	-0.22449	0.139102
-0.387755	-0.183673	0.141773
-0.387755	-0.142857	0.143884
-0.387755	-0.102041	0.145427
-0.387755	-0.0612245	0.146394
-0.387755	-0.0204082	0.146779
-0.387755	0.0204082	0.14658
-0.387755	0.0612245	0.145797
-0.387755	0.102041	0.144431
-0.387755	0.142857	0.142488
-0.387755	0.183673	0.139975
-0.387755	0.22449	0.136902
-0.387755	0.265306	0.13328
-0.387755	0.306122	0.129124
-0.387755	0.346939	0.124451
-0.387755	0.387755	0.119279
-0.387755	0.428571	0.11363
-0.387755	0.469388	0.107526
-0.387755	0.510204	0.100992
-0.387755	0.55102	0.0940547
-0.387755	0.591837	0.0867417
-0.387755	0.632653	0.0790826
-0.387755	0.673469	0.0711084
-0.387755	0.714286	0.062851
-0.387755	0.755102	0.0543435
-0.387755	0.795918	0.04562
-0.387755	0.836735	0.0367152
-0.387755	0.877551	0.0276646
-0.387755	0.918367	0.0185043
-0.387755	0.959184	0.00927053
-0.387755	1	0
-0.346939	-1	0.00943593
-0.346939	-0.959184	0.0188367
-0.346939	-0.918367	0.0281673
-0.346939	-0.877551	0.0373928
-0.346939	-0.836735	0.0464786
-0.346939	-0.795918	0.0553904
-0.346939	-0.755102	0.0640944
-0.346939	-0.714286	0.0725575
-0.346939	-0.673469	0.0807469
-0.346939	-0.632653	0.088631
-0.346939	-0.591837	0.0961788
-0.346939	-0.55102	0.10336
-0.346939	-0.510204	0.110147
-0.346939	-0.469388	0.116511
-0.346939	-0.428571	0.122427
-0.346939	-0.387755	0.12787
-0.346939	-0.346939	0.132818
-0.346939	-0.306122	0.137248
-0.346939	-0.265306	0.141143
-0.346939	-0.22449	0.144484
-0.346939	-0.183673	0.147258
-0.346939	-0.142857	0.149451
-0.346939	-0.102041	0.151054
-0.346939	-0.0612245	0.152058
-0.346939	-0.0204082	0.152458
-0.346939	0.0204082	0.152251
-0.346939	0.0612245	0.151437
-0.346939	0.102041	0.150019
-0.346939	0.142857	0.148001
-0.346939	0.183673	0.145391
-0.346939	0.22449	0.142198
-0.346939	0.265306	0.138436
-0.346939	0.306122	0.13412
-0.346939	0.346939	0.129266
-0.346939	0.387755	0.123894
-0.346939	0.428571	0.118026
-0.346939	0.469388	0.111686
-0.346939	0.510204	0.104899
-0.346939	0.55102	0.0976936
-0.346939	0.591837	0.0900976
-0.346939	0.632653	0.0821423
-0.346939	0.673469	0.0738595
-0.346939	0.714286	0.0652826
-0.346939	0.755102	0.056446
-0.346939	0.795918	0.047385
-0.346939	0.836735	0.0381357
-0.346939	0.877551	0.028735
-0.346939	0.918367	0.0192202
-0.346939	0.959184	0.0096292
-0.346939	1	0
-0.306122	-1	0.00975069
-0.306122	-0.959184	0.0194651
-0.306122	-0.918367	0.0291069
-0.306122	-0.877551	0.0386401
-0.306122	-0.836735	0.048029
-0.306122	-0.795918	0.0572381
-0.306122	-0.755102	0.0662325
-0.306122	-0.714286	0.0749778
-0.306122	-0.673469	0.0834404
-0.306122	-0.632653	0.0915875
-0.306122	-0.591837	0.099387
-0.306122	-0.55102	0.106808
-0.306122	-0.510204	0.113821
-0.306122	-0.469388	0.120398
-0.306122	-0.428571	0.126511
-0.306122	-0.387755	0.132136
-0.306122	-0.346939	0.137248
-0.306122	-0.306122	0.141826
-0.306122	-0.265306	0.145851
-0.306122	-0.22449	0.149304
-0.306122	-0.183673	0.15217
-0.306122	-0.142857	0.154437
-0.306122	-0.102041	0.156093
-0.306122	-0.0612245	0.15713
-0.306122	-0.0204082	0.157543
-0.306122	0.0204082	0.15733
-0.306122	0.0612245	0.156489
-0.306122	0.102041	0.155023
-0.306122	0.142857	0.152938
-0.306122	0.183673	0.15024
-0.306122	0.22449	0.146942
-0.306122	0.265306	0.143054
-0.306122	0.306122	0.138594
-0.306122	0.346939	0.133578
-0.306122	0.387755	0.128027
-0.306122	0.428571	0.121963
-0.306122	0.469388	0.115412
-0.306122	0.510204	0.108399
-0.306122	0.55102	0.100952
-0.306122	0.591837	0.0931031
-0.306122	0.632653	0.0848823
-0.306122	0.673469	0.0763233
-0.306122	0.714286	0.0674603
-0.306122	0.755102	0.0583289
-0.306122	0.795918	0.0489656
-0.306122	0.836735	0.0394078
-0.306122	0.877551	0.0296935
-0.306122	0.918367	0.0198613
-0.306122	0.959184	0.00995041
-0.306122	1	0
-0.265306	-1	0.0100274
-0.265306	-0.959184	0.0200174
-0.265306	-0.918367	0.0299328
-0.265306	-0.877551	0.0397366
-0.265306	-0.836735	0.0493918
-0.265306	-0.795918	0.0588623
-0.265306	-0.755102	0.0681119
-0.265306	-0.714286	0.0771054
-0.265306	-0.673469	0.0858081
-0.265306	-0.632653	0.0941864
-0.265306	-0.591837	0.102207
-0.265306	-0.55102	0.109839
-0.265306	-0.510204	0.117051
-0.265306	-0.469388	0.123814
-0.265306	-0.428571	0.130101
-0.265306	-0.387755	0.135885
-0.265306	-0.346939	0.141143
-0.265306	-0.306122	0.145851
-0.265306	-0.265306	0.149989
-0.265306	-0.22449	0.15354
-0.265306	-0.183673	0.156488
-0.265306	-0.142857	0.158819
-0.265306	-0.102041	0.160522
-0.265306	-0.0612245	0.161589
-0.265306	-0.0204082	0.162014
-0.265306	0.0204082	0.161794
-0.265306	0.0612245	0.160929
-0.265306	0.102041	0.159422
-0.265306	0.142857	0.157278
-0.265306	0.183673	0.154504
-0.265306	0.22449	0.151111
-0.265306	0.265306	0.147113
-0.265306	0.306122	0.142526
-0.265306	0.346939	0.137368
-0.265306	0.387755	0.13166
-0.265306	0.428571	0.125424
-0.265306	0.469388	0.118687
-0.265306	0.510204	0.111475
-0.265306	0.55102	0.103817
-0.265306	0.591837	0.095745
-0.265306	0.632653	0.0872909
-0.265306	0.673469	0.078489
-0.265306	0.714286	0.0693746
-0.265306	0.755102	0.0599841
-0.265306	0.795918	0.0503551
-0.265306	0.836735	0.040526
-0.265306	0.877551	0.0305361
-0.265306	0.918367	0.0204249
-0.265306	0.959184	0.0102328
-0.265306	1	0
-0.22449	-1	0.0102648
-0.22449	-0.959184	0.0204913
-0.22449	-0.918367	0.0306415
-0.22449	-0.877551	0.0406773
-0.22449	-0.836735	0.0505612
-0.22449	-0.795918	0.0602558
-0.22449	-0.755102	0.0697245
-0.22449	-0.714286	0.0789309
-0.22449	-0.673469	0.0878397
-0.22449	-0.632653	0.0964163
-0.22449	-0.591837	0.104627
-0.22449	-0.55102	0.112439
-0.22449	-0.510204	0.119822
-0.22449	-0.469388	0.126746
-0.22449	-0.428571	0.133181
-0.22449	-0.387755	0.139102
-0.22449	-0.346939	0.144484
-0.22449	-0.306122	0.149304
-0.22449	-0.265306	0.15354
-0.22449	-0.22449	0.157176
-0.22449	-0.183673	0.160193
-0.22449	-0.142857	0.162579
-0.22449	-0.102041	0.164322
-0.22449	-0.0612245	0.165414
-0.22449	-0.0204082	0.16585
-0.22449	0.0204082	0.165625
-0.22449	0.0612245	0.164739
-0.22449	0.102041	0.163197
-0.22449	0.142857	0.161001
-0.22449	0.183673	0.158162
-0.22449	0.22449	0.154689
-0.22449	0.265306	0.150596
-0.22449	0.306122	0.145901
-0.22449	0.346939	0.14062
-0.22449	0.387755	0.134777
-0.22449	0.428571	0.128394
-0.22449	0.469388	0.121497
-0.22449	0.510204	0.114114
-0.22449	0.55102	0.106275
-0.22449	0.591837	0.0980118
-0.22449	0.632653	0.0893576
-0.22449	0.673469	0.0803473
-0.22449	0.714286	0.071017
-0.22449	0.755102	0.0614042
-0.22449	0.795918	0.0515472
-0.22449	0.836735	0.0414855
-0.22449	0.877551	0.031259
-0.22449	0.918367	0.0209085
-0.22449	0.959184	0.010475
-0.22449	1	0
-0.183673	-1	0.0104618
-0.183673	-0.959184	0.0208847
-0.183673	-0.918367	0.0312297
-0.183673	-0.877551	0.0414583
-0.183673	-0.836735	0.0515319
-0.183673	-0.795918	0.0614126
-0.183673	-0.755102	0.071063
-0.183673	-0.714286	0.0804462
-0.183673	-0.673469	0.089526
-0.183673	-0.632653	0.0982673
-0.183673	-0.591837	0.106636
-0.183673	-0.55102	0.114598
-0.183673	-0.510204	0.122123
-0.183673	-0.469388	0.129179
-0.183673	-0.428571	0.135738
-0.183673	-0.387755	0.141773
-0.183673	-0.346939	0.147258
-0.183673	-0.306122	0.15217
-0.183673	-0.265306	0.156488
-0.183673	-0.22449	0.160193
-0.183673	-0.183673	0.163268
-0.183673	-0.142857	0.1657
-0.183673	-0.102041	0.167477
-0.183673	-0.0612245	0.16859
-0.183673	-0.0204082	0.169034
-0.183673	0.0204082	0.168804
-0.183673	0.0612245	0.167902
-0.183673	0.102041	0.16633
-0.183673	0.142857	0.164092
-0.183673	0.183673	0.161198
-0.183673	0.22449	0.157659
-0.183673	0.265306	0.153488
-0.183673	0.306122	0.148702
-0.183673	0.346939	0.14332
-0.183673	0.387755	0.137364
-0.183673	0.428571	0.130858
-0.183673	0.469388	0.123829
-0.183673	0.510204	0.116304
-0.183673	0.55102	0.108315
-0.183673	0.591837	0.0998934
-0.183673	0.632653	0.0910731
-0.183673	0.673469	0.0818898
-0.183673	0.714286	0.0723804
-0.183673	0.755102	0.062583
-0.183673	0.795918	0.0525368
-0.183673	0.836735	0.0422819
-0.183673	0.877551	0.0318591
-0.183673	0.918367	0.0213099
-0.183673	0.959184	0.0106761
-0.183673	1	0
-0.142857	-1	0.0106177
-0.142857	-0.959184	0.0211958
-0.142857	-0.918367	0.0316949
-0.142857	-0.877551	0.0420757
-0.142857	-0.836735	0.0522994
-0.142857	-0.795918	0.0623273
-0.142857	-0.755102	0.0721214
-0.142857	-0.714286	0.0816444
-0.142857	-0.673469	0.0908594
-0.142857	-0.632653	0.0997309
-0.142857	-0.591837	0.108224
-0.142857	-0.55102	0.116305
-0.142857	-0.510204	0.123942
-0.142857	-0.469388	0.131103
-0.142857	-0.428571	0.13776
-0.142857	-0.387755	0.143884
-0.142857	-0.346939	0.149451
-0.142857	-0.306122	0.154437
-0.142857	-0.265306	0.158819
-0.142857	-0.22449	0.162579
-0.142857	-0.183673	0.1657
-0.142857	-0.142857	0.168168
-0.142857	-0.102041	0.169971
-0.142857	-0.0612245	0.171101
-0.142857	-0.0204082	0.171551
-0.142857	0.0204082	0.171319
-0.142857	0.0612245	0.170403
-0.142857	0.102041	0.168807
-0.142857	0.142857	0.166536
-0.142857	0.183673	0.163599
-0.142857	0.22449	0.160007
-0.142857	0.265306	0.155774
-0.142857	0.306122	0.150916
-0.142857	0.346939	0.145455
-0.142857	0.387755	0.13941
-0.142857	0.428571	0.132808
-0.142857	0.469388	0.125673
-0.142857	0.510204	0.118037
-0.142857	0.55102	0.109928
-0.142857	0.591837	0.101381
-0.142857	0.632653	0.0924295
-0.142857	0.673469	0.0831095
-0.142857	0.714286	0.0734584
-0.142857	0.755102	0.0635152
-0.142857	0.795918	0.0533193
-0.142857	0.836735	0.0429117
-0.142857	0.877551	0.0323337
-0.142857	0.918367	0.0216273
-0.142857	0.959184	0.0108351
-0.142857	1	0
-0.102041	-1	0.0107315
-0.102041	-0.959184	0.0214231
-0.102041	-0.918367	0.0320347
-0.102041	-0.877551	0.0425269
-0.102041	-0.836735	0.0528602
-0.102041	-0.795918	0.0629957
-0.102041	-0.755102	0.0728948
-0.102041	-0.714286	0.0825198
-0.102041	-0.673469	0.0918337
-0.102041	-0.632653	0.1008
-0.102041	-0.591837	0.109384
-0.102041	-0.55102	0.117552
-0.102041	-0.510204	0.125271
-0.102041	-0.469388	0.132509
-0.102041	-0.428571	0.139237
-0.102041	-0.387755	0.145427
-0.102041	-0.346939	0.151054
-0.102041	-0.306122	0.156093
-0.102041	-0.265306	0.160522
-0.102041	-0.22449	0.164322
-0.102041	-0.183673	0.167477
-0.102041	-0.142857	0.169971
-0.102041	-0.102041	0.171794
-0.102041	-0.0612245	0.172936
-0.102041	-0.0204082	0.173391
-0.102041	0.0204082	0.173156
-0.102041	0.0612245	0.17223
-0.102041	0.102041	0.170617
-0.102041	0.142857	0.168322
-0.102041	0.183673	0.165353
-0.102041	0.22449	0.161722
-0.102041	0.265306	0.157444
-0.102041	0.306122	0.152535
-0.102041	0.346939	0.147014
-0.102041	0.387755	0.140905
-0.102041	0.428571	0.134232
-0.102041	0.469388	0.127021
-0.102041	0.510204	0.119302
-0.102041	0.55102	0.111107
-0.102041	0.591837	0.102468
-0.102041	0.632653	0.0934206
-0.102041	0.673469	0.0840006
-0.102041	0.714286	0.0742461
-0.102041	0.755102	0.0641962
-0.102041	0.795918	0.0538911
-0.102041	0.836735	0.0433718
-0.102041	0.877551	0.0326804
-0.102041	0.918367	0.0218592
-0.102041	0.959184	0.0109513
-0.102041	1	0
-0.0612245	-1	0.0108028
-0.0612245	-0.959184	0.0215654
-0.0612245	-0.918367	0.0322477
-0.0612245	-0.877551	0.0428096
-0.0612245	-0.836735	0.0532115
-0.0612245	-0.795918	0.0634144
-0.0612245	-0.755102	0.0733793
-0.0612245	-0.714286	0.0830683
-0.0612245	-0.673469	0.0924441
-0.0612245	-0.632653	0.10147
-0.0612245	-0.591837	0.110111
-0.0612245	-0.55102	0.118333
-0.0612245	-0.510204	0.126103
-0.0612245	-0.469388	0.133389
-0.0612245	-0.428571	0.140162
-0.0612245	-0.387755	0.146394
-0.0612245	-0.346939	0.152058
-0.0612245	-0.306122	0.15713
-0.0612245	-0.265306	0.161589
-0.0612245	-0.22449	0.165414
-0.0612245	-0.183673	0.16859
-0.0612245	-0.142857	0.171101
-0.0612245	-0.102041	0.172936
-0.0612245	-0.0612245	0.174085
-0.0612245	-0.0204082	0.174543
-0.0612245	0.0204082	0.174306
-0.0612245	0.0612245	0.173375
-0.0612245	0.102041	0.171751
-0.0612245	0.142857	0.169441
-0.0612245	0.183673	0.166452
-0.0612245	0.22449	0.162797
-0.0612245	0.265306	0.15849
-0.0612245	0.306122	0.153548
-0.0612245	0.346939	0.147991
-0.0612245	0.387755	0.141842
-0.0612245	0.428571	0.135124
-0.0612245	0.469388	0.127865
-0.0612245	0.510204	0.120095
-0.0612245	0.55102	0.111846
-0.0612245	0.591837	0.103149
-0.0612245	0.632653	0.0940416
-0.0612245	0.673469	0.0845589
-0.0612245	0.714286	0.0747396
-0.0612245	0.755102	0.0646229
-0.0612245	0.795918	0.0542493
-0.0612245	0.836735	0.0436601
-0.0612245	0.877551	0.0328976
-0.0612245	0.918367	0.0220045
-0.0612245	0.959184	0.0110241
-0.0612245	1	0
-0.0204082	-1	0.0108313
-0.0204082	-0.959184	0.0216222
-0.0204082	-0.918367	0.0323325
-0.0204082	-0.877551	0.0429222
-0.0204082	-0.836735	0.0533515
-0.0204082	-0.795918	0.0635812
-0.0204082	-0.755102	0.0735723
-0.0204082	-0.714286	0.0832868
-0.0204082	-0.673469	0.0926873
-0.0204082	-0.632653	0.101737
-0.0204082	-0.591837	0.110401
-0.0204082	-0.55102	0.118645
-0.0204082	-0.510204	0.126435
-0.0204082	-0.469388	0.13374
-0.0204082	-0.428571	0.140531
-0.0204082	-0.387755	0.146779
-0.0204082	-0.346939	0.152458
-0.0204082	-0.306122	0.157543
-0.0204082	-0.265306	0.162014
-0.0204082	-0.22449	0.16585
-0.0204082	-0.183673	0.169034
-0.0204082	-0.142857	0.171551
-0.0204082	-0.102041	0.173391
-0.0204082	-0.0612245	0.174543
-0.0204082	-0.0204082	0.175002
-0.0204082	0.0204082	0.174765
-0.0204082	0.0612245	0.173831
-0.0204082	0.102041	0.172203
-0.0204082	0.142857	0.169886
-0.0204082	0.183673	0.16689
-0.0204082	0.22449	0.163226
-0.0204082	0.265306	0.158907
-0.0204082	0.306122	0.153952
-0.0204082	0.346939	0.148381
-0.0204082	0.387755	0.142215
-0.0204082	0.428571	0.135479
-0.0204082	0.469388	0.128202
-0.0204082	0.510204	0.120411
-0.0204082	0.55102	0.11214
-0.0204082	0.591837	0.103421
-0.0204082	0.632653	0.094289
-0.0204082	0.673469	0.0847814
-0.0204082	0.714286	0.0749362
-0.0204082	0.755102	0.0647929
-0.0204082	0.795918	0.054392
-0.0204082	0.836735	0.043775
-0.0204082	0.877551	0.0329841
-0.0204082	0.918367	0.0220624
-0.0204082	0.959184	0.0110531
-0.0204082	1	0
0.0204082	-1	0.0108166
0.0204082	-0.959184	0.0215929
0.0204082	-0.918367	0.0322887
0.0204082	-0.877551	0.042864
0.0204082	-0.836735	0.0532792
0.0204082	-0.795918	0.063495
0.0204082	-0.755102	0.0734726
0.0204082	-0.714286	0.0831739
0.0204082	-0.673469	0.0925616
0.0204082	-0.632653	0.101599
0.0204082	-0.591837	0.110251
0.0204082	-0.55102	0.118484
0.0204082	-0.510204	0.126264
0.0204082	-0.469388	0.133559
0.0204082	-0.428571	0.140341
0.0204082	-0.387755	0.14658
0.0204082	-0.346939	0.152251
0.0204082	-0.306122	0.15733
0.0204082	-0.265306	0.161794
0.0204082	-0.22449	0.165625
0.0204082	-0.183673	0.168804
0.0204082	-0.142857	0.171319
0.0204082	-0.102041	0.173156
0.0204082	-0.0612245	0.174306
0.0204082	-0.0204082	0.174765
0.0204082	0.0204082	0.174528
0.0204082	0.0612245	0.173595
0.0204082	0.102041	0.171969
0.0204082	0.142857	0.169656
0.0204082	0.183673	0.166664
0.0204082	0.22449	0.163004
0.0204082	0.265306	0.158692
0.0204082	0.306122	0.153744
0.0204082	0.346939	0.14818
0.0204082	0.387755	0.142022
0.0204082	0.428571	0.135296
0.0204082	0.469388	0.128028
0.0204082	0.510204	0.120248
0.0204082	0.55102	0.111988
0.0204082	0.591837	0.10328
0.0204082	0.632653	0.0941611
0.0204082	0.673469	0.0846664
0.0204082	0.714286	0.0748346
0.0204082	0.755102	0.064705
0.0204082	0.795918	0.0543182
0.0204082	0.836735	0.0437156
0.0204082	0.877551	0.0329394
0.0204082	0.918367	0.0220325
0.0204082	0.959184	0.0110381
0.0204082	1	0
0.0612245	-1	0.0107588
0.0612245	-0.959184	0.0214774
0.0612245	-0.918367	0.0321161
0.0612245	-0.877551	0.0426349
0.0612245	-0.836735	0.0529944
0.0612245	-0.795918	0.0631556
0.0612245	-0.755102	0.0730799
0.0612245	-0.714286	0.0827294
0.0612245	-0.673469	0.0920669
0.0612245	-0.632653	0.101056
0.0612245	-0.591837	0.109662
0.0612245	-0.55102	0.117851
0.0612245	-0.510204	0.125589
0.0612245	-0.469388	0.132845
0.0612245	-0.428571	0.139591
0.0612245	-0.387755	0.145797
0.0612245	-0.346939	0.151437
0.0612245	-0.306122	0.156489
0.0612245	-0.265306	0.160929
0.0612245	-0.22449	0.164739
0.0612245	-0.183673	0.167902
0.0612245	-0.142857	0.170403
0.0612245	-0.102041	0.17223
0.0612245	-0.0612245	0.173375
0.0612245	-0.0204082	0.173831
0.0612245	0.0204082	0.173595
0.0612245	0.0612245	0.172667
0.0612245	0.102041	0.17105
0.0612245	0.142857	0.168749
0.0612245	0.183673	0.165773
0.0612245	0.22449	0.162133
0.0612245	0.265306	0.157844
0.0612245	0.306122	0.152922
0.0612245	0.346939	0.147388
0.0612245	0.387755	0.141263
0.0612245	0.428571	0.134572
0.0612245	0.469388	0.127344
0.0612245	0.510204	0.119605
0.0612245	0.55102	0.111389
0.0612245	0.591837	0.102728
0.0612245	0.632653	0.0936578
0.0612245	0.673469	0.0842139
0.0612245	0.714286	0.0744347
0.0612245	0.755102	0.0643592
0.0612245	0.795918	0.0540279
0.0612245	0.836735	0.0434819
0.0612245	0.877551	0.0327633
0.0612245	0.918367	0.0219147
0.0612245	0.959184	0.0109791
0.0612245	1	0
0.102041	-1	0.010658
0.102041	-0.959184	0.0212763
0.102041	-0.918367	0.0318153
0.102041	-0.877551	0.0422356
0.102041	-0.836735	0.0524981
0.102041	-0.795918	0.0625641
0.102041	-0.755102	0.0723954
0.102041	-0.714286	0.0819545
0.102041	-0.673469	0.0912046
0.102041	-0.632653	0.10011
0.102041	-0.591837	0.108635
0.102041	-0.55102	0.116747
0.102041	-0.510204	0.124412
0.102041	-0.469388	0.131601
0.102041	-0.428571	0.138283
0.102041	-0.387755	0.144431
0.102041	-0.346939	0.150019
0.102041	-0.306122	0.155023
0.102041	-0.265306	0.159422
0.102041	-0.22449	0.163197
0.102041	-0.183673	0.16633
0.102041	-0.142857	0.168807
0.102041	-0.102041	0.170617
0.102041	-0.0612245	0.171751
0.102041	-0.0204082	0.172203
0.102041	0.0204082	0.171969
0.102041	0.0612245	0.17105
0.102041	0.102041	0.169448
0.102041	0.142857	0.167169
0.102041	0.183673	0.16422
0.102041	0.22449	0.160615
0.102041	0.265306	0.156365
0.102041	0.306122	0.15149
0.102041	0.346939	0.146007
0.102041	0.387755	0.13994
0.102041	0.428571	0.133312
0.102041	0.469388	0.126151
0.102041	0.510204	0.118485
0.102041	0.55102	0.110346
0.102041	0.591837	0.101766
0.102041	0.632653	0.0927806
0.102041	0.673469	0.0834252
0.102041	0.714286	0.0737375
0.102041	0.755102	0.0637564
0.102041	0.795918	0.0535219
0.102041	0.836735	0.0430747
0.102041	0.877551	0.0324565
0.102041	0.918367	0.0217094
0.102041	0.959184	0.0108763
0.102041	1	0
0.142857	-1	0.0105146
0.142857	-0.959184	0.0209901
0.142857	-0.918367	0.0313873
0.142857	-0.877551	0.0416674
0.142857	-0.836735	0.0517919
0.142857	-0.795918	0.0617225
0.142857	-0.755102	0.0714215
0.142857	-0.714286	0.0808521
0.142857	-0.673469	0.0899777
0.142857	-0.632653	0.0987631
0.142857	-0.591837	0.107174
0.142857	-0.55102	0.115176
0.142857	-0.510204	0.122739
0.142857	-0.469388	0.129831
0.142857	-0.428571	0.136423
0.142857	-0.387755	0.142488
0.142857	-0.346939	0.148001
0.142857	-0.306122	0.152938
0.142857	-0.265306	0.157278
0.142857	-0.22449	0.161001
0.142857	-0.183673	0.164092
0.142857	-0.142857	0.166536
0.142857	-0.102041	0.168322
0.142857	-0.0612245	0.169441
0.142857	-0.0204082	0.169886
0.142857	0.0204082	0.169656
0.142857	0.0612245	0.168749
0.142857	0.102041	0.167169
0.142857	0.142857	0.16492
0.142857	0.183673	0.162011
0.142857	0.22449	0.158454
0.142857	0.265306	0.154262
0.142857	0.306122	0.149452
0.142857	0.346939	0.144043
0.142857	0.387755	0.138057
0.142857	0.428571	0.131519
0.142857	0.469388	0.124454
0.142857	0.510204	0.116891
0.142857	0.55102	0.108862
0.142857	0.591837	0.100397
0.142857	0.632653	0.0915325
0.142857	0.673469	0.0823029
0.142857	0.714286	0.0727456
0.142857	0.755102	0.0628988
0.142857	0.795918	0.0528019
0.142857	0.836735	0.0424952
0.142857	0.877551	0.0320199
0.142857	0.918367	0.0214174
0.142857	0.959184	0.01073
0.142857	1	0
0.183673	-1	0.0103292
0.183673	-0.959184	0.0206199
0.183673	-0.918367	0.0308337
0.183673	-0.877551	0.0409326
0.183673	-0.836735	0.0508784
0.183673	-0.795918	0.0606339
0.183673	-0.755102	0.0701619
0.183673	-0.714286	0.0794261
0.183673	-0.673469	0.0883908
0.183673	-0.632653	0.0970212
0.183673	-0.591837	0.105283
0.183673	-0.55102	0.113145
0.183673	-0.510204	0.120574
0.183673	-0.469388	0.127541
0.183673	-0.428571	0.134017
0.183673	-0.387755	0.139975
0.183673	-0.346939	0.145391
0.183673	-0.306122	0.15024
0.183673	-0.265306	0.154504
0.183673	-0.22449	0.158162
0.183673	-0.183673	0.161198
0.183673	-0.142857	0.163599
0.183673	-0.102041	0.165353
0.183673	-0.0612245	0.166452
0.183673	-0.0204082	0.16689
0.183673	0.0204082	0.166664
0.183673	0.0612245	0.165773
0.183673	0.102041	0.16422
0.183673	0.142857	0.162011
0.183673	0.183673	0.159154
0.183673	0.22449	0.155659
0.183673	0.265306	0.151541
0.183673	0.306122	0.146816
0.183673	0.346939	0.141503
0.183673	0.387755	0.135622
0.183673	0.428571	0.129199
0.183673	0.469388	0.122259
0.183673	0.510204	0.11483
0.183673	0.55102	0.106942
0.183673	0.591837	0.0986267
0.183673	0.632653	0.0899182
0.183673	0.673469	0.0808514
0.183673	0.714286	0.0714626
0.183673	0.755102	0.0617894
0.183673	0.795918	0.0518706
0.183673	0.836735	0.0417458
0.183673	0.877551	0.0314551
0.183673	0.918367	0.0210397
0.183673	0.959184	0.0105407
0.183673	1	0
0.22449	-1	0.0101024
0.22449	-0.959184	0.0201671
0.22449	-0.918367	0.0301567
0.22449	-0.877551	0.0400338
0.22449	-0.836735	0.0497613
0.22449	-0.795918	0.0593025
0.22449	-0.755102	0.0686213
0.22449	-0.714286	0.0776821
0.22449	-0.673469	0.08645
0.22449	-0.632653	0.0948909
0.22449	-0.591837	0.102972
0.22449	-0.55102	0.110661
0.22449	-0.510204	0.117927
0.22449	-0.469388	0.12474
0.22449	-0.428571	0.131074
0.22449	-0.387755	0.136902
0.22449	-0.346939	0.142198
0.22449	-0.306122	0.146942
0.22449	-0.265306	0.151111
0.22449	-0.22449	0.154689
0.22449	-0.183673	0.157659
0.22449	-0.142857	0.160007
0.22449	-0.102041	0.161722
0.22449	-0.0612245	0.162797
0.22449	-0.0204082	0.163226
0.22449	0.0204082	0.163004
0.22449	0.0612245	0.162133
0.22449	0.102041	0.160615
0.22449	0.142857	0.158454
0.22449	0.183673	0.155659
0.22449	0.22449	0.152241
0.22449	0.265306	0.148214
0.22449	0.306122	0.143592
0.22449	0.346939	0.138396
0.22449	0.387755	0.132644
0.22449	0.428571	0.126362
0.22449	0.469388	0.119574
0.22449	0.510204	0.112308
0.22449	0.55102	0.104594
0.22449	0.591837	0.0964611
0.22449	0.632653	0.0879438
0.22449	0.673469	0.0790761
0.22449	0.714286	0.0698934
0.22449	0.755102	0.0604327
0.22449	0.795918	0.0507317
0.22449	0.836735	0.0408291
0.22449	0.877551	0.0307645
0.22449	0.918367	0.0205777
0.22449	0.959184	0.0103093
0.22449	1	0
0.265306	-1	0.00983511
0.265306	-0.959184	0.0196336
0.265306	-0.918367	0.0293589
0.265306	-0.877551	0.0389747
0.265306	-0.836735	0.0484448
0.265306	-0.795918	0.0577336
0.265306	-0.755102	0.0668059
0.265306	-0.714286	0.075627
0.265306	-0.673469	0.0841629
0.265306	-0.632653	0.0923805
0.265306	-0.591837	0.100248
0.265306	-0.55102	0.107733
0.265306	-0.510204	0.114807
0.265306	-0.469388	0.12144
0.265306	-0.428571	0.127607
0.265306	-0.387755	0.13328
0.265306	-0.346939	0.138436
0.265306	-0.306122	0.143054
0.265306	-0.265306	0.147113
0.265306	-0.22449	0.150596
0.265306	-0.183673	0.153488
0.265306	-0.142857	0.155774
0.265306	-0.102041	0.157444
0.265306	-0.0612245	0.15849
0.265306	-0.0204082	0.158907
0.265306	0.0204082	0.158692
0.265306	0.0612245	0.157844
0.265306	0.102041	0.156365
0.265306	0.142857	0.154262
0.265306	0.183673	0.151541
0.265306	0.22449	0.148214
0.265306	0.265306	0.144293
0.265306	0.306122	0.139793
0.265306	0.346939	0.134734
0.265306	0.387755	0.129135
0.265306	0.428571	0.123019
0.265306	0.469388	0.116411
0.265306	0.510204	0.109337
0.265306	0.55102	0.101826
0.265306	0.591837	0.0939091
0.265306	0.632653	0.0856172
0.265306	0.673469	0.0769841
0.265306	0.714286	0.0680444
0.265306	0.755102	0.0588339
0.265306	0.795918	0.0493896
0.265306	0.836735	0.039749
0.265306	0.877551	0.0299506
0.265306	0.918367	0.0200333
0.265306	0.959184	0.0100366
0.265306	1	0
0.306122	-1	0.00952844
0.306122	-0.959184	0.0190214
0.306122	-0.918367	0.0284434
0.306122	-0.877551	0.0377594
0.306122	-0.836735	0.0469342
0.306122	-0.795918	0.0559334
0.306122	-0.755102	0.0647228
0.306122	-0.714286	0.0732688
0.306122	-0.673469	0.0815386
0.306122	-0.632653	0.0894999
0.306122	-0.591837	0.0971217
0.306122	-0.55102	0.104374
0.306122	-0.510204	0.111227
0.306122	-0.469388	0.117654
0.306122	-0.428571	0.123628
0.306122	-0.387755	0.129124
0.306122	-0.346939	0.13412
0.306122	-0.306122	0.138594
0.306122	-0.265306	0.142526
0.306122	-0.22449	0.145901
0.306122	-0.183673	0.148702
0.306122	-0.142857	0.150916
0.306122	-0.102041	0.152535
0.306122	-0.0612245	0.153548
0.306122	-0.0204082	0.153952
0.306122	0.0204082	0.153744
0.306122	0.0612245	0.152922
0.306122	0.102041	0.15149
0.306122	0.142857	0.149452
0.306122	0.183673	0.146816
0.306122	0.22449	0.143592
0.306122	0.265306	0.139793
0.306122	0.306122	0.135435
0.306122	0.346939	0.130533
0.306122	0.387755	0.125109
0.306122	0.428571	0.119183
0.306122	0.469388	0.112781
0.306122	0.510204	0.105928
0.306122	0.55102	0.0986513
0.306122	0.591837	0.0909809
0.306122	0.632653	0.0829476
0.306122	0.673469	0.0745836
0.306122	0.714286	0.0659226
0.306122	0.755102	0.0569994
0.306122	0.795918	0.0478495
0.306122	0.836735	0.0385096
0.306122	0.877551	0.0290167
0.306122	0.918367	0.0194086
0.306122	0.959184	0.0097236
0.306122	1	0
0.346939	-1	0.00918359
0.346939	-0.959184	0.018333
0.346939	-0.918367	0.027414
0.346939	-0.877551	0.0363928
0.346939	-0.836735	0.0452356
0.346939	-0.795918	0.0539091
0.346939	-0.755102	0.0623804
0.346939	-0.714286	0.0706171
0.346939	-0.673469	0.0785876
0.346939	-0.632653	0.0862608
0.346939	-0.591837	0.0936067
0.346939	-0.55102	0.100596
0.346939	-0.510204	0.107202
0.346939	-0.469388	0.113396
0.346939	-0.428571	0.119153
0.346939	-0.387755	0.124451
0.346939	-0.346939	0.129266
0.346939	-0.306122	0.133578
0.346939	-0.265306	0.137368
0.346939	-0.22449	0.14062
0.346939	-0.183673	0.14332
0.346939	-0.142857	0.145455
0.346939	-0.102041	0.147014
0.346939	-0.0612245	0.147991
0.346939	-0.0204082	0.148381
0.346939	0.0204082	0.14818
0.346939	0.0612245	0.147388
0.346939	0.102041	0.146007
0.346939	0.142857	0.144043
0.346939	0.183673	0.141503
0.346939	0.22449	0.138396
0.346939	0.265306	0.134734
0.346939	0.306122	0.130533
0.346939	0.346939	0.125809
0.346939	0.387755	0.120581
0.346939	0.428571	0.11487
0.346939	0.469388	0.108699
0.346939	0.510204	0.102094
0.346939	0.55102	0.095081
0.346939	0.591837	0.0876882
0.346939	0.632653	0.0799456
0.346939	0.673469	0.0718843
0.346939	0.714286	0.0635368
0.346939	0.755102	0.0549365
0.346939	0.795918	0.0461178
0.346939	0.836735	0.0371158
0.346939	0.877551	0.0279665
0.346939	0.918367	0.0187062
0.346939	0.959184	0.0093717
0.346939	1	0
0.387755	-1	0.00880196
0.387755	-0.959184	0.0175711
0.387755	-0.918367	0.0262748
0.387755	-0.877551	0.0348805
0.387755	-0.836735	0.0433558
0.387755	-0.795918	0.0516689
0.387755	-0.755102	0.0597882
0.387755	-0.714286	0.0676826
0.387755	-0.673469	0.0753218
0.387755	-0.632653	0.0826762
0.387755	-0.591837	0.0897169
0.387755	-0.55102	0.096416
0.387755	-0.510204	0.102747
0.387755	-0.469388	0.108683
0.387755	-0.428571	0.114202
0.387755	-0.387755	0.119279
0.387755	-0.346939	0.123894
0.387755	-0.306122	0.128027
0.387755	-0.265306	0.13166
0.387755	-0.22449	0.134777
0.387755	-0.183673	0.137364
0.387755	-0.142857	0.13941
0.387755	-0.102041	0.140905
0.387755	-0.0612245	0.141842
0.387755	-0.0204082	0.142215
0.387755	0.0204082	0.142022
0.387755	0.0612245	0.141263
0.387755	0.102041	0.13994
0.387755	0.142857	0.138057
0.387755	0.183673	0.135622
0.387755	0.22449	0.132644
0.387755	0.265306	0.129135
0.387755	0.306122	0.125109
0.387755	0.346939	0.120581
0.387755	0.387755	0.11557
0.387755	0.428571	0.110096
0.387755	0.469388	0.104182
0.387755	0.510204	0.0978516
0.387755	0.55102	0.0911299
0.387755	0.591837	0.0840443
0.387755	0.632653	0.0766234
0.387755	0.673469	0.0688972
0.387755	0.714286	0.0608965
0.387755	0.755102	0.0526536
0.387755	0.795918	0.0442013
0.387755	0.836735	0.0355735
0.387755	0.877551	0.0268044
0.387755	0.918367	0.0179289
0.387755	0.959184	0.00898225
0.387755	1	0
0.428571	-1	0.00838509
0.428571	-0.959184	0.016739
0.428571	-0.918367	0.0250304
0.428571	-0.877551	0.0332285
0.428571	-0.836735	0.0413025
0.428571	-0.795918	0.0492218
0.428571	-0.755102	0.0569565
0.428571	-0.714286	0.0644771
0.428571	-0.673469	0.0717545
0.428571	-0.632653	0.0787606
0.428571	-0.591837	0.0854678
0.428571	-0.55102	0.0918496
0.428571	-0.510204	0.0978805
0.428571	-0.469388	0.103536
0.428571	-0.428571	0.108793
0.428571	-0.387755	0.11363
0.428571	-0.346939	0.118026
0.428571	-0.306122	0.121963
0.428571	-0.265306	0.125424
0.428571	-0.22449	0.128394
0.428571	-0.183673	0.130858
0.428571	-0.142857	0.132808
0.428571	-0.102041	0.134232
0.428571	-0.0612245	0.135124
0.428571	-0.0204082	0.135479
0.428571	0.0204082	0.135296
0.428571	0.0612245	0.134572
0.428571	0.102041	0.133312
0.428571	0.142857	0.131519
0.428571	0.183673	0.129199
0.428571	0.22449	0.126362
0.428571	0.265306	0.123019
0.428571	0.306122	0.119183
0.428571	0.346939	0.11487
0.428571	0.387755	0.110096
0.428571	0.428571	0.104882
0.428571	0.469388	0.0992482
0.428571	0.510204	0.0932173
0.428571	0.55102	0.0868139
0.428571	0.591837	0.0800638
0.428571	0.632653	0.0729944
0.428571	0.673469	0.0656341
0.428571	0.714286	0.0580124
0.428571	0.755102	0.0501599
0.428571	0.795918	0.0421079
0.428571	0.836735	0.0338887
0.428571	0.877551	0.0255349
0.428571	0.918367	0.0170797
0.428571	0.959184	0.00855684
0.428571	1	0
0.469388	-1	0.00793467
0.469388	-0.959184	0.0158398
0.469388	-0.918367	0.0236859
0.469388	-0.877551	0.0314436
0.469388	-0.836735	0.0390838
0.469388	-0.795918	0.0465777
0.469388	-0.755102	0.053897
0.469388	-0.714286	0.0610135
0.469388	-0.673469	0.0679
0.469388	-0.632653	0.0745297
0.469388	-0.591837	0.0808767
0.469388	-0.55102	0.0869157
0.469388	-0.510204	0.0926226
0.469388	-0.469388	0.0979744
0.469388	-0.428571	0.102949
0.469388	-0.387755	0.107526
0.469388	-0.346939	0.111686
0.469388	-0.306122	0.115412
0.469388	-0.265306	0.118687
0.469388	-0.22449	0.121497
0.469388	-0.183673	0.123829
0.469388	-0.142857	0.125673
0.469388	-0.102041	0.127021
0.469388	-0.0612245	0.127865
0.469388	-0.0204082	0.128202
0.469388	0.0204082	0.128028
0.469388	0.0612245	0.127344
0.469388	0.102041	0.126151
0.469388	0.142857	0.124454
0.469388	0.183673	0.122259
0.469388	0.22449	0.119574
0.469388	0.265306	0.116411
0.469388	0.306122	0.112781
0.469388	0.346939	0.108699
0.469388	0.387755	0.104182
0.469388	0.428571	0.0992482
0.469388	0.469388	0.0939168
0.469388	0.510204	0.0882099
0.469388	0.55102	0.0821504
0.469388	0.591837	0.075763
0.469388	0.632653	0.0690734
0.469388	0.673469	0.0621084
0.469388	0.714286	0.0548961
0.469388	0.755102	0.0474654
0.469388	0.795918	0.039846
0.469388	0.836735	0.0320683
0.469388	0.877551	0.0241632
0.469388	0.918367	0.0161623
0.469388	0.959184	0.00809719
0.469388	1	0
0.510204	-1	0.00745251
0.510204	-0.959184	0.0148773
0.510204	-0.918367	0.0222466
0.510204	-0.877551	0.0295329
0.510204	-0.836735	0.0367088
0.510204	-0.795918	0.0437474
0.510204	-0.755102	0.0506219
0.510204	-0.714286	0.057306
0.510204	-0.673469	0.063774
0.510204	-0.632653	0.0700009
0.510204	-0.591837	0.0759621
0.510204	-0.55102	0.0816342
0.510204	-0.510204	0.0869943
0.510204	-0.469388	0.0920209
0.510204	-0.428571	0.0966933
0.510204	-0.387755	0.100992
0.510204	-0.346939	0.104899
0.510204	-0.306122	0.108399
0.510204	-0.265306	0.111475
0.510204	-0.22449	0.114114
0.510204	-0.183673	0.116304
0.510204	-0.142857	0.118037
0.510204	-0.102041	0.119302
0.510204	-0.0612245	0.120095
0.510204	-0.0204082	0.120411
0.510204	0.0204082	0.120248
0.510204	0.0612245	0.119605
0.510204	0.102041	0.118485
0.510204	0.142857	0.116891
0.510204	0.183673	0.11483
0.510204	0.22449	0.112308
0.510204	0.265306	0.109337
0.510204	0.306122	0.105928
0.510204	0.346939	0.102094
0.510204	0.387755	0.0978516
0.510204	0.428571	0.0932173
0.510204	0.469388	0.0882099
0.510204	0.510204	0.0828497
0.510204	0.55102	0.0771585
0.510204	0.591837	0.0711592
0.510204	0.632653	0.0648761
0.510204	0.673469	0.0583343
0.510204	0.714286	0.0515603
0.510204	0.755102	0.0445811
0.510204	0.795918	0.0374247
0.510204	0.836735	0.0301196
0.510204	0.877551	0.0226949
0.510204	0.918367	0.0151801
0.510204	0.959184	0.00760516
0.510204	1	0
0.55102	-1	0.00694057
0.55102	-0.959184	0.0138553
0.55102	-0.918367	0.0207184
0.55102	-0.877551	0.0275042
0.55102	-0.836735	0.0341872
0.55102	-0.795918	0.0407422
0.55102	-0.755102	0.0471445
0.55102	-0.714286	0.0533695
0.55102	-0.673469	0.0593932
0.55102	-0.632653	0.0651923
0.55102	-0.591837	0.070744
0.55102	-0.55102	0.0760264
0.55102	-0.510204	0.0810184
0.55102	-0.469388	0.0856996
0.55102	-0.428571	0.0900511
0.55102	-0.387755	0.0940547
0.55102	-0.346939	0.0976936
0.55102	-0.306122	0.100952
0.55102	-0.265306	0.103817
0.55102	-0.22449	0.106275
0.55102	-0.183673	0.108315
0.55102	-0.142857	0.109928
0.55102	-0.102041	0.111107
0.55102	-0.0612245	0.111846
0.55102	-0.0204082	0.11214
0.55102	0.0204082	0.111988
0.55102	0.0612245	0.111389
0.55102	0.102041	0.110346
0.55102	0.142857	0.108862
0.55102	0.183673	0.106942
0.55102	0.22449	0.104594
0.55102	0.265306	0.101826
0.55102	0.306122	0.0986513
0.55102	0.346939	0.095081
0.55102	0.387755	0.0911299
0.55102	0.428571	0.0868139
0.55102	0.469388	0.0821504
0.55102	0.510204	0.0771585
0.55102	0.55102	0.0718582
0.55102	0.591837	0.0662711
0.55102	0.632653	0.0604195
0.55102	0.673469	0.0543272
0.55102	0.714286	0.0480185
0.55102	0.755102	0.0415187
0.55102	0.795918	0.0348539
0.55102	0.836735	0.0280506
0.55102	0.877551	0.0211359
0.55102	0.918367	0.0141374
0.55102	0.959184	0.00708273
0.55102	1	0
0.591837	-1	0.00640092
0.591837	-0.959184	0.012778
0.591837	-0.918367	0.0191075
0.591837	-0.877551	0.0253656
0.591837	-0.836735	0.031529
0.591837	-0.795918	0.0375744
0.591837	-0.755102	0.0434789
0.591837	-0.714286	0.0492198
0.591837	-0.673469	0.0547752
0.591837	-0.632653	0.0601234
0.591837	-0.591837	0.0652435
0.591837	-0.55102	0.0701152
0.591837	-0.510204	0.074719
0.591837	-0.469388	0.0790363
0.591837	-0.428571	0.0830494
0.591837	-0.387755	0.0867417
0.591837	-0.346939	0.0900976
0.591837	-0.306122	0.0931031
0.591837	-0.265306	0.095745
0.591837	-0.22449	0.0980118
0.591837	-0.183673	0.0998934
0.591837	-0.142857	0.101381
0.591837	-0.102041	0.102468
0.591837	-0.0612245	0.103149
0.591837	-0.0204082	0.103421
0.591837	0.0204082	0.10328
0.591837	0.0612245	0.102728
0.591837	0.102041	0.101766
0.591837	0.142857	0.100397
0.591837	0.183673	0.0986267
0.591837	0.22449	0.0964611
0.591837	0.265306	0.0939091
0.591837	0.306122	0.0909809
0.591837	0.346939	0.0876882
0.591837	0.387755	0.0840443
0.591837	0.428571	0.0800638
0.591837	0.469388	0.075763
0.591837	0.510204	0.0711592
0.591837	0.55102	0.0662711
0.591837	0.591837	0.0611183
0.591837	0.632653	0.0557217
0.591837	0.673469	0.0501031
0.591837	0.714286	0.0442849
0.591837	0.755102	0.0382905
0.591837	0.795918	0.0321439
0.591837	0.836735	0.0258696
0.591837	0.877551	0.0194925
0.591837	0.918367	0.0130382
0.591837	0.959184	0.00653203
0.591837	1	0
0.632653	-1	0.00583574
0.632653	-0.959184	0.0116497
0.632653	-0.918367	0.0174203
0.632653	-0.877551	0.0231259
0.632653	-0.836735	0.0287451
0.632653	-0.795918	0.0342567
0.632653	-0.755102	0.0396398
0.632653	-0.714286	0.0448739
0.632653	-0.673469	0.0499387
0.632653	-0.632653	0.0548147
0.632653	-0.591837	0.0594827
0.632653	-0.55102	0.0639242
0.632653	-0.510204	0.0681215
0.632653	-0.469388	0.0720576
0.632653	-0.428571	0.0757163
0.632653	-0.387755	0.0790826
0.632653	-0.346939	0.0821423
0.632653	-0.306122	0.0848823
0.632653	-0.265306	0.0872909
0.632653	-0.22449	0.0893576
0.632653	-0.183673	0.0910731
0.632653	-0.142857	0.0924295
0.632653	-0.102041	0.0934206
0.632653	-0.0612245	0.0940416
0.632653	-0.0204082	0.094289
0.632653	0.0204082	0.0941611
0.632653	0.0612245	0.0936578
0.632653	0.102041	0.0927806
0.632653	0.142857	0.0915325
0.632653	0.183673	0.0899182
0.632653	0.22449	0.0879438
0.632653	0.265306	0.0856172
0.632653	0.306122	0.0829476
0.632653	0.346939	0.0799456
0.632653	0.387755	0.0766234
0.632653	0.428571	0.0729944
0.632653	0.469388	0.0690734
0.632653	0.510204	0.0648761
0.632653	0.55102	0.0604195
0.632653	0.591837	0.0557217
0.632653	0.632653	0.0508017
0.632653	0.673469	0.0456791
0.632653	0.714286	0.0403747
0.632653	0.755102	0.0349096
0.632653	0.795918	0.0293057
0.632653	0.836735	0.0235854
0.632653	0.877551	0.0177714
0.632653	0.918367	0.0118869
0.632653	0.959184	0.00595527
0.632653	1	0
0.673469	-1	0.0052473
0.673469	-0.959184	0.0104751
0.673469	-0.918367	0.0156638
0.673469	-0.877551	0.020794
0.673469	-0.836735	0.0258466
0.673469	-0.795918	0.0308025
0.673469	-0.755102	0.0356428
0.673469	-0.714286	0.040349
0.673469	-0.673469	0.0449032
0.673469	-0.632653	0.0492875
0.673469	-0.591837	0.0534848
0.673469	-0.55102	0.0574785
0.673469	-0.510204	0.0612525
0.673469	-0.469388	0.0647917
0.673469	-0.428571	0.0680815
0.673469	-0.387755	0.0711084
0.673469	-0.346939	0.0738595
0.673469	-0.306122	0.0763233
0.673469	-0.265306	0.078489
0.673469	-0.22449	0.0803473
0.673469	-0.183673	0.0818898
0.673469	-0.142857	0.0831095
0.673469	-0.102041	0.0840006
0.673469	-0.0612245	0.0845589
0.673469	-0.0204082	0.0847814
0.673469	0.0204082	0.0846664
0.673469	0.0612245	0.0842139
0.673469	0.102041	0.0834252
0.673469	0.142857	0.0823029
0.673469	0.183673	0.0808514
0.673469	0.22449	0.0790761
0.673469	0.265306	0.0769841
0.673469	0.306122	0.0745836
0.673469	0.346939	0.0718843
0.673469	0.387755	0.0688972
0.673469	0.428571	0.0656341
0.673469	0.469388	0.0621084
0.673469	0.510204	0.0583343
0.673469	0.55102	0.0543272
0.673469	0.591837	0.0501031
0.673469	0.632653	0.0456791
0.673469	0.673469	0.0410731
0.673469	0.714286	0.0363035
0.673469	0.755102	0.0313895
0.673469	0.795918	0.0263507
0.673469	0.836735	0.0212072
0.673469	0.877551	0.0159794
0.673469	0.918367	0.0106883
0.673469	0.959184	0.00535478
0.673469	1	0
0.714286	-1	0.00463796
0.714286	-0.959184	0.00925864
0.714286	-0.918367	0.0138448
0.714286	-0.877551	0.0183793
0.714286	-0.836735	0.0228452
0.714286	-0.795918	0.0272256
0.714286	-0.755102	0.0315038
0.714286	-0.714286	0.0356635
0.714286	-0.673469	0.0396888
0.714286	-0.632653	0.043564
0.714286	-0.591837	0.0472739
0.714286	-0.55102	0.0508038
0.714286	-0.510204	0.0541396
0.714286	-0.469388	0.0572678
0.714286	-0.428571	0.0601756
0.714286	-0.387755	0.062851
0.714286	-0.346939	0.0652826
0.714286	-0.306122	0.0674603
0.714286	-0.265306	0.0693746
0.714286	-0.22449	0.071017
0.714286	-0.183673	0.0723804
0.714286	-0.142857	0.0734584
0.714286	-0.102041	0.0742461
0.714286	-0.0612245	0.0747396
0.714286	-0.0204082	0.0749362
0.714286	0.0204082	0.0748346
0.714286	0.0612245	0.0744347
0.714286	0.102041	0.0737375
0.714286	0.142857	0.0727456
0.714286	0.183673	0.0714626
0.714286	0.22449	0.0698934
0.714286	0.265306	0.0680444
0.714286	0.306122	0.0659226
0.714286	0.346939	0.0635368
0.714286	0.387755	0.0608965
0.714286	0.428571	0.0580124
0.714286	0.469388	0.0548961
0.714286	0.510204	0.0515603
0.714286	0.55102	0.0480185
0.714286	0.591837	0.0442849
0.714286	0.632653	0.0403747
0.714286	0.673469	0.0363035
0.714286	0.714286	0.0320878
0.714286	0.755102	0.0277444
0.714286	0.795918	0.0232907
0.714286	0.836735	0.0187445
0.714286	0.877551	0.0141238
0.714286	0.918367	0.00944714
0.714286	0.959184	0.00473296
0.714286	1	0
0.755102	-1	0.00401017
0.755102	-0.959184	0.0080054
0.755102	-0.918367	0.0119708
0.755102	-0.877551	0.0158915
0.755102	-0.836735	0.0197529
0.755102	-0.795918	0.0235403
0.755102	-0.755102	0.0272394
0.755102	-0.714286	0.0308361
0.755102	-0.673469	0.0343166
0.755102	-0.632653	0.0376672
0.755102	-0.591837	0.0408749
0.755102	-0.55102	0.043927
0.755102	-0.510204	0.0468113
0.755102	-0.469388	0.0495161
0.755102	-0.428571	0.0520303
0.755102	-0.387755	0.0543435
0.755102	-0.346939	0.056446
0.755102	-0.306122	0.0583289
0.755102	-0.265306	0.0599841
0.755102	-0.22449	0.0614042
0.755102	-0.183673	0.062583
0.755102	-0.142857	0.0635152
0.755102	-0.102041	0.0641962
0.755102	-0.0612245	0.0646229
0.755102	-0.0204082	0.0647929
0.755102	0.0204082	0.064705
0.755102	0.0612245	0.0643592
0.755102	0.102041	0.0637564
0.755102	0.142857	0.0628988
0.755102	0.183673	0.0617894
0.755102	0.22449	0.0604327
0.755102	0.265306	0.0588339
0.755102	0.306122	0.0569994
0.755102	0.346939	0.0549365
0.755102	0.387755	0.0526536
0.755102	0.428571	0.0501599
0.755102	0.469388	0.0474654
0.755102	0.510204	0.0445811
0.755102	0.55102	0.0415187
0.755102	0.591837	0.0382905
0.755102	0.632653	0.0349096
0.755102	0.673469	0.0313895
0.755102	0.714286	0.0277444
0.755102	0.755102	0.0239889
0.755102	0.795918	0.0201381
0.755102	0.836735	0.0162073
0.755102	0.877551	0.012212
0.755102	0.918367	0.00816838
0.755102	0.959184	0.00409231
0.755102	1	0
0.795918	-1	0.00336643
0.795918	-0.959184	0.00672033
0.795918	-0.918367	0.0100492
0.795918	-0.877551	0.0133405
0.795918	-0.836735	0.016582
0.795918	-0.795918	0.0197615
0.795918	-0.755102	0.0228668
0.795918	-0.714286	0.0258861
0.795918	-0.673469	0.0288079
0.795918	-0.632653	0.0316207
0.795918	-0.591837	0.0343135
0.795918	-0.55102	0.0368756
0.795918	-0.510204	0.0392969
0.795918	-0.469388	0.0415675
0.795918	-0.428571	0.0436781
0.795918	-0.387755	0.04562
0.795918	-0.346939	0.047385
0.795918	-0.306122	0.0489656
0.795918	-0.265306	0.0503551
0.795918	-0.22449	0.0515472
0.795918	-0.183673	0.0525368
0.795918	-0.142857	0.0533193
0.795918	-0.102041	0.0538911
0.795918	-0.0612245	0.0542493
0.795918	-0.0204082	0.054392
0.795918	0.0204082	0.0543182
0.795918	0.0612245	0.0540279
0.795918	0.102041	0.0535219
0.795918	0.142857	0.0528019
0.795918	0.183673	0.0518706
0.795918	0.22449	0.0507317
0.795918	0.265306	0.0493896
0.795918	0.306122	0.0478495
0.795918	0.346939	0.0461178
0.795918	0.387755	0.0442013
0.795918	0.428571	0.0421079
0.795918	0.469388	0.039846
0.795918	0.510204	0.0374247
0.795918	0.55102	0.0348539
0.795918	0.591837	0.0321439
0.795918	0.632653	0.0293057
0.795918	0.673469	0.0263507
0.795918	0.714286	0.0232907
0.795918	0.755102	0.0201381
0.795918	0.795918	0.0169054
0.795918	0.836735	0.0136056
0.795918	0.877551	0.0102517
0.795918	0.918367	0.00685715
0.795918	0.959184	0.00343539
0.795918	1	0
0.836735	-1	0.00270932
0.836735	-0.959184	0.00540855
0.836735	-0.918367	0.00808763
0.836735	-0.877551	0.0107365
0.836735	-0.836735	0.0133453
0.836735	-0.795918	0.0159042
0.836735	-0.755102	0.0184033
0.836735	-0.714286	0.0208333
0.836735	-0.673469	0.0231847
0.836735	-0.632653	0.0254485
0.836735	-0.591837	0.0276157
0.836735	-0.55102	0.0296777
0.836735	-0.510204	0.0316264
0.836735	-0.469388	0.0334537
0.836735	-0.428571	0.0351524
0.836735	-0.387755	0.0367152
0.836735	-0.346939	0.0381357
0.836735	-0.306122	0.0394078
0.836735	-0.265306	0.040526
0.836735	-0.22449	0.0414855
0.836735	-0.183673	0.0422819
0.836735	-0.142857	0.0429117
0.836735	-0.102041	0.0433718
0.836735	-0.0612245	0.0436601
0.836735	-0.0204082	0.043775
0.836735	0.0204082	0.0437156
0.836735	0.0612245	0.0434819
0.836735	0.102041	0.0430747
0.836735	0.142857	0.0424952
0.836735	0.183673	0.0417458
0.836735	0.22449	0.0408291
0.836735	0.265306	0.039749
0.836735	0.306122	0.0385096
0.836735	0.346939	0.0371158
0.836735	0.387755	0.0355735
0.836735	0.428571	0.0338887
0.836735	0.469388	0.0320683
0.836735	0.510204	0.0301196
0.836735	0.55102	0.0280506
0.836735	0.591837	0.0258696
0.836735	0.632653	0.0235854
0.836735	0.673469	0.0212072
0.836735	0.714286	0.0187445
0.836735	0.755102	0.0162073
0.836735	0.795918	0.0136056
0.836735	0.836735	0.0109498
0.836735	0.877551	0.00825062
0.836735	0.918367	0.00551867
0.836735	0.959184	0.00276482
0.836735	1	0
0.877551	-1	0.00204146
0.877551	-0.959184	0.00407531
0.877551	-0.918367	0.00609397
0.877551	-0.877551	0.0080899
0.877551	-0.836735	0.0100556
0.877551	-0.795918	0.0119837
0.877551	-0.755102	0.0138668
0.877551	-0.714286	0.0156978
0.877551	-0.673469	0.0174695
0.877551	-0.632653	0.0191752
0.877551	-0.591837	0.0208082
0.877551	-0.55102	0.0223619
0.877551	-0.510204	0.0238302
0.877551	-0.469388	0.0252071
0.877551	-0.428571	0.0264871
0.877551	-0.387755	0.0276646
0.877551	-0.346939	0.028735
0.877551	-0.306122	0.0296935
0.877551	-0.265306	0.0305361
0.877551	-0.22449	0.031259
0.877551	-0.183673	0.0318591
0.877551	-0.142857	0.0323337
0.877551	-0.102041	0.0326804
0.877551	-0.0612245	0.0328976
0.877551	-0.0204082	0.0329841
0.877551	0.0204082	0.0329394
0.877551	0.0612245	0.0327633
0.877551	0.102041	0.0324565
0.877551	0.142857	0.0320199
0.877551	0.183673	0.0314551
0.877551	0.22449	0.0307645
0.877551	0.265306	0.0299506
0.877551	0.306122	0.0290167
0.877551	0.346939	0.0279665
0.877551	0.387755	0.0268044
0.877551	0.428571	0.0255349
0.877551	0.469388	0.0241632
0.877551	0.510204	0.0226949
0.877551	0.55102	0.0211359
0.877551	0.591837	0.0194925
0.877551	0.632653	0.0177714
0.877551	0.673469	0.0159794
0.877551	0.714286	0.0141238
0.877551	0.755102	0.012212
0.877551	0.795918	0.0102517
0.877551	0.836735	0.00825062
0.877551	0.877551	0.00621679
0.877551	0.918367	0.00415828
0.877551	0.959184	0.00208327
0.877551	1	0
0.918367	-1	0.00136549
0.918367	-0.959184	0.00272589
0.918367	-0.918367	0.00407613
0.918367	-0.877551	0.00541116
0.918367	-0.836735	0.00672598
0.918367	-0.795918	0.00801562
0.918367	-0.755102	0.00927519
0.918367	-0.714286	0.0104999
0.918367	-0.673469	0.011685
0.918367	-0.632653	0.0128259
0.918367	-0.591837	0.0139182
0.918367	-0.55102	0.0149574
0.918367	-0.510204	0.0159395
0.918367	-0.469388	0.0168605
0.918367	-0.428571	0.0177166
0.918367	-0.387755	0.0185043
0.918367	-0.346939	0.0192202
0.918367	-0.306122	0.0198613
0.918367	-0.265306	0.0204249
0.918367	-0.22449	0.0209085
0.918367	-0.183673	0.0213099
0.918367	-0.142857	0.0216273
0.918367	-0.102041	0.0218592
0.918367	-0.0612245	0.0220045
0.918367	-0.0204082	0.0220624
0.918367	0.0204082	0.0220325
0.918367	0.0612245	0.0219147
0.918367	0.102041	0.0217094
0.918367	0.142857	0.0214174
0.918367	0.183673	0.0210397
0.918367	0.22449	0.0205777
0.918367	0.265306	0.0200333
0.918367	0.306122	0.0194086
0.918367	0.346939	0.0187062
0.918367	0.387755	0.0179289
0.918367	0.428571	0.0170797
0.918367	0.469388	0.0161623
0.918367	0.510204	0.0151801
0.918367	0.55102	0.0141374
0.918367	0.591837	0.0130382
0.918367	0.632653	0.0118869
0.918367	0.673469	0.0106883
0.918367	0.714286	0.00944714
0.918367	0.755102	0.00816838
0.918367	0.795918	0.00685715
0.918367	0.836735	0.00551867
0.918367	0.877551	0.00415828
0.918367	0.918367	0.00278138
0.918367	0.959184	0.00139346
0.918367	1	0
0.959184	-1	0.0006841
0.959184	-0.959184	0.00136565
0.959184	-0.918367	0.00204211
0.959184	-0.877551	0.00271096
0.959184	-0.836735	0.00336967
0.959184	-0.795918	0.00401577
0.959184	-0.755102	0.00464681
0.959184	-0.714286	0.00526038
0.959184	-0.673469	0.00585411
0.959184	-0.632653	0.0064257
0.959184	-0.591837	0.00697291
0.959184	-0.55102	0.00749357
0.959184	-0.510204	0.00798561
0.959184	-0.469388	0.00844702
0.959184	-0.428571	0.00887592
0.959184	-0.387755	0.00927053
0.959184	-0.346939	0.0096292
0.959184	-0.306122	0.00995041
0.959184	-0.265306	0.0102328
0.959184	-0.22449	0.010475
0.959184	-0.183673	0.0106761
0.959184	-0.142857	0.0108351
0.959184	-0.102041	0.0109513
0.959184	-0.0612245	0.0110241
0.959184	-0.0204082	0.0110531
0.959184	0.0204082	0.0110381
0.959184	0.0612245	0.0109791
0.959184	0.102041	0.0108763
0.959184	0.142857	0.01073
0.959184	0.183673	0.0105407
0.959184	0.22449	0.0103093
0.959184	0.265306	0.0100366
0.959184	0.306122	0.0097236
0.959184	0.346939	0.0093717
0.959184	0.387755	0.00898225
0.959184	0.428571	0.00855684
0.959184	0.469388	0.00809719
0.959184	0.510204	0.00760516
0.959184	0.55102	0.00708273
0.959184	0.591837	0.00653203
0.959184	0.632653	0.00595527
0.959184	0.673469	0.00535478
0.959184	0.714286	0.00473296
0.959184	0.755102	0.00409231
0.959184	0.795918	0.00343539
0.959184	0.836735	0.00276482
0.959184	0.877551	0.00208327
0.959184	0.918367	0.00139346
0.959184	0.959184	0.000698112
0.959184	1	0
1	-1	0
1	-0.959184	0
1	-0.918367	0
1	-0.877551	0
1	-0.836735	0
1	-0.795918	0
1	-0.755102	0
1	-0.714286	0
1	-0.673469	0
1	-0.632653	0
1	-0.591837	0
1	-0.55102	0
1	-0.510204	0
1	-0.469388	0
1	-0.428571	0
1	-0.387755	0
1	-0.346939	0
1	-0.306122	0
1	-0.265306	0
1	-0.22449	0
1	-0.183673	0
1	-0.142857	0
1	-0.102041	0
1	-0.0612245	0
1	-0.0204082	0
1	0.0204082	0
1	0.0612245	0
1	0.102041	0
1	0.142857	0
1	0.183673	0
1	0.22449	0
1	0.265306	0
1	0.306122	0
1	0.346939	0
1	0.387755	0
1	0.428571	0
1	0.469388	0
1	0.510204	0
1	0.55102	0
1	0.591837	0
1	0.632653	0
1	0.673469	0
1	0.714286	0
1	0.755102	0
1	0.795918	0
1	0.836735	0
1	0.877551	0
1	0.918367	0
1	0.959184	0
1	1	0
