-1	-1	0.00115116
-1	-0.959184	0.00229992
-1	-0.918367	0.00344384
-1	-0.877551	0.00458034
-1	-0.836735	0.00570668
-1	-0.795918	0.00681993
-1	-0.755102	0.00791688
-1	-0.714286	0.00899407
-1	-0.673469	0.0100478
-1	-0.632653	0.0110739
-1	-0.591837	0.0120683
-1	-0.55102	0.0130263
-1	-0.510204	0.0139432
-1	-0.469388	0.0148143
-1	-0.428571	0.0156345
-1	-0.387755	0.0163989
-1	-0.346939	0.0171026
-1	-0.306122	0.0177409
-1	-0.265306	0.0183094
-1	-0.22449	0.0188039
-1	-0.183673	0.0192206
-1	-0.142857	0.0195561
-1	-0.102041	0.0198079
-1	-0.0612245	0.0199736
-1	-0.0204082	0.0200518
-1	0.0204082	0.0200415
-1	0.0612245	0.0199426
-1	0.102041	0.0197556
-1	0.142857	0.0194816
-1	0.183673	0.0191223
-1	0.22449	0.0186802
-1	0.265306	0.0181582
-1	0.306122	0.0175598
-1	0.346939	0.0168887
-1	0.387755	0.0161492
-1	0.428571	0.0153458
-1	0.469388	0.0144831
-1	0.510204	0.013566
-1	0.55102	0.0125993
-1	0.591837	0.011588
-1	0.632653	0.0105367
-1	0.673469	0.00945023
-1	0.714286	0.00833307
-1	0.755102	0.00718962
-1	0.795918	0.00602407
-1	0.836735	0.00484043
-1	0.877551	0.00364256
-1	0.918367	0.00243416
-1	0.959184	0.00121881
-1	1	0
-0.959184	-1	0.00229992
-0.959184	-0.959184	0.00459506
-0.959184	-0.918367	0.00688052
-0.959184	-0.877551	0.00915115
-0.959184	-0.836735	0.0114015
-0.959184	-0.795918	0.0136257
-0.959184	-0.755102	0.0158173
-0.959184	-0.714286	0.0179694
-0.959184	-0.673469	0.0200746
-0.959184	-0.632653	0.0221248
-0.959184	-0.591837	0.0241114
-0.959184	-0.55102	0.0260255
-0.959184	-0.510204	0.0278575
-0.959184	-0.469388	0.0295977
-0.959184	-0.428571	0.0312364
-0.959184	-0.387755	0.0327636
-0.959184	-0.346939	0.0341696
-0.959184	-0.306122	0.035445
-0.959184	-0.265306	0.0365808
-0.959184	-0.22449	0.0375687
-0.959184	-0.183673	0.0384011
-0.959184	-0.142857	0.0390716
-0.959184	-0.102041	0.0395745
-0.959184	-0.0612245	0.0399057
-0.959184	-0.0204082	0.0400618
-0.959184	0.0204082	0.0400414
-0.959184	0.0612245	0.0398438
-0.959184	0.102041	0.0394701
-0.959184	0.142857	0.0389226
-0.959184	0.183673	0.0382048
-0.959184	0.22449	0.0373216
-0.959184	0.265306	0.0362787
-0.959184	0.306122	0.035083
-0.959184	0.346939	0.0337422
-0.959184	0.387755	0.0322647
-0.959184	0.428571	0.0306596
-0.959184	0.469388	0.028936
-0.959184	0.510204	0.0271038
-0.959184	0.55102	0.0251725
-0.959184	0.591837	0.0231518
-0.959184	0.632653	0.0210515
-0.959184	0.673469	0.0188808
-0.959184	0.714286	0.0166488
-0.959184	0.755102	0.0143643
-0.959184	0.795918	0.0120356
-0.959184	0.836735	0.00967079
-0.959184	0.877551	0.00727755
-0.959184	0.918367	0.00486326
-0.959184	0.959184	0.00243508
-0.959184	1	0
-0.918367	-1	0.00344384
-0.918367	-0.959184	0.00688052
-0.918367	-0.918367	0.0103027
-0.918367	-0.877551	0.0137027
-0.918367	-0.836735	0.0170723
-0.918367	-0.795918	0.0204027
-0.918367	-0.755102	0.0236843
-0.918367	-0.714286	0.0269069
-0.918367	-0.673469	0.0300591
-0.918367	-0.632653	0.033129
-0.918367	-0.591837	0.0361038
-0.918367	-0.55102	0.0389698
-0.918367	-0.510204	0.041713
-0.918367	-0.469388	0.0443188
-0.918367	-0.428571	0.0467725
-0.918367	-0.387755	0.0490593
-0.918367	-0.346939	0.0511646
-0.918367	-0.306122	0.0530743
-0.918367	-0.265306	0.054775
-0.918367	-0.22449	0.0562542
-0.918367	-0.183673	0.0575007
-0.918367	-0.142857	0.0585046
-0.918367	-0.102041	0.0592577
-0.918367	-0.0612245	0.0597535
-0.918367	-0.0204082	0.0599874
-0.918367	0.0204082	0.0599567
-0.918367	0.0612245	0.0596609
-0.918367	0.102041	0.0591014
-0.918367	0.142857	0.0582816
-0.918367	0.183673	0.0572068
-0.918367	0.22449	0.0558842
-0.918367	0.265306	0.0543226
-0.918367	0.306122	0.0525322
-0.918367	0.346939	0.0505246
-0.918367	0.387755	0.0483123
-0.918367	0.428571	0.0459088
-0.918367	0.469388	0.043328
-0.918367	0.510204	0.0405844
-0.918367	0.55102	0.0376925
-0.918367	0.591837	0.0346669
-0.918367	0.632653	0.0315219
-0.918367	0.673469	0.0282715
-0.918367	0.714286	0.0249294
-0.918367	0.755102	0.0215087
-0.918367	0.795918	0.0180218
-0.918367	0.836735	0.0144808
-0.918367	0.877551	0.0108972
-0.918367	0.918367	0.00728211
-0.918367	0.959184	0.00364622
-0.918367	1	0
-0.877551	-1	0.00458034
-0.877551	-0.959184	0.00915115
-0.877551	-0.918367	0.0137027
-0.877551	-0.877551	0.0182247
-0.877551	-0.836735	0.0227063
-0.877551	-0.795918	0.0271358
-0.877551	-0.755102	0.0315004
-0.877551	-0.714286	0.0357864
-0.877551	-0.673469	0.0399789
-0.877551	-0.632653	0.0440619
-0.877551	-0.591837	0.0480183
-0.877551	-0.55102	0.0518301
-0.877551	-0.510204	0.0554786
-0.877551	-0.469388	0.0589444
-0.877551	-0.428571	0.0622078
-0.877551	-0.387755	0.0652492
-0.877551	-0.346939	0.0680493
-0.877551	-0.306122	0.0705892
-0.877551	-0.265306	0.0728511
-0.877551	-0.22449	0.0748185
-0.877551	-0.183673	0.0764764
-0.877551	-0.142857	0.0778116
-0.877551	-0.102041	0.0788133
-0.877551	-0.0612245	0.0794727
-0.877551	-0.0204082	0.0797837
-0.877551	0.0204082	0.0797429
-0.877551	0.0612245	0.0793495
-0.877551	0.102041	0.0786053
-0.877551	0.142857	0.077515
-0.877551	0.183673	0.0760855
-0.877551	0.22449	0.0743264
-0.877551	0.265306	0.0722495
-0.877551	0.306122	0.0698683
-0.877551	0.346939	0.0671981
-0.877551	0.387755	0.0642557
-0.877551	0.428571	0.061059
-0.877551	0.469388	0.0576266
-0.877551	0.510204	0.0539776
-0.877551	0.55102	0.0501314
-0.877551	0.591837	0.0461073
-0.877551	0.632653	0.0419244
-0.877551	0.673469	0.0376014
-0.877551	0.714286	0.0331564
-0.877551	0.755102	0.0286067
-0.877551	0.795918	0.0239691
-0.877551	0.836735	0.0192595
-0.877551	0.877551	0.0144934
-0.877551	0.918367	0.00968527
-0.877551	0.959184	0.00484951
-0.877551	1	0
-0.836735	-1	0.00570668
-0.836735	-0.959184	0.0114015
-0.836735	-0.918367	0.0170723
-0.836735	-0.877551	0.0227063
-0.836735	-0.836735	0.0282899
-0.836735	-0.795918	0.0338087
-0.836735	-0.755102	0.0392466
-0.836735	-0.714286	0.0445866
-0.836735	-0.673469	0.0498101
-0.836735	-0.632653	0.0548971
-0.836735	-0.591837	0.0598264
-0.836735	-0.55102	0.0645756
-0.836735	-0.510204	0.0691212
-0.836735	-0.469388	0.0734392
-0.836735	-0.428571	0.0775052
-0.836735	-0.387755	0.0812945
-0.836735	-0.346939	0.0847832
-0.836735	-0.306122	0.0879476
-0.836735	-0.265306	0.0907658
-0.836735	-0.22449	0.093217
-0.836735	-0.183673	0.0952825
-0.836735	-0.142857	0.0969461
-0.836735	-0.102041	0.098194
-0.836735	-0.0612245	0.0990156
-0.836735	-0.0204082	0.0994031
-0.836735	0.0204082	0.0993523
-0.836735	0.0612245	0.0988621
-0.836735	0.102041	0.0979349
-0.836735	0.142857	0.0965764
-0.836735	0.183673	0.0947955
-0.836735	0.22449	0.0926039
-0.836735	0.265306	0.0900162
-0.836735	0.306122	0.0870494
-0.836735	0.346939	0.0837226
-0.836735	0.387755	0.0800567
-0.836735	0.428571	0.0760739
-0.836735	0.469388	0.0717974
-0.836735	0.510204	0.0672511
-0.836735	0.55102	0.062459
-0.836735	0.591837	0.0574454
-0.836735	0.632653	0.0522339
-0.836735	0.673469	0.0468479
-0.836735	0.714286	0.0413098
-0.836735	0.755102	0.0356413
-0.836735	0.795918	0.0298633
-0.836735	0.836735	0.0239956
-0.836735	0.877551	0.0180574
-0.836735	0.918367	0.012067
-0.836735	0.959184	0.00604204
-0.836735	1	0
-0.795918	-1	0.00681993
-0.795918	-0.959184	0.0136257
-0.795918	-0.918367	0.0204027
-0.795918	-0.877551	0.0271358
-0.795918	-0.836735	0.0338087
-0.795918	-0.795918	0.040404
-0.795918	-0.755102	0.0469027
-0.795918	-0.714286	0.0532844
-0.795918	-0.673469	0.0595268
-0.795918	-0.632653	0.0656062
-0.795918	-0.591837	0.0714971
-0.795918	-0.55102	0.0771727
-0.795918	-0.510204	0.0826051
-0.795918	-0.469388	0.0877655
-0.795918	-0.428571	0.0926246
-0.795918	-0.387755	0.0971532
-0.795918	-0.346939	0.101322
-0.795918	-0.306122	0.105104
-0.795918	-0.265306	0.108472
-0.795918	-0.22449	0.111401
-0.795918	-0.183673	0.11387
-0.795918	-0.142857	0.115858
-0.795918	-0.102041	0.117349
-0.795918	-0.0612245	0.118331
-0.795918	-0.0204082	0.118794
-0.795918	0.0204082	0.118734
-0.795918	0.0612245	0.118148
-0.795918	0.102041	0.11704
-0.795918	0.142857	0.115416
-0.795918	0.183673	0.113288
-0.795918	0.22449	0.110669
-0.795918	0.265306	0.107576
-0.795918	0.306122	0.104031
-0.795918	0.346939	0.100055
-0.795918	0.387755	0.0956738
-0.795918	0.428571	0.0909141
-0.795918	0.469388	0.0858034
-0.795918	0.510204	0.0803701
-0.795918	0.55102	0.0746433
-0.795918	0.591837	0.0686516
-0.795918	0.632653	0.0624235
-0.795918	0.673469	0.0559868
-0.795918	0.714286	0.0493683
-0.795918	0.755102	0.0425941
-0.795918	0.795918	0.0356889
-0.795918	0.836735	0.0286766
-0.795918	0.877551	0.02158
-0.795918	0.918367	0.0144209
-0.795918	0.959184	0.0072207
-0.795918	1	0
-0.755102	-1	0.00791688
-0.755102	-0.959184	0.0158173
-0.755102	-0.918367	0.0236843
-0.755102	-0.877551	0.0315004
-0.755102	-0.836735	0.0392466
-0.755102	-0.795918	0.0469027
-0.755102	-0.755102	0.0544467
-0.755102	-0.714286	0.0618549
-0.755102	-0.673469	0.0691014
-0.755102	-0.632653	0.0761586
-0.755102	-0.591837	0.082997
-0.755102	-0.55102	0.0895855
-0.755102	-0.510204	0.0958916
-0.755102	-0.469388	0.101882
-0.755102	-0.428571	0.107523
-0.755102	-0.387755	0.11278
-0.755102	-0.346939	0.117619
-0.755102	-0.306122	0.122009
-0.755102	-0.265306	0.125919
-0.755102	-0.22449	0.129319
-0.755102	-0.183673	0.132185
-0.755102	-0.142857	0.134493
-0.755102	-0.102041	0.136224
-0.755102	-0.0612245	0.137364
-0.755102	-0.0204082	0.137901
-0.755102	0.0204082	0.137831
-0.755102	0.0612245	0.137151
-0.755102	0.102041	0.135865
-0.755102	0.142857	0.13398
-0.755102	0.183673	0.131509
-0.755102	0.22449	0.128469
-0.755102	0.265306	0.124879
-0.755102	0.306122	0.120763
-0.755102	0.346939	0.116148
-0.755102	0.387755	0.111062
-0.755102	0.428571	0.105537
-0.755102	0.469388	0.0996042
-0.755102	0.510204	0.0932972
-0.755102	0.55102	0.0866492
-0.755102	0.591837	0.0796938
-0.755102	0.632653	0.072464
-0.755102	0.673469	0.0649919
-0.755102	0.714286	0.0573089
-0.755102	0.755102	0.0494451
-0.755102	0.795918	0.0414293
-0.755102	0.836735	0.0332891
-0.755102	0.877551	0.025051
-0.755102	0.918367	0.0167405
-0.755102	0.959184	0.00838211
-0.755102	1	0
-0.714286	-1	0.00899407
-0.714286	-0.959184	0.0179694
-0.714286	-0.918367	0.0269069
-0.714286	-0.877551	0.0357864
-0.714286	-0.836735	0.0445866
-0.714286	-0.795918	0.0532844
-0.714286	-0.755102	0.0618549
-0.714286	-0.714286	0.070271
-0.714286	-0.673469	0.0785035
-0.714286	-0.632653	0.0865209
-0.714286	-0.591837	0.0942897
-0.714286	-0.55102	0.101775
-0.714286	-0.510204	0.108939
-0.714286	-0.469388	0.115744
-0.714286	-0.428571	0.122152
-0.714286	-0.387755	0.128125
-0.714286	-0.346939	0.133623
-0.714286	-0.306122	0.13861
-0.714286	-0.265306	0.143052
-0.714286	-0.22449	0.146915
-0.714286	-0.183673	0.15017
-0.714286	-0.142857	0.152792
-0.714286	-0.102041	0.154759
-0.714286	-0.0612245	0.156054
-0.714286	-0.0204082	0.156664
-0.714286	0.0204082	0.156584
-0.714286	0.0612245	0.155812
-0.714286	0.102041	0.15435
-0.714286	0.142857	0.152209
-0.714286	0.183673	0.149403
-0.714286	0.22449	0.145948
-0.714286	0.265306	0.14187
-0.714286	0.306122	0.137194
-0.714286	0.346939	0.131951
-0.714286	0.387755	0.126174
-0.714286	0.428571	0.119896
-0.714286	0.469388	0.113157
-0.714286	0.510204	0.105991
-0.714286	0.55102	0.0984388
-0.714286	0.591837	0.0905371
-0.714286	0.632653	0.0823235
-0.714286	0.673469	0.0738348
-0.714286	0.714286	0.0651065
-0.714286	0.755102	0.0561727
-0.714286	0.795918	0.0470662
-0.714286	0.836735	0.0378184
-0.714286	0.877551	0.0284595
-0.714286	0.918367	0.0190182
-0.714286	0.959184	0.00952259
-0.714286	1	0
-0.673469	-1	0.0100478
-0.673469	-0.959184	0.0200746
-0.673469	-0.918367	0.0300591
-0.673469	-0.877551	0.0399789
-0.673469	-0.836735	0.0498101
-0.673469	-0.795918	0.0595268
-0.673469	-0.755102	0.0691014
-0.673469	-0.714286	0.0785035
-0.673469	-0.673469	0.0877004
-0.673469	-0.632653	0.0966571
-0.673469	-0.591837	0.105336
-0.673469	-0.55102	0.113698
-0.673469	-0.510204	0.121701
-0.673469	-0.469388	0.129304
-0.673469	-0.428571	0.136463
-0.673469	-0.387755	0.143135
-0.673469	-0.346939	0.149277
-0.673469	-0.306122	0.154849
-0.673469	-0.265306	0.15981
-0.673469	-0.22449	0.164126
-0.673469	-0.183673	0.167763
-0.673469	-0.142857	0.170692
-0.673469	-0.102041	0.172889
-0.673469	-0.0612245	0.174336
-0.673469	-0.0204082	0.175018
-0.673469	0.0204082	0.174928
-0.673469	0.0612245	0.174065
-0.673469	0.102041	0.172433
-0.673469	0.142857	0.170041
-0.673469	0.183673	0.166905
-0.673469	0.22449	0.163047
-0.673469	0.265306	0.15849
-0.673469	0.306122	0.153267
-0.673469	0.346939	0.14741
-0.673469	0.387755	0.140955
-0.673469	0.428571	0.133943
-0.673469	0.469388	0.126413
-0.673469	0.510204	0.118408
-0.673469	0.55102	0.109971
-0.673469	0.591837	0.101144
-0.673469	0.632653	0.0919679
-0.673469	0.673469	0.0824848
-0.673469	0.714286	0.0727339
-0.673469	0.755102	0.0627535
-0.673469	0.795918	0.0525801
-0.673469	0.836735	0.042249
-0.673469	0.877551	0.0317936
-0.673469	0.918367	0.0212462
-0.673469	0.959184	0.0106382
-0.673469	1	0
-0.632653	-1	0.0110739
-0.632653	-0.959184	0.0221248
-0.632653	-0.918367	0.033129
-0.632653	-0.877551	0.0440619
-0.632653	-0.836735	0.0548971
-0.632653	-0.795918	0.0656062
-0.632653	-0.755102	0.0761586
-0.632653	-0.714286	0.0865209
-0.632653	-0.673469	0.0966571
-0.632653	-0.632653	0.106528
-0.632653	-0.591837	0.116094
-0.632653	-0.55102	0.12531
-0.632653	-0.510204	0.13413
-0.632653	-0.469388	0.142509
-0.632653	-0.428571	0.150399
-0.632653	-0.387755	0.157753
-0.632653	-0.346939	0.164522
-0.632653	-0.306122	0.170663
-0.632653	-0.265306	0.176131
-0.632653	-0.22449	0.180888
-0.632653	-0.183673	0.184896
-0.632653	-0.142857	0.188124
-0.632653	-0.102041	0.190546
-0.632653	-0.0612245	0.19214
-0.632653	-0.0204082	0.192892
-0.632653	0.0204082	0.192793
-0.632653	0.0612245	0.191842
-0.632653	0.102041	0.190043
-0.632653	0.142857	0.187407
-0.632653	0.183673	0.183951
-0.632653	0.22449	0.179698
-0.632653	0.265306	0.174677
-0.632653	0.306122	0.16892
-0.632653	0.346939	0.162464
-0.632653	0.387755	0.15535
-0.632653	0.428571	0.147622
-0.632653	0.469388	0.139323
-0.632653	0.510204	0.130501
-0.632653	0.55102	0.121202
-0.632653	0.591837	0.111473
-0.632653	0.632653	0.10136
-0.632653	0.673469	0.0909087
-0.632653	0.714286	0.080162
-0.632653	0.755102	0.0691623
-0.632653	0.795918	0.05795
-0.632653	0.836735	0.0465638
-0.632653	0.877551	0.0350406
-0.632653	0.918367	0.0234161
-0.632653	0.959184	0.0117247
-0.632653	1	0
-0.591837	-1	0.0120683
-0.591837	-0.959184	0.0241114
-0.591837	-0.918367	0.0361038
-0.591837	-0.877551	0.0480183
-0.591837	-0.836735	0.0598264
-0.591837	-0.795918	0.0714971
-0.591837	-0.755102	0.082997
-0.591837	-0.714286	0.0942897
-0.591837	-0.673469	0.105336
-0.591837	-0.632653	0.116094
-0.591837	-0.591837	0.126518
-0.591837	-0.55102	0.136561
-0.591837	-0.510204	0.146174
-0.591837	-0.469388	0.155305
-0.591837	-0.428571	0.163904
-0.591837	-0.387755	0.171917
-0.591837	-0.346939	0.179295
-0.591837	-0.306122	0.185987
-0.591837	-0.265306	0.191946
-0.591837	-0.22449	0.19713
-0.591837	-0.183673	0.201498
-0.591837	-0.142857	0.205016
-0.591837	-0.102041	0.207655
-0.591837	-0.0612245	0.209392
-0.591837	-0.0204082	0.210212
-0.591837	0.0204082	0.210104
-0.591837	0.0612245	0.209068
-0.591837	0.102041	0.207107
-0.591837	0.142857	0.204234
-0.591837	0.183673	0.200468
-0.591837	0.22449	0.195833
-0.591837	0.265306	0.190361
-0.591837	0.306122	0.184087
-0.591837	0.346939	0.177052
-0.591837	0.387755	0.169299
-0.591837	0.428571	0.160877
-0.591837	0.469388	0.151833
-0.591837	0.510204	0.142219
-0.591837	0.55102	0.132085
-0.591837	0.591837	0.121483
-0.591837	0.632653	0.110462
-0.591837	0.673469	0.0990715
-0.591837	0.714286	0.0873598
-0.591837	0.755102	0.0753725
-0.591837	0.795918	0.0631534
-0.591837	0.836735	0.0507448
-0.591837	0.877551	0.0381869
-0.591837	0.918367	0.0255186
-0.591837	0.959184	0.0127774
-0.591837	1	0
-0.55102	-1	0.0130263
-0.55102	-0.959184	0.0260255
-0.55102	-0.918367	0.0389698
-0.55102	-0.877551	0.0518301
-0.55102	-0.836735	0.0645756
-0.55102	-0.795918	0.0771727
-0.55102	-0.755102	0.0895855
-0.55102	-0.714286	0.101775
-0.55102	-0.673469	0.113698
-0.55102	-0.632653	0.12531
-0.55102	-0.591837	0.136561
-0.55102	-0.55102	0.147402
-0.55102	-0.510204	0.157778
-0.55102	-0.469388	0.167634
-0.55102	-0.428571	0.176915
-0.55102	-0.387755	0.185564
-0.55102	-0.346939	0.193527
-0.55102	-0.306122	0.20075
-0.55102	-0.265306	0.207183
-0.55102	-0.22449	0.212778
-0.55102	-0.183673	0.217493
-0.55102	-0.142857	0.22129
-0.55102	-0.102041	0.224139
-0.55102	-0.0612245	0.226014
-0.55102	-0.0204082	0.226898
-0.55102	0.0204082	0.226782
-0.55102	0.0612245	0.225663
-0.55102	0.102041	0.223547
-0.55102	0.142857	0.220446
-0.55102	0.183673	0.216381
-0.55102	0.22449	0.211378
-0.55102	0.265306	0.205472
-0.55102	0.306122	0.1987
-0.55102	0.346939	0.191106
-0.55102	0.387755	0.182738
-0.55102	0.428571	0.173647
-0.55102	0.469388	0.163886
-0.55102	0.510204	0.153508
-0.55102	0.55102	0.14257
-0.55102	0.591837	0.131126
-0.55102	0.632653	0.11923
-0.55102	0.673469	0.106936
-0.55102	0.714286	0.0942946
-0.55102	0.755102	0.0813557
-0.55102	0.795918	0.0681667
-0.55102	0.836735	0.054773
-0.55102	0.877551	0.0412183
-0.55102	0.918367	0.0275443
-0.55102	0.959184	0.0137917
-0.55102	1	0
-0.510204	-1	0.0139432
-0.510204	-0.959184	0.0278575
-0.510204	-0.918367	0.041713
-0.510204	-0.877551	0.0554786
-0.510204	-0.836735	0.0691212
-0.510204	-0.795918	0.0826051
-0.510204	-0.755102	0.0958916
-0.510204	-0.714286	0.108939
-0.510204	-0.673469	0.121701
-0.510204	-0.632653	0.13413
-0.510204	-0.591837	0.146174
-0.510204	-0.55102	0.157778
-0.510204	-0.510204	0.168884
-0.510204	-0.469388	0.179434
-0.510204	-0.428571	0.189368
-0.510204	-0.387755	0.198626
-0.510204	-0.346939	0.20715
-0.510204	-0.306122	0.214881
-0.510204	-0.265306	0.221767
-0.510204	-0.22449	0.227756
-0.510204	-0.183673	0.232802
-0.510204	-0.142857	0.236867
-0.510204	-0.102041	0.239916
-0.510204	-0.0612245	0.241923
-0.510204	-0.0204082	0.24287
-0.510204	0.0204082	0.242746
-0.510204	0.0612245	0.241548
-0.510204	0.102041	0.239283
-0.510204	0.142857	0.235964
-0.510204	0.183673	0.231612
-0.510204	0.22449	0.226258
-0.510204	0.265306	0.219935
-0.510204	0.306122	0.212687
-0.510204	0.346939	0.204558
-0.510204	0.387755	0.195602
-0.510204	0.428571	0.185871
-0.510204	0.469388	0.175422
-0.510204	0.510204	0.164314
-0.510204	0.55102	0.152606
-0.510204	0.591837	0.140356
-0.510204	0.632653	0.127623
-0.510204	0.673469	0.114463
-0.510204	0.714286	0.100932
-0.510204	0.755102	0.0870825
-0.510204	0.795918	0.072965
-0.510204	0.836735	0.0586286
-0.510204	0.877551	0.0441197
-0.510204	0.918367	0.0294832
-0.510204	0.959184	0.0147625
-0.510204	1	0
-0.469388	-1	0.0148143
-0.469388	-0.959184	0.0295977
-0.469388	-0.918367	0.0443188
-0.469388	-0.877551	0.0589444
-0.469388	-0.836735	0.0734392
-0.469388	-0.795918	0.0877655
-0.469388	-0.755102	0.101882
-0.469388	-0.714286	0.115744
-0.469388	-0.673469	0.129304
-0.469388	-0.632653	0.142509
-0.469388	-0.591837	0.155305
-0.469388	-0.55102	0.167634
-0.469388	-0.510204	0.179434
-0.469388	-0.469388	0.190643
-0.469388	-0.428571	0.201198
-0.469388	-0.387755	0.211034
-0.469388	-0.346939	0.22009
-0.469388	-0.306122	0.228305
-0.469388	-0.265306	0.23562
-0.469388	-0.22449	0.241983
-0.469388	-0.183673	0.247345
-0.469388	-0.142857	0.251664
-0.469388	-0.102041	0.254903
-0.469388	-0.0612245	0.257036
-0.469388	-0.0204082	0.258042
-0.469388	0.0204082	0.25791
-0.469388	0.0612245	0.256637
-0.469388	0.102041	0.25423
-0.469388	0.142857	0.250704
-0.469388	0.183673	0.246081
-0.469388	0.22449	0.240392
-0.469388	0.265306	0.233674
-0.469388	0.306122	0.225973
-0.469388	0.346939	0.217337
-0.469388	0.387755	0.207821
-0.469388	0.428571	0.197482
-0.469388	0.469388	0.18638
-0.469388	0.510204	0.174579
-0.469388	0.55102	0.162139
-0.469388	0.591837	0.149124
-0.469388	0.632653	0.135596
-0.469388	0.673469	0.121614
-0.469388	0.714286	0.107237
-0.469388	0.755102	0.0925225
-0.469388	0.795918	0.0775232
-0.469388	0.836735	0.0622911
-0.469388	0.877551	0.0468759
-0.469388	0.918367	0.0313251
-0.469388	0.959184	0.0156848
-0.469388	1	0
-0.428571	-1	0.0156345
-0.428571	-0.959184	0.0312364
-0.428571	-0.918367	0.0467725
-0.428571	-0.877551	0.0622078
-0.428571	-0.836735	0.0775052
-0.428571	-0.795918	0.0926246
-0.428571	-0.755102	0.107523
-0.428571	-0.714286	0.122152
-0.428571	-0.673469	0.136463
-0.428571	-0.632653	0.150399
-0.428571	-0.591837	0.163904
-0.428571	-0.55102	0.176915
-0.428571	-0.510204	0.189368
-0.428571	-0.469388	0.201198
-0.428571	-0.428571	0.212337
-0.428571	-0.387755	0.222718
-0.428571	-0.346939	0.232275
-0.428571	-0.306122	0.240945
-0.428571	-0.265306	0.248665
-0.428571	-0.22449	0.25538
-0.428571	-0.183673	0.261039
-0.428571	-0.142857	0.265596
-0.428571	-0.102041	0.269015
-0.428571	-0.0612245	0.271266
-0.428571	-0.0204082	0.272327
-0.428571	0.0204082	0.272188
-0.428571	0.0612245	0.270845
-0.428571	0.102041	0.268305
-0.428571	0.142857	0.264584
-0.428571	0.183673	0.259704
-0.428571	0.22449	0.2537
-0.428571	0.265306	0.246611
-0.428571	0.306122	0.238483
-0.428571	0.346939	0.229369
-0.428571	0.387755	0.219326
-0.428571	0.428571	0.208415
-0.428571	0.469388	0.196699
-0.428571	0.510204	0.184244
-0.428571	0.55102	0.171116
-0.428571	0.591837	0.15738
-0.428571	0.632653	0.143103
-0.428571	0.673469	0.128347
-0.428571	0.714286	0.113174
-0.428571	0.755102	0.0976449
-0.428571	0.795918	0.0818152
-0.428571	0.836735	0.0657398
-0.428571	0.877551	0.0494711
-0.428571	0.918367	0.0330593
-0.428571	0.959184	0.0165531
-0.428571	1	0
-0.387755	-1	0.0163989
-0.387755	-0.959184	0.0327636
-0.387755	-0.918367	0.0490593
-0.387755	-0.877551	0.0652492
-0.387755	-0.836735	0.0812945
-0.387755	-0.795918	0.0971532
-0.387755	-0.755102	0.11278
-0.387755	-0.714286	0.128125
-0.387755	-0.673469	0.143135
-0.387755	-0.632653	0.157753
-0.387755	-0.591837	0.171917
-0.387755	-0.55102	0.185564
-0.387755	-0.510204	0.198626
-0.387755	-0.469388	0.211034
-0.387755	-0.428571	0.222718
-0.387755	-0.387755	0.233607
-0.387755	-0.346939	0.243631
-0.387755	-0.306122	0.252724
-0.387755	-0.265306	0.260822
-0.387755	-0.22449	0.267866
-0.387755	-0.183673	0.273801
-0.387755	-0.142857	0.278581
-0.387755	-0.102041	0.282167
-0.387755	-0.0612245	0.284528
-0.387755	-0.0204082	0.285642
-0.387755	0.0204082	0.285495
-0.387755	0.0612245	0.284087
-0.387755	0.102041	0.281423
-0.387755	0.142857	0.277519
-0.387755	0.183673	0.272401
-0.387755	0.22449	0.266104
-0.387755	0.265306	0.258668
-0.387755	0.306122	0.250143
-0.387755	0.346939	0.240583
-0.387755	0.387755	0.230049
-0.387755	0.428571	0.218604
-0.387755	0.469388	0.206316
-0.387755	0.510204	0.193252
-0.387755	0.55102	0.179482
-0.387755	0.591837	0.165075
-0.387755	0.632653	0.150099
-0.387755	0.673469	0.134622
-0.387755	0.714286	0.118708
-0.387755	0.755102	0.102419
-0.387755	0.795918	0.0858152
-0.387755	0.836735	0.0689539
-0.387755	0.877551	0.0518898
-0.387755	0.918367	0.0346757
-0.387755	0.959184	0.0173624
-0.387755	1	0
-0.346939	-1	0.0171026
-0.346939	-0.959184	0.0341696
-0.346939	-0.918367	0.0511646
-0.346939	-0.877551	0.0680493
-0.346939	-0.836735	0.0847832
-0.346939	-0.795918	0.101322
-0.346939	-0.755102	0.117619
-0.346939	-0.714286	0.133623
-0.346939	-0.673469	0.149277
-0.346939	-0.632653	0.164522
-0.346939	-0.591837	0.179295
-0.346939	-0.55102	0.193527
-0.346939	-0.510204	0.20715
-0.346939	-0.469388	0.22009
-0.346939	-0.428571	0.232275
-0.346939	-0.387755	0.243631
-0.346939	-0.346939	0.254086
-0.346939	-0.306122	0.263569
-0.346939	-0.265306	0.272015
-0.346939	-0.22449	0.27936
-0.346939	-0.183673	0.28555
-0.346939	-0.142857	0.290536
-0.346939	-0.102041	0.294276
-0.346939	-0.0612245	0.296738
-0.346939	-0.0204082	0.297899
-0.346939	0.0204082	0.297747
-0.346939	0.0612245	0.296277
-0.346939	0.102041	0.293499
-0.346939	0.142857	0.289428
-0.346939	0.183673	0.284091
-0.346939	0.22449	0.277523
-0.346939	0.265306	0.269768
-0.346939	0.306122	0.260877
-0.346939	0.346939	0.250907
-0.346939	0.387755	0.239921
-0.346939	0.428571	0.227985
-0.346939	0.469388	0.215169
-0.346939	0.510204	0.201545
-0.346939	0.55102	0.187184
-0.346939	0.591837	0.172158
-0.346939	0.632653	0.15654
-0.346939	0.673469	0.140399
-0.346939	0.714286	0.123802
-0.346939	0.755102	0.106814
-0.346939	0.795918	0.0894977
-0.346939	0.836735	0.0719129
-0.346939	0.877551	0.0541166
-0.346939	0.918367	0.0361637
-0.346939	0.959184	0.0181075
-0.346939	1	0
-0.306122	-1	0.0177409
-0.306122	-0.959184	0.035445
-0.306122	-0.918367	0.0530743
-0.306122	-0.877551	0.0705892
-0.306122	-0.836735	0.0879476
-0.306122	-0.795918	0.105104
-0.306122	-0.755102	0.122009
-0.306122	-0.714286	0.13861
-0.306122	-0.673469	0.154849
-0.306122	-0.632653	0.170663
-0.306122	-0.591837	0.185987
-0.306122	-0.55102	0.20075
-0.306122	-0.510204	0.214881
-0.306122	-0.469388	0.228305
-0.306122	-0.428571	0.240945
-0.306122	-0.387755	0.252724
-0.306122	-0.346939	0.263569
-0.306122	-0.306122	0.273407
-0.306122	-0.265306	0.282167
-0.306122	-0.22449	0.289787
-0.306122	-0.183673	0.296208
-0.306122	-0.142857	0.301379
-0.306122	-0.102041	0.305259
-0.306122	-0.0612245	0.307813
-0.306122	-0.0204082	0.309017
-0.306122	0.0204082	0.308859
-0.306122	0.0612245	0.307335
-0.306122	0.102041	0.304453
-0.306122	0.142857	0.30023
-0.306122	0.183673	0.294694
-0.306122	0.22449	0.287881
-0.306122	0.265306	0.279836
-0.306122	0.306122	0.270614
-0.306122	0.346939	0.260272
-0.306122	0.387755	0.248876
-0.306122	0.428571	0.236494
-0.306122	0.469388	0.2232
-0.306122	0.510204	0.209067
-0.306122	0.55102	0.19417
-0.306122	0.591837	0.178584
-0.306122	0.632653	0.162383
-0.306122	0.673469	0.145639
-0.306122	0.714286	0.128422
-0.306122	0.755102	0.110801
-0.306122	0.795918	0.0928382
-0.306122	0.836735	0.074597
-0.306122	0.877551	0.0561364
-0.306122	0.918367	0.0375135
-0.306122	0.959184	0.0187834
-0.306122	1	0
-0.265306	-1	0.0183094
-0.265306	-0.959184	0.0365808
-0.265306	-0.918367	0.054775
-0.265306	-0.877551	0.0728511
-0.265306	-0.836735	0.0907658
-0.265306	-0.795918	0.108472
-0.265306	-0.755102	0.125919
-0.265306	-0.714286	0.143052
-0.265306	-0.673469	0.15981
-0.265306	-0.632653	0.176131
-0.265306	-0.591837	0.191946
-0.265306	-0.55102	0.207183
-0.265306	-0.510204	0.221767
-0.265306	-0.469388	0.23562
-0.265306	-0.428571	0.248665
-0.265306	-0.387755	0.260822
-0.265306	-0.346939	0.272015
-0.265306	-0.306122	0.282167
-0.265306	-0.265306	0.291209
-0.265306	-0.22449	0.299072
-0.265306	-0.183673	0.305699
-0.265306	-0.142857	0.311036
-0.265306	-0.102041	0.31504
-0.265306	-0.0612245	0.317676
-0.265306	-0.0204082	0.318919
-0.265306	0.0204082	0.318756
-0.265306	0.0612245	0.317183
-0.265306	0.102041	0.314208
-0.265306	0.142857	0.30985
-0.265306	0.183673	0.304136
-0.265306	0.22449	0.297105
-0.265306	0.265306	0.288803
-0.265306	0.306122	0.279285
-0.265306	0.346939	0.268611
-0.265306	0.387755	0.25685
-0.265306	0.428571	0.244072
-0.265306	0.469388	0.230352
-0.265306	0.510204	0.215766
-0.265306	0.55102	0.200392
-0.265306	0.591837	0.184306
-0.265306	0.632653	0.167586
-0.265306	0.673469	0.150306
-0.265306	0.714286	0.132538
-0.265306	0.755102	0.114351
-0.265306	0.795918	0.095813
-0.265306	0.836735	0.0769873
-0.265306	0.877551	0.0579352
-0.265306	0.918367	0.0387155
-0.265306	0.959184	0.0193852
-0.265306	1	0
-0.22449	-1	0.0188039
-0.22449	-0.959184	0.0375687
-0.22449	-0.918367	0.0562542
-0.22449	-0.877551	0.0748185
-0.22449	-0.836735	0.093217
-0.22449	-0.795918	0.111401
-0.22449	-0.755102	0.129319
-0.22449	-0.714286	0.146915
-0.22449	-0.673469	0.164126
-0.22449	-0.632653	0.180888
-0.22449	-0.591837	0.19713
-0.22449	-0.55102	0.212778
-0.22449	-0.510204	0.227756
-0.22449	-0.469388	0.241983
-0.22449	-0.428571	0.25538
-0.22449	-0.387755	0.267866
-0.22449	-0.346939	0.27936
-0.22449	-0.306122	0.289787
-0.22449	-0.265306	0.299072
-0.22449	-0.22449	0.307149
-0.22449	-0.183673	0.313954
-0.22449	-0.142857	0.319436
-0.22449	-0.102041	0.323547
-0.22449	-0.0612245	0.326254
-0.22449	-0.0204082	0.327531
-0.22449	0.0204082	0.327364
-0.22449	0.0612245	0.325748
-0.22449	0.102041	0.322693
-0.22449	0.142857	0.318217
-0.22449	0.183673	0.312349
-0.22449	0.22449	0.305128
-0.22449	0.265306	0.296602
-0.22449	0.306122	0.286827
-0.22449	0.346939	0.275865
-0.22449	0.387755	0.263786
-0.22449	0.428571	0.250663
-0.22449	0.469388	0.236573
-0.22449	0.510204	0.221593
-0.22449	0.55102	0.205803
-0.22449	0.591837	0.189283
-0.22449	0.632653	0.172112
-0.22449	0.673469	0.154365
-0.22449	0.714286	0.136117
-0.22449	0.755102	0.117439
-0.22449	0.795918	0.0984004
-0.22449	0.836735	0.0790663
-0.22449	0.877551	0.0594997
-0.22449	0.918367	0.039761
-0.22449	0.959184	0.0199087
-0.22449	1	0
-0.183673	-1	0.0192206
-0.183673	-0.959184	0.0384011
-0.183673	-0.918367	0.0575007
-0.183673	-0.877551	0.0764764
-0.183673	-0.836735	0.0952825
-0.183673	-0.795918	0.11387
-0.183673	-0.755102	0.132185
-0.183673	-0.714286	0.15017
-0.183673	-0.673469	0.167763
-0.183673	-0.632653	0.184896
-0.183673	-0.591837	0.201498
-0.183673	-0.55102	0.217493
-0.183673	-0.510204	0.232802
-0.183673	-0.469388	0.247345
-0.183673	-0.428571	0.261039
-0.183673	-0.387755	0.273801
-0.183673	-0.346939	0.28555
-0.183673	-0.306122	0.296208
-0.183673	-0.265306	0.305699
-0.183673	-0.22449	0.313954
-0.183673	-0.183673	0.320911
-0.183673	-0.142857	0.326513
-0.183673	-0.102041	0.330716
-0.183673	-0.0612245	0.333483
-0.183673	-0.0204082	0.334788
-0.183673	0.0204082	0.334617
-0.183673	0.0612245	0.332966
-0.183673	0.102041	0.329843
-0.183673	0.142857	0.325268
-0.183673	0.183673	0.31927
-0.183673	0.22449	0.311889
-0.183673	0.265306	0.303174
-0.183673	0.306122	0.293182
-0.183673	0.346939	0.281978
-0.183673	0.387755	0.269631
-0.183673	0.428571	0.256217
-0.183673	0.469388	0.241814
-0.183673	0.510204	0.226503
-0.183673	0.55102	0.210363
-0.183673	0.591837	0.193477
-0.183673	0.632653	0.175925
-0.183673	0.673469	0.157785
-0.183673	0.714286	0.139133
-0.183673	0.755102	0.120041
-0.183673	0.795918	0.100581
-0.183673	0.836735	0.0808183
-0.183673	0.877551	0.0608181
-0.183673	0.918367	0.0406421
-0.183673	0.959184	0.0203499
-0.183673	1	0
-0.142857	-1	0.0195561
-0.142857	-0.959184	0.0390716
-0.142857	-0.918367	0.0585046
-0.142857	-0.877551	0.0778116
-0.142857	-0.836735	0.0969461
-0.142857	-0.795918	0.115858
-0.142857	-0.755102	0.134493
-0.142857	-0.714286	0.152792
-0.142857	-0.673469	0.170692
-0.142857	-0.632653	0.188124
-0.142857	-0.591837	0.205016
-0.142857	-0.55102	0.22129
-0.142857	-0.510204	0.236867
-0.142857	-0.469388	0.251664
-0.142857	-0.428571	0.265596
-0.142857	-0.387755	0.278581
-0.142857	-0.346939	0.290536
-0.142857	-0.306122	0.301379
-0.142857	-0.265306	0.311036
-0.142857	-0.22449	0.319436
-0.142857	-0.183673	0.326513
-0.142857	-0.142857	0.332214
-0.142857	-0.102041	0.33649
-0.142857	-0.0612245	0.339305
-0.142857	-0.0204082	0.340633
-0.142857	0.0204082	0.340459
-0.142857	0.0612245	0.338779
-0.142857	0.102041	0.335602
-0.142857	0.142857	0.330947
-0.142857	0.183673	0.324844
-0.142857	0.22449	0.317334
-0.142857	0.265306	0.308467
-0.142857	0.306122	0.298301
-0.142857	0.346939	0.286901
-0.142857	0.387755	0.274339
-0.142857	0.428571	0.260691
-0.142857	0.469388	0.246036
-0.142857	0.510204	0.230457
-0.142857	0.55102	0.214036
-0.142857	0.591837	0.196855
-0.142857	0.632653	0.178997
-0.142857	0.673469	0.16054
-0.142857	0.714286	0.141562
-0.142857	0.755102	0.122137
-0.142857	0.795918	0.102337
-0.142857	0.836735	0.0822293
-0.142857	0.877551	0.06188
-0.142857	0.918367	0.0413516
-0.142857	0.959184	0.0207052
-0.142857	1	0
-0.102041	-1	0.0198079
-0.102041	-0.959184	0.0395745
-0.102041	-0.918367	0.0592577
-0.102041	-0.877551	0.0788133
-0.102041	-0.836735	0.098194
-0.102041	-0.795918	0.117349
-0.102041	-0.755102	0.136224
-0.102041	-0.714286	0.154759
-0.102041	-0.673469	0.172889
-0.102041	-0.632653	0.190546
-0.102041	-0.591837	0.207655
-0.102041	-0.55102	0.224139
-0.102041	-0.510204	0.239916
-0.102041	-0.469388	0.254903
-0.102041	-0.428571	0.269015
-0.102041	-0.387755	0.282167
-0.102041	-0.346939	0.294276
-0.102041	-0.306122	0.305259
-0.102041	-0.265306	0.31504
-0.102041	-0.22449	0.323547
-0.102041	-0.183673	0.330716
-0.102041	-0.142857	0.33649
-0.102041	-0.102041	0.340821
-0.102041	-0.0612245	0.343673
-0.102041	-0.0204082	0.345018
-0.102041	0.0204082	0.344841
-0.102041	0.0612245	0.34314
-0.102041	0.102041	0.339922
-0.102041	0.142857	0.335207
-0.102041	0.183673	0.329025
-0.102041	0.22449	0.321419
-0.102041	0.265306	0.312437
-0.102041	0.306122	0.30214
-0.102041	0.346939	0.290594
-0.102041	0.387755	0.27787
-0.102041	0.428571	0.264046
-0.102041	0.469388	0.249203
-0.102041	0.510204	0.233424
-0.102041	0.55102	0.216791
-0.102041	0.591837	0.199389
-0.102041	0.632653	0.181301
-0.102041	0.673469	0.162606
-0.102041	0.714286	0.143384
-0.102041	0.755102	0.123709
-0.102041	0.795918	0.103654
-0.102041	0.836735	0.0832878
-0.102041	0.877551	0.0626765
-0.102041	0.918367	0.0418839
-0.102041	0.959184	0.0209717
-0.102041	1	0
-0.0612245	-1	0.0199736
-0.0612245	-0.959184	0.0399057
-0.0612245	-0.918367	0.0597535
-0.0612245	-0.877551	0.0794727
-0.0612245	-0.836735	0.0990156
-0.0612245	-0.795918	0.118331
-0.0612245	-0.755102	0.137364
-0.0612245	-0.714286	0.156054
-0.0612245	-0.673469	0.174336
-0.0612245	-0.632653	0.19214
-0.0612245	-0.591837	0.209392
-0.0612245	-0.55102	0.226014
-0.0612245	-0.510204	0.241923
-0.0612245	-0.469388	0.257036
-0.0612245	-0.428571	0.271266
-0.0612245	-0.387755	0.284528
-0.0612245	-0.346939	0.296738
-0.0612245	-0.306122	0.307813
-0.0612245	-0.265306	0.317676
-0.0612245	-0.22449	0.326254
-0.0612245	-0.183673	0.333483
-0.0612245	-0.142857	0.339305
-0.0612245	-0.102041	0.343673
-0.0612245	-0.0612245	0.346548
-0.0612245	-0.0204082	0.347904
-0.0612245	0.0204082	0.347726
-0.0612245	0.0612245	0.346011
-0.0612245	0.102041	0.342766
-0.0612245	0.142857	0.338011
-0.0612245	0.183673	0.331778
-0.0612245	0.22449	0.324108
-0.0612245	0.265306	0.315051
-0.0612245	0.306122	0.304668
-0.0612245	0.346939	0.293025
-0.0612245	0.387755	0.280195
-0.0612245	0.428571	0.266255
-0.0612245	0.469388	0.251288
-0.0612245	0.510204	0.235377
-0.0612245	0.55102	0.218605
-0.0612245	0.591837	0.201058
-0.0612245	0.632653	0.182818
-0.0612245	0.673469	0.163967
-0.0612245	0.714286	0.144584
-0.0612245	0.755102	0.124744
-0.0612245	0.795918	0.104521
-0.0612245	0.836735	0.0839846
-0.0612245	0.877551	0.0632009
-0.0612245	0.918367	0.0422344
-0.0612245	0.959184	0.0211472
-0.0612245	1	0
-0.0204082	-1	0.0200518
-0.0204082	-0.959184	0.0400618
-0.0204082	-0.918367	0.0599874
-0.0204082	-0.877551	0.0797837
-0.0204082	-0.836735	0.0994031
-0.0204082	-0.795918	0.118794
-0.0204082	-0.755102	0.137901
-0.0204082	-0.714286	0.156664
-0.0204082	-0.673469	0.175018
-0.0204082	-0.632653	0.192892
-0.0204082	-0.591837	0.210212
-0.0204082	-0.55102	0.226898
-0.0204082	-0.510204	0.24287
-0.0204082	-0.469388	0.258042
-0.0204082	-0.428571	0.272327
-0.0204082	-0.387755	0.285642
-0.0204082	-0.346939	0.297899
-0.0204082	-0.306122	0.309017
-0.0204082	-0.265306	0.318919
-0.0204082	-0.22449	0.327531
-0.0204082	-0.183673	0.334788
-0.0204082	-0.142857	0.340633
-0.0204082	-0.102041	0.345018
-0.0204082	-0.0612245	0.347904
-0.0204082	-0.0204082	0.349266
-0.0204082	0.0204082	0.349087
-0.0204082	0.0612245	0.347365
-0.0204082	0.102041	0.344107
-0.0204082	0.142857	0.339334
-0.0204082	0.183673	0.333077
-0.0204082	0.22449	0.325376
-0.0204082	0.265306	0.316284
-0.0204082	0.306122	0.30586
-0.0204082	0.346939	0.294172
-0.0204082	0.387755	0.281291
-0.0204082	0.428571	0.267297
-0.0204082	0.469388	0.252272
-0.0204082	0.510204	0.236298
-0.0204082	0.55102	0.21946
-0.0204082	0.591837	0.201844
-0.0204082	0.632653	0.183533
-0.0204082	0.673469	0.164609
-0.0204082	0.714286	0.14515
-0.0204082	0.755102	0.125233
-0.0204082	0.795918	0.10493
-0.0204082	0.836735	0.0843133
-0.0204082	0.877551	0.0634483
-0.0204082	0.918367	0.0423997
-0.0204082	0.959184	0.0212299
-0.0204082	1	0
0.0204082	-1	0.0200415
0.0204082	-0.959184	0.0400414
0.0204082	-0.918367	0.0599567
0.0204082	-0.877551	0.0797429
0.0204082	-0.836735	0.0993523
0.0204082	-0.795918	0.118734
0.0204082	-0.755102	0.137831
0.0204082	-0.714286	0.156584
0.0204082	-0.673469	0.174928
0.0204082	-0.632653	0.192793
0.0204082	-0.591837	0.210104
0.0204082	-0.55102	0.226782
0.0204082	-0.510204	0.242746
0.0204082	-0.469388	0.25791
0.0204082	-0.428571	0.272188
0.0204082	-0.387755	0.285495
0.0204082	-0.346939	0.297747
0.0204082	-0.306122	0.308859
0.0204082	-0.265306	0.318756
0.0204082	-0.22449	0.327364
0.0204082	-0.183673	0.334617
0.0204082	-0.142857	0.340459
0.0204082	-0.102041	0.344841
0.0204082	-0.0612245	0.347726
0.0204082	-0.0204082	0.349087
0.0204082	0.0204082	0.348909
0.0204082	0.0612245	0.347187
0.0204082	0.102041	0.343931
0.0204082	0.142857	0.33916
0.0204082	0.183673	0.332906
0.0204082	0.22449	0.32521
0.0204082	0.265306	0.316123
0.0204082	0.306122	0.305704
0.0204082	0.346939	0.294021
0.0204082	0.387755	0.281147
0.0204082	0.428571	0.267161
0.0204082	0.469388	0.252143
0.0204082	0.510204	0.236177
0.0204082	0.55102	0.219348
0.0204082	0.591837	0.201741
0.0204082	0.632653	0.183439
0.0204082	0.673469	0.164524
0.0204082	0.714286	0.145075
0.0204082	0.755102	0.125168
0.0204082	0.795918	0.104877
0.0204082	0.836735	0.0842702
0.0204082	0.877551	0.0634158
0.0204082	0.918367	0.042378
0.0204082	0.959184	0.0212191
0.0204082	1	0
0.0612245	-1	0.0199426
0.0612245	-0.959184	0.0398438
0.0612245	-0.918367	0.0596609
0.0612245	-0.877551	0.0793495
0.0612245	-0.836735	0.0988621
0.0612245	-0.795918	0.118148
0.0612245	-0.755102	0.137151
0.0612245	-0.714286	0.155812
0.0612245	-0.673469	0.174065
0.0612245	-0.632653	0.191842
0.0612245	-0.591837	0.209068
0.0612245	-0.55102	0.225663
0.0612245	-0.510204	0.241548
0.0612245	-0.469388	0.256637
0.0612245	-0.428571	0.270845
0.0612245	-0.387755	0.284087
0.0612245	-0.346939	0.296277
0.0612245	-0.306122	0.307335
0.0612245	-0.265306	0.317183
0.0612245	-0.22449	0.325748
0.0612245	-0.183673	0.332966
0.0612245	-0.142857	0.338779
0.0612245	-0.102041	0.34314
0.0612245	-0.0612245	0.346011
0.0612245	-0.0204082	0.347365
0.0612245	0.0204082	0.347187
0.0612245	0.0612245	0.345474
0.0612245	0.102041	0.342234
0.0612245	0.142857	0.337487
0.0612245	0.183673	0.331264
0.0612245	0.22449	0.323605
0.0612245	0.265306	0.314563
0.0612245	0.306122	0.304196
0.0612245	0.346939	0.292571
0.0612245	0.387755	0.27976
0.0612245	0.428571	0.265843
0.0612245	0.469388	0.250899
0.0612245	0.510204	0.235012
0.0612245	0.55102	0.218266
0.0612245	0.591837	0.200746
0.0612245	0.632653	0.182534
0.0612245	0.673469	0.163713
0.0612245	0.714286	0.14436
0.0612245	0.755102	0.124551
0.0612245	0.795918	0.104359
0.0612245	0.836735	0.0838544
0.0612245	0.877551	0.0631029
0.0612245	0.918367	0.0421689
0.0612245	0.959184	0.0211144
0.0612245	1	0
0.102041	-1	0.0197556
0.102041	-0.959184	0.0394701
0.102041	-0.918367	0.0591014
0.102041	-0.877551	0.0786053
0.102041	-0.836735	0.0979349
0.102041	-0.795918	0.11704
0.102041	-0.755102	0.135865
0.102041	-0.714286	0.15435
0.102041	-0.673469	0.172433
0.102041	-0.632653	0.190043
0.102041	-0.591837	0.207107
0.102041	-0.55102	0.223547
0.102041	-0.510204	0.239283
0.102041	-0.469388	0.25423
0.102041	-0.428571	0.268305
0.102041	-0.387755	0.281423
0.102041	-0.346939	0.293499
0.102041	-0.306122	0.304453
0.102041	-0.265306	0.314208
0.102041	-0.22449	0.322693
0.102041	-0.183673	0.329843
0.102041	-0.142857	0.335602
0.102041	-0.102041	0.339922
0.102041	-0.0612245	0.342766
0.102041	-0.0204082	0.344107
0.102041	0.0204082	0.343931
0.102041	0.0612245	0.342234
0.102041	0.102041	0.339025
0.102041	0.142857	0.334322
0.102041	0.183673	0.328157
0.102041	0.22449	0.32057
0.102041	0.265306	0.311613
0.102041	0.306122	0.301343
0.102041	0.346939	0.289827
0.102041	0.387755	0.277137
0.102041	0.428571	0.263349
0.102041	0.469388	0.248546
0.102041	0.510204	0.232808
0.102041	0.55102	0.216219
0.102041	0.591837	0.198863
0.102041	0.632653	0.180822
0.102041	0.673469	0.162177
0.102041	0.714286	0.143006
0.102041	0.755102	0.123383
0.102041	0.795918	0.103381
0.102041	0.836735	0.083068
0.102041	0.877551	0.0625111
0.102041	0.918367	0.0417734
0.102041	0.959184	0.0209164
0.102041	1	0
0.142857	-1	0.0194816
0.142857	-0.959184	0.0389226
0.142857	-0.918367	0.0582816
0.142857	-0.877551	0.077515
0.142857	-0.836735	0.0965764
0.142857	-0.795918	0.115416
0.142857	-0.755102	0.13398
0.142857	-0.714286	0.152209
0.142857	-0.673469	0.170041
0.142857	-0.632653	0.187407
0.142857	-0.591837	0.204234
0.142857	-0.55102	0.220446
0.142857	-0.510204	0.235964
0.142857	-0.469388	0.250704
0.142857	-0.428571	0.264584
0.142857	-0.387755	0.277519
0.142857	-0.346939	0.289428
0.142857	-0.306122	0.30023
0.142857	-0.265306	0.30985
0.142857	-0.22449	0.318217
0.142857	-0.183673	0.325268
0.142857	-0.142857	0.330947
0.142857	-0.102041	0.335207
0.142857	-0.0612245	0.338011
0.142857	-0.0204082	0.339334
0.142857	0.0204082	0.33916
0.142857	0.0612245	0.337487
0.142857	0.102041	0.334322
0.142857	0.142857	0.329685
0.142857	0.183673	0.323605
0.142857	0.22449	0.316124
0.142857	0.265306	0.30729
0.142857	0.306122	0.297163
0.142857	0.346939	0.285806
0.142857	0.387755	0.273292
0.142857	0.428571	0.259696
0.142857	0.469388	0.245098
0.142857	0.510204	0.229578
0.142857	0.55102	0.21322
0.142857	0.591837	0.196105
0.142857	0.632653	0.178314
0.142857	0.673469	0.159928
0.142857	0.714286	0.141022
0.142857	0.755102	0.121671
0.142857	0.795918	0.101947
0.142857	0.836735	0.0819158
0.142857	0.877551	0.061644
0.142857	0.918367	0.041194
0.142857	0.959184	0.0206262
0.142857	1	0
0.183673	-1	0.0191223
0.183673	-0.959184	0.0382048
0.183673	-0.918367	0.0572068
0.183673	-0.877551	0.0760855
0.183673	-0.836735	0.0947955
0.183673	-0.795918	0.113288
0.183673	-0.755102	0.131509
0.183673	-0.714286	0.149403
0.183673	-0.673469	0.166905
0.183673	-0.632653	0.183951
0.183673	-0.591837	0.200468
0.183673	-0.55102	0.216381
0.183673	-0.510204	0.231612
0.183673	-0.469388	0.246081
0.183673	-0.428571	0.259704
0.183673	-0.387755	0.272401
0.183673	-0.346939	0.284091
0.183673	-0.306122	0.294694
0.183673	-0.265306	0.304136
0.183673	-0.22449	0.312349
0.183673	-0.183673	0.31927
0.183673	-0.142857	0.324844
0.183673	-0.102041	0.329025
0.183673	-0.0612245	0.331778
0.183673	-0.0204082	0.333077
0.183673	0.0204082	0.332906
0.183673	0.0612245	0.331264
0.183673	0.102041	0.328157
0.183673	0.142857	0.323605
0.183673	0.183673	0.317638
0.183673	0.22449	0.310294
0.183673	0.265306	0.301624
0.183673	0.306122	0.291683
0.183673	0.346939	0.280536
0.183673	0.387755	0.268253
0.183673	0.428571	0.254908
0.183673	0.469388	0.240578
0.183673	0.510204	0.225345
0.183673	0.55102	0.209288
0.183673	0.591837	0.192488
0.183673	0.632653	0.175026
0.183673	0.673469	0.156979
0.183673	0.714286	0.138422
0.183673	0.755102	0.119428
0.183673	0.795918	0.100067
0.183673	0.836735	0.0804052
0.183673	0.877551	0.0605072
0.183673	0.918367	0.0404343
0.183673	0.959184	0.0202459
0.183673	1	0
0.22449	-1	0.0186802
0.22449	-0.959184	0.0373216
0.22449	-0.918367	0.0558842
0.22449	-0.877551	0.0743264
0.22449	-0.836735	0.0926039
0.22449	-0.795918	0.110669
0.22449	-0.755102	0.128469
0.22449	-0.714286	0.145948
0.22449	-0.673469	0.163047
0.22449	-0.632653	0.179698
0.22449	-0.591837	0.195833
0.22449	-0.55102	0.211378
0.22449	-0.510204	0.226258
0.22449	-0.469388	0.240392
0.22449	-0.428571	0.2537
0.22449	-0.387755	0.266104
0.22449	-0.346939	0.277523
0.22449	-0.306122	0.287881
0.22449	-0.265306	0.297105
0.22449	-0.22449	0.305128
0.22449	-0.183673	0.311889
0.22449	-0.142857	0.317334
0.22449	-0.102041	0.321419
0.22449	-0.0612245	0.324108
0.22449	-0.0204082	0.325376
0.22449	0.0204082	0.32521
0.22449	0.0612245	0.323605
0.22449	0.102041	0.32057
0.22449	0.142857	0.316124
0.22449	0.183673	0.310294
0.22449	0.22449	0.303121
0.22449	0.265306	0.294651
0.22449	0.306122	0.28494
0.22449	0.346939	0.27405
0.22449	0.387755	0.262051
0.22449	0.428571	0.249014
0.22449	0.469388	0.235016
0.22449	0.510204	0.220135
0.22449	0.55102	0.204449
0.22449	0.591837	0.188038
0.22449	0.632653	0.17098
0.22449	0.673469	0.153349
0.22449	0.714286	0.135221
0.22449	0.755102	0.116667
0.22449	0.795918	0.0977532
0.22449	0.836735	0.0785463
0.22449	0.877551	0.0591084
0.22449	0.918367	0.0394995
0.22449	0.959184	0.0197778
0.22449	1	0
0.265306	-1	0.0181582
0.265306	-0.959184	0.0362787
0.265306	-0.918367	0.0543226
0.265306	-0.877551	0.0722495
0.265306	-0.836735	0.0900162
0.265306	-0.795918	0.107576
0.265306	-0.755102	0.124879
0.265306	-0.714286	0.14187
0.265306	-0.673469	0.15849
0.265306	-0.632653	0.174677
0.265306	-0.591837	0.190361
0.265306	-0.55102	0.205472
0.265306	-0.510204	0.219935
0.265306	-0.469388	0.233674
0.265306	-0.428571	0.246611
0.265306	-0.387755	0.258668
0.265306	-0.346939	0.269768
0.265306	-0.306122	0.279836
0.265306	-0.265306	0.288803
0.265306	-0.22449	0.296602
0.265306	-0.183673	0.303174
0.265306	-0.142857	0.308467
0.265306	-0.102041	0.312437
0.265306	-0.0612245	0.315051
0.265306	-0.0204082	0.316284
0.265306	0.0204082	0.316123
0.265306	0.0612245	0.314563
0.265306	0.102041	0.311613
0.265306	0.142857	0.30729
0.265306	0.183673	0.301624
0.265306	0.22449	0.294651
0.265306	0.265306	0.286417
0.265306	0.306122	0.276978
0.265306	0.346939	0.266393
0.265306	0.387755	0.254729
0.265306	0.428571	0.242056
0.265306	0.469388	0.228449
0.265306	0.510204	0.213984
0.265306	0.55102	0.198736
0.265306	0.591837	0.182784
0.265306	0.632653	0.166202
0.265306	0.673469	0.149064
0.265306	0.714286	0.131443
0.265306	0.755102	0.113407
0.265306	0.795918	0.0950216
0.265306	0.836735	0.0763514
0.265306	0.877551	0.0574567
0.265306	0.918367	0.0383957
0.265306	0.959184	0.0192251
0.265306	1	0
0.306122	-1	0.0175598
0.306122	-0.959184	0.035083
0.306122	-0.918367	0.0525322
0.306122	-0.877551	0.0698683
0.306122	-0.836735	0.0870494
0.306122	-0.795918	0.104031
0.306122	-0.755102	0.120763
0.306122	-0.714286	0.137194
0.306122	-0.673469	0.153267
0.306122	-0.632653	0.16892
0.306122	-0.591837	0.184087
0.306122	-0.55102	0.1987
0.306122	-0.510204	0.212687
0.306122	-0.469388	0.225973
0.306122	-0.428571	0.238483
0.306122	-0.387755	0.250143
0.306122	-0.346939	0.260877
0.306122	-0.306122	0.270614
0.306122	-0.265306	0.279285
0.306122	-0.22449	0.286827
0.306122	-0.183673	0.293182
0.306122	-0.142857	0.298301
0.306122	-0.102041	0.30214
0.306122	-0.0612245	0.304668
0.306122	-0.0204082	0.30586
0.306122	0.0204082	0.305704
0.306122	0.0612245	0.304196
0.306122	0.102041	0.301343
0.306122	0.142857	0.297163
0.306122	0.183673	0.291683
0.306122	0.22449	0.28494
0.306122	0.265306	0.276978
0.306122	0.306122	0.267849
0.306122	0.346939	0.257613
0.306122	0.387755	0.246333
0.306122	0.428571	0.234078
0.306122	0.469388	0.22092
0.306122	0.510204	0.206931
0.306122	0.55102	0.192186
0.306122	0.591837	0.17676
0.306122	0.632653	0.160724
0.306122	0.673469	0.144151
0.306122	0.714286	0.127111
0.306122	0.755102	0.109669
0.306122	0.795918	0.0918899
0.306122	0.836735	0.073835
0.306122	0.877551	0.055563
0.306122	0.918367	0.0371303
0.306122	0.959184	0.0185915
0.306122	1	0
0.346939	-1	0.0168887
0.346939	-0.959184	0.0337422
0.346939	-0.918367	0.0505246
0.346939	-0.877551	0.0671981
0.346939	-0.836735	0.0837226
0.346939	-0.795918	0.100055
0.346939	-0.755102	0.116148
0.346939	-0.714286	0.131951
0.346939	-0.673469	0.14741
0.346939	-0.632653	0.162464
0.346939	-0.591837	0.177052
0.346939	-0.55102	0.191106
0.346939	-0.510204	0.204558
0.346939	-0.469388	0.217337
0.346939	-0.428571	0.229369
0.346939	-0.387755	0.240583
0.346939	-0.346939	0.250907
0.346939	-0.306122	0.260272
0.346939	-0.265306	0.268611
0.346939	-0.22449	0.275865
0.346939	-0.183673	0.281978
0.346939	-0.142857	0.286901
0.346939	-0.102041	0.290594
0.346939	-0.0612245	0.293025
0.346939	-0.0204082	0.294172
0.346939	0.0204082	0.294021
0.346939	0.0612245	0.292571
0.346939	0.102041	0.289827
0.346939	0.142857	0.285806
0.346939	0.183673	0.280536
0.346939	0.22449	0.27405
0.346939	0.265306	0.266393
0.346939	0.306122	0.257613
0.346939	0.346939	0.247768
0.346939	0.387755	0.236919
0.346939	0.428571	0.225133
0.346939	0.469388	0.212477
0.346939	0.510204	0.199023
0.346939	0.55102	0.184842
0.346939	0.591837	0.170005
0.346939	0.632653	0.154582
0.346939	0.673469	0.138642
0.346939	0.714286	0.122253
0.346939	0.755102	0.105478
0.346939	0.795918	0.0883781
0.346939	0.836735	0.0710133
0.346939	0.877551	0.0534396
0.346939	0.918367	0.0357113
0.346939	0.959184	0.017881
0.346939	1	0
0.387755	-1	0.0161492
0.387755	-0.959184	0.0322647
0.387755	-0.918367	0.0483123
0.387755	-0.877551	0.0642557
0.387755	-0.836735	0.0800567
0.387755	-0.795918	0.0956738
0.387755	-0.755102	0.111062
0.387755	-0.714286	0.126174
0.387755	-0.673469	0.140955
0.387755	-0.632653	0.15535
0.387755	-0.591837	0.169299
0.387755	-0.55102	0.182738
0.387755	-0.510204	0.195602
0.387755	-0.469388	0.207821
0.387755	-0.428571	0.219326
0.387755	-0.387755	0.230049
0.387755	-0.346939	0.239921
0.387755	-0.306122	0.248876
0.387755	-0.265306	0.25685
0.387755	-0.22449	0.263786
0.387755	-0.183673	0.269631
0.387755	-0.142857	0.274339
0.387755	-0.102041	0.27787
0.387755	-0.0612245	0.280195
0.387755	-0.0204082	0.281291
0.387755	0.0204082	0.281147
0.387755	0.0612245	0.27976
0.387755	0.102041	0.277137
0.387755	0.142857	0.273292
0.387755	0.183673	0.268253
0.387755	0.22449	0.262051
0.387755	0.265306	0.254729
0.387755	0.306122	0.246333
0.387755	0.346939	0.236919
0.387755	0.387755	0.226546
0.387755	0.428571	0.215275
0.387755	0.469388	0.203174
0.387755	0.510204	0.190309
0.387755	0.55102	0.176748
0.387755	0.591837	0.162561
0.387755	0.632653	0.147813
0.387755	0.673469	0.132572
0.387755	0.714286	0.1169
0.387755	0.755102	0.100859
0.387755	0.795918	0.0845084
0.387755	0.836735	0.0679039
0.387755	0.877551	0.0510997
0.387755	0.918367	0.0341476
0.387755	0.959184	0.0170981
0.387755	1	0
0.428571	-1	0.0153458
0.428571	-0.959184	0.0306596
0.428571	-0.918367	0.0459088
0.428571	-0.877551	0.061059
0.428571	-0.836735	0.0760739
0.428571	-0.795918	0.0909141
0.428571	-0.755102	0.105537
0.428571	-0.714286	0.119896
0.428571	-0.673469	0.133943
0.428571	-0.632653	0.147622
0.428571	-0.591837	0.160877
0.428571	-0.55102	0.173647
0.428571	-0.510204	0.185871
0.428571	-0.469388	0.197482
0.428571	-0.428571	0.208415
0.428571	-0.387755	0.218604
0.428571	-0.346939	0.227985
0.428571	-0.306122	0.236494
0.428571	-0.265306	0.244072
0.428571	-0.22449	0.250663
0.428571	-0.183673	0.256217
0.428571	-0.142857	0.260691
0.428571	-0.102041	0.264046
0.428571	-0.0612245	0.266255
0.428571	-0.0204082	0.267297
0.428571	0.0204082	0.267161
0.428571	0.0612245	0.265843
0.428571	0.102041	0.263349
0.428571	0.142857	0.259696
0.428571	0.183673	0.254908
0.428571	0.22449	0.249014
0.428571	0.265306	0.242056
0.428571	0.306122	0.234078
0.428571	0.346939	0.225133
0.428571	0.387755	0.215275
0.428571	0.428571	0.204566
0.428571	0.469388	0.193066
0.428571	0.510204	0.180841
0.428571	0.55102	0.167955
0.428571	0.591837	0.154474
0.428571	0.632653	0.14046
0.428571	0.673469	0.125976
0.428571	0.714286	0.111084
0.428571	0.755102	0.0958416
0.428571	0.795918	0.0803042
0.428571	0.836735	0.0645257
0.428571	0.877551	0.0485575
0.428571	0.918367	0.0324488
0.428571	0.959184	0.0162474
0.428571	1	0
0.469388	-1	0.0144831
0.469388	-0.959184	0.028936
0.469388	-0.918367	0.043328
0.469388	-0.877551	0.0576266
0.469388	-0.836735	0.0717974
0.469388	-0.795918	0.0858034
0.469388	-0.755102	0.0996042
0.469388	-0.714286	0.113157
0.469388	-0.673469	0.126413
0.469388	-0.632653	0.139323
0.469388	-0.591837	0.151833
0.469388	-0.55102	0.163886
0.469388	-0.510204	0.175422
0.469388	-0.469388	0.18638
0.469388	-0.428571	0.196699
0.469388	-0.387755	0.206316
0.469388	-0.346939	0.215169
0.469388	-0.306122	0.2232
0.469388	-0.265306	0.230352
0.469388	-0.22449	0.236573
0.469388	-0.183673	0.241814
0.469388	-0.142857	0.246036
0.469388	-0.102041	0.249203
0.469388	-0.0612245	0.251288
0.469388	-0.0204082	0.252272
0.469388	0.0204082	0.252143
0.469388	0.0612245	0.250899
0.469388	0.102041	0.248546
0.469388	0.142857	0.245098
0.469388	0.183673	0.240578
0.469388	0.22449	0.235016
0.469388	0.265306	0.228449
0.469388	0.306122	0.22092
0.469388	0.346939	0.212477
0.469388	0.387755	0.203174
0.469388	0.428571	0.193066
0.469388	0.469388	0.182213
0.469388	0.510204	0.170675
0.469388	0.55102	0.158514
0.469388	0.591837	0.14579
0.469388	0.632653	0.132564
0.469388	0.673469	0.118895
0.469388	0.714286	0.10484
0.469388	0.755102	0.0904539
0.469388	0.795918	0.0757899
0.469388	0.836735	0.0608984
0.469388	0.877551	0.0458278
0.469388	0.918367	0.0306247
0.469388	0.959184	0.0153341
0.469388	1	0
0.510204	-1	0.013566
0.510204	-0.959184	0.0271038
0.510204	-0.918367	0.0405844
0.510204	-0.877551	0.0539776
0.510204	-0.836735	0.0672511
0.510204	-0.795918	0.0803701
0.510204	-0.755102	0.0932972
0.510204	-0.714286	0.105991
0.510204	-0.673469	0.118408
0.510204	-0.632653	0.130501
0.510204	-0.591837	0.142219
0.510204	-0.55102	0.153508
0.510204	-0.510204	0.164314
0.510204	-0.469388	0.174579
0.510204	-0.428571	0.184244
0.510204	-0.387755	0.193252
0.510204	-0.346939	0.201545
0.510204	-0.306122	0.209067
0.510204	-0.265306	0.215766
0.510204	-0.22449	0.221593
0.510204	-0.183673	0.226503
0.510204	-0.142857	0.230457
0.510204	-0.102041	0.233424
0.510204	-0.0612245	0.235377
0.510204	-0.0204082	0.236298
0.510204	0.0204082	0.236177
0.510204	0.0612245	0.235012
0.510204	0.102041	0.232808
0.510204	0.142857	0.229578
0.510204	0.183673	0.225345
0.510204	0.22449	0.220135
0.510204	0.265306	0.213984
0.510204	0.306122	0.206931
0.510204	0.346939	0.199023
0.510204	0.387755	0.190309
0.510204	0.428571	0.180841
0.510204	0.469388	0.170675
0.510204	0.510204	0.159868
0.510204	0.55102	0.148477
0.510204	0.591837	0.136558
0.510204	0.632653	0.12417
0.510204	0.673469	0.111366
0.510204	0.714286	0.0982012
0.510204	0.755102	0.0847262
0.510204	0.795918	0.0709908
0.510204	0.836735	0.0570423
0.510204	0.877551	0.042926
0.510204	0.918367	0.0286855
0.510204	0.959184	0.0143631
0.510204	1	0
0.55102	-1	0.0125993
0.55102	-0.959184	0.0251725
0.55102	-0.918367	0.0376925
0.55102	-0.877551	0.0501314
0.55102	-0.836735	0.062459
0.55102	-0.795918	0.0746433
0.55102	-0.755102	0.0866492
0.55102	-0.714286	0.0984388
0.55102	-0.673469	0.109971
0.55102	-0.632653	0.121202
0.55102	-0.591837	0.132085
0.55102	-0.55102	0.14257
0.55102	-0.510204	0.152606
0.55102	-0.469388	0.162139
0.55102	-0.428571	0.171116
0.55102	-0.387755	0.179482
0.55102	-0.346939	0.187184
0.55102	-0.306122	0.19417
0.55102	-0.265306	0.200392
0.55102	-0.22449	0.205803
0.55102	-0.183673	0.210363
0.55102	-0.142857	0.214036
0.55102	-0.102041	0.216791
0.55102	-0.0612245	0.218605
0.55102	-0.0204082	0.21946
0.55102	0.0204082	0.219348
0.55102	0.0612245	0.218266
0.55102	0.102041	0.216219
0.55102	0.142857	0.21322
0.55102	0.183673	0.209288
0.55102	0.22449	0.204449
0.55102	0.265306	0.198736
0.55102	0.306122	0.192186
0.55102	0.346939	0.184842
0.55102	0.387755	0.176748
0.55102	0.428571	0.167955
0.55102	0.469388	0.158514
0.55102	0.510204	0.148477
0.55102	0.55102	0.137897
0.55102	0.591837	0.126828
0.55102	0.632653	0.115322
0.55102	0.673469	0.103431
0.55102	0.714286	0.0912038
0.55102	0.755102	0.078689
0.55102	0.795918	0.0659323
0.55102	0.836735	0.0529777
0.55102	0.877551	0.0398673
0.55102	0.918367	0.0266415
0.55102	0.959184	0.0133397
0.55102	1	0
0.591837	-1	0.011588
0.591837	-0.959184	0.0231518
0.591837	-0.918367	0.0346669
0.591837	-0.877551	0.0461073
0.591837	-0.836735	0.0574454
0.591837	-0.795918	0.0686516
0.591837	-0.755102	0.0796938
0.591837	-0.714286	0.0905371
0.591837	-0.673469	0.101144
0.591837	-0.632653	0.111473
0.591837	-0.591837	0.121483
0.591837	-0.55102	0.131126
0.591837	-0.510204	0.140356
0.591837	-0.469388	0.149124
0.591837	-0.428571	0.15738
0.591837	-0.387755	0.165075
0.591837	-0.346939	0.172158
0.591837	-0.306122	0.178584
0.591837	-0.265306	0.184306
0.591837	-0.22449	0.189283
0.591837	-0.183673	0.193477
0.591837	-0.142857	0.196855
0.591837	-0.102041	0.199389
0.591837	-0.0612245	0.201058
0.591837	-0.0204082	0.201844
0.591837	0.0204082	0.201741
0.591837	0.0612245	0.200746
0.591837	0.102041	0.198863
0.591837	0.142857	0.196105
0.591837	0.183673	0.192488
0.591837	0.22449	0.188038
0.591837	0.265306	0.182784
0.591837	0.306122	0.17676
0.591837	0.346939	0.170005
0.591837	0.387755	0.162561
0.591837	0.428571	0.154474
0.591837	0.469388	0.14579
0.591837	0.510204	0.136558
0.591837	0.55102	0.126828
0.591837	0.591837	0.116647
0.591837	0.632653	0.106065
0.591837	0.673469	0.0951284
0.591837	0.714286	0.0838829
0.591837	0.755102	0.0723726
0.591837	0.795918	0.0606399
0.591837	0.836735	0.0487251
0.591837	0.877551	0.0366671
0.591837	0.918367	0.024503
0.591837	0.959184	0.0122689
0.591837	1	0
0.632653	-1	0.0105367
0.632653	-0.959184	0.0210515
0.632653	-0.918367	0.0315219
0.632653	-0.877551	0.0419244
0.632653	-0.836735	0.0522339
0.632653	-0.795918	0.0624235
0.632653	-0.755102	0.072464
0.632653	-0.714286	0.0823235
0.632653	-0.673469	0.0919679
0.632653	-0.632653	0.10136
0.632653	-0.591837	0.110462
0.632653	-0.55102	0.11923
0.632653	-0.510204	0.127623
0.632653	-0.469388	0.135596
0.632653	-0.428571	0.143103
0.632653	-0.387755	0.150099
0.632653	-0.346939	0.15654
0.632653	-0.306122	0.162383
0.632653	-0.265306	0.167586
0.632653	-0.22449	0.172112
0.632653	-0.183673	0.175925
0.632653	-0.142857	0.178997
0.632653	-0.102041	0.181301
0.632653	-0.0612245	0.182818
0.632653	-0.0204082	0.183533
0.632653	0.0204082	0.183439
0.632653	0.0612245	0.182534
0.632653	0.102041	0.180822
0.632653	0.142857	0.178314
0.632653	0.183673	0.175026
0.632653	0.22449	0.17098
0.632653	0.265306	0.166202
0.632653	0.306122	0.160724
0.632653	0.346939	0.154582
0.632653	0.387755	0.147813
0.632653	0.428571	0.14046
0.632653	0.469388	0.132564
0.632653	0.510204	0.12417
0.632653	0.55102	0.115322
0.632653	0.591837	0.106065
0.632653	0.632653	0.0964429
0.632653	0.673469	0.0864984
0.632653	0.714286	0.076273
0.632653	0.755102	0.065807
0.632653	0.795918	0.0551387
0.632653	0.836735	0.0443048
0.632653	0.877551	0.0333407
0.632653	0.918367	0.0222801
0.632653	0.959184	0.0111559
0.632653	1	0
0.673469	-1	0.00945023
0.673469	-0.959184	0.0188808
0.673469	-0.918367	0.0282715
0.673469	-0.877551	0.0376014
0.673469	-0.836735	0.0468479
0.673469	-0.795918	0.0559868
0.673469	-0.755102	0.0649919
0.673469	-0.714286	0.0738348
0.673469	-0.673469	0.0824848
0.673469	-0.632653	0.0909087
0.673469	-0.591837	0.0990715
0.673469	-0.55102	0.106936
0.673469	-0.510204	0.114463
0.673469	-0.469388	0.121614
0.673469	-0.428571	0.128347
0.673469	-0.387755	0.134622
0.673469	-0.346939	0.140399
0.673469	-0.306122	0.145639
0.673469	-0.265306	0.150306
0.673469	-0.22449	0.154365
0.673469	-0.183673	0.157785
0.673469	-0.142857	0.16054
0.673469	-0.102041	0.162606
0.673469	-0.0612245	0.163967
0.673469	-0.0204082	0.164609
0.673469	0.0204082	0.164524
0.673469	0.0612245	0.163713
0.673469	0.102041	0.162177
0.673469	0.142857	0.159928
0.673469	0.183673	0.156979
0.673469	0.22449	0.153349
0.673469	0.265306	0.149064
0.673469	0.306122	0.144151
0.673469	0.346939	0.138642
0.673469	0.387755	0.132572
0.673469	0.428571	0.125976
0.673469	0.469388	0.118895
0.673469	0.510204	0.111366
0.673469	0.55102	0.103431
0.673469	0.591837	0.0951284
0.673469	0.632653	0.0864984
0.673469	0.673469	0.0775792
0.673469	0.714286	0.0684082
0.673469	0.755102	0.0590214
0.673469	0.795918	0.0494531
0.673469	0.836735	0.0397364
0.673469	0.877551	0.0299028
0.673469	0.918367	0.0199827
0.673469	0.959184	0.0100055
0.673469	1	0
0.714286	-1	0.00833307
0.714286	-0.959184	0.0166488
0.714286	-0.918367	0.0249294
0.714286	-0.877551	0.0331564
0.714286	-0.836735	0.0413098
0.714286	-0.795918	0.0493683
0.714286	-0.755102	0.0573089
0.714286	-0.714286	0.0651065
0.714286	-0.673469	0.0727339
0.714286	-0.632653	0.080162
0.714286	-0.591837	0.0873598
0.714286	-0.55102	0.0942946
0.714286	-0.510204	0.100932
0.714286	-0.469388	0.107237
0.714286	-0.428571	0.113174
0.714286	-0.387755	0.118708
0.714286	-0.346939	0.123802
0.714286	-0.306122	0.128422
0.714286	-0.265306	0.132538
0.714286	-0.22449	0.136117
0.714286	-0.183673	0.139133
0.714286	-0.142857	0.141562
0.714286	-0.102041	0.143384
0.714286	-0.0612245	0.144584
0.714286	-0.0204082	0.14515
0.714286	0.0204082	0.145075
0.714286	0.0612245	0.14436
0.714286	0.102041	0.143006
0.714286	0.142857	0.141022
0.714286	0.183673	0.138422
0.714286	0.22449	0.135221
0.714286	0.265306	0.131443
0.714286	0.306122	0.127111
0.714286	0.346939	0.122253
0.714286	0.387755	0.1169
0.714286	0.428571	0.111084
0.714286	0.469388	0.10484
0.714286	0.510204	0.0982012
0.714286	0.55102	0.0912038
0.714286	0.591837	0.0838829
0.714286	0.632653	0.076273
0.714286	0.673469	0.0684082
0.714286	0.714286	0.0603214
0.714286	0.755102	0.0520442
0.714286	0.795918	0.043607
0.714286	0.836735	0.035039
0.714286	0.877551	0.0263678
0.714286	0.918367	0.0176204
0.714286	0.959184	0.00882273
0.714286	1	0
0.755102	-1	0.00718962
0.755102	-0.959184	0.0143643
0.755102	-0.918367	0.0215087
0.755102	-0.877551	0.0286067
0.755102	-0.836735	0.0356413
0.755102	-0.795918	0.0425941
0.755102	-0.755102	0.0494451
0.755102	-0.714286	0.0561727
0.755102	-0.673469	0.0627535
0.755102	-0.632653	0.0691623
0.755102	-0.591837	0.0753725
0.755102	-0.55102	0.0813557
0.755102	-0.510204	0.0870825
0.755102	-0.469388	0.0925225
0.755102	-0.428571	0.0976449
0.755102	-0.387755	0.102419
0.755102	-0.346939	0.106814
0.755102	-0.306122	0.110801
0.755102	-0.265306	0.114351
0.755102	-0.22449	0.117439
0.755102	-0.183673	0.120041
0.755102	-0.142857	0.122137
0.755102	-0.102041	0.123709
0.755102	-0.0612245	0.124744
0.755102	-0.0204082	0.125233
0.755102	0.0204082	0.125168
0.755102	0.0612245	0.124551
0.755102	0.102041	0.123383
0.755102	0.142857	0.121671
0.755102	0.183673	0.119428
0.755102	0.22449	0.116667
0.755102	0.265306	0.113407
0.755102	0.306122	0.109669
0.755102	0.346939	0.105478
0.755102	0.387755	0.100859
0.755102	0.428571	0.0958416
0.755102	0.469388	0.0904539
0.755102	0.510204	0.0847262
0.755102	0.55102	0.078689
0.755102	0.591837	0.0723726
0.755102	0.632653	0.065807
0.755102	0.673469	0.0590214
0.755102	0.714286	0.0520442
0.755102	0.755102	0.0449028
0.755102	0.795918	0.0376234
0.755102	0.836735	0.030231
0.755102	0.877551	0.0227497
0.755102	0.918367	0.0152026
0.755102	0.959184	0.00761209
0.755102	1	0
0.795918	-1	0.00602407
0.795918	-0.959184	0.0120356
0.795918	-0.918367	0.0180218
0.795918	-0.877551	0.0239691
0.795918	-0.836735	0.0298633
0.795918	-0.795918	0.0356889
0.795918	-0.755102	0.0414293
0.795918	-0.714286	0.0470662
0.795918	-0.673469	0.0525801
0.795918	-0.632653	0.05795
0.795918	-0.591837	0.0631534
0.795918	-0.55102	0.0681667
0.795918	-0.510204	0.072965
0.795918	-0.469388	0.0775232
0.795918	-0.428571	0.0818152
0.795918	-0.387755	0.0858152
0.795918	-0.346939	0.0894977
0.795918	-0.306122	0.0928382
0.795918	-0.265306	0.095813
0.795918	-0.22449	0.0984004
0.795918	-0.183673	0.100581
0.795918	-0.142857	0.102337
0.795918	-0.102041	0.103654
0.795918	-0.0612245	0.104521
0.795918	-0.0204082	0.10493
0.795918	0.0204082	0.104877
0.795918	0.0612245	0.104359
0.795918	0.102041	0.103381
0.795918	0.142857	0.101947
0.795918	0.183673	0.100067
0.795918	0.22449	0.0977532
0.795918	0.265306	0.0950216
0.795918	0.306122	0.0918899
0.795918	0.346939	0.0883781
0.795918	0.387755	0.0845084
0.795918	0.428571	0.0803042
0.795918	0.469388	0.0757899
0.795918	0.510204	0.0709908
0.795918	0.55102	0.0659323
0.795918	0.591837	0.0606399
0.795918	0.632653	0.0551387
0.795918	0.673469	0.0494531
0.795918	0.714286	0.043607
0.795918	0.755102	0.0376234
0.795918	0.795918	0.031524
0.795918	0.836735	0.0253301
0.795918	0.877551	0.0190616
0.795918	0.918367	0.012738
0.795918	0.959184	0.00637805
0.795918	1	0
0.836735	-1	0.00484043
0.836735	-0.959184	0.00967079
0.836735	-0.918367	0.0144808
0.836735	-0.877551	0.0192595
0.836735	-0.836735	0.0239956
0.836735	-0.795918	0.0286766
0.836735	-0.755102	0.0332891
0.836735	-0.714286	0.0378184
0.836735	-0.673469	0.042249
0.836735	-0.632653	0.0465638
0.836735	-0.591837	0.0507448
0.836735	-0.55102	0.054773
0.836735	-0.510204	0.0586286
0.836735	-0.469388	0.0622911
0.836735	-0.428571	0.0657398
0.836735	-0.387755	0.0689539
0.836735	-0.346939	0.0719129
0.836735	-0.306122	0.074597
0.836735	-0.265306	0.0769873
0.836735	-0.22449	0.0790663
0.836735	-0.183673	0.0808183
0.836735	-0.142857	0.0822293
0.836735	-0.102041	0.0832878
0.836735	-0.0612245	0.0839846
0.836735	-0.0204082	0.0843133
0.836735	0.0204082	0.0842702
0.836735	0.0612245	0.0838544
0.836735	0.102041	0.083068
0.836735	0.142857	0.0819158
0.836735	0.183673	0.0804052
0.836735	0.22449	0.0785463
0.836735	0.265306	0.0763514
0.836735	0.306122	0.073835
0.836735	0.346939	0.0710133
0.836735	0.387755	0.0679039
0.836735	0.428571	0.0645257
0.836735	0.469388	0.0608984
0.836735	0.510204	0.0570423
0.836735	0.55102	0.0529777
0.836735	0.591837	0.0487251
0.836735	0.632653	0.0443048
0.836735	0.673469	0.0397364
0.836735	0.714286	0.035039
0.836735	0.755102	0.030231
0.836735	0.795918	0.0253301
0.836735	0.836735	0.0203531
0.836735	0.877551	0.0153163
0.836735	0.918367	0.0102352
0.836735	0.959184	0.00512487
0.836735	1	0
0.877551	-1	0.00364256
0.877551	-0.959184	0.00727755
0.877551	-0.918367	0.0108972
0.877551	-0.877551	0.0144934
0.877551	-0.836735	0.0180574
0.877551	-0.795918	0.02158
0.877551	-0.755102	0.025051
0.877551	-0.714286	0.0284595
0.877551	-0.673469	0.0317936
0.877551	-0.632653	0.0350406
0.877551	-0.591837	0.0381869
0.877551	-0.55102	0.0412183
0.877551	-0.510204	0.0441197
0.877551	-0.469388	0.0468759
0.877551	-0.428571	0.0494711
0.877551	-0.387755	0.0518898
0.877551	-0.346939	0.0541166
0.877551	-0.306122	0.0561364
0.877551	-0.265306	0.0579352
0.877551	-0.22449	0.0594997
0.877551	-0.183673	0.0608181
0.877551	-0.142857	0.06188
0.877551	-0.102041	0.0626765
0.877551	-0.0612245	0.0632009
0.877551	-0.0204082	0.0634483
0.877551	0.0204082	0.0634158
0.877551	0.0612245	0.0631029
0.877551	0.102041	0.0625111
0.877551	0.142857	0.061644
0.877551	0.183673	0.0605072
0.877551	0.22449	0.0591084
0.877551	0.265306	0.0574567
0.877551	0.306122	0.055563
0.877551	0.346939	0.0534396
0.877551	0.387755	0.0510997
0.877551	0.428571	0.0485575
0.877551	0.469388	0.0458278
0.877551	0.510204	0.042926
0.877551	0.55102	0.0398673
0.877551	0.591837	0.0366671
0.877551	0.632653	0.0333407
0.877551	0.673469	0.0299028
0.877551	0.714286	0.0263678
0.877551	0.755102	0.0227497
0.877551	0.795918	0.0190616
0.877551	0.836735	0.0153163
0.877551	0.877551	0.011526
0.877551	0.918367	0.00770229
0.877551	0.959184	0.00385661
0.877551	1	0
0.918367	-1	0.00243416
0.918367	-0.959184	0.00486326
0.918367	-0.918367	0.00728211
0.918367	-0.877551	0.00968527
0.918367	-0.836735	0.012067
0.918367	-0.795918	0.0144209
0.918367	-0.755102	0.0167405
0.918367	-0.714286	0.0190182
0.918367	-0.673469	0.0212462
0.918367	-0.632653	0.0234161
0.918367	-0.591837	0.0255186
0.918367	-0.55102	0.0275443
0.918367	-0.510204	0.0294832
0.918367	-0.469388	0.0313251
0.918367	-0.428571	0.0330593
0.918367	-0.387755	0.0346757
0.918367	-0.346939	0.0361637
0.918367	-0.306122	0.0375135
0.918367	-0.265306	0.0387155
0.918367	-0.22449	0.039761
0.918367	-0.183673	0.0406421
0.918367	-0.142857	0.0413516
0.918367	-0.102041	0.0418839
0.918367	-0.0612245	0.0422344
0.918367	-0.0204082	0.0423997
0.918367	0.0204082	0.042378
0.918367	0.0612245	0.0421689
0.918367	0.102041	0.0417734
0.918367	0.142857	0.041194
0.918367	0.183673	0.0404343
0.918367	0.22449	0.0394995
0.918367	0.265306	0.0383957
0.918367	0.306122	0.0371303
0.918367	0.346939	0.0357113
0.918367	0.387755	0.0341476
0.918367	0.428571	0.0324488
0.918367	0.469388	0.0306247
0.918367	0.510204	0.0286855
0.918367	0.55102	0.0266415
0.918367	0.591837	0.024503
0.918367	0.632653	0.0222801
0.918367	0.673469	0.0199827
0.918367	0.714286	0.0176204
0.918367	0.755102	0.0152026
0.918367	0.795918	0.012738
0.918367	0.836735	0.0102352
0.918367	0.877551	0.00770229
0.918367	0.918367	0.0051471
0.918367	0.959184	0.0025772
0.918367	1	0
0.959184	-1	0.00121881
0.959184	-0.959184	0.00243508
0.959184	-0.918367	0.00364622
0.959184	-0.877551	0.00484951
0.959184	-0.836735	0.00604204
0.959184	-0.795918	0.0072207
0.959184	-0.755102	0.00838211
0.959184	-0.714286	0.00952259
0.959184	-0.673469	0.0106382
0.959184	-0.632653	0.0117247
0.959184	-0.591837	0.0127774
0.959184	-0.55102	0.0137917
0.959184	-0.510204	0.0147625
0.959184	-0.469388	0.0156848
0.959184	-0.428571	0.0165531
0.959184	-0.387755	0.0173624
0.959184	-0.346939	0.0181075
0.959184	-0.306122	0.0187834
0.959184	-0.265306	0.0193852
0.959184	-0.22449	0.0199087
0.959184	-0.183673	0.0203499
0.959184	-0.142857	0.0207052
0.959184	-0.102041	0.0209717
0.959184	-0.0612245	0.0211472
0.959184	-0.0204082	0.0212299
0.959184	0.0204082	0.0212191
0.959184	0.0612245	0.0211144
0.959184	0.102041	0.0209164
0.959184	0.142857	0.0206262
0.959184	0.183673	0.0202459
0.959184	0.22449	0.0197778
0.959184	0.265306	0.0192251
0.959184	0.306122	0.0185915
0.959184	0.346939	0.017881
0.959184	0.387755	0.0170981
0.959184	0.428571	0.0162474
0.959184	0.469388	0.0153341
0.959184	0.510204	0.0143631
0.959184	0.55102	0.0133397
0.959184	0.591837	0.0122689
0.959184	0.632653	0.0111559
0.959184	0.673469	0.0100055
0.959184	0.714286	0.00882273
0.959184	0.755102	0.00761209
0.959184	0.795918	0.00637805
0.959184	0.836735	0.00512487
0.959184	0.877551	0.00385661
0.959184	0.918367	0.0025772
0.959184	0.959184	0.00129043
0.959184	1	0
1	-1	0
1	-0.959184	0
1	-0.918367	0
1	-0.877551	0
1	-0.836735	0
1	-0.795918	0
1	-0.755102	0
1	-0.714286	0
1	-0.673469	0
1	-0.632653	0
1	-0.591837	0
1	-0.55102	0
1	-0.510204	0
1	-0.469388	0
1	-0.428571	0
1	-0.387755	0
1	-0.346939	0
1	-0.306122	0
1	-0.265306	0
1	-0.22449	0
1	-0.183673	0
1	-0.142857	0
1	-0.102041	0
1	-0.0612245	0
1	-0.0204082	0
1	0.0204082	0
1	0.0612245	0
1	0.102041	0
1	0.142857	0
1	0.183673	0
1	0.22449	0
1	0.265306	0
1	0.306122	0
1	0.346939	0
1	0.387755	0
1	0.428571	0
1	0.469388	0
1	0.510204	0
1	0.55102	0
1	0.591837	0
1	0.632653	0
1	0.673469	0
1	0.714286	0
1	0.755102	0
1	0.795918	0
1	0.836735	0
1	0.877551	0
1	0.918367	0
1	0.959184	0
1	1	0
