-1	-1	0.000230568
-1	-0.959184	0.000460232
-1	-0.918367	0.000688091
-1	-0.877551	0.000913251
-1	-0.836735	0.00113483
-1	-0.795918	0.00135195
-1	-0.755102	0.00156378
-1	-0.714286	0.00176946
-1	-0.673469	0.0019682
-1	-0.632653	0.00215921
-1	-0.591837	0.00234174
-1	-0.55102	0.00251508
-1	-0.510204	0.00267853
-1	-0.469388	0.00283145
-1	-0.428571	0.00297325
-1	-0.387755	0.00310335
-1	-0.346939	0.00322124
-1	-0.306122	0.00332646
-1	-0.265306	0.00341858
-1	-0.22449	0.00349724
-1	-0.183673	0.00356212
-1	-0.142857	0.00361296
-1	-0.102041	0.00364956
-1	-0.0612245	0.00367176
-1	-0.0204082	0.00367948
-1	0.0204082	0.00367268
-1	0.0612245	0.00365137
-1	0.102041	0.00361564
-1	0.142857	0.00356562
-1	0.183673	0.00350151
-1	0.22449	0.00342356
-1	0.265306	0.00333206
-1	0.306122	0.00322738
-1	0.346939	0.00310993
-1	0.387755	0.00298017
-1	0.428571	0.0028386
-1	0.469388	0.00268579
-1	0.510204	0.00252233
-1	0.55102	0.00234889
-1	0.591837	0.00216613
-1	0.632653	0.00197478
-1	0.673469	0.0017756
-1	0.714286	0.00156938
-1	0.755102	0.00135693
-1	0.795918	0.0011391
-1	0.836735	0.000916755
-1	0.877551	0.000690768
-1	0.918367	0.000462041
-1	0.959184	0.00023148
-1	1	0
-0.959184	-1	0.000460232
-0.959184	-0.959184	0.00091866
-0.959184	-0.918367	0.00137348
-0.959184	-0.877551	0.00182292
-0.959184	-0.836735	0.00226521
-0.959184	-0.795918	0.00269861
-0.959184	-0.755102	0.00312142
-0.959184	-0.714286	0.00353198
-0.959184	-0.673469	0.00392868
-0.959184	-0.632653	0.00430995
-0.959184	-0.591837	0.0046743
-0.959184	-0.55102	0.00502029
-0.959184	-0.510204	0.00534655
-0.959184	-0.469388	0.0056518
-0.959184	-0.428571	0.00593484
-0.959184	-0.387755	0.00619453
-0.959184	-0.346939	0.00642985
-0.959184	-0.306122	0.00663987
-0.959184	-0.265306	0.00682375
-0.959184	-0.22449	0.00698076
-0.959184	-0.183673	0.00711027
-0.959184	-0.142857	0.00721176
-0.959184	-0.102041	0.00728481
-0.959184	-0.0612245	0.00732913
-0.959184	-0.0204082	0.00734453
-0.959184	0.0204082	0.00733095
-0.959184	0.0612245	0.00728842
-0.959184	0.102041	0.0072171
-0.959184	0.142857	0.00711726
-0.959184	0.183673	0.0069893
-0.959184	0.22449	0.00683369
-0.959184	0.265306	0.00665106
-0.959184	0.306122	0.00644211
-0.959184	0.346939	0.00620766
-0.959184	0.387755	0.00594864
-0.959184	0.428571	0.00566606
-0.959184	0.469388	0.00536104
-0.959184	0.510204	0.00503478
-0.959184	0.55102	0.00468856
-0.959184	0.591837	0.00432376
-0.959184	0.632653	0.00394181
-0.959184	0.673469	0.00354424
-0.959184	0.714286	0.0031326
-0.959184	0.755102	0.00270854
-0.959184	0.795918	0.00227374
-0.959184	0.836735	0.00182991
-0.959184	0.877551	0.00137883
-0.959184	0.918367	0.00092227
-0.959184	0.959184	0.000462052
-0.959184	1	0
-0.918367	-1	0.000688091
-0.918367	-0.959184	0.00137348
-0.918367	-0.918367	0.00205349
-0.918367	-0.877551	0.00272544
-0.918367	-0.836735	0.0033867
-0.918367	-0.795918	0.00403468
-0.918367	-0.755102	0.00466682
-0.918367	-0.714286	0.00528065
-0.918367	-0.673469	0.00587375
-0.918367	-0.632653	0.00644379
-0.918367	-0.591837	0.00698853
-0.918367	-0.55102	0.00750581
-0.918367	-0.510204	0.00799361
-0.918367	-0.469388	0.00844999
-0.918367	-0.428571	0.00887315
-0.918367	-0.387755	0.00926141
-0.918367	-0.346939	0.00961325
-0.918367	-0.306122	0.00992725
-0.918367	-0.265306	0.0102022
-0.918367	-0.22449	0.0104369
-0.918367	-0.183673	0.0106305
-0.918367	-0.142857	0.0107823
-0.918367	-0.102041	0.0108915
-0.918367	-0.0612245	0.0109577
-0.918367	-0.0204082	0.0109808
-0.918367	0.0204082	0.0109605
-0.918367	0.0612245	0.0108969
-0.918367	0.102041	0.0107903
-0.918367	0.142857	0.010641
-0.918367	0.183673	0.0104497
-0.918367	0.22449	0.010217
-0.918367	0.265306	0.00994397
-0.918367	0.306122	0.00963157
-0.918367	0.346939	0.00928105
-0.918367	0.387755	0.00889379
-0.918367	0.428571	0.00847131
-0.918367	0.469388	0.00801527
-0.918367	0.510204	0.00752747
-0.918367	0.55102	0.00700984
-0.918367	0.591837	0.00646443
-0.918367	0.632653	0.00589339
-0.918367	0.673469	0.00529897
-0.918367	0.714286	0.00468354
-0.918367	0.755102	0.00404953
-0.918367	0.795918	0.00339946
-0.918367	0.836735	0.0027359
-0.918367	0.877551	0.00206148
-0.918367	0.918367	0.00137888
-0.918367	0.959184	0.000690811
-0.918367	1	0
-0.877551	-1	0.000913251
-0.877551	-0.959184	0.00182292
-0.877551	-0.918367	0.00272544
-0.877551	-0.877551	0.00361727
-0.877551	-0.836735	0.00449491
-0.877551	-0.795918	0.00535492
-0.877551	-0.755102	0.00619391
-0.877551	-0.714286	0.0070086
-0.877551	-0.673469	0.00779578
-0.877551	-0.632653	0.00855235
-0.877551	-0.591837	0.00927534
-0.877551	-0.55102	0.00996189
-0.877551	-0.510204	0.0106093
-0.877551	-0.469388	0.011215
-0.877551	-0.428571	0.0117767
-0.877551	-0.387755	0.012292
-0.877551	-0.346939	0.0127589
-0.877551	-0.306122	0.0131757
-0.877551	-0.265306	0.0135406
-0.877551	-0.22449	0.0138521
-0.877551	-0.183673	0.0141091
-0.877551	-0.142857	0.0143105
-0.877551	-0.102041	0.0144554
-0.877551	-0.0612245	0.0145434
-0.877551	-0.0204082	0.014574
-0.877551	0.0204082	0.014547
-0.877551	0.0612245	0.0144626
-0.877551	0.102041	0.0143211
-0.877551	0.142857	0.014123
-0.877551	0.183673	0.013869
-0.877551	0.22449	0.0135603
-0.877551	0.265306	0.0131979
-0.877551	0.306122	0.0127833
-0.877551	0.346939	0.012318
-0.877551	0.387755	0.0118041
-0.877551	0.428571	0.0112433
-0.877551	0.469388	0.0106381
-0.877551	0.510204	0.00999064
-0.877551	0.55102	0.00930363
-0.877551	0.591837	0.00857975
-0.877551	0.632653	0.00782184
-0.877551	0.673469	0.00703292
-0.877551	0.714286	0.00621611
-0.877551	0.755102	0.00537464
-0.877551	0.795918	0.00451184
-0.877551	0.836735	0.00363115
-0.877551	0.877551	0.00273604
-0.877551	0.918367	0.00183008
-0.877551	0.959184	0.000916862
-0.877551	1	0
-0.836735	-1	0.00113483
-0.836735	-0.959184	0.00226521
-0.836735	-0.918367	0.0033867
-0.836735	-0.877551	0.00449491
-0.836735	-0.836735	0.00558549
-0.836735	-0.795918	0.00665416
-0.836735	-0.755102	0.00769671
-0.836735	-0.714286	0.00870906
-0.836735	-0.673469	0.00968723
-0.836735	-0.632653	0.0106274
-0.836735	-0.591837	0.0115258
-0.836735	-0.55102	0.0123789
-0.836735	-0.510204	0.0131834
-0.836735	-0.469388	0.0139361
-0.836735	-0.428571	0.014634
-0.836735	-0.387755	0.0152743
-0.836735	-0.346939	0.0158546
-0.836735	-0.306122	0.0163724
-0.836735	-0.265306	0.0168258
-0.836735	-0.22449	0.017213
-0.836735	-0.183673	0.0175323
-0.836735	-0.142857	0.0177826
-0.836735	-0.102041	0.0179627
-0.836735	-0.0612245	0.018072
-0.836735	-0.0204082	0.01811
-0.836735	0.0204082	0.0180765
-0.836735	0.0612245	0.0179716
-0.836735	0.102041	0.0177957
-0.836735	0.142857	0.0175496
-0.836735	0.183673	0.017234
-0.836735	0.22449	0.0168503
-0.836735	0.265306	0.0164
-0.836735	0.306122	0.0158848
-0.836735	0.346939	0.0153067
-0.836735	0.387755	0.014668
-0.836735	0.428571	0.0139712
-0.836735	0.469388	0.0132191
-0.836735	0.510204	0.0124146
-0.836735	0.55102	0.0115609
-0.836735	0.591837	0.0106614
-0.836735	0.632653	0.00971962
-0.836735	0.673469	0.00873929
-0.836735	0.714286	0.00772429
-0.836735	0.755102	0.00667866
-0.836735	0.795918	0.00560653
-0.836735	0.836735	0.00451216
-0.836735	0.877551	0.00339988
-0.836735	0.918367	0.00227411
-0.836735	0.959184	0.00113932
-0.836735	1	0
-0.795918	-1	0.00135195
-0.795918	-0.959184	0.00269861
-0.795918	-0.918367	0.00403468
-0.795918	-0.877551	0.00535492
-0.795918	-0.836735	0.00665416
-0.795918	-0.795918	0.00792729
-0.795918	-0.755102	0.00916932
-0.795918	-0.714286	0.0103754
-0.795918	-0.673469	0.0115407
-0.795918	-0.632653	0.0126607
-0.795918	-0.591837	0.013731
-0.795918	-0.55102	0.0147473
-0.795918	-0.510204	0.0157058
-0.795918	-0.469388	0.0166024
-0.795918	-0.428571	0.0174339
-0.795918	-0.387755	0.0181967
-0.795918	-0.346939	0.018888
-0.795918	-0.306122	0.0195049
-0.795918	-0.265306	0.0200451
-0.795918	-0.22449	0.0205063
-0.795918	-0.183673	0.0208868
-0.795918	-0.142857	0.0211849
-0.795918	-0.102041	0.0213995
-0.795918	-0.0612245	0.0215297
-0.795918	-0.0204082	0.0215749
-0.795918	0.0204082	0.021535
-0.795918	0.0612245	0.0214101
-0.795918	0.102041	0.0212006
-0.795918	0.142857	0.0209073
-0.795918	0.183673	0.0205314
-0.795918	0.22449	0.0200743
-0.795918	0.265306	0.0195378
-0.795918	0.306122	0.018924
-0.795918	0.346939	0.0182353
-0.795918	0.387755	0.0174744
-0.795918	0.428571	0.0166443
-0.795918	0.469388	0.0157483
-0.795918	0.510204	0.0147899
-0.795918	0.55102	0.0137729
-0.795918	0.591837	0.0127012
-0.795918	0.632653	0.0115793
-0.795918	0.673469	0.0104114
-0.795918	0.714286	0.00920217
-0.795918	0.755102	0.00795648
-0.795918	0.795918	0.00667922
-0.795918	0.836735	0.00537546
-0.795918	0.877551	0.00405037
-0.795918	0.918367	0.00270921
-0.795918	0.959184	0.0013573
-0.795918	1	0
-0.755102	-1	0.00156378
-0.755102	-0.959184	0.00312142
-0.755102	-0.918367	0.00466682
-0.755102	-0.877551	0.00619391
-0.755102	-0.836735	0.00769671
-0.755102	-0.795918	0.00916932
-0.755102	-0.755102	0.0106059
-0.755102	-0.714286	0.0120009
-0.755102	-0.673469	0.0133488
-0.755102	-0.632653	0.0146443
-0.755102	-0.591837	0.0158823
-0.755102	-0.55102	0.0170579
-0.755102	-0.510204	0.0181665
-0.755102	-0.469388	0.0192037
-0.755102	-0.428571	0.0201654
-0.755102	-0.387755	0.0210477
-0.755102	-0.346939	0.0218473
-0.755102	-0.306122	0.0225609
-0.755102	-0.265306	0.0231857
-0.755102	-0.22449	0.0237192
-0.755102	-0.183673	0.0241592
-0.755102	-0.142857	0.0245041
-0.755102	-0.102041	0.0247523
-0.755102	-0.0612245	0.0249029
-0.755102	-0.0204082	0.0249552
-0.755102	0.0204082	0.0249091
-0.755102	0.0612245	0.0247646
-0.755102	0.102041	0.0245222
-0.755102	0.142857	0.024183
-0.755102	0.183673	0.0237482
-0.755102	0.22449	0.0232195
-0.755102	0.265306	0.0225989
-0.755102	0.306122	0.021889
-0.755102	0.346939	0.0210924
-0.755102	0.387755	0.0202123
-0.755102	0.428571	0.0192521
-0.755102	0.469388	0.0182157
-0.755102	0.510204	0.0171071
-0.755102	0.55102	0.0159308
-0.755102	0.591837	0.0146912
-0.755102	0.632653	0.0133935
-0.755102	0.673469	0.0120426
-0.755102	0.714286	0.0106439
-0.755102	0.755102	0.00920308
-0.755102	0.795918	0.0077257
-0.755102	0.836735	0.00621768
-0.755102	0.877551	0.00468498
-0.755102	0.918367	0.00313368
-0.755102	0.959184	0.00156996
-0.755102	1	0
-0.714286	-1	0.00176946
-0.714286	-0.959184	0.00353198
-0.714286	-0.918367	0.00528065
-0.714286	-0.877551	0.0070086
-0.714286	-0.836735	0.00870906
-0.714286	-0.795918	0.0103754
-0.714286	-0.755102	0.0120009
-0.714286	-0.714286	0.0135794
-0.714286	-0.673469	0.0151046
-0.714286	-0.632653	0.0165705
-0.714286	-0.591837	0.0179713
-0.714286	-0.55102	0.0193016
-0.714286	-0.510204	0.0205559
-0.714286	-0.469388	0.0217295
-0.714286	-0.428571	0.0228177
-0.714286	-0.387755	0.0238162
-0.714286	-0.346939	0.0247209
-0.714286	-0.306122	0.0255284
-0.714286	-0.265306	0.0262354
-0.714286	-0.22449	0.026839
-0.714286	-0.183673	0.0273369
-0.714286	-0.142857	0.0277271
-0.714286	-0.102041	0.028008
-0.714286	-0.0612245	0.0281784
-0.714286	-0.0204082	0.0282376
-0.714286	0.0204082	0.0281854
-0.714286	0.0612245	0.0280218
-0.714286	0.102041	0.0277476
-0.714286	0.142857	0.0273638
-0.714286	0.183673	0.0268718
-0.714286	0.22449	0.0262736
-0.714286	0.265306	0.0255714
-0.714286	0.306122	0.024768
-0.714286	0.346939	0.0238667
-0.714286	0.387755	0.0228708
-0.714286	0.428571	0.0217844
-0.714286	0.469388	0.0206116
-0.714286	0.510204	0.0193573
-0.714286	0.55102	0.0180261
-0.714286	0.591837	0.0166236
-0.714286	0.632653	0.0151551
-0.714286	0.673469	0.0136266
-0.714286	0.714286	0.0120439
-0.714286	0.755102	0.0104136
-0.714286	0.795918	0.00874187
-0.714286	0.836735	0.00703549
-0.714286	0.877551	0.00530119
-0.714286	0.918367	0.00354586
-0.714286	0.959184	0.00177645
-0.714286	1	0
-0.673469	-1	0.0019682
-0.673469	-0.959184	0.00392868
-0.673469	-0.918367	0.00587375
-0.673469	-0.877551	0.00779578
-0.673469	-0.836735	0.00968723
-0.673469	-0.795918	0.0115407
-0.673469	-0.755102	0.0133488
-0.673469	-0.714286	0.0151046
-0.673469	-0.673469	0.0168011
-0.673469	-0.632653	0.0184316
-0.673469	-0.591837	0.0199898
-0.673469	-0.55102	0.0214694
-0.673469	-0.510204	0.0228647
-0.673469	-0.469388	0.0241701
-0.673469	-0.428571	0.0253805
-0.673469	-0.387755	0.0264911
-0.673469	-0.346939	0.0274975
-0.673469	-0.306122	0.0283956
-0.673469	-0.265306	0.029182
-0.673469	-0.22449	0.0298535
-0.673469	-0.183673	0.0304073
-0.673469	-0.142857	0.0308413
-0.673469	-0.102041	0.0311537
-0.673469	-0.0612245	0.0313433
-0.673469	-0.0204082	0.0314091
-0.673469	0.0204082	0.031351
-0.673469	0.0612245	0.0311692
-0.673469	0.102041	0.0308642
-0.673469	0.142857	0.0304372
-0.673469	0.183673	0.0298899
-0.673469	0.22449	0.0292245
-0.673469	0.265306	0.0284435
-0.673469	0.306122	0.0275499
-0.673469	0.346939	0.0265473
-0.673469	0.387755	0.0254396
-0.673469	0.428571	0.0242311
-0.673469	0.469388	0.0229267
-0.673469	0.510204	0.0215314
-0.673469	0.55102	0.0200508
-0.673469	0.591837	0.0184907
-0.673469	0.632653	0.0168573
-0.673469	0.673469	0.015157
-0.673469	0.714286	0.0133967
-0.673469	0.755102	0.0115832
-0.673469	0.795918	0.00972372
-0.673469	0.836735	0.00782569
-0.673469	0.877551	0.0058966
-0.673469	0.918367	0.00394412
-0.673469	0.959184	0.00197598
-0.673469	1	0
-0.632653	-1	0.00215921
-0.632653	-0.959184	0.00430995
-0.632653	-0.918367	0.00644379
-0.632653	-0.877551	0.00855235
-0.632653	-0.836735	0.0106274
-0.632653	-0.795918	0.0126607
-0.632653	-0.755102	0.0146443
-0.632653	-0.714286	0.0165705
-0.632653	-0.673469	0.0184316
-0.632653	-0.632653	0.0202204
-0.632653	-0.591837	0.0219298
-0.632653	-0.55102	0.023553
-0.632653	-0.510204	0.0250837
-0.632653	-0.469388	0.0265158
-0.632653	-0.428571	0.0278437
-0.632653	-0.387755	0.029062
-0.632653	-0.346939	0.0301661
-0.632653	-0.306122	0.0311514
-0.632653	-0.265306	0.0320141
-0.632653	-0.22449	0.0327507
-0.632653	-0.183673	0.0333583
-0.632653	-0.142857	0.0338344
-0.632653	-0.102041	0.0341771
-0.632653	-0.0612245	0.0343851
-0.632653	-0.0204082	0.0344574
-0.632653	0.0204082	0.0343936
-0.632653	0.0612245	0.0341941
-0.632653	0.102041	0.0338595
-0.632653	0.142857	0.0333911
-0.632653	0.183673	0.0327907
-0.632653	0.22449	0.0320607
-0.632653	0.265306	0.0312039
-0.632653	0.306122	0.0302236
-0.632653	0.346939	0.0291237
-0.632653	0.387755	0.0279084
-0.632653	0.428571	0.0265827
-0.632653	0.469388	0.0251517
-0.632653	0.510204	0.023621
-0.632653	0.55102	0.0219967
-0.632653	0.591837	0.0202852
-0.632653	0.632653	0.0184933
-0.632653	0.673469	0.016628
-0.632653	0.714286	0.0146968
-0.632653	0.755102	0.0127073
-0.632653	0.795918	0.0106674
-0.632653	0.836735	0.00858516
-0.632653	0.877551	0.00646886
-0.632653	0.918367	0.00432689
-0.632653	0.959184	0.00216775
-0.632653	1	0
-0.591837	-1	0.00234174
-0.591837	-0.959184	0.0046743
-0.591837	-0.918367	0.00698853
-0.591837	-0.877551	0.00927534
-0.591837	-0.836735	0.0115258
-0.591837	-0.795918	0.013731
-0.591837	-0.755102	0.0158823
-0.591837	-0.714286	0.0179713
-0.591837	-0.673469	0.0199898
-0.591837	-0.632653	0.0219298
-0.591837	-0.591837	0.0237837
-0.591837	-0.55102	0.0255441
-0.591837	-0.510204	0.0272042
-0.591837	-0.469388	0.0287574
-0.591837	-0.428571	0.0301975
-0.591837	-0.387755	0.0315188
-0.591837	-0.346939	0.0327162
-0.591837	-0.306122	0.0337848
-0.591837	-0.265306	0.0347205
-0.591837	-0.22449	0.0355193
-0.591837	-0.183673	0.0361783
-0.591837	-0.142857	0.0366947
-0.591837	-0.102041	0.0370664
-0.591837	-0.0612245	0.0372919
-0.591837	-0.0204082	0.0373703
-0.591837	0.0204082	0.0373011
-0.591837	0.0612245	0.0370847
-0.591837	0.102041	0.0367219
-0.591837	0.142857	0.0362139
-0.591837	0.183673	0.0355628
-0.591837	0.22449	0.034771
-0.591837	0.265306	0.0338417
-0.591837	0.306122	0.0327786
-0.591837	0.346939	0.0315857
-0.591837	0.387755	0.0302677
-0.591837	0.428571	0.0288299
-0.591837	0.469388	0.0272779
-0.591837	0.510204	0.0256178
-0.591837	0.55102	0.0238562
-0.591837	0.591837	0.022
-0.591837	0.632653	0.0200566
-0.591837	0.673469	0.0180337
-0.591837	0.714286	0.0159392
-0.591837	0.755102	0.0137815
-0.591837	0.795918	0.0115692
-0.591837	0.836735	0.00931092
-0.591837	0.877551	0.00701572
-0.591837	0.918367	0.00469267
-0.591837	0.959184	0.002351
-0.591837	1	0
-0.55102	-1	0.00251508
-0.55102	-0.959184	0.00502029
-0.55102	-0.918367	0.00750581
-0.55102	-0.877551	0.00996189
-0.55102	-0.836735	0.0123789
-0.55102	-0.795918	0.0147473
-0.55102	-0.755102	0.0170579
-0.55102	-0.714286	0.0193016
-0.55102	-0.673469	0.0214694
-0.55102	-0.632653	0.023553
-0.55102	-0.591837	0.0255441
-0.55102	-0.55102	0.0274349
-0.55102	-0.510204	0.0292178
-0.55102	-0.469388	0.030886
-0.55102	-0.428571	0.0324327
-0.55102	-0.387755	0.0338519
-0.55102	-0.346939	0.0351379
-0.55102	-0.306122	0.0362856
-0.55102	-0.265306	0.0372904
-0.55102	-0.22449	0.0381485
-0.55102	-0.183673	0.0388562
-0.55102	-0.142857	0.0394108
-0.55102	-0.102041	0.03981
-0.55102	-0.0612245	0.0400522
-0.55102	-0.0204082	0.0401364
-0.55102	0.0204082	0.0400622
-0.55102	0.0612245	0.0398297
-0.55102	0.102041	0.03944
-0.55102	0.142857	0.0388944
-0.55102	0.183673	0.0381951
-0.55102	0.22449	0.0373447
-0.55102	0.265306	0.0363467
-0.55102	0.306122	0.0352048
-0.55102	0.346939	0.0339236
-0.55102	0.387755	0.0325081
-0.55102	0.428571	0.0309639
-0.55102	0.469388	0.029297
-0.55102	0.510204	0.027514
-0.55102	0.55102	0.025622
-0.55102	0.591837	0.0236285
-0.55102	0.632653	0.0215412
-0.55102	0.673469	0.0193685
-0.55102	0.714286	0.017119
-0.55102	0.755102	0.0148016
-0.55102	0.795918	0.0124255
-0.55102	0.836735	0.0100001
-0.55102	0.877551	0.00753502
-0.55102	0.918367	0.00504002
-0.55102	0.959184	0.00252502
-0.55102	1	0
-0.510204	-1	0.00267853
-0.510204	-0.959184	0.00534655
-0.510204	-0.918367	0.00799361
-0.510204	-0.877551	0.0106093
-0.510204	-0.836735	0.0131834
-0.510204	-0.795918	0.0157058
-0.510204	-0.755102	0.0181665
-0.510204	-0.714286	0.0205559
-0.510204	-0.673469	0.0228647
-0.510204	-0.632653	0.0250837
-0.510204	-0.591837	0.0272042
-0.510204	-0.55102	0.0292178
-0.510204	-0.510204	0.0311167
-0.510204	-0.469388	0.0328932
-0.510204	-0.428571	0.0345405
-0.510204	-0.387755	0.0360519
-0.510204	-0.346939	0.0374214
-0.510204	-0.306122	0.0386437
-0.510204	-0.265306	0.0397139
-0.510204	-0.22449	0.0406277
-0.510204	-0.183673	0.0413814
-0.510204	-0.142857	0.0419721
-0.510204	-0.102041	0.0423972
-0.510204	-0.0612245	0.0426552
-0.510204	-0.0204082	0.0427448
-0.510204	0.0204082	0.0426658
-0.510204	0.0612245	0.0424182
-0.510204	0.102041	0.0420032
-0.510204	0.142857	0.0414221
-0.510204	0.183673	0.0406774
-0.510204	0.22449	0.0397717
-0.510204	0.265306	0.0387088
-0.510204	0.306122	0.0374928
-0.510204	0.346939	0.0361283
-0.510204	0.387755	0.0346208
-0.510204	0.428571	0.0329762
-0.510204	0.469388	0.031201
-0.510204	0.510204	0.0293022
-0.510204	0.55102	0.0272872
-0.510204	0.591837	0.0251641
-0.510204	0.632653	0.0229412
-0.510204	0.673469	0.0206273
-0.510204	0.714286	0.0182316
-0.510204	0.755102	0.0157636
-0.510204	0.795918	0.0132331
-0.510204	0.836735	0.01065
-0.510204	0.877551	0.00802471
-0.510204	0.918367	0.00536756
-0.510204	0.959184	0.00268912
-0.510204	1	0
-0.469388	-1	0.00283145
-0.469388	-0.959184	0.0056518
-0.469388	-0.918367	0.00844999
-0.469388	-0.877551	0.011215
-0.469388	-0.836735	0.0139361
-0.469388	-0.795918	0.0166024
-0.469388	-0.755102	0.0192037
-0.469388	-0.714286	0.0217295
-0.469388	-0.673469	0.0241701
-0.469388	-0.632653	0.0265158
-0.469388	-0.591837	0.0287574
-0.469388	-0.55102	0.030886
-0.469388	-0.510204	0.0328932
-0.469388	-0.469388	0.0347712
-0.469388	-0.428571	0.0365125
-0.469388	-0.387755	0.0381102
-0.469388	-0.346939	0.0395579
-0.469388	-0.306122	0.04085
-0.469388	-0.265306	0.0419813
-0.469388	-0.22449	0.0429473
-0.469388	-0.183673	0.043744
-0.469388	-0.142857	0.0443684
-0.469388	-0.102041	0.0448178
-0.469388	-0.0612245	0.0450905
-0.469388	-0.0204082	0.0451853
-0.469388	0.0204082	0.0451017
-0.469388	0.0612245	0.04484
-0.469388	0.102041	0.0444013
-0.469388	0.142857	0.043787
-0.469388	0.183673	0.0429998
-0.469388	0.22449	0.0420424
-0.469388	0.265306	0.0409188
-0.469388	0.306122	0.0396333
-0.469388	0.346939	0.038191
-0.469388	0.387755	0.0365974
-0.469388	0.428571	0.0348589
-0.469388	0.469388	0.0329824
-0.469388	0.510204	0.0309751
-0.469388	0.55102	0.0288451
-0.469388	0.591837	0.0266007
-0.469388	0.632653	0.0242509
-0.469388	0.673469	0.021805
-0.469388	0.714286	0.0192725
-0.469388	0.755102	0.0166636
-0.469388	0.795918	0.0139886
-0.469388	0.836735	0.0112581
-0.469388	0.877551	0.00848286
-0.469388	0.918367	0.00567401
-0.469388	0.959184	0.00284265
-0.469388	1	0
-0.428571	-1	0.00297325
-0.428571	-0.959184	0.00593484
-0.428571	-0.918367	0.00887315
-0.428571	-0.877551	0.0117767
-0.428571	-0.836735	0.014634
-0.428571	-0.795918	0.0174339
-0.428571	-0.755102	0.0201654
-0.428571	-0.714286	0.0228177
-0.428571	-0.673469	0.0253805
-0.428571	-0.632653	0.0278437
-0.428571	-0.591837	0.0301975
-0.428571	-0.55102	0.0324327
-0.428571	-0.510204	0.0345405
-0.428571	-0.469388	0.0365125
-0.428571	-0.428571	0.038341
-0.428571	-0.387755	0.0400187
-0.428571	-0.346939	0.0415389
-0.428571	-0.306122	0.0428957
-0.428571	-0.265306	0.0440837
-0.428571	-0.22449	0.045098
-0.428571	-0.183673	0.0459346
-0.428571	-0.142857	0.0465903
-0.428571	-0.102041	0.0470622
-0.428571	-0.0612245	0.0473485
-0.428571	-0.0204082	0.047448
-0.428571	0.0204082	0.0473603
-0.428571	0.0612245	0.0470855
-0.428571	0.102041	0.0466248
-0.428571	0.142857	0.0459798
-0.428571	0.183673	0.0451531
-0.428571	0.22449	0.0441479
-0.428571	0.265306	0.042968
-0.428571	0.306122	0.0416181
-0.428571	0.346939	0.0401035
-0.428571	0.387755	0.0384302
-0.428571	0.428571	0.0366046
-0.428571	0.469388	0.0346341
-0.428571	0.510204	0.0325263
-0.428571	0.55102	0.0302896
-0.428571	0.591837	0.0279329
-0.428571	0.632653	0.0254654
-0.428571	0.673469	0.0228969
-0.428571	0.714286	0.0202376
-0.428571	0.755102	0.0174981
-0.428571	0.795918	0.0146891
-0.428571	0.836735	0.0118218
-0.428571	0.877551	0.00890767
-0.428571	0.918367	0.00595816
-0.428571	0.959184	0.002985
-0.428571	1	0
-0.387755	-1	0.00310335
-0.387755	-0.959184	0.00619453
-0.387755	-0.918367	0.00926141
-0.387755	-0.877551	0.012292
-0.387755	-0.836735	0.0152743
-0.387755	-0.795918	0.0181967
-0.387755	-0.755102	0.0210477
-0.387755	-0.714286	0.0238162
-0.387755	-0.673469	0.0264911
-0.387755	-0.632653	0.029062
-0.387755	-0.591837	0.0315188
-0.387755	-0.55102	0.0338519
-0.387755	-0.510204	0.0360519
-0.387755	-0.469388	0.0381102
-0.387755	-0.428571	0.0400187
-0.387755	-0.387755	0.0417698
-0.387755	-0.346939	0.0433566
-0.387755	-0.306122	0.0447727
-0.387755	-0.265306	0.0460126
-0.387755	-0.22449	0.0470713
-0.387755	-0.183673	0.0479446
-0.387755	-0.142857	0.0486289
-0.387755	-0.102041	0.0491215
-0.387755	-0.0612245	0.0494204
-0.387755	-0.0204082	0.0495242
-0.387755	0.0204082	0.0494326
-0.387755	0.0612245	0.0491459
-0.387755	0.102041	0.048665
-0.387755	0.142857	0.0479918
-0.387755	0.183673	0.0471289
-0.387755	0.22449	0.0460796
-0.387755	0.265306	0.0448481
-0.387755	0.306122	0.0434392
-0.387755	0.346939	0.0418583
-0.387755	0.387755	0.0401118
-0.387755	0.428571	0.0382063
-0.387755	0.469388	0.0361495
-0.387755	0.510204	0.0339495
-0.387755	0.55102	0.031615
-0.387755	0.591837	0.0291551
-0.387755	0.632653	0.0265797
-0.387755	0.673469	0.0238988
-0.387755	0.714286	0.0211232
-0.387755	0.755102	0.0182637
-0.387755	0.795918	0.0153318
-0.387755	0.836735	0.0123391
-0.387755	0.877551	0.00929745
-0.387755	0.918367	0.00621887
-0.387755	0.959184	0.00311562
-0.387755	1	0
-0.346939	-1	0.00322124
-0.346939	-0.959184	0.00642985
-0.346939	-0.918367	0.00961325
-0.346939	-0.877551	0.0127589
-0.346939	-0.836735	0.0158546
-0.346939	-0.795918	0.018888
-0.346939	-0.755102	0.0218473
-0.346939	-0.714286	0.0247209
-0.346939	-0.673469	0.0274975
-0.346939	-0.632653	0.0301661
-0.346939	-0.591837	0.0327162
-0.346939	-0.55102	0.0351379
-0.346939	-0.510204	0.0374214
-0.346939	-0.469388	0.0395579
-0.346939	-0.428571	0.0415389
-0.346939	-0.387755	0.0433566
-0.346939	-0.346939	0.0450036
-0.346939	-0.306122	0.0464736
-0.346939	-0.265306	0.0477606
-0.346939	-0.22449	0.0488595
-0.346939	-0.183673	0.049766
-0.346939	-0.142857	0.0504763
-0.346939	-0.102041	0.0509876
-0.346939	-0.0612245	0.0512978
-0.346939	-0.0204082	0.0514056
-0.346939	0.0204082	0.0513105
-0.346939	0.0612245	0.0510129
-0.346939	0.102041	0.0505137
-0.346939	0.142857	0.0498149
-0.346939	0.183673	0.0489193
-0.346939	0.22449	0.0478302
-0.346939	0.265306	0.0465519
-0.346939	0.306122	0.0450894
-0.346939	0.346939	0.0434485
-0.346939	0.387755	0.0416356
-0.346939	0.428571	0.0396577
-0.346939	0.469388	0.0375228
-0.346939	0.510204	0.0352393
-0.346939	0.55102	0.032816
-0.346939	0.591837	0.0302627
-0.346939	0.632653	0.0275894
-0.346939	0.673469	0.0248067
-0.346939	0.714286	0.0219256
-0.346939	0.755102	0.0189576
-0.346939	0.795918	0.0159143
-0.346939	0.836735	0.0128079
-0.346939	0.877551	0.00965065
-0.346939	0.918367	0.00645512
-0.346939	0.959184	0.00323398
-0.346939	1	0
-0.306122	-1	0.00332646
-0.306122	-0.959184	0.00663987
-0.306122	-0.918367	0.00992725
-0.306122	-0.877551	0.0131757
-0.306122	-0.836735	0.0163724
-0.306122	-0.795918	0.0195049
-0.306122	-0.755102	0.0225609
-0.306122	-0.714286	0.0255284
-0.306122	-0.673469	0.0283956
-0.306122	-0.632653	0.0311514
-0.306122	-0.591837	0.0337848
-0.306122	-0.55102	0.0362856
-0.306122	-0.510204	0.0386437
-0.306122	-0.469388	0.04085
-0.306122	-0.428571	0.0428957
-0.306122	-0.387755	0.0447727
-0.306122	-0.346939	0.0464736
-0.306122	-0.306122	0.0479916
-0.306122	-0.265306	0.0493206
-0.306122	-0.22449	0.0504555
-0.306122	-0.183673	0.0513915
-0.306122	-0.142857	0.052125
-0.306122	-0.102041	0.052653
-0.306122	-0.0612245	0.0529734
-0.306122	-0.0204082	0.0530847
-0.306122	0.0204082	0.0529865
-0.306122	0.0612245	0.0526791
-0.306122	0.102041	0.0521636
-0.306122	0.142857	0.051442
-0.306122	0.183673	0.0505171
-0.306122	0.22449	0.0493925
-0.306122	0.265306	0.0480724
-0.306122	0.306122	0.0465622
-0.306122	0.346939	0.0448677
-0.306122	0.387755	0.0429955
-0.306122	0.428571	0.0409531
-0.306122	0.469388	0.0387485
-0.306122	0.510204	0.0363903
-0.306122	0.55102	0.0338879
-0.306122	0.591837	0.0312512
-0.306122	0.632653	0.0284906
-0.306122	0.673469	0.025617
-0.306122	0.714286	0.0226418
-0.306122	0.755102	0.0195768
-0.306122	0.795918	0.0164341
-0.306122	0.836735	0.0132262
-0.306122	0.877551	0.00996587
-0.306122	0.918367	0.00666597
-0.306122	0.959184	0.00333961
-0.306122	1	0
-0.265306	-1	0.00341858
-0.265306	-0.959184	0.00682375
-0.265306	-0.918367	0.0102022
-0.265306	-0.877551	0.0135406
-0.265306	-0.836735	0.0168258
-0.265306	-0.795918	0.0200451
-0.265306	-0.755102	0.0231857
-0.265306	-0.714286	0.0262354
-0.265306	-0.673469	0.029182
-0.265306	-0.632653	0.0320141
-0.265306	-0.591837	0.0347205
-0.265306	-0.55102	0.0372904
-0.265306	-0.510204	0.0397139
-0.265306	-0.469388	0.0419813
-0.265306	-0.428571	0.0440837
-0.265306	-0.387755	0.0460126
-0.265306	-0.346939	0.0477606
-0.265306	-0.306122	0.0493206
-0.265306	-0.265306	0.0506865
-0.265306	-0.22449	0.0518527
-0.265306	-0.183673	0.0528147
-0.265306	-0.142857	0.0535685
-0.265306	-0.102041	0.0541112
-0.265306	-0.0612245	0.0544404
-0.265306	-0.0204082	0.0545548
-0.265306	0.0204082	0.0544539
-0.265306	0.0612245	0.054138
-0.265306	0.102041	0.0536082
-0.265306	0.142857	0.0528667
-0.265306	0.183673	0.0519161
-0.265306	0.22449	0.0507603
-0.265306	0.265306	0.0494037
-0.265306	0.306122	0.0478517
-0.265306	0.346939	0.0461102
-0.265306	0.387755	0.0441862
-0.265306	0.428571	0.0420872
-0.265306	0.469388	0.0398215
-0.265306	0.510204	0.0373981
-0.265306	0.55102	0.0348264
-0.265306	0.591837	0.0321166
-0.265306	0.632653	0.0292796
-0.265306	0.673469	0.0263264
-0.265306	0.714286	0.0232688
-0.265306	0.755102	0.0201189
-0.265306	0.795918	0.0168892
-0.265306	0.836735	0.0135925
-0.265306	0.877551	0.0102419
-0.265306	0.918367	0.00685057
-0.265306	0.959184	0.0034321
-0.265306	1	0
-0.22449	-1	0.00349724
-0.22449	-0.959184	0.00698076
-0.22449	-0.918367	0.0104369
-0.22449	-0.877551	0.0138521
-0.22449	-0.836735	0.017213
-0.22449	-0.795918	0.0205063
-0.22449	-0.755102	0.0237192
-0.22449	-0.714286	0.026839
-0.22449	-0.673469	0.0298535
-0.22449	-0.632653	0.0327507
-0.22449	-0.591837	0.0355193
-0.22449	-0.55102	0.0381485
-0.22449	-0.510204	0.0406277
-0.22449	-0.469388	0.0429473
-0.22449	-0.428571	0.045098
-0.22449	-0.387755	0.0470713
-0.22449	-0.346939	0.0488595
-0.22449	-0.306122	0.0504555
-0.22449	-0.265306	0.0518527
-0.22449	-0.22449	0.0530458
-0.22449	-0.183673	0.0540299
-0.22449	-0.142857	0.0548011
-0.22449	-0.102041	0.0553562
-0.22449	-0.0612245	0.055693
-0.22449	-0.0204082	0.0558101
-0.22449	0.0204082	0.0557068
-0.22449	0.0612245	0.0553836
-0.22449	0.102041	0.0548417
-0.22449	0.142857	0.0540831
-0.22449	0.183673	0.0531107
-0.22449	0.22449	0.0519283
-0.22449	0.265306	0.0505404
-0.22449	0.306122	0.0489527
-0.22449	0.346939	0.0471712
-0.22449	0.387755	0.0452029
-0.22449	0.428571	0.0430556
-0.22449	0.469388	0.0407378
-0.22449	0.510204	0.0382586
-0.22449	0.55102	0.0356277
-0.22449	0.591837	0.0328556
-0.22449	0.632653	0.0299533
-0.22449	0.673469	0.0269321
-0.22449	0.714286	0.0238042
-0.22449	0.755102	0.0205818
-0.22449	0.795918	0.0172778
-0.22449	0.836735	0.0139053
-0.22449	0.877551	0.0104775
-0.22449	0.918367	0.0070082
-0.22449	0.959184	0.00351106
-0.22449	1	0
-0.183673	-1	0.00356212
-0.183673	-0.959184	0.00711027
-0.183673	-0.918367	0.0106305
-0.183673	-0.877551	0.0141091
-0.183673	-0.836735	0.0175323
-0.183673	-0.795918	0.0208868
-0.183673	-0.755102	0.0241592
-0.183673	-0.714286	0.0273369
-0.183673	-0.673469	0.0304073
-0.183673	-0.632653	0.0333583
-0.183673	-0.591837	0.0361783
-0.183673	-0.55102	0.0388562
-0.183673	-0.510204	0.0413814
-0.183673	-0.469388	0.043744
-0.183673	-0.428571	0.0459346
-0.183673	-0.387755	0.0479446
-0.183673	-0.346939	0.049766
-0.183673	-0.306122	0.0513915
-0.183673	-0.265306	0.0528147
-0.183673	-0.22449	0.0540299
-0.183673	-0.183673	0.0550323
-0.183673	-0.142857	0.0558178
-0.183673	-0.102041	0.0563832
-0.183673	-0.0612245	0.0567262
-0.183673	-0.0204082	0.0568454
-0.183673	0.0204082	0.0567403
-0.183673	0.0612245	0.0564111
-0.183673	0.102041	0.0558591
-0.183673	0.142857	0.0550864
-0.183673	0.183673	0.054096
-0.183673	0.22449	0.0528916
-0.183673	0.265306	0.0514781
-0.183673	0.306122	0.0498608
-0.183673	0.346939	0.0480463
-0.183673	0.387755	0.0460415
-0.183673	0.428571	0.0438544
-0.183673	0.469388	0.0414936
-0.183673	0.510204	0.0389683
-0.183673	0.55102	0.0362887
-0.183673	0.591837	0.0334651
-0.183673	0.632653	0.030509
-0.183673	0.673469	0.0274318
-0.183673	0.714286	0.0242458
-0.183673	0.755102	0.0209637
-0.183673	0.795918	0.0175984
-0.183673	0.836735	0.0141632
-0.183673	0.877551	0.0106719
-0.183673	0.918367	0.00713821
-0.183673	0.959184	0.0035762
-0.183673	1	0
-0.142857	-1	0.00361296
-0.142857	-0.959184	0.00721176
-0.142857	-0.918367	0.0107823
-0.142857	-0.877551	0.0143105
-0.142857	-0.836735	0.0177826
-0.142857	-0.795918	0.0211849
-0.142857	-0.755102	0.0245041
-0.142857	-0.714286	0.0277271
-0.142857	-0.673469	0.0308413
-0.142857	-0.632653	0.0338344
-0.142857	-0.591837	0.0366947
-0.142857	-0.55102	0.0394108
-0.142857	-0.510204	0.0419721
-0.142857	-0.469388	0.0443684
-0.142857	-0.428571	0.0465903
-0.142857	-0.387755	0.0486289
-0.142857	-0.346939	0.0504763
-0.142857	-0.306122	0.052125
-0.142857	-0.265306	0.0535685
-0.142857	-0.22449	0.0548011
-0.142857	-0.183673	0.0558178
-0.142857	-0.142857	0.0566145
-0.142857	-0.102041	0.0571879
-0.142857	-0.0612245	0.0575359
-0.142857	-0.0204082	0.0576568
-0.142857	0.0204082	0.0575502
-0.142857	0.0612245	0.0572163
-0.142857	0.102041	0.0566564
-0.142857	0.142857	0.0558727
-0.142857	0.183673	0.0548681
-0.142857	0.22449	0.0536465
-0.142857	0.265306	0.0522128
-0.142857	0.306122	0.0505725
-0.142857	0.346939	0.048732
-0.142857	0.387755	0.0466986
-0.142857	0.428571	0.0444803
-0.142857	0.469388	0.0420858
-0.142857	0.510204	0.0395245
-0.142857	0.55102	0.0368066
-0.142857	0.591837	0.0339428
-0.142857	0.632653	0.0309444
-0.142857	0.673469	0.0278233
-0.142857	0.714286	0.0245919
-0.142857	0.755102	0.0212629
-0.142857	0.795918	0.0178495
-0.142857	0.836735	0.0143654
-0.142857	0.877551	0.0108242
-0.142857	0.918367	0.0072401
-0.142857	0.959184	0.00362725
-0.142857	1	0
-0.102041	-1	0.00364956
-0.102041	-0.959184	0.00728481
-0.102041	-0.918367	0.0108915
-0.102041	-0.877551	0.0144554
-0.102041	-0.836735	0.0179627
-0.102041	-0.795918	0.0213995
-0.102041	-0.755102	0.0247523
-0.102041	-0.714286	0.028008
-0.102041	-0.673469	0.0311537
-0.102041	-0.632653	0.0341771
-0.102041	-0.591837	0.0370664
-0.102041	-0.55102	0.03981
-0.102041	-0.510204	0.0423972
-0.102041	-0.469388	0.0448178
-0.102041	-0.428571	0.0470622
-0.102041	-0.387755	0.0491215
-0.102041	-0.346939	0.0509876
-0.102041	-0.306122	0.052653
-0.102041	-0.265306	0.0541112
-0.102041	-0.22449	0.0553562
-0.102041	-0.183673	0.0563832
-0.102041	-0.142857	0.0571879
-0.102041	-0.102041	0.0577672
-0.102041	-0.0612245	0.0581187
-0.102041	-0.0204082	0.0582408
-0.102041	0.0204082	0.0581331
-0.102041	0.0612245	0.0577959
-0.102041	0.102041	0.0572303
-0.102041	0.142857	0.0564386
-0.102041	0.183673	0.0554239
-0.102041	0.22449	0.05419
-0.102041	0.265306	0.0527417
-0.102041	0.306122	0.0510848
-0.102041	0.346939	0.0492257
-0.102041	0.387755	0.0471717
-0.102041	0.428571	0.0449309
-0.102041	0.469388	0.0425121
-0.102041	0.510204	0.0399249
-0.102041	0.55102	0.0371794
-0.102041	0.591837	0.0342866
-0.102041	0.632653	0.0312579
-0.102041	0.673469	0.0281052
-0.102041	0.714286	0.024841
-0.102041	0.755102	0.0214783
-0.102041	0.795918	0.0180304
-0.102041	0.836735	0.0145109
-0.102041	0.877551	0.0109339
-0.102041	0.918367	0.00731344
-0.102041	0.959184	0.00366399
-0.102041	1	0
-0.0612245	-1	0.00367176
-0.0612245	-0.959184	0.00732913
-0.0612245	-0.918367	0.0109577
-0.0612245	-0.877551	0.0145434
-0.0612245	-0.836735	0.018072
-0.0612245	-0.795918	0.0215297
-0.0612245	-0.755102	0.0249029
-0.0612245	-0.714286	0.0281784
-0.0612245	-0.673469	0.0313433
-0.0612245	-0.632653	0.0343851
-0.0612245	-0.591837	0.0372919
-0.0612245	-0.55102	0.0400522
-0.0612245	-0.510204	0.0426552
-0.0612245	-0.469388	0.0450905
-0.0612245	-0.428571	0.0473485
-0.0612245	-0.387755	0.0494204
-0.0612245	-0.346939	0.0512978
-0.0612245	-0.306122	0.0529734
-0.0612245	-0.265306	0.0544404
-0.0612245	-0.22449	0.055693
-0.0612245	-0.183673	0.0567262
-0.0612245	-0.142857	0.0575359
-0.0612245	-0.102041	0.0581187
-0.0612245	-0.0612245	0.0584723
-0.0612245	-0.0204082	0.0585952
-0.0612245	0.0204082	0.0584868
-0.0612245	0.0612245	0.0581475
-0.0612245	0.102041	0.0575785
-0.0612245	0.142857	0.056782
-0.0612245	0.183673	0.0557611
-0.0612245	0.22449	0.0545197
-0.0612245	0.265306	0.0530626
-0.0612245	0.306122	0.0513956
-0.0612245	0.346939	0.0495252
-0.0612245	0.387755	0.0474587
-0.0612245	0.428571	0.0452042
-0.0612245	0.469388	0.0427708
-0.0612245	0.510204	0.0401678
-0.0612245	0.55102	0.0374056
-0.0612245	0.591837	0.0344952
-0.0612245	0.632653	0.031448
-0.0612245	0.673469	0.0282762
-0.0612245	0.714286	0.0249921
-0.0612245	0.755102	0.0216089
-0.0612245	0.795918	0.0181401
-0.0612245	0.836735	0.0145992
-0.0612245	0.877551	0.0110004
-0.0612245	0.918367	0.00735793
-0.0612245	0.959184	0.00368628
-0.0612245	1	0
-0.0204082	-1	0.00367948
-0.0204082	-0.959184	0.00734453
-0.0204082	-0.918367	0.0109808
-0.0204082	-0.877551	0.014574
-0.0204082	-0.836735	0.01811
-0.0204082	-0.795918	0.0215749
-0.0204082	-0.755102	0.0249552
-0.0204082	-0.714286	0.0282376
-0.0204082	-0.673469	0.0314091
-0.0204082	-0.632653	0.0344574
-0.0204082	-0.591837	0.0373703
-0.0204082	-0.55102	0.0401364
-0.0204082	-0.510204	0.0427448
-0.0204082	-0.469388	0.0451853
-0.0204082	-0.428571	0.047448
-0.0204082	-0.387755	0.0495242
-0.0204082	-0.346939	0.0514056
-0.0204082	-0.306122	0.0530847
-0.0204082	-0.265306	0.0545548
-0.0204082	-0.22449	0.0558101
-0.0204082	-0.183673	0.0568454
-0.0204082	-0.142857	0.0576568
-0.0204082	-0.102041	0.0582408
-0.0204082	-0.0612245	0.0585952
-0.0204082	-0.0204082	0.0587183
-0.0204082	0.0204082	0.0586097
-0.0204082	0.0612245	0.0582697
-0.0204082	0.102041	0.0576995
-0.0204082	0.142857	0.0569014
-0.0204082	0.183673	0.0558783
-0.0204082	0.22449	0.0546342
-0.0204082	0.265306	0.0531741
-0.0204082	0.306122	0.0515036
-0.0204082	0.346939	0.0496293
-0.0204082	0.387755	0.0475584
-0.0204082	0.428571	0.0452993
-0.0204082	0.469388	0.0428606
-0.0204082	0.510204	0.0402522
-0.0204082	0.55102	0.0374843
-0.0204082	0.591837	0.0345677
-0.0204082	0.632653	0.0315141
-0.0204082	0.673469	0.0283356
-0.0204082	0.714286	0.0250446
-0.0204082	0.755102	0.0216544
-0.0204082	0.795918	0.0181782
-0.0204082	0.836735	0.0146299
-0.0204082	0.877551	0.0110235
-0.0204082	0.918367	0.00737339
-0.0204082	0.959184	0.00369403
-0.0204082	1	0
0.0204082	-1	0.00367268
0.0204082	-0.959184	0.00733095
0.0204082	-0.918367	0.0109605
0.0204082	-0.877551	0.014547
0.0204082	-0.836735	0.0180765
0.0204082	-0.795918	0.021535
0.0204082	-0.755102	0.0249091
0.0204082	-0.714286	0.0281854
0.0204082	-0.673469	0.031351
0.0204082	-0.632653	0.0343936
0.0204082	-0.591837	0.0373011
0.0204082	-0.55102	0.0400622
0.0204082	-0.510204	0.0426658
0.0204082	-0.469388	0.0451017
0.0204082	-0.428571	0.0473603
0.0204082	-0.387755	0.0494326
0.0204082	-0.346939	0.0513105
0.0204082	-0.306122	0.0529865
0.0204082	-0.265306	0.0544539
0.0204082	-0.22449	0.0557068
0.0204082	-0.183673	0.0567403
0.0204082	-0.142857	0.0575502
0.0204082	-0.102041	0.0581331
0.0204082	-0.0612245	0.0584868
0.0204082	-0.0204082	0.0586097
0.0204082	0.0204082	0.0585013
0.0204082	0.0612245	0.0581619
0.0204082	0.102041	0.0575928
0.0204082	0.142857	0.0567961
0.0204082	0.183673	0.0557749
0.0204082	0.22449	0.0545332
0.0204082	0.265306	0.0530758
0.0204082	0.306122	0.0514084
0.0204082	0.346939	0.0495375
0.0204082	0.387755	0.0474705
0.0204082	0.428571	0.0452155
0.0204082	0.469388	0.0427814
0.0204082	0.510204	0.0401778
0.0204082	0.55102	0.0374149
0.0204082	0.591837	0.0345038
0.0204082	0.632653	0.0314559
0.0204082	0.673469	0.0282832
0.0204082	0.714286	0.0249983
0.0204082	0.755102	0.0216143
0.0204082	0.795918	0.0181446
0.0204082	0.836735	0.0146028
0.0204082	0.877551	0.0110031
0.0204082	0.918367	0.00735976
0.0204082	0.959184	0.00368719
0.0204082	1	0
0.0612245	-1	0.00365137
0.0612245	-0.959184	0.00728842
0.0612245	-0.918367	0.0108969
0.0612245	-0.877551	0.0144626
0.0612245	-0.836735	0.0179716
0.0612245	-0.795918	0.0214101
0.0612245	-0.755102	0.0247646
0.0612245	-0.714286	0.0280218
0.0612245	-0.673469	0.0311692
0.0612245	-0.632653	0.0341941
0.0612245	-0.591837	0.0370847
0.0612245	-0.55102	0.0398297
0.0612245	-0.510204	0.0424182
0.0612245	-0.469388	0.04484
0.0612245	-0.428571	0.0470855
0.0612245	-0.387755	0.0491459
0.0612245	-0.346939	0.0510129
0.0612245	-0.306122	0.0526791
0.0612245	-0.265306	0.054138
0.0612245	-0.22449	0.0553836
0.0612245	-0.183673	0.0564111
0.0612245	-0.142857	0.0572163
0.0612245	-0.102041	0.0577959
0.0612245	-0.0612245	0.0581475
0.0612245	-0.0204082	0.0582697
0.0612245	0.0204082	0.0581619
0.0612245	0.0612245	0.0578245
0.0612245	0.102041	0.0572587
0.0612245	0.142857	0.0564666
0.0612245	0.183673	0.0554513
0.0612245	0.22449	0.0542168
0.0612245	0.265306	0.0527679
0.0612245	0.306122	0.0511101
0.0612245	0.346939	0.0492501
0.0612245	0.387755	0.0471951
0.0612245	0.428571	0.0449532
0.0612245	0.469388	0.0425332
0.0612245	0.510204	0.0399447
0.0612245	0.55102	0.0371979
0.0612245	0.591837	0.0343036
0.0612245	0.632653	0.0312734
0.0612245	0.673469	0.0281191
0.0612245	0.714286	0.0248533
0.0612245	0.755102	0.0214889
0.0612245	0.795918	0.0180393
0.0612245	0.836735	0.0145181
0.0612245	0.877551	0.0109393
0.0612245	0.918367	0.00731706
0.0612245	0.959184	0.0036658
0.0612245	1	0
0.102041	-1	0.00361564
0.102041	-0.959184	0.0072171
0.102041	-0.918367	0.0107903
0.102041	-0.877551	0.0143211
0.102041	-0.836735	0.0177957
0.102041	-0.795918	0.0212006
0.102041	-0.755102	0.0245222
0.102041	-0.714286	0.0277476
0.102041	-0.673469	0.0308642
0.102041	-0.632653	0.0338595
0.102041	-0.591837	0.0367219
0.102041	-0.55102	0.03944
0.102041	-0.510204	0.0420032
0.102041	-0.469388	0.0444013
0.102041	-0.428571	0.0466248
0.102041	-0.387755	0.048665
0.102041	-0.346939	0.0505137
0.102041	-0.306122	0.0521636
0.102041	-0.265306	0.0536082
0.102041	-0.22449	0.0548417
0.102041	-0.183673	0.0558591
0.102041	-0.142857	0.0566564
0.102041	-0.102041	0.0572303
0.102041	-0.0612245	0.0575785
0.102041	-0.0204082	0.0576995
0.102041	0.0204082	0.0575928
0.102041	0.0612245	0.0572587
0.102041	0.102041	0.0566984
0.102041	0.142857	0.0559141
0.102041	0.183673	0.0549087
0.102041	0.22449	0.0536863
0.102041	0.265306	0.0522515
0.102041	0.306122	0.05061
0.102041	0.346939	0.0487682
0.102041	0.387755	0.0467332
0.102041	0.428571	0.0445133
0.102041	0.469388	0.042117
0.102041	0.510204	0.0395538
0.102041	0.55102	0.0368339
0.102041	0.591837	0.0339679
0.102041	0.632653	0.0309673
0.102041	0.673469	0.0278439
0.102041	0.714286	0.0246101
0.102041	0.755102	0.0212786
0.102041	0.795918	0.0178628
0.102041	0.836735	0.014376
0.102041	0.877551	0.0108322
0.102041	0.918367	0.00724546
0.102041	0.959184	0.00362993
0.102041	1	0
0.142857	-1	0.00356562
0.142857	-0.959184	0.00711726
0.142857	-0.918367	0.010641
0.142857	-0.877551	0.014123
0.142857	-0.836735	0.0175496
0.142857	-0.795918	0.0209073
0.142857	-0.755102	0.024183
0.142857	-0.714286	0.0273638
0.142857	-0.673469	0.0304372
0.142857	-0.632653	0.0333911
0.142857	-0.591837	0.0362139
0.142857	-0.55102	0.0388944
0.142857	-0.510204	0.0414221
0.142857	-0.469388	0.043787
0.142857	-0.428571	0.0459798
0.142857	-0.387755	0.0479918
0.142857	-0.346939	0.0498149
0.142857	-0.306122	0.051442
0.142857	-0.265306	0.0528667
0.142857	-0.22449	0.0540831
0.142857	-0.183673	0.0550864
0.142857	-0.142857	0.0558727
0.142857	-0.102041	0.0564386
0.142857	-0.0612245	0.056782
0.142857	-0.0204082	0.0569014
0.142857	0.0204082	0.0567961
0.142857	0.0612245	0.0564666
0.142857	0.102041	0.0559141
0.142857	0.142857	0.0551406
0.142857	0.183673	0.0541492
0.142857	0.22449	0.0529436
0.142857	0.265306	0.0515287
0.142857	0.306122	0.0499099
0.142857	0.346939	0.0480935
0.142857	0.387755	0.0460868
0.142857	0.428571	0.0438975
0.142857	0.469388	0.0415344
0.142857	0.510204	0.0390067
0.142857	0.55102	0.0363244
0.142857	0.591837	0.0334981
0.142857	0.632653	0.030539
0.142857	0.673469	0.0274588
0.142857	0.714286	0.0242697
0.142857	0.755102	0.0209843
0.142857	0.795918	0.0176157
0.142857	0.836735	0.0141772
0.142857	0.877551	0.0106824
0.142857	0.918367	0.00714523
0.142857	0.959184	0.00357972
0.142857	1	0
0.183673	-1	0.00350151
0.183673	-0.959184	0.0069893
0.183673	-0.918367	0.0104497
0.183673	-0.877551	0.013869
0.183673	-0.836735	0.017234
0.183673	-0.795918	0.0205314
0.183673	-0.755102	0.0237482
0.183673	-0.714286	0.0268718
0.183673	-0.673469	0.0298899
0.183673	-0.632653	0.0327907
0.183673	-0.591837	0.0355628
0.183673	-0.55102	0.0381951
0.183673	-0.510204	0.0406774
0.183673	-0.469388	0.0429998
0.183673	-0.428571	0.0451531
0.183673	-0.387755	0.0471289
0.183673	-0.346939	0.0489193
0.183673	-0.306122	0.0505171
0.183673	-0.265306	0.0519161
0.183673	-0.22449	0.0531107
0.183673	-0.183673	0.054096
0.183673	-0.142857	0.0548681
0.183673	-0.102041	0.0554239
0.183673	-0.0612245	0.0557611
0.183673	-0.0204082	0.0558783
0.183673	0.0204082	0.0557749
0.183673	0.0612245	0.0554513
0.183673	0.102041	0.0549087
0.183673	0.142857	0.0541492
0.183673	0.183673	0.0531756
0.183673	0.22449	0.0519917
0.183673	0.265306	0.0506022
0.183673	0.306122	0.0490125
0.183673	0.346939	0.0472288
0.183673	0.387755	0.0452581
0.183673	0.428571	0.0431082
0.183673	0.469388	0.0407876
0.183673	0.510204	0.0383053
0.183673	0.55102	0.0356712
0.183673	0.591837	0.0328958
0.183673	0.632653	0.0299899
0.183673	0.673469	0.0269651
0.183673	0.714286	0.0238333
0.183673	0.755102	0.020607
0.183673	0.795918	0.0172989
0.183673	0.836735	0.0139223
0.183673	0.877551	0.0104903
0.183673	0.918367	0.00701676
0.183673	0.959184	0.00351536
0.183673	1	0
0.22449	-1	0.00342356
0.22449	-0.959184	0.00683369
0.22449	-0.918367	0.010217
0.22449	-0.877551	0.0135603
0.22449	-0.836735	0.0168503
0.22449	-0.795918	0.0200743
0.22449	-0.755102	0.0232195
0.22449	-0.714286	0.0262736
0.22449	-0.673469	0.0292245
0.22449	-0.632653	0.0320607
0.22449	-0.591837	0.034771
0.22449	-0.55102	0.0373447
0.22449	-0.510204	0.0397717
0.22449	-0.469388	0.0420424
0.22449	-0.428571	0.0441479
0.22449	-0.387755	0.0460796
0.22449	-0.346939	0.0478302
0.22449	-0.306122	0.0493925
0.22449	-0.265306	0.0507603
0.22449	-0.22449	0.0519283
0.22449	-0.183673	0.0528916
0.22449	-0.142857	0.0536465
0.22449	-0.102041	0.05419
0.22449	-0.0612245	0.0545197
0.22449	-0.0204082	0.0546342
0.22449	0.0204082	0.0545332
0.22449	0.0612245	0.0542168
0.22449	0.102041	0.0536863
0.22449	0.142857	0.0529436
0.22449	0.183673	0.0519917
0.22449	0.22449	0.0508342
0.22449	0.265306	0.0494757
0.22449	0.306122	0.0479213
0.22449	0.346939	0.0461774
0.22449	0.387755	0.0442506
0.22449	0.428571	0.0421485
0.22449	0.469388	0.0398795
0.22449	0.510204	0.0374525
0.22449	0.55102	0.0348771
0.22449	0.591837	0.0321634
0.22449	0.632653	0.0293222
0.22449	0.673469	0.0263647
0.22449	0.714286	0.0233027
0.22449	0.755102	0.0201482
0.22449	0.795918	0.0169138
0.22449	0.836735	0.0136123
0.22449	0.877551	0.0102568
0.22449	0.918367	0.00686055
0.22449	0.959184	0.00343709
0.22449	1	0
0.265306	-1	0.00333206
0.265306	-0.959184	0.00665106
0.265306	-0.918367	0.00994397
0.265306	-0.877551	0.0131979
0.265306	-0.836735	0.0164
0.265306	-0.795918	0.0195378
0.265306	-0.755102	0.0225989
0.265306	-0.714286	0.0255714
0.265306	-0.673469	0.0284435
0.265306	-0.632653	0.0312039
0.265306	-0.591837	0.0338417
0.265306	-0.55102	0.0363467
0.265306	-0.510204	0.0387088
0.265306	-0.469388	0.0409188
0.265306	-0.428571	0.042968
0.265306	-0.387755	0.0448481
0.265306	-0.346939	0.0465519
0.265306	-0.306122	0.0480724
0.265306	-0.265306	0.0494037
0.265306	-0.22449	0.0505404
0.265306	-0.183673	0.0514781
0.265306	-0.142857	0.0522128
0.265306	-0.102041	0.0527417
0.265306	-0.0612245	0.0530626
0.265306	-0.0204082	0.0531741
0.265306	0.0204082	0.0530758
0.265306	0.0612245	0.0527679
0.265306	0.102041	0.0522515
0.265306	0.142857	0.0515287
0.265306	0.183673	0.0506022
0.265306	0.22449	0.0494757
0.265306	0.265306	0.0481534
0.265306	0.306122	0.0466406
0.265306	0.346939	0.0449432
0.265306	0.387755	0.0430679
0.265306	0.428571	0.0410221
0.265306	0.469388	0.0388137
0.265306	0.510204	0.0364516
0.265306	0.55102	0.033945
0.265306	0.591837	0.0313038
0.265306	0.632653	0.0285386
0.265306	0.673469	0.0256601
0.265306	0.714286	0.0226799
0.265306	0.755102	0.0196098
0.265306	0.795918	0.0164618
0.265306	0.836735	0.0132485
0.265306	0.877551	0.00998266
0.265306	0.918367	0.0066772
0.265306	0.959184	0.00334524
0.265306	1	0
0.306122	-1	0.00322738
0.306122	-0.959184	0.00644211
0.306122	-0.918367	0.00963157
0.306122	-0.877551	0.0127833
0.306122	-0.836735	0.0158848
0.306122	-0.795918	0.018924
0.306122	-0.755102	0.021889
0.306122	-0.714286	0.024768
0.306122	-0.673469	0.0275499
0.306122	-0.632653	0.0302236
0.306122	-0.591837	0.0327786
0.306122	-0.55102	0.0352048
0.306122	-0.510204	0.0374928
0.306122	-0.469388	0.0396333
0.306122	-0.428571	0.0416181
0.306122	-0.387755	0.0434392
0.306122	-0.346939	0.0450894
0.306122	-0.306122	0.0465622
0.306122	-0.265306	0.0478517
0.306122	-0.22449	0.0489527
0.306122	-0.183673	0.0498608
0.306122	-0.142857	0.0505725
0.306122	-0.102041	0.0510848
0.306122	-0.0612245	0.0513956
0.306122	-0.0204082	0.0515036
0.306122	0.0204082	0.0514084
0.306122	0.0612245	0.0511101
0.306122	0.102041	0.05061
0.306122	0.142857	0.0499099
0.306122	0.183673	0.0490125
0.306122	0.22449	0.0479213
0.306122	0.265306	0.0466406
0.306122	0.306122	0.0451754
0.306122	0.346939	0.0435313
0.306122	0.387755	0.0417149
0.306122	0.428571	0.0397333
0.306122	0.469388	0.0375944
0.306122	0.510204	0.0353064
0.306122	0.55102	0.0328786
0.306122	0.591837	0.0303204
0.306122	0.632653	0.027642
0.306122	0.673469	0.024854
0.306122	0.714286	0.0219674
0.306122	0.755102	0.0189937
0.306122	0.795918	0.0159446
0.306122	0.836735	0.0128323
0.306122	0.877551	0.00966904
0.306122	0.918367	0.00646743
0.306122	0.959184	0.00324014
0.306122	1	0
0.346939	-1	0.00310993
0.346939	-0.959184	0.00620766
0.346939	-0.918367	0.00928105
0.346939	-0.877551	0.012318
0.346939	-0.836735	0.0153067
0.346939	-0.795918	0.0182353
0.346939	-0.755102	0.0210924
0.346939	-0.714286	0.0238667
0.346939	-0.673469	0.0265473
0.346939	-0.632653	0.0291237
0.346939	-0.591837	0.0315857
0.346939	-0.55102	0.0339236
0.346939	-0.510204	0.0361283
0.346939	-0.469388	0.038191
0.346939	-0.428571	0.0401035
0.346939	-0.387755	0.0418583
0.346939	-0.346939	0.0434485
0.346939	-0.306122	0.0448677
0.346939	-0.265306	0.0461102
0.346939	-0.22449	0.0471712
0.346939	-0.183673	0.0480463
0.346939	-0.142857	0.048732
0.346939	-0.102041	0.0492257
0.346939	-0.0612245	0.0495252
0.346939	-0.0204082	0.0496293
0.346939	0.0204082	0.0495375
0.346939	0.0612245	0.0492501
0.346939	0.102041	0.0487682
0.346939	0.142857	0.0480935
0.346939	0.183673	0.0472288
0.346939	0.22449	0.0461774
0.346939	0.265306	0.0449432
0.346939	0.306122	0.0435313
0.346939	0.346939	0.0419471
0.346939	0.387755	0.0401968
0.346939	0.428571	0.0382873
0.346939	0.469388	0.0362262
0.346939	0.510204	0.0340215
0.346939	0.55102	0.031682
0.346939	0.591837	0.029217
0.346939	0.632653	0.026636
0.346939	0.673469	0.0239495
0.346939	0.714286	0.021168
0.346939	0.755102	0.0183025
0.346939	0.795918	0.0153644
0.346939	0.836735	0.0123653
0.346939	0.877551	0.00931716
0.346939	0.918367	0.00623206
0.346939	0.959184	0.00312222
0.346939	1	0
0.387755	-1	0.00298017
0.387755	-0.959184	0.00594864
0.387755	-0.918367	0.00889379
0.387755	-0.877551	0.0118041
0.387755	-0.836735	0.014668
0.387755	-0.795918	0.0174744
0.387755	-0.755102	0.0202123
0.387755	-0.714286	0.0228708
0.387755	-0.673469	0.0254396
0.387755	-0.632653	0.0279084
0.387755	-0.591837	0.0302677
0.387755	-0.55102	0.0325081
0.387755	-0.510204	0.0346208
0.387755	-0.469388	0.0365974
0.387755	-0.428571	0.0384302
0.387755	-0.387755	0.0401118
0.387755	-0.346939	0.0416356
0.387755	-0.306122	0.0429955
0.387755	-0.265306	0.0441862
0.387755	-0.22449	0.0452029
0.387755	-0.183673	0.0460415
0.387755	-0.142857	0.0466986
0.387755	-0.102041	0.0471717
0.387755	-0.0612245	0.0474587
0.387755	-0.0204082	0.0475584
0.387755	0.0204082	0.0474705
0.387755	0.0612245	0.0471951
0.387755	0.102041	0.0467332
0.387755	0.142857	0.0460868
0.387755	0.183673	0.0452581
0.387755	0.22449	0.0442506
0.387755	0.265306	0.0430679
0.387755	0.306122	0.0417149
0.387755	0.346939	0.0401968
0.387755	0.387755	0.0385195
0.387755	0.428571	0.0366898
0.387755	0.469388	0.0347146
0.387755	0.510204	0.0326019
0.387755	0.55102	0.0303601
0.387755	0.591837	0.0279978
0.387755	0.632653	0.0255246
0.387755	0.673469	0.0229502
0.387755	0.714286	0.0202847
0.387755	0.755102	0.0175388
0.387755	0.795918	0.0147233
0.387755	0.836735	0.0118493
0.387755	0.877551	0.00892839
0.387755	0.918367	0.00597202
0.387755	0.959184	0.00299195
0.387755	1	0
0.428571	-1	0.0028386
0.428571	-0.959184	0.00566606
0.428571	-0.918367	0.00847131
0.428571	-0.877551	0.0112433
0.428571	-0.836735	0.0139712
0.428571	-0.795918	0.0166443
0.428571	-0.755102	0.0192521
0.428571	-0.714286	0.0217844
0.428571	-0.673469	0.0242311
0.428571	-0.632653	0.0265827
0.428571	-0.591837	0.0288299
0.428571	-0.55102	0.0309639
0.428571	-0.510204	0.0329762
0.428571	-0.469388	0.0348589
0.428571	-0.428571	0.0366046
0.428571	-0.387755	0.0382063
0.428571	-0.346939	0.0396577
0.428571	-0.306122	0.0409531
0.428571	-0.265306	0.0420872
0.428571	-0.22449	0.0430556
0.428571	-0.183673	0.0438544
0.428571	-0.142857	0.0444803
0.428571	-0.102041	0.0449309
0.428571	-0.0612245	0.0452042
0.428571	-0.0204082	0.0452993
0.428571	0.0204082	0.0452155
0.428571	0.0612245	0.0449532
0.428571	0.102041	0.0445133
0.428571	0.142857	0.0438975
0.428571	0.183673	0.0431082
0.428571	0.22449	0.0421485
0.428571	0.265306	0.0410221
0.428571	0.306122	0.0397333
0.428571	0.346939	0.0382873
0.428571	0.387755	0.0366898
0.428571	0.428571	0.0349469
0.428571	0.469388	0.0330656
0.428571	0.510204	0.0310533
0.428571	0.55102	0.0289179
0.428571	0.591837	0.0266679
0.428571	0.632653	0.0243121
0.428571	0.673469	0.02186
0.428571	0.714286	0.0193211
0.428571	0.755102	0.0167056
0.428571	0.795918	0.0140239
0.428571	0.836735	0.0112865
0.428571	0.877551	0.00850427
0.428571	0.918367	0.00568833
0.428571	0.959184	0.00284982
0.428571	1	0
0.469388	-1	0.00268579
0.469388	-0.959184	0.00536104
0.469388	-0.918367	0.00801527
0.469388	-0.877551	0.0106381
0.469388	-0.836735	0.0132191
0.469388	-0.795918	0.0157483
0.469388	-0.755102	0.0182157
0.469388	-0.714286	0.0206116
0.469388	-0.673469	0.0229267
0.469388	-0.632653	0.0251517
0.469388	-0.591837	0.0272779
0.469388	-0.55102	0.029297
0.469388	-0.510204	0.031201
0.469388	-0.469388	0.0329824
0.469388	-0.428571	0.0346341
0.469388	-0.387755	0.0361495
0.469388	-0.346939	0.0375228
0.469388	-0.306122	0.0387485
0.469388	-0.265306	0.0398215
0.469388	-0.22449	0.0407378
0.469388	-0.183673	0.0414936
0.469388	-0.142857	0.0420858
0.469388	-0.102041	0.0425121
0.469388	-0.0612245	0.0427708
0.469388	-0.0204082	0.0428606
0.469388	0.0204082	0.0427814
0.469388	0.0612245	0.0425332
0.469388	0.102041	0.042117
0.469388	0.142857	0.0415344
0.469388	0.183673	0.0407876
0.469388	0.22449	0.0398795
0.469388	0.265306	0.0388137
0.469388	0.306122	0.0375944
0.469388	0.346939	0.0362262
0.469388	0.387755	0.0347146
0.469388	0.428571	0.0330656
0.469388	0.469388	0.0312855
0.469388	0.510204	0.0293816
0.469388	0.55102	0.0273611
0.469388	0.591837	0.0252322
0.469388	0.632653	0.0230033
0.469388	0.673469	0.0206832
0.469388	0.714286	0.018281
0.469388	0.755102	0.0158063
0.469388	0.795918	0.0132689
0.469388	0.836735	0.0106789
0.469388	0.877551	0.00804645
0.469388	0.918367	0.00538211
0.469388	0.959184	0.0026964
0.469388	1	0
0.510204	-1	0.00252233
0.510204	-0.959184	0.00503478
0.510204	-0.918367	0.00752747
0.510204	-0.877551	0.00999064
0.510204	-0.836735	0.0124146
0.510204	-0.795918	0.0147899
0.510204	-0.755102	0.0171071
0.510204	-0.714286	0.0193573
0.510204	-0.673469	0.0215314
0.510204	-0.632653	0.023621
0.510204	-0.591837	0.0256178
0.510204	-0.55102	0.027514
0.510204	-0.510204	0.0293022
0.510204	-0.469388	0.0309751
0.510204	-0.428571	0.0325263
0.510204	-0.387755	0.0339495
0.510204	-0.346939	0.0352393
0.510204	-0.306122	0.0363903
0.510204	-0.265306	0.0373981
0.510204	-0.22449	0.0382586
0.510204	-0.183673	0.0389683
0.510204	-0.142857	0.0395245
0.510204	-0.102041	0.0399249
0.510204	-0.0612245	0.0401678
0.510204	-0.0204082	0.0402522
0.510204	0.0204082	0.0401778
0.510204	0.0612245	0.0399447
0.510204	0.102041	0.0395538
0.510204	0.142857	0.0390067
0.510204	0.183673	0.0383053
0.510204	0.22449	0.0374525
0.510204	0.265306	0.0364516
0.510204	0.306122	0.0353064
0.510204	0.346939	0.0340215
0.510204	0.387755	0.0326019
0.510204	0.428571	0.0310533
0.510204	0.469388	0.0293816
0.510204	0.510204	0.0275934
0.510204	0.55102	0.025696
0.510204	0.591837	0.0236966
0.510204	0.632653	0.0216034
0.510204	0.673469	0.0194244
0.510204	0.714286	0.0171684
0.510204	0.755102	0.0148444
0.510204	0.795918	0.0124614
0.510204	0.836735	0.010029
0.510204	0.877551	0.00755676
0.510204	0.918367	0.00505456
0.510204	0.959184	0.00253231
0.510204	1	0
0.55102	-1	0.00234889
0.55102	-0.959184	0.00468856
0.55102	-0.918367	0.00700984
0.55102	-0.877551	0.00930363
0.55102	-0.836735	0.0115609
0.55102	-0.795918	0.0137729
0.55102	-0.755102	0.0159308
0.55102	-0.714286	0.0180261
0.55102	-0.673469	0.0200508
0.55102	-0.632653	0.0219967
0.55102	-0.591837	0.0238562
0.55102	-0.55102	0.025622
0.55102	-0.510204	0.0272872
0.55102	-0.469388	0.0288451
0.55102	-0.428571	0.0302896
0.55102	-0.387755	0.031615
0.55102	-0.346939	0.032816
0.55102	-0.306122	0.0338879
0.55102	-0.265306	0.0348264
0.55102	-0.22449	0.0356277
0.55102	-0.183673	0.0362887
0.55102	-0.142857	0.0368066
0.55102	-0.102041	0.0371794
0.55102	-0.0612245	0.0374056
0.55102	-0.0204082	0.0374843
0.55102	0.0204082	0.0374149
0.55102	0.0612245	0.0371979
0.55102	0.102041	0.0368339
0.55102	0.142857	0.0363244
0.55102	0.183673	0.0356712
0.55102	0.22449	0.0348771
0.55102	0.265306	0.033945
0.55102	0.306122	0.0328786
0.55102	0.346939	0.031682
0.55102	0.387755	0.0303601
0.55102	0.428571	0.0289179
0.55102	0.469388	0.0273611
0.55102	0.510204	0.025696
0.55102	0.55102	0.023929
0.55102	0.591837	0.0220671
0.55102	0.632653	0.0201178
0.55102	0.673469	0.0180887
0.55102	0.714286	0.0159879
0.55102	0.755102	0.0138236
0.55102	0.795918	0.0116045
0.55102	0.836735	0.00933933
0.55102	0.877551	0.00703712
0.55102	0.918367	0.00470698
0.55102	0.959184	0.00235817
0.55102	1	0
0.591837	-1	0.00216613
0.591837	-0.959184	0.00432376
0.591837	-0.918367	0.00646443
0.591837	-0.877551	0.00857975
0.591837	-0.836735	0.0106614
0.591837	-0.795918	0.0127012
0.591837	-0.755102	0.0146912
0.591837	-0.714286	0.0166236
0.591837	-0.673469	0.0184907
0.591837	-0.632653	0.0202852
0.591837	-0.591837	0.022
0.591837	-0.55102	0.0236285
0.591837	-0.510204	0.0251641
0.591837	-0.469388	0.0266007
0.591837	-0.428571	0.0279329
0.591837	-0.387755	0.0291551
0.591837	-0.346939	0.0302627
0.591837	-0.306122	0.0312512
0.591837	-0.265306	0.0321166
0.591837	-0.22449	0.0328556
0.591837	-0.183673	0.0334651
0.591837	-0.142857	0.0339428
0.591837	-0.102041	0.0342866
0.591837	-0.0612245	0.0344952
0.591837	-0.0204082	0.0345677
0.591837	0.0204082	0.0345038
0.591837	0.0612245	0.0343036
0.591837	0.102041	0.0339679
0.591837	0.142857	0.0334981
0.591837	0.183673	0.0328958
0.591837	0.22449	0.0321634
0.591837	0.265306	0.0313038
0.591837	0.306122	0.0303204
0.591837	0.346939	0.029217
0.591837	0.387755	0.0279978
0.591837	0.428571	0.0266679
0.591837	0.469388	0.0252322
0.591837	0.510204	0.0236966
0.591837	0.55102	0.0220671
0.591837	0.591837	0.0203502
0.591837	0.632653	0.0185525
0.591837	0.673469	0.0166813
0.591837	0.714286	0.0147439
0.591837	0.755102	0.012748
0.591837	0.795918	0.0107016
0.591837	0.836735	0.00861266
0.591837	0.877551	0.00648958
0.591837	0.918367	0.00434075
0.591837	0.959184	0.00217469
0.591837	1	0
0.632653	-1	0.00197478
0.632653	-0.959184	0.00394181
0.632653	-0.918367	0.00589339
0.632653	-0.877551	0.00782184
0.632653	-0.836735	0.00971962
0.632653	-0.795918	0.0115793
0.632653	-0.755102	0.0133935
0.632653	-0.714286	0.0151551
0.632653	-0.673469	0.0168573
0.632653	-0.632653	0.0184933
0.632653	-0.591837	0.0200566
0.632653	-0.55102	0.0215412
0.632653	-0.510204	0.0229412
0.632653	-0.469388	0.0242509
0.632653	-0.428571	0.0254654
0.632653	-0.387755	0.0265797
0.632653	-0.346939	0.0275894
0.632653	-0.306122	0.0284906
0.632653	-0.265306	0.0292796
0.632653	-0.22449	0.0299533
0.632653	-0.183673	0.030509
0.632653	-0.142857	0.0309444
0.632653	-0.102041	0.0312579
0.632653	-0.0612245	0.031448
0.632653	-0.0204082	0.0315141
0.632653	0.0204082	0.0314559
0.632653	0.0612245	0.0312734
0.632653	0.102041	0.0309673
0.632653	0.142857	0.030539
0.632653	0.183673	0.0299899
0.632653	0.22449	0.0293222
0.632653	0.265306	0.0285386
0.632653	0.306122	0.027642
0.632653	0.346939	0.026636
0.632653	0.387755	0.0255246
0.632653	0.428571	0.0243121
0.632653	0.469388	0.0230033
0.632653	0.510204	0.0216034
0.632653	0.55102	0.0201178
0.632653	0.591837	0.0185525
0.632653	0.632653	0.0169136
0.632653	0.673469	0.0152077
0.632653	0.714286	0.0134415
0.632653	0.755102	0.0116219
0.632653	0.795918	0.00975623
0.632653	0.836735	0.00785185
0.632653	0.877551	0.00591631
0.632653	0.918367	0.0039573
0.632653	0.959184	0.00198259
0.632653	1	0
0.673469	-1	0.0017756
0.673469	-0.959184	0.00354424
0.673469	-0.918367	0.00529897
0.673469	-0.877551	0.00703292
0.673469	-0.836735	0.00873929
0.673469	-0.795918	0.0104114
0.673469	-0.755102	0.0120426
0.673469	-0.714286	0.0136266
0.673469	-0.673469	0.015157
0.673469	-0.632653	0.016628
0.673469	-0.591837	0.0180337
0.673469	-0.55102	0.0193685
0.673469	-0.510204	0.0206273
0.673469	-0.469388	0.021805
0.673469	-0.428571	0.0228969
0.673469	-0.387755	0.0238988
0.673469	-0.346939	0.0248067
0.673469	-0.306122	0.025617
0.673469	-0.265306	0.0263264
0.673469	-0.22449	0.0269321
0.673469	-0.183673	0.0274318
0.673469	-0.142857	0.0278233
0.673469	-0.102041	0.0281052
0.673469	-0.0612245	0.0282762
0.673469	-0.0204082	0.0283356
0.673469	0.0204082	0.0282832
0.673469	0.0612245	0.0281191
0.673469	0.102041	0.0278439
0.673469	0.142857	0.0274588
0.673469	0.183673	0.0269651
0.673469	0.22449	0.0263647
0.673469	0.265306	0.0256601
0.673469	0.306122	0.024854
0.673469	0.346939	0.0239495
0.673469	0.387755	0.0229502
0.673469	0.428571	0.02186
0.673469	0.469388	0.0206832
0.673469	0.510204	0.0194244
0.673469	0.55102	0.0180887
0.673469	0.591837	0.0166813
0.673469	0.632653	0.0152077
0.673469	0.673469	0.0136738
0.673469	0.714286	0.0120857
0.673469	0.755102	0.0104497
0.673469	0.795918	0.0087722
0.673469	0.836735	0.0070599
0.673469	0.877551	0.00531959
0.673469	0.918367	0.00355816
0.673469	0.959184	0.00178262
0.673469	1	0
0.714286	-1	0.00156938
0.714286	-0.959184	0.0031326
0.714286	-0.918367	0.00468354
0.714286	-0.877551	0.00621611
0.714286	-0.836735	0.00772429
0.714286	-0.795918	0.00920217
0.714286	-0.755102	0.0106439
0.714286	-0.714286	0.0120439
0.714286	-0.673469	0.0133967
0.714286	-0.632653	0.0146968
0.714286	-0.591837	0.0159392
0.714286	-0.55102	0.017119
0.714286	-0.510204	0.0182316
0.714286	-0.469388	0.0192725
0.714286	-0.428571	0.0202376
0.714286	-0.387755	0.0211232
0.714286	-0.346939	0.0219256
0.714286	-0.306122	0.0226418
0.714286	-0.265306	0.0232688
0.714286	-0.22449	0.0238042
0.714286	-0.183673	0.0242458
0.714286	-0.142857	0.0245919
0.714286	-0.102041	0.024841
0.714286	-0.0612245	0.0249921
0.714286	-0.0204082	0.0250446
0.714286	0.0204082	0.0249983
0.714286	0.0612245	0.0248533
0.714286	0.102041	0.0246101
0.714286	0.142857	0.0242697
0.714286	0.183673	0.0238333
0.714286	0.22449	0.0233027
0.714286	0.265306	0.0226799
0.714286	0.306122	0.0219674
0.714286	0.346939	0.021168
0.714286	0.387755	0.0202847
0.714286	0.428571	0.0193211
0.714286	0.469388	0.018281
0.714286	0.510204	0.0171684
0.714286	0.55102	0.0159879
0.714286	0.591837	0.0147439
0.714286	0.632653	0.0134415
0.714286	0.673469	0.0120857
0.714286	0.714286	0.0106821
0.714286	0.755102	0.00923606
0.714286	0.795918	0.00775339
0.714286	0.836735	0.00623996
0.714286	0.877551	0.00470176
0.714286	0.918367	0.00314491
0.714286	0.959184	0.00157558
0.714286	1	0
0.755102	-1	0.00135693
0.755102	-0.959184	0.00270854
0.755102	-0.918367	0.00404953
0.755102	-0.877551	0.00537464
0.755102	-0.836735	0.00667866
0.755102	-0.795918	0.00795648
0.755102	-0.755102	0.00920308
0.755102	-0.714286	0.0104136
0.755102	-0.673469	0.0115832
0.755102	-0.632653	0.0127073
0.755102	-0.591837	0.0137815
0.755102	-0.55102	0.0148016
0.755102	-0.510204	0.0157636
0.755102	-0.469388	0.0166636
0.755102	-0.428571	0.0174981
0.755102	-0.387755	0.0182637
0.755102	-0.346939	0.0189576
0.755102	-0.306122	0.0195768
0.755102	-0.265306	0.0201189
0.755102	-0.22449	0.0205818
0.755102	-0.183673	0.0209637
0.755102	-0.142857	0.0212629
0.755102	-0.102041	0.0214783
0.755102	-0.0612245	0.0216089
0.755102	-0.0204082	0.0216544
0.755102	0.0204082	0.0216143
0.755102	0.0612245	0.0214889
0.755102	0.102041	0.0212786
0.755102	0.142857	0.0209843
0.755102	0.183673	0.020607
0.755102	0.22449	0.0201482
0.755102	0.265306	0.0196098
0.755102	0.306122	0.0189937
0.755102	0.346939	0.0183025
0.755102	0.387755	0.0175388
0.755102	0.428571	0.0167056
0.755102	0.469388	0.0158063
0.755102	0.510204	0.0148444
0.755102	0.55102	0.0138236
0.755102	0.591837	0.012748
0.755102	0.632653	0.0116219
0.755102	0.673469	0.0104497
0.755102	0.714286	0.00923606
0.755102	0.755102	0.00798578
0.755102	0.795918	0.00670382
0.755102	0.836735	0.00539526
0.755102	0.877551	0.00406529
0.755102	0.918367	0.00271919
0.755102	0.959184	0.0013623
0.755102	1	0
0.795918	-1	0.0011391
0.795918	-0.959184	0.00227374
0.795918	-0.918367	0.00339946
0.795918	-0.877551	0.00451184
0.795918	-0.836735	0.00560653
0.795918	-0.795918	0.00667922
0.795918	-0.755102	0.0077257
0.795918	-0.714286	0.00874187
0.795918	-0.673469	0.00972372
0.795918	-0.632653	0.0106674
0.795918	-0.591837	0.0115692
0.795918	-0.55102	0.0124255
0.795918	-0.510204	0.0132331
0.795918	-0.469388	0.0139886
0.795918	-0.428571	0.0146891
0.795918	-0.387755	0.0153318
0.795918	-0.346939	0.0159143
0.795918	-0.306122	0.0164341
0.795918	-0.265306	0.0168892
0.795918	-0.22449	0.0172778
0.795918	-0.183673	0.0175984
0.795918	-0.142857	0.0178495
0.795918	-0.102041	0.0180304
0.795918	-0.0612245	0.0181401
0.795918	-0.0204082	0.0181782
0.795918	0.0204082	0.0181446
0.795918	0.0612245	0.0180393
0.795918	0.102041	0.0178628
0.795918	0.142857	0.0176157
0.795918	0.183673	0.0172989
0.795918	0.22449	0.0169138
0.795918	0.265306	0.0164618
0.795918	0.306122	0.0159446
0.795918	0.346939	0.0153644
0.795918	0.387755	0.0147233
0.795918	0.428571	0.0140239
0.795918	0.469388	0.0132689
0.795918	0.510204	0.0124614
0.795918	0.55102	0.0116045
0.795918	0.591837	0.0107016
0.795918	0.632653	0.00975623
0.795918	0.673469	0.0087722
0.795918	0.714286	0.00775339
0.795918	0.755102	0.00670382
0.795918	0.795918	0.00562765
0.795918	0.836735	0.00452915
0.795918	0.877551	0.00341268
0.795918	0.918367	0.00228267
0.795918	0.959184	0.00114361
0.795918	1	0
0.836735	-1	0.000916755
0.836735	-0.959184	0.00182991
0.836735	-0.918367	0.0027359
0.836735	-0.877551	0.00363115
0.836735	-0.836735	0.00451216
0.836735	-0.795918	0.00537546
0.836735	-0.755102	0.00621768
0.836735	-0.714286	0.00703549
0.836735	-0.673469	0.00782569
0.836735	-0.632653	0.00858516
0.836735	-0.591837	0.00931092
0.836735	-0.55102	0.0100001
0.836735	-0.510204	0.01065
0.836735	-0.469388	0.0112581
0.836735	-0.428571	0.0118218
0.836735	-0.387755	0.0123391
0.836735	-0.346939	0.0128079
0.836735	-0.306122	0.0132262
0.836735	-0.265306	0.0135925
0.836735	-0.22449	0.0139053
0.836735	-0.183673	0.0141632
0.836735	-0.142857	0.0143654
0.836735	-0.102041	0.0145109
0.836735	-0.0612245	0.0145992
0.836735	-0.0204082	0.0146299
0.836735	0.0204082	0.0146028
0.836735	0.0612245	0.0145181
0.836735	0.102041	0.014376
0.836735	0.142857	0.0141772
0.836735	0.183673	0.0139223
0.836735	0.22449	0.0136123
0.836735	0.265306	0.0132485
0.836735	0.306122	0.0128323
0.836735	0.346939	0.0123653
0.836735	0.387755	0.0118493
0.836735	0.428571	0.0112865
0.836735	0.469388	0.0106789
0.836735	0.510204	0.010029
0.836735	0.55102	0.00933933
0.836735	0.591837	0.00861266
0.836735	0.632653	0.00785185
0.836735	0.673469	0.0070599
0.836735	0.714286	0.00623996
0.836735	0.755102	0.00539526
0.836735	0.795918	0.00452915
0.836735	0.836735	0.00364508
0.836735	0.877551	0.00274654
0.836735	0.918367	0.00183711
0.836735	0.959184	0.000920379
0.836735	1	0
0.877551	-1	0.000690768
0.877551	-0.959184	0.00137883
0.877551	-0.918367	0.00206148
0.877551	-0.877551	0.00273604
0.877551	-0.836735	0.00339988
0.877551	-0.795918	0.00405037
0.877551	-0.755102	0.00468498
0.877551	-0.714286	0.00530119
0.877551	-0.673469	0.0058966
0.877551	-0.632653	0.00646886
0.877551	-0.591837	0.00701572
0.877551	-0.55102	0.00753502
0.877551	-0.510204	0.00802471
0.877551	-0.469388	0.00848286
0.877551	-0.428571	0.00890767
0.877551	-0.387755	0.00929745
0.877551	-0.346939	0.00965065
0.877551	-0.306122	0.00996587
0.877551	-0.265306	0.0102419
0.877551	-0.22449	0.0104775
0.877551	-0.183673	0.0106719
0.877551	-0.142857	0.0108242
0.877551	-0.102041	0.0109339
0.877551	-0.0612245	0.0110004
0.877551	-0.0204082	0.0110235
0.877551	0.0204082	0.0110031
0.877551	0.0612245	0.0109393
0.877551	0.102041	0.0108322
0.877551	0.142857	0.0106824
0.877551	0.183673	0.0104903
0.877551	0.22449	0.0102568
0.877551	0.265306	0.00998266
0.877551	0.306122	0.00966904
0.877551	0.346939	0.00931716
0.877551	0.387755	0.00892839
0.877551	0.428571	0.00850427
0.877551	0.469388	0.00804645
0.877551	0.510204	0.00755676
0.877551	0.55102	0.00703712
0.877551	0.591837	0.00648958
0.877551	0.632653	0.00591631
0.877551	0.673469	0.00531959
0.877551	0.714286	0.00470176
0.877551	0.755102	0.00406529
0.877551	0.795918	0.00341268
0.877551	0.836735	0.00274654
0.877551	0.877551	0.0020695
0.877551	0.918367	0.00138425
0.877551	0.959184	0.000693499
0.877551	1	0
0.918367	-1	0.000462041
0.918367	-0.959184	0.00092227
0.918367	-0.918367	0.00137888
0.918367	-0.877551	0.00183008
0.918367	-0.836735	0.00227411
0.918367	-0.795918	0.00270921
0.918367	-0.755102	0.00313368
0.918367	-0.714286	0.00354586
0.918367	-0.673469	0.00394412
0.918367	-0.632653	0.00432689
0.918367	-0.591837	0.00469267
0.918367	-0.55102	0.00504002
0.918367	-0.510204	0.00536756
0.918367	-0.469388	0.00567401
0.918367	-0.428571	0.00595816
0.918367	-0.387755	0.00621887
0.918367	-0.346939	0.00645512
0.918367	-0.306122	0.00666597
0.918367	-0.265306	0.00685057
0.918367	-0.22449	0.0070082
0.918367	-0.183673	0.00713821
0.918367	-0.142857	0.0072401
0.918367	-0.102041	0.00731344
0.918367	-0.0612245	0.00735793
0.918367	-0.0204082	0.00737339
0.918367	0.0204082	0.00735976
0.918367	0.0612245	0.00731706
0.918367	0.102041	0.00724546
0.918367	0.142857	0.00714523
0.918367	0.183673	0.00701676
0.918367	0.22449	0.00686055
0.918367	0.265306	0.0066772
0.918367	0.306122	0.00646743
0.918367	0.346939	0.00623206
0.918367	0.387755	0.00597202
0.918367	0.428571	0.00568833
0.918367	0.469388	0.00538211
0.918367	0.510204	0.00505456
0.918367	0.55102	0.00470698
0.918367	0.591837	0.00434075
0.918367	0.632653	0.0039573
0.918367	0.673469	0.00355816
0.918367	0.714286	0.00314491
0.918367	0.755102	0.00271919
0.918367	0.795918	0.00228267
0.918367	0.836735	0.00183711
0.918367	0.877551	0.00138425
0.918367	0.918367	0.000925894
0.918367	0.959184	0.000463867
0.918367	1	0
0.959184	-1	0.00023148
0.959184	-0.959184	0.000462052
0.959184	-0.918367	0.000690811
0.959184	-0.877551	0.000916862
0.959184	-0.836735	0.00113932
0.959184	-0.795918	0.0013573
0.959184	-0.755102	0.00156996
0.959184	-0.714286	0.00177645
0.959184	-0.673469	0.00197598
0.959184	-0.632653	0.00216775
0.959184	-0.591837	0.002351
0.959184	-0.55102	0.00252502
0.959184	-0.510204	0.00268912
0.959184	-0.469388	0.00284265
0.959184	-0.428571	0.002985
0.959184	-0.387755	0.00311562
0.959184	-0.346939	0.00323398
0.959184	-0.306122	0.00333961
0.959184	-0.265306	0.0034321
0.959184	-0.22449	0.00351106
0.959184	-0.183673	0.0035762
0.959184	-0.142857	0.00362725
0.959184	-0.102041	0.00366399
0.959184	-0.0612245	0.00368628
0.959184	-0.0204082	0.00369403
0.959184	0.0204082	0.00368719
0.959184	0.0612245	0.0036658
0.959184	0.102041	0.00362993
0.959184	0.142857	0.00357972
0.959184	0.183673	0.00351536
0.959184	0.22449	0.00343709
0.959184	0.265306	0.00334524
0.959184	0.306122	0.00324014
0.959184	0.346939	0.00312222
0.959184	0.387755	0.00299195
0.959184	0.428571	0.00284982
0.959184	0.469388	0.0026964
0.959184	0.510204	0.00253231
0.959184	0.55102	0.00235817
0.959184	0.591837	0.00217469
0.959184	0.632653	0.00198259
0.959184	0.673469	0.00178262
0.959184	0.714286	0.00157558
0.959184	0.755102	0.0013623
0.959184	0.795918	0.00114361
0.959184	0.836735	0.000920379
0.959184	0.877551	0.000693499
0.959184	0.918367	0.000463867
0.959184	0.959184	0.000232395
0.959184	1	0
1	-1	0
1	-0.959184	0
1	-0.918367	0
1	-0.877551	0
1	-0.836735	0
1	-0.795918	0
1	-0.755102	0
1	-0.714286	0
1	-0.673469	0
1	-0.632653	0
1	-0.591837	0
1	-0.55102	0
1	-0.510204	0
1	-0.469388	0
1	-0.428571	0
1	-0.387755	0
1	-0.346939	0
1	-0.306122	0
1	-0.265306	0
1	-0.22449	0
1	-0.183673	0
1	-0.142857	0
1	-0.102041	0
1	-0.0612245	0
1	-0.0204082	0
1	0.0204082	0
1	0.0612245	0
1	0.102041	0
1	0.142857	0
1	0.183673	0
1	0.22449	0
1	0.265306	0
1	0.306122	0
1	0.346939	0
1	0.387755	0
1	0.428571	0
1	0.469388	0
1	0.510204	0
1	0.55102	0
1	0.591837	0
1	0.632653	0
1	0.673469	0
1	0.714286	0
1	0.755102	0
1	0.795918	0
1	0.836735	0
1	0.877551	0
1	0.918367	0
1	0.959184	0
1	1	0
