0    0
0.001    0.001
0.002    0.002
0.003    0.003
0.004    0.00399999
0.005    0.00499998
0.006    0.00599996
0.007    0.00699994
0.008    0.00799991
0.009    0.00899988
0.01    0.00999983
0.011    0.0109998
0.012    0.0119997
0.013    0.0129996
0.014    0.0139995
0.015    0.0149994
0.016    0.0159993
0.017    0.0169992
0.018    0.017999
0.019    0.0189989
0.02    0.0199987
0.021    0.0209985
0.022    0.0219982
0.023    0.022998
0.024    0.0239977
0.025    0.0249974
0.026    0.0259971
0.027    0.0269967
0.028    0.0279963
0.029    0.0289959
0.03    0.0299955
0.031    0.030995
0.032    0.0319945
0.033    0.032994
0.034    0.0339934
0.035    0.0349929
0.036    0.0359922
0.037    0.0369916
0.038    0.0379909
0.039    0.0389901
0.04    0.0399893
0.041    0.0409885
0.042    0.0419877
0.043    0.0429868
0.044    0.0439858
0.045    0.0449848
0.046    0.0459838
0.047    0.0469827
0.048    0.0479816
0.049    0.0489804
0.05    0.0499792
0.051    0.0509779
0.052    0.0519766
0.053    0.0529752
0.054    0.0539738
0.055    0.0549723
0.056    0.0559707
0.057    0.0569691
0.058    0.0579675
0.059    0.0589658
0.06    0.059964
0.061    0.0609622
0.062    0.0619603
0.063    0.0629583
0.064    0.0639563
0.065    0.0649542
0.066    0.0659521
0.067    0.0669499
0.068    0.0679476
0.069    0.0689453
0.07    0.0699428
0.071    0.0709404
0.072    0.0719378
0.073    0.0729352
0.074    0.0739325
0.075    0.0749297
0.076    0.0759269
0.077    0.0769239
0.078    0.0779209
0.079    0.0789179
0.08    0.0799147
0.081    0.0809115
0.082    0.0819081
0.083    0.0829047
0.084    0.0839013
0.085    0.0848977
0.086    0.085894
0.087    0.0868903
0.088    0.0878865
0.089    0.0888826
0.09    0.0898785
0.091    0.0908745
0.092    0.0918703
0.093    0.092866
0.094    0.0938616
0.095    0.0948572
0.096    0.0958526
0.097    0.096848
0.098    0.0978432
0.099    0.0988384
0.1    0.0998334
0.101    0.100828
0.102    0.101823
0.103    0.102818
0.104    0.103813
0.105    0.104807
0.106    0.105802
0.107    0.106796
0.108    0.10779
0.109    0.108784
0.11    0.109778
0.111    0.110772
0.112    0.111766
0.113    0.11276
0.114    0.113753
0.115    0.114747
0.116    0.11574
0.117    0.116733
0.118    0.117726
0.119    0.118719
0.12    0.119712
0.121    0.120705
0.122    0.121698
0.123    0.12269
0.124    0.123682
0.125    0.124675
0.126    0.125667
0.127    0.126659
0.128    0.127651
0.129    0.128643
0.13    0.129634
0.131    0.130626
0.132    0.131617
0.133    0.132608
0.134    0.133599
0.135    0.13459
0.136    0.135581
0.137    0.136572
0.138    0.137562
0.139    0.138553
0.14    0.139543
0.141    0.140533
0.142    0.141523
0.143    0.142513
0.144    0.143503
0.145    0.144492
0.146    0.145482
0.147    0.146471
0.148    0.14746
0.149    0.148449
0.15    0.149438
0.151    0.150427
0.152    0.151415
0.153    0.152404
0.154    0.153392
0.155    0.15438
0.156    0.155368
0.157    0.156356
0.158    0.157343
0.159    0.158331
0.16    0.159318
0.161    0.160305
0.162    0.161292
0.163    0.162279
0.164    0.163266
0.165    0.164252
0.166    0.165239
0.167    0.166225
0.168    0.167211
0.169    0.168197
0.17    0.169182
0.171    0.170168
0.172    0.171153
0.173    0.172138
0.174    0.173123
0.175    0.174108
0.176    0.175093
0.177    0.176077
0.178    0.177062
0.179    0.178046
0.18    0.17903
0.181    0.180013
0.182    0.180997
0.183    0.18198
0.184    0.182964
0.185    0.183947
0.186    0.184929
0.187    0.185912
0.188    0.186895
0.189    0.187877
0.19    0.188859
0.191    0.189841
0.192    0.190823
0.193    0.191804
0.194    0.192785
0.195    0.193767
0.196    0.194747
0.197    0.195728
0.198    0.196709
0.199    0.197689
0.2    0.198669
0.201    0.199649
0.202    0.200629
0.203    0.201609
0.204    0.202588
0.205    0.203567
0.206    0.204546
0.207    0.205525
0.208    0.206503
0.209    0.207482
0.21    0.20846
0.211    0.209438
0.212    0.210416
0.213    0.211393
0.214    0.21237
0.215    0.213347
0.216    0.214324
0.217    0.215301
0.218    0.216277
0.219    0.217254
0.22    0.21823
0.221    0.219205
0.222    0.220181
0.223    0.221156
0.224    0.222131
0.225    0.223106
0.226    0.224081
0.227    0.225056
0.228    0.22603
0.229    0.227004
0.23    0.227978
0.231    0.228951
0.232    0.229924
0.233    0.230897
0.234    0.23187
0.235    0.232843
0.236    0.233815
0.237    0.234788
0.238    0.235759
0.239    0.236731
0.24    0.237703
0.241    0.238674
0.242    0.239645
0.243    0.240616
0.244    0.241586
0.245    0.242556
0.246    0.243526
0.247    0.244496
0.248    0.245466
0.249    0.246435
0.25    0.247404
0.251    0.248373
0.252    0.249341
0.253    0.25031
0.254    0.251278
0.255    0.252245
0.256    0.253213
0.257    0.25418
0.258    0.255147
0.259    0.256114
0.26    0.257081
0.261    0.258047
0.262    0.259013
0.263    0.259979
0.264    0.260944
0.265    0.261909
0.266    0.262874
0.267    0.263839
0.268    0.264803
0.269    0.265768
0.27    0.266731
0.271    0.267695
0.272    0.268658
0.273    0.269622
0.274    0.270584
0.275    0.271547
0.276    0.272509
0.277    0.273471
0.278    0.274433
0.279    0.275394
0.28    0.276356
0.281    0.277317
0.282    0.278277
0.283    0.279238
0.284    0.280198
0.285    0.281157
0.286    0.282117
0.287    0.283076
0.288    0.284035
0.289    0.284994
0.29    0.285952
0.291    0.28691
0.292    0.287868
0.293    0.288826
0.294    0.289783
0.295    0.29074
0.296    0.291697
0.297    0.292653
0.298    0.293609
0.299    0.294565
0.3    0.29552
0.301    0.296475
0.302    0.29743
0.303    0.298385
0.304    0.299339
0.305    0.300293
0.306    0.301247
0.307    0.3022
0.308    0.303153
0.309    0.304106
0.31    0.305059
0.311    0.306011
0.312    0.306963
0.313    0.307914
0.314    0.308866
0.315    0.309816
0.316    0.310767
0.317    0.311717
0.318    0.312667
0.319    0.313617
0.32    0.314567
0.321    0.315516
0.322    0.316464
0.323    0.317413
0.324    0.318361
0.325    0.319309
0.326    0.320256
0.327    0.321203
0.328    0.32215
0.329    0.323097
0.33    0.324043
0.331    0.324989
0.332    0.325934
0.333    0.32688
0.334    0.327825
0.335    0.328769
0.336    0.329713
0.337    0.330657
0.338    0.331601
0.339    0.332544
0.34    0.333487
0.341    0.33443
0.342    0.335372
0.343    0.336314
0.344    0.337255
0.345    0.338197
0.346    0.339138
0.347    0.340078
0.348    0.341018
0.349    0.341958
0.35    0.342898
0.351    0.343837
0.352    0.344776
0.353    0.345714
0.354    0.346653
0.355    0.34759
0.356    0.348528
0.357    0.349465
0.358    0.350402
0.359    0.351338
0.36    0.352274
0.361    0.35321
0.362    0.354145
0.363    0.35508
0.364    0.356015
0.365    0.356949
0.366    0.357883
0.367    0.358817
0.368    0.35975
0.369    0.360683
0.37    0.361615
0.371    0.362548
0.372    0.363479
0.373    0.364411
0.374    0.365342
0.375    0.366273
0.376    0.367203
0.377    0.368133
0.378    0.369062
0.379    0.369992
0.38    0.37092
0.381    0.371849
0.382    0.372777
0.383    0.373705
0.384    0.374632
0.385    0.375559
0.386    0.376486
0.387    0.377412
0.388    0.378338
0.389    0.379263
0.39    0.380188
0.391    0.381113
0.392    0.382037
0.393    0.382961
0.394    0.383885
0.395    0.384808
0.396    0.385731
0.397    0.386653
0.398    0.387575
0.399    0.388497
0.4    0.389418
0.401    0.390339
0.402    0.39126
0.403    0.39218
0.404    0.393099
0.405    0.394019
0.406    0.394938
0.407    0.395856
0.408    0.396774
0.409    0.397692
0.41    0.398609
0.411    0.399526
0.412    0.400443
0.413    0.401359
0.414    0.402275
0.415    0.40319
0.416    0.404105
0.417    0.405019
0.418    0.405933
0.419    0.406847
0.42    0.40776
0.421    0.408673
0.422    0.409586
0.423    0.410498
0.424    0.41141
0.425    0.412321
0.426    0.413232
0.427    0.414142
0.428    0.415052
0.429    0.415962
0.43    0.416871
0.431    0.41778
0.432    0.418688
0.433    0.419596
0.434    0.420503
0.435    0.42141
0.436    0.422317
0.437    0.423223
0.438    0.424129
0.439    0.425035
0.44    0.425939
0.441    0.426844
0.442    0.427748
0.443    0.428652
0.444    0.429555
0.445    0.430458
0.446    0.43136
0.447    0.432262
0.448    0.433164
0.449    0.434065
0.45    0.434966
0.451    0.435866
0.452    0.436766
0.453    0.437665
0.454    0.438564
0.455    0.439462
0.456    0.44036
0.457    0.441258
0.458    0.442155
0.459    0.443052
0.46    0.443948
0.461    0.444844
0.462    0.445739
0.463    0.446634
0.464    0.447529
0.465    0.448423
0.466    0.449316
0.467    0.45021
0.468    0.451102
0.469    0.451994
0.47    0.452886
0.471    0.453778
0.472    0.454669
0.473    0.455559
0.474    0.456449
0.475    0.457338
0.476    0.458228
0.477    0.459116
0.478    0.460004
0.479    0.460892
0.48    0.461779
0.481    0.462666
0.482    0.463552
0.483    0.464438
0.484    0.465323
0.485    0.466208
0.486    0.467093
0.487    0.467977
0.488    0.46886
0.489    0.469743
0.49    0.470626
0.491    0.471508
0.492    0.47239
0.493    0.473271
0.494    0.474151
0.495    0.475032
0.496    0.475911
0.497    0.476791
0.498    0.477669
0.499    0.478548
0.5    0.479426
0.501    0.480303
0.502    0.48118
0.503    0.482056
0.504    0.482932
0.505    0.483807
0.506    0.484682
0.507    0.485557
0.508    0.486431
0.509    0.487304
0.51    0.488177
0.511    0.48905
0.512    0.489922
0.513    0.490793
0.514    0.491664
0.515    0.492535
0.516    0.493405
0.517    0.494274
0.518    0.495144
0.519    0.496012
0.52    0.49688
0.521    0.497748
0.522    0.498615
0.523    0.499481
0.524    0.500347
0.525    0.501213
0.526    0.502078
0.527    0.502943
0.528    0.503807
0.529    0.50467
0.53    0.505533
0.531    0.506396
0.532    0.507258
0.533    0.508119
0.534    0.508981
0.535    0.509841
0.536    0.510701
0.537    0.511561
0.538    0.51242
0.539    0.513278
0.54    0.514136
0.541    0.514993
0.542    0.51585
0.543    0.516707
0.544    0.517563
0.545    0.518418
0.546    0.519273
0.547    0.520127
0.548    0.520981
0.549    0.521834
0.55    0.522687
0.551    0.523539
0.552    0.524391
0.553    0.525242
0.554    0.526093
0.555    0.526943
0.556    0.527793
0.557    0.528642
0.558    0.529491
0.559    0.530339
0.56    0.531186
0.561    0.532033
0.562    0.53288
0.563    0.533726
0.564    0.534571
0.565    0.535416
0.566    0.53626
0.567    0.537104
0.568    0.537947
0.569    0.53879
0.57    0.539632
0.571    0.540474
0.572    0.541315
0.573    0.542155
0.574    0.542995
0.575    0.543835
0.576    0.544674
0.577    0.545512
0.578    0.54635
0.579    0.547187
0.58    0.548024
0.581    0.54886
0.582    0.549696
0.583    0.550531
0.584    0.551365
0.585    0.552199
0.586    0.553033
0.587    0.553866
0.588    0.554698
0.589    0.55553
0.59    0.556361
0.591    0.557192
0.592    0.558022
0.593    0.558851
0.594    0.55968
0.595    0.560509
0.596    0.561337
0.597    0.562164
0.598    0.562991
0.599    0.563817
0.6    0.564642
0.601    0.565468
0.602    0.566292
0.603    0.567116
0.604    0.567939
0.605    0.568762
0.606    0.569584
0.607    0.570406
0.608    0.571227
0.609    0.572048
0.61    0.572867
0.611    0.573687
0.612    0.574506
0.613    0.575324
0.614    0.576141
0.615    0.576959
0.616    0.577775
0.617    0.578591
0.618    0.579406
0.619    0.580221
0.62    0.581035
0.621    0.581849
0.622    0.582662
0.623    0.583474
0.624    0.584286
0.625    0.585097
0.626    0.585908
0.627    0.586718
0.628    0.587528
0.629    0.588336
0.63    0.589145
0.631    0.589952
0.632    0.59076
0.633    0.591566
0.634    0.592372
0.635    0.593178
0.636    0.593982
0.637    0.594786
0.638    0.59559
0.639    0.596393
0.64    0.597195
0.641    0.597997
0.642    0.598798
0.643    0.599599
0.644    0.600399
0.645    0.601198
0.646    0.601997
0.647    0.602795
0.648    0.603593
0.649    0.60439
0.65    0.605186
0.651    0.605982
0.652    0.606777
0.653    0.607572
0.654    0.608366
0.655    0.609159
0.656    0.609952
0.657    0.610744
0.658    0.611536
0.659    0.612327
0.66    0.613117
0.661    0.613907
0.662    0.614696
0.663    0.615484
0.664    0.616272
0.665    0.617059
0.666    0.617846
0.667    0.618632
0.668    0.619417
0.669    0.620202
0.67    0.620986
0.671    0.621769
0.672    0.622552
0.673    0.623335
0.674    0.624116
0.675    0.624897
0.676    0.625678
0.677    0.626457
0.678    0.627237
0.679    0.628015
0.68    0.628793
0.681    0.62957
0.682    0.630347
0.683    0.631123
0.684    0.631898
0.685    0.632673
0.686    0.633447
0.687    0.634221
0.688    0.634993
0.689    0.635766
0.69    0.636537
0.691    0.637308
0.692    0.638078
0.693    0.638848
0.694    0.639617
0.695    0.640385
0.696    0.641153
0.697    0.64192
0.698    0.642687
0.699    0.643453
0.7    0.644218
0.701    0.644982
0.702    0.645746
0.703    0.646509
0.704    0.647272
0.705    0.648034
0.706    0.648795
0.707    0.649556
0.708    0.650316
0.709    0.651075
0.71    0.651834
0.711    0.652592
0.712    0.653349
0.713    0.654106
0.714    0.654862
0.715    0.655617
0.716    0.656372
0.717    0.657126
0.718    0.65788
0.719    0.658633
0.72    0.659385
0.721    0.660136
0.722    0.660887
0.723    0.661637
0.724    0.662387
0.725    0.663135
0.726    0.663884
0.727    0.664631
0.728    0.665378
0.729    0.666124
0.73    0.66687
0.731    0.667614
0.732    0.668359
0.733    0.669102
0.734    0.669845
0.735    0.670587
0.736    0.671329
0.737    0.672069
0.738    0.67281
0.739    0.673549
0.74    0.674288
0.741    0.675026
0.742    0.675763
0.743    0.6765
0.744    0.677236
0.745    0.677972
0.746    0.678707
0.747    0.679441
0.748    0.680174
0.749    0.680907
0.75    0.681639
0.751    0.68237
0.752    0.683101
0.753    0.683831
0.754    0.68456
0.755    0.685289
0.756    0.686017
0.757    0.686744
0.758    0.68747
0.759    0.688196
0.76    0.688921
0.761    0.689646
0.762    0.69037
0.763    0.691093
0.764    0.691815
0.765    0.692537
0.766    0.693258
0.767    0.693978
0.768    0.694698
0.769    0.695417
0.77    0.696135
0.771    0.696853
0.772    0.69757
0.773    0.698286
0.774    0.699001
0.775    0.699716
0.776    0.70043
0.777    0.701144
0.778    0.701856
0.779    0.702568
0.78    0.703279
0.781    0.70399
0.782    0.7047
0.783    0.705409
0.784    0.706117
0.785    0.706825
0.786    0.707532
0.787    0.708239
0.788    0.708944
0.789    0.709649
0.79    0.710353
0.791    0.711057
0.792    0.71176
0.793    0.712462
0.794    0.713163
0.795    0.713864
0.796    0.714564
0.797    0.715263
0.798    0.715961
0.799    0.716659
0.8    0.717356
0.801    0.718052
0.802    0.718748
0.803    0.719443
0.804    0.720137
0.805    0.720831
0.806    0.721523
0.807    0.722215
0.808    0.722907
0.809    0.723597
0.81    0.724287
0.811    0.724976
0.812    0.725665
0.813    0.726352
0.814    0.727039
0.815    0.727726
0.816    0.728411
0.817    0.729096
0.818    0.72978
0.819    0.730463
0.82    0.731146
0.821    0.731828
0.822    0.732509
0.823    0.733189
0.824    0.733869
0.825    0.734548
0.826    0.735226
0.827    0.735903
0.828    0.73658
0.829    0.737256
0.83    0.737931
0.831    0.738606
0.832    0.73928
0.833    0.739953
0.834    0.740625
0.835    0.741297
0.836    0.741967
0.837    0.742637
0.838    0.743307
0.839    0.743975
0.84    0.744643
0.841    0.74531
0.842    0.745977
0.843    0.746642
0.844    0.747307
0.845    0.747971
0.846    0.748634
0.847    0.749297
0.848    0.749959
0.849    0.75062
0.85    0.75128
0.851    0.75194
0.852    0.752599
0.853    0.753257
0.854    0.753914
0.855    0.754571
0.856    0.755227
0.857    0.755882
0.858    0.756536
0.859    0.75719
0.86    0.757843
0.861    0.758495
0.862    0.759146
0.863    0.759796
0.864    0.760446
0.865    0.761095
0.866    0.761744
0.867    0.762391
0.868    0.763038
0.869    0.763684
0.87    0.764329
0.871    0.764973
0.872    0.765617
0.873    0.76626
0.874    0.766902
0.875    0.767544
0.876    0.768184
0.877    0.768824
0.878    0.769463
0.879    0.770101
0.88    0.770739
0.881    0.771376
0.882    0.772012
0.883    0.772647
0.884    0.773281
0.885    0.773915
0.886    0.774548
0.887    0.77518
0.888    0.775811
0.889    0.776442
0.89    0.777072
0.891    0.777701
0.892    0.778329
0.893    0.778956
0.894    0.779583
0.895    0.780209
0.896    0.780834
0.897    0.781459
0.898    0.782082
0.899    0.782705
0.9    0.783327
0.901    0.783948
0.902    0.784569
0.903    0.785188
0.904    0.785807
0.905    0.786425
0.906    0.787042
0.907    0.787659
0.908    0.788275
0.909    0.78889
0.91    0.789504
0.911    0.790117
0.912    0.79073
0.913    0.791341
0.914    0.791952
0.915    0.792563
0.916    0.793172
0.917    0.793781
0.918    0.794388
0.919    0.794995
0.92    0.795602
0.921    0.796207
0.922    0.796812
0.923    0.797415
0.924    0.798019
0.925    0.798621
0.926    0.799222
0.927    0.799823
0.928    0.800423
0.929    0.801022
0.93    0.80162
0.931    0.802217
0.932    0.802814
0.933    0.80341
0.934    0.804005
0.935    0.804599
0.936    0.805192
0.937    0.805785
0.938    0.806377
0.939    0.806968
0.94    0.807558
0.941    0.808147
0.942    0.808736
0.943    0.809324
0.944    0.809911
0.945    0.810497
0.946    0.811082
0.947    0.811667
0.948    0.812251
0.949    0.812833
0.95    0.813416
0.951    0.813997
0.952    0.814577
0.953    0.815157
0.954    0.815736
0.955    0.816314
0.956    0.816891
0.957    0.817467
0.958    0.818043
0.959    0.818618
0.96    0.819192
0.961    0.819765
0.962    0.820337
0.963    0.820908
0.964    0.821479
0.965    0.822049
0.966    0.822618
0.967    0.823186
0.968    0.823753
0.969    0.82432
0.97    0.824886
0.971    0.825451
0.972    0.826015
0.973    0.826578
0.974    0.82714
0.975    0.827702
0.976    0.828263
0.977    0.828823
0.978    0.829382
0.979    0.82994
0.98    0.830497
0.981    0.831054
0.982    0.83161
0.983    0.832165
0.984    0.832719
0.985    0.833272
0.986    0.833825
0.987    0.834376
0.988    0.834927
0.989    0.835477
0.99    0.836026
0.991    0.836574
0.992    0.837122
0.993    0.837668
0.994    0.838214
0.995    0.838759
0.996    0.839303
0.997    0.839846
0.998    0.840389
0.999    0.84093
1    0.841471
1.001    0.842011
1.002    0.84255
1.003    0.843088
1.004    0.843625
1.005    0.844162
1.006    0.844698
1.007    0.845232
1.008    0.845766
1.009    0.8463
1.01    0.846832
1.011    0.847363
1.012    0.847894
1.013    0.848424
1.014    0.848953
1.015    0.849481
1.016    0.850008
1.017    0.850534
1.018    0.85106
1.019    0.851584
1.02    0.852108
1.021    0.852631
1.022    0.853153
1.023    0.853674
1.024    0.854195
1.025    0.854714
1.026    0.855233
1.027    0.855751
1.028    0.856268
1.029    0.856784
1.03    0.857299
1.031    0.857813
1.032    0.858327
1.033    0.85884
1.034    0.859351
1.035    0.859862
1.036    0.860372
1.037    0.860882
1.038    0.86139
1.039    0.861898
1.04    0.862404
1.041    0.86291
1.042    0.863415
1.043    0.863919
1.044    0.864422
1.045    0.864925
1.046    0.865426
1.047    0.865927
1.048    0.866426
1.049    0.866925
1.05    0.867423
1.051    0.86792
1.052    0.868417
1.053    0.868912
1.054    0.869407
1.055    0.8699
1.056    0.870393
1.057    0.870885
1.058    0.871376
1.059    0.871866
1.06    0.872355
1.061    0.872844
1.062    0.873331
1.063    0.873818
1.064    0.874304
1.065    0.874789
1.066    0.875273
1.067    0.875756
1.068    0.876239
1.069    0.87672
1.07    0.877201
1.071    0.87768
1.072    0.878159
1.073    0.878637
1.074    0.879114
1.075    0.87959
1.076    0.880065
1.077    0.88054
1.078    0.881013
1.079    0.881486
1.08    0.881958
1.081    0.882429
1.082    0.882899
1.083    0.883368
1.084    0.883836
1.085    0.884303
1.086    0.88477
1.087    0.885235
1.088    0.8857
1.089    0.886164
1.09    0.886627
1.091    0.887089
1.092    0.88755
1.093    0.88801
1.094    0.88847
1.095    0.888928
1.096    0.889386
1.097    0.889843
1.098    0.890298
1.099    0.890753
1.1    0.891207
1.101    0.891661
1.102    0.892113
1.103    0.892564
1.104    0.893015
1.105    0.893464
1.106    0.893913
1.107    0.894361
1.108    0.894808
1.109    0.895254
1.11    0.895699
1.111    0.896143
1.112    0.896586
1.113    0.897029
1.114    0.89747
1.115    0.897911
1.116    0.898351
1.117    0.898789
1.118    0.899227
1.119    0.899664
1.12    0.9001
1.121    0.900536
1.122    0.90097
1.123    0.901403
1.124    0.901836
1.125    0.902268
1.126    0.902698
1.127    0.903128
1.128    0.903557
1.129    0.903985
1.13    0.904412
1.131    0.904838
1.132    0.905264
1.133    0.905688
1.134    0.906112
1.135    0.906534
1.136    0.906956
1.137    0.907377
1.138    0.907796
1.139    0.908215
1.14    0.908633
1.141    0.909051
1.142    0.909467
1.143    0.909882
1.144    0.910297
1.145    0.91071
1.146    0.911123
1.147    0.911534
1.148    0.911945
1.149    0.912355
1.15    0.912764
1.151    0.913172
1.152    0.913579
1.153    0.913985
1.154    0.914391
1.155    0.914795
1.156    0.915198
1.157    0.915601
1.158    0.916003
1.159    0.916403
1.16    0.916803
1.161    0.917202
1.162    0.9176
1.163    0.917997
1.164    0.918393
1.165    0.918788
1.166    0.919183
1.167    0.919576
1.168    0.919968
1.169    0.92036
1.17    0.920751
1.171    0.92114
1.172    0.921529
1.173    0.921917
1.174    0.922304
1.175    0.92269
1.176    0.923075
1.177    0.923459
1.178    0.923842
1.179    0.924225
1.18    0.924606
1.181    0.924986
1.182    0.925366
1.183    0.925745
1.184    0.926122
1.185    0.926499
1.186    0.926875
1.187    0.92725
1.188    0.927624
1.189    0.927997
1.19    0.928369
1.191    0.92874
1.192    0.92911
1.193    0.92948
1.194    0.929848
1.195    0.930216
1.196    0.930582
1.197    0.930948
1.198    0.931313
1.199    0.931676
1.2    0.932039
1.201    0.932401
1.202    0.932762
1.203    0.933122
1.204    0.933481
1.205    0.933839
1.206    0.934196
1.207    0.934553
1.208    0.934908
1.209    0.935263
1.21    0.935616
1.211    0.935969
1.212    0.93632
1.213    0.936671
1.214    0.937021
1.215    0.937369
1.216    0.937717
1.217    0.938064
1.218    0.93841
1.219    0.938755
1.22    0.939099
1.221    0.939443
1.222    0.939785
1.223    0.940126
1.224    0.940466
1.225    0.940806
1.226    0.941144
1.227    0.941482
1.228    0.941818
1.229    0.942154
1.23    0.942489
1.231    0.942823
1.232    0.943155
1.233    0.943487
1.234    0.943818
1.235    0.944148
1.236    0.944477
1.237    0.944805
1.238    0.945133
1.239    0.945459
1.24    0.945784
1.241    0.946108
1.242    0.946432
1.243    0.946754
1.244    0.947076
1.245    0.947396
1.246    0.947716
1.247    0.948034
1.248    0.948352
1.249    0.948669
1.25    0.948985
1.251    0.949299
1.252    0.949613
1.253    0.949926
1.254    0.950238
1.255    0.950549
1.256    0.950859
1.257    0.951169
1.258    0.951477
1.259    0.951784
1.26    0.95209
1.261    0.952396
1.262    0.9527
1.263    0.953004
1.264    0.953306
1.265    0.953608
1.266    0.953908
1.267    0.954208
1.268    0.954506
1.269    0.954804
1.27    0.955101
1.271    0.955397
1.272    0.955692
1.273    0.955985
1.274    0.956278
1.275    0.95657
1.276    0.956861
1.277    0.957151
1.278    0.957441
1.279    0.957729
1.28    0.958016
1.281    0.958302
1.282    0.958587
1.283    0.958872
1.284    0.959155
1.285    0.959437
1.286    0.959719
1.287    0.959999
1.288    0.960279
1.289    0.960557
1.29    0.960835
1.291    0.961112
1.292    0.961387
1.293    0.961662
1.294    0.961936
1.295    0.962209
1.296    0.96248
1.297    0.962751
1.298    0.963021
1.299    0.96329
1.3    0.963558
1.301    0.963825
1.302    0.964091
1.303    0.964356
1.304    0.96462
1.305    0.964884
1.306    0.965146
1.307    0.965407
1.308    0.965667
1.309    0.965927
1.31    0.966185
1.311    0.966442
1.312    0.966699
1.313    0.966954
1.314    0.967209
1.315    0.967462
1.316    0.967715
1.317    0.967966
1.318    0.968217
1.319    0.968466
1.32    0.968715
1.321    0.968963
1.322    0.96921
1.323    0.969455
1.324    0.9697
1.325    0.969944
1.326    0.970187
1.327    0.970429
1.328    0.970669
1.329    0.970909
1.33    0.971148
1.331    0.971386
1.332    0.971623
1.333    0.971859
1.334    0.972095
1.335    0.972329
1.336    0.972562
1.337    0.972794
1.338    0.973025
1.339    0.973255
1.34    0.973485
1.341    0.973713
1.342    0.97394
1.343    0.974166
1.344    0.974392
1.345    0.974616
1.346    0.97484
1.347    0.975062
1.348    0.975283
1.349    0.975504
1.35    0.975723
1.351    0.975942
1.352    0.976159
1.353    0.976376
1.354    0.976592
1.355    0.976806
1.356    0.97702
1.357    0.977232
1.358    0.977444
1.359    0.977655
1.36    0.977865
1.361    0.978073
1.362    0.978281
1.363    0.978488
1.364    0.978694
1.365    0.978899
1.366    0.979102
1.367    0.979305
1.368    0.979507
1.369    0.979708
1.37    0.979908
1.371    0.980107
1.372    0.980305
1.373    0.980502
1.374    0.980698
1.375    0.980893
1.376    0.981087
1.377    0.98128
1.378    0.981472
1.379    0.981663
1.38    0.981854
1.381    0.982043
1.382    0.982231
1.383    0.982418
1.384    0.982604
1.385    0.982789
1.386    0.982974
1.387    0.983157
1.388    0.983339
1.389    0.983521
1.39    0.983701
1.391    0.98388
1.392    0.984058
1.393    0.984236
1.394    0.984412
1.395    0.984588
1.396    0.984762
1.397    0.984935
1.398    0.985108
1.399    0.985279
1.4    0.98545
1.401    0.985619
1.402    0.985788
1.403    0.985955
1.404    0.986122
1.405    0.986287
1.406    0.986452
1.407    0.986615
1.408    0.986778
1.409    0.98694
1.41    0.9871
1.411    0.98726
1.412    0.987418
1.413    0.987576
1.414    0.987733
1.415    0.987888
1.416    0.988043
1.417    0.988197
1.418    0.988349
1.419    0.988501
1.42    0.988652
1.421    0.988801
1.422    0.98895
1.423    0.989098
1.424    0.989245
1.425    0.989391
1.426    0.989535
1.427    0.989679
1.428    0.989822
1.429    0.989964
1.43    0.990105
1.431    0.990244
1.432    0.990383
1.433    0.990521
1.434    0.990658
1.435    0.990794
1.436    0.990929
1.437    0.991063
1.438    0.991196
1.439    0.991327
1.44    0.991458
1.441    0.991588
1.442    0.991717
1.443    0.991845
1.444    0.991972
1.445    0.992098
1.446    0.992223
1.447    0.992347
1.448    0.99247
1.449    0.992592
1.45    0.992713
1.451    0.992833
1.452    0.992952
1.453    0.99307
1.454    0.993187
1.455    0.993303
1.456    0.993418
1.457    0.993532
1.458    0.993645
1.459    0.993757
1.46    0.993868
1.461    0.993978
1.462    0.994088
1.463    0.994196
1.464    0.994303
1.465    0.994409
1.466    0.994514
1.467    0.994618
1.468    0.994721
1.469    0.994823
1.47    0.994924
1.471    0.995024
1.472    0.995124
1.473    0.995222
1.474    0.995319
1.475    0.995415
1.476    0.99551
1.477    0.995604
1.478    0.995698
1.479    0.99579
1.48    0.995881
1.481    0.995971
1.482    0.99606
1.483    0.996148
1.484    0.996236
1.485    0.996322
1.486    0.996407
1.487    0.996491
1.488    0.996574
1.489    0.996657
1.49    0.996738
1.491    0.996818
1.492    0.996897
1.493    0.996975
1.494    0.997053
1.495    0.997129
1.496    0.997204
1.497    0.997278
1.498    0.997352
1.499    0.997424
1.5    0.997495
1.501    0.997565
1.502    0.997634
1.503    0.997703
1.504    0.99777
1.505    0.997836
1.506    0.997901
1.507    0.997966
1.508    0.998029
1.509    0.998091
1.51    0.998152
1.511    0.998213
1.512    0.998272
1.513    0.99833
1.514    0.998388
1.515    0.998444
1.516    0.998499
1.517    0.998553
1.518    0.998607
1.519    0.998659
1.52    0.99871
1.521    0.99876
1.522    0.99881
1.523    0.998858
1.524    0.998905
1.525    0.998952
1.526    0.998997
1.527    0.999041
1.528    0.999084
1.529    0.999127
1.53    0.999168
1.531    0.999208
1.532    0.999248
1.533    0.999286
1.534    0.999323
1.535    0.999359
1.536    0.999395
1.537    0.999429
1.538    0.999462
1.539    0.999495
1.54    0.999526
1.541    0.999556
1.542    0.999585
1.543    0.999614
1.544    0.999641
1.545    0.999667
1.546    0.999693
1.547    0.999717
1.548    0.99974
1.549    0.999762
1.55    0.999784
1.551    0.999804
1.552    0.999823
1.553    0.999842
1.554    0.999859
1.555    0.999875
1.556    0.999891
1.557    0.999905
1.558    0.999918
1.559    0.99993
1.56    0.999942
1.561    0.999952
1.562    0.999961
1.563    0.99997
1.564    0.999977
1.565    0.999983
1.566    0.999988
1.567    0.999993
1.568    0.999996
1.569    0.999998
1.57    1
1.571    1
1.572    0.999999
1.573    0.999998
1.574    0.999995
1.575    0.999991
1.576    0.999986
1.577    0.999981
1.578    0.999974
1.579    0.999966
1.58    0.999958
1.581    0.999948
1.582    0.999937
1.583    0.999926
1.584    0.999913
1.585    0.999899
1.586    0.999884
1.587    0.999869
1.588    0.999852
1.589    0.999834
1.59    0.999816
1.591    0.999796
1.592    0.999775
1.593    0.999754
1.594    0.999731
1.595    0.999707
1.596    0.999682
1.597    0.999657
1.598    0.99963
1.599    0.999602
1.6    0.999574
1.601    0.999544
1.602    0.999513
1.603    0.999482
1.604    0.999449
1.605    0.999415
1.606    0.99938
1.607    0.999345
1.608    0.999308
1.609    0.99927
1.61    0.999232
1.611    0.999192
1.612    0.999151
1.613    0.99911
1.614    0.999067
1.615    0.999023
1.616    0.998978
1.617    0.998933
1.618    0.998886
1.619    0.998838
1.62    0.99879
1.621    0.99874
1.622    0.998689
1.623    0.998638
1.624    0.998585
1.625    0.998531
1.626    0.998477
1.627    0.998421
1.628    0.998364
1.629    0.998307
1.63    0.998248
1.631    0.998188
1.632    0.998128
1.633    0.998066
1.634    0.998003
1.635    0.99794
1.636    0.997875
1.637    0.997809
1.638    0.997743
1.639    0.997675
1.64    0.997606
1.641    0.997537
1.642    0.997466
1.643    0.997394
1.644    0.997322
1.645    0.997248
1.646    0.997174
1.647    0.997098
1.648    0.997021
1.649    0.996944
1.65    0.996865
1.651    0.996785
1.652    0.996705
1.653    0.996623
1.654    0.996541
1.655    0.996457
1.656    0.996372
1.657    0.996287
1.658    0.9962
1.659    0.996113
1.66    0.996024
1.661    0.995934
1.662    0.995844
1.663    0.995752
1.664    0.99566
1.665    0.995566
1.666    0.995472
1.667    0.995376
1.668    0.995279
1.669    0.995182
1.67    0.995083
1.671    0.994984
1.672    0.994883
1.673    0.994782
1.674    0.994679
1.675    0.994576
1.676    0.994471
1.677    0.994366
1.678    0.994259
1.679    0.994152
1.68    0.994043
1.681    0.993934
1.682    0.993823
1.683    0.993712
1.684    0.993599
1.685    0.993486
1.686    0.993371
1.687    0.993256
1.688    0.99314
1.689    0.993022
1.69    0.992904
1.691    0.992784
1.692    0.992664
1.693    0.992542
1.694    0.99242
1.695    0.992297
1.696    0.992172
1.697    0.992047
1.698    0.991921
1.699    0.991793
1.7    0.991665
1.701    0.991535
1.702    0.991405
1.703    0.991274
1.704    0.991142
1.705    0.991008
1.706    0.990874
1.707    0.990739
1.708    0.990602
1.709    0.990465
1.71    0.990327
1.711    0.990188
1.712    0.990047
1.713    0.989906
1.714    0.989764
1.715    0.989621
1.716    0.989476
1.717    0.989331
1.718    0.989185
1.719    0.989038
1.72    0.98889
1.721    0.988741
1.722    0.98859
1.723    0.988439
1.724    0.988287
1.725    0.988134
1.726    0.98798
1.727    0.987825
1.728    0.987669
1.729    0.987512
1.73    0.987354
1.731    0.987195
1.732    0.987035
1.733    0.986874
1.734    0.986712
1.735    0.986549
1.736    0.986385
1.737    0.98622
1.738    0.986054
1.739    0.985887
1.74    0.985719
1.741    0.98555
1.742    0.98538
1.743    0.98521
1.744    0.985038
1.745    0.984865
1.746    0.984691
1.747    0.984516
1.748    0.98434
1.749    0.984164
1.75    0.983986
1.751    0.983807
1.752    0.983627
1.753    0.983447
1.754    0.983265
1.755    0.983082
1.756    0.982899
1.757    0.982714
1.758    0.982529
1.759    0.982342
1.76    0.982154
1.761    0.981966
1.762    0.981776
1.763    0.981586
1.764    0.981394
1.765    0.981202
1.766    0.981008
1.767    0.980814
1.768    0.980618
1.769    0.980422
1.77    0.980224
1.771    0.980026
1.772    0.979827
1.773    0.979626
1.774    0.979425
1.775    0.979223
1.776    0.97902
1.777    0.978815
1.778    0.97861
1.779    0.978404
1.78    0.978197
1.781    0.977988
1.782    0.977779
1.783    0.977569
1.784    0.977358
1.785    0.977146
1.786    0.976933
1.787    0.976719
1.788    0.976504
1.789    0.976288
1.79    0.976071
1.791    0.975853
1.792    0.975634
1.793    0.975414
1.794    0.975193
1.795    0.974971
1.796    0.974749
1.797    0.974525
1.798    0.9743
1.799    0.974074
1.8    0.973848
1.801    0.97362
1.802    0.973391
1.803    0.973162
1.804    0.972931
1.805    0.972699
1.806    0.972467
1.807    0.972233
1.808    0.971999
1.809    0.971763
1.81    0.971527
1.811    0.97129
1.812    0.971051
1.813    0.970812
1.814    0.970571
1.815    0.97033
1.816    0.970088
1.817    0.969845
1.818    0.9696
1.819    0.969355
1.82    0.969109
1.821    0.968862
1.822    0.968614
1.823    0.968365
1.824    0.968115
1.825    0.967864
1.826    0.967612
1.827    0.967359
1.828    0.967105
1.829    0.96685
1.83    0.966594
1.831    0.966338
1.832    0.96608
1.833    0.965821
1.834    0.965561
1.835    0.965301
1.836    0.965039
1.837    0.964777
1.838    0.964513
1.839    0.964248
1.84    0.963983
1.841    0.963717
1.842    0.963449
1.843    0.963181
1.844    0.962911
1.845    0.962641
1.846    0.96237
1.847    0.962098
1.848    0.961824
1.849    0.96155
1.85    0.961275
1.851    0.960999
1.852    0.960722
1.853    0.960444
1.854    0.960165
1.855    0.959885
1.856    0.959604
1.857    0.959323
1.858    0.95904
1.859    0.958756
1.86    0.958471
1.861    0.958186
1.862    0.957899
1.863    0.957611
1.864    0.957323
1.865    0.957033
1.866    0.956743
1.867    0.956451
1.868    0.956159
1.869    0.955866
1.87    0.955572
1.871    0.955276
1.872    0.95498
1.873    0.954683
1.874    0.954385
1.875    0.954086
1.876    0.953786
1.877    0.953485
1.878    0.953183
1.879    0.95288
1.88    0.952576
1.881    0.952271
1.882    0.951966
1.883    0.951659
1.884    0.951351
1.885    0.951043
1.886    0.950733
1.887    0.950423
1.888    0.950111
1.889    0.949799
1.89    0.949486
1.891    0.949171
1.892    0.948856
1.893    0.94854
1.894    0.948223
1.895    0.947905
1.896    0.947586
1.897    0.947266
1.898    0.946945
1.899    0.946623
1.9    0.9463
1.901    0.945976
1.902    0.945652
1.903    0.945326
1.904    0.944999
1.905    0.944672
1.906    0.944343
1.907    0.944014
1.908    0.943684
1.909    0.943352
1.91    0.94302
1.911    0.942687
1.912    0.942353
1.913    0.942017
1.914    0.941681
1.915    0.941344
1.916    0.941007
1.917    0.940668
1.918    0.940328
1.919    0.939987
1.92    0.939645
1.921    0.939303
1.922    0.938959
1.923    0.938615
1.924    0.938269
1.925    0.937923
1.926    0.937576
1.927    0.937227
1.928    0.936878
1.929    0.936528
1.93    0.936177
1.931    0.935825
1.932    0.935472
1.933    0.935118
1.934    0.934763
1.935    0.934408
1.936    0.934051
1.937    0.933693
1.938    0.933335
1.939    0.932975
1.94    0.932615
1.941    0.932254
1.942    0.931891
1.943    0.931528
1.944    0.931164
1.945    0.930799
1.946    0.930433
1.947    0.930066
1.948    0.929698
1.949    0.929329
1.95    0.92896
1.951    0.928589
1.952    0.928217
1.953    0.927845
1.954    0.927472
1.955    0.927097
1.956    0.926722
1.957    0.926346
1.958    0.925969
1.959    0.925591
1.96    0.925212
1.961    0.924832
1.962    0.924451
1.963    0.924069
1.964    0.923686
1.965    0.923303
1.966    0.922918
1.967    0.922533
1.968    0.922146
1.969    0.921759
1.97    0.921371
1.971    0.920982
1.972    0.920592
1.973    0.920201
1.974    0.919809
1.975    0.919416
1.976    0.919022
1.977    0.918627
1.978    0.918232
1.979    0.917835
1.98    0.917438
1.981    0.91704
1.982    0.91664
1.983    0.91624
1.984    0.915839
1.985    0.915437
1.986    0.915034
1.987    0.91463
1.988    0.914226
1.989    0.91382
1.99    0.913413
1.991    0.913006
1.992    0.912597
1.993    0.912188
1.994    0.911778
1.995    0.911367
1.996    0.910955
1.997    0.910542
1.998    0.910128
1.999    0.909713
2    0.909297
2.001    0.908881
2.002    0.908463
2.003    0.908045
2.004    0.907626
2.005    0.907205
2.006    0.906784
2.007    0.906362
2.008    0.905939
2.009    0.905515
2.01    0.905091
2.011    0.904665
2.012    0.904238
2.013    0.903811
2.014    0.903382
2.015    0.902953
2.016    0.902523
2.017    0.902092
2.018    0.90166
2.019    0.901227
2.02    0.900793
2.021    0.900358
2.022    0.899923
2.023    0.899486
2.024    0.899049
2.025    0.898611
2.026    0.898172
2.027    0.897731
2.028    0.89729
2.029    0.896849
2.03    0.896406
2.031    0.895962
2.032    0.895517
2.033    0.895072
2.034    0.894626
2.035    0.894178
2.036    0.89373
2.037    0.893281
2.038    0.892831
2.039    0.89238
2.04    0.891929
2.041    0.891476
2.042    0.891023
2.043    0.890568
2.044    0.890113
2.045    0.889657
2.046    0.8892
2.047    0.888742
2.048    0.888283
2.049    0.887823
2.05    0.887362
2.051    0.886901
2.052    0.886438
2.053    0.885975
2.054    0.885511
2.055    0.885046
2.056    0.88458
2.057    0.884113
2.058    0.883645
2.059    0.883177
2.06    0.882707
2.061    0.882237
2.062    0.881766
2.063    0.881294
2.064    0.880821
2.065    0.880347
2.066    0.879872
2.067    0.879396
2.068    0.87892
2.069    0.878442
2.07    0.877964
2.071    0.877485
2.072    0.877005
2.073    0.876524
2.074    0.876042
2.075    0.875559
2.076    0.875076
2.077    0.874591
2.078    0.874106
2.079    0.87362
2.08    0.873133
2.081    0.872645
2.082    0.872156
2.083    0.871667
2.084    0.871176
2.085    0.870685
2.086    0.870192
2.087    0.869699
2.088    0.869205
2.089    0.86871
2.09    0.868215
2.091    0.867718
2.092    0.86722
2.093    0.866722
2.094    0.866223
2.095    0.865723
2.096    0.865222
2.097    0.86472
2.098    0.864217
2.099    0.863714
2.1    0.863209
2.101    0.862704
2.102    0.862198
2.103    0.861691
2.104    0.861183
2.105    0.860674
2.106    0.860165
2.107    0.859654
2.108    0.859143
2.109    0.858631
2.11    0.858118
2.111    0.857604
2.112    0.857089
2.113    0.856574
2.114    0.856057
2.115    0.85554
2.116    0.855022
2.117    0.854503
2.118    0.853983
2.119    0.853462
2.12    0.85294
2.121    0.852418
2.122    0.851895
2.123    0.851371
2.124    0.850846
2.125    0.85032
2.126    0.849793
2.127    0.849266
2.128    0.848737
2.129    0.848208
2.13    0.847678
2.131    0.847147
2.132    0.846615
2.133    0.846082
2.134    0.845549
2.135    0.845015
2.136    0.84448
2.137    0.843944
2.138    0.843407
2.139    0.842869
2.14    0.84233
2.141    0.841791
2.142    0.841251
2.143    0.84071
2.144    0.840168
2.145    0.839625
2.146    0.839082
2.147    0.838537
2.148    0.837992
2.149    0.837446
2.15    0.836899
2.151    0.836351
2.152    0.835802
2.153    0.835253
2.154    0.834703
2.155    0.834152
2.156    0.8336
2.157    0.833047
2.158    0.832493
2.159    0.831939
2.16    0.831383
2.161    0.830827
2.162    0.83027
2.163    0.829713
2.164    0.829154
2.165    0.828595
2.166    0.828034
2.167    0.827473
2.168    0.826911
2.169    0.826349
2.17    0.825785
2.171    0.825221
2.172    0.824655
2.173    0.824089
2.174    0.823522
2.175    0.822955
2.176    0.822386
2.177    0.821817
2.178    0.821247
2.179    0.820676
2.18    0.820104
2.181    0.819531
2.182    0.818958
2.183    0.818384
2.184    0.817809
2.185    0.817233
2.186    0.816656
2.187    0.816078
2.188    0.8155
2.189    0.814921
2.19    0.814341
2.191    0.81376
2.192    0.813178
2.193    0.812596
2.194    0.812013
2.195    0.811429
2.196    0.810844
2.197    0.810258
2.198    0.809672
2.199    0.809085
2.2    0.808496
2.201    0.807907
2.202    0.807318
2.203    0.806727
2.204    0.806136
2.205    0.805544
2.206    0.804951
2.207    0.804357
2.208    0.803763
2.209    0.803167
2.21    0.802571
2.211    0.801974
2.212    0.801376
2.213    0.800778
2.214    0.800178
2.215    0.799578
2.216    0.798977
2.217    0.798376
2.218    0.797773
2.219    0.79717
2.22    0.796565
2.221    0.795961
2.222    0.795355
2.223    0.794748
2.224    0.794141
2.225    0.793533
2.226    0.792924
2.227    0.792314
2.228    0.791704
2.229    0.791092
2.23    0.79048
2.231    0.789867
2.232    0.789254
2.233    0.788639
2.234    0.788024
2.235    0.787408
2.236    0.786791
2.237    0.786173
2.238    0.785555
2.239    0.784936
2.24    0.784316
2.241    0.783695
2.242    0.783074
2.243    0.782451
2.244    0.781828
2.245    0.781204
2.246    0.78058
2.247    0.779954
2.248    0.779328
2.249    0.778701
2.25    0.778073
2.251    0.777445
2.252    0.776815
2.253    0.776185
2.254    0.775554
2.255    0.774923
2.256    0.77429
2.257    0.773657
2.258    0.773023
2.259    0.772388
2.26    0.771753
2.261    0.771116
2.262    0.770479
2.263    0.769841
2.264    0.769203
2.265    0.768563
2.266    0.767923
2.267    0.767282
2.268    0.766641
2.269    0.765998
2.27    0.765355
2.271    0.764711
2.272    0.764066
2.273    0.763421
2.274    0.762774
2.275    0.762127
2.276    0.76148
2.277    0.760831
2.278    0.760182
2.279    0.759532
2.28    0.758881
2.281    0.758229
2.282    0.757577
2.283    0.756924
2.284    0.75627
2.285    0.755615
2.286    0.75496
2.287    0.754304
2.288    0.753647
2.289    0.752989
2.29    0.752331
2.291    0.751671
2.292    0.751012
2.293    0.750351
2.294    0.749689
2.295    0.749027
2.296    0.748364
2.297    0.747701
2.298    0.747036
2.299    0.746371
2.3    0.745705
2.301    0.745039
2.302    0.744371
2.303    0.743703
2.304    0.743034
2.305    0.742365
2.306    0.741694
2.307    0.741023
2.308    0.740351
2.309    0.739679
2.31    0.739005
2.311    0.738331
2.312    0.737656
2.313    0.736981
2.314    0.736305
2.315    0.735628
2.316    0.73495
2.317    0.734271
2.318    0.733592
2.319    0.732912
2.32    0.732231
2.321    0.73155
2.322    0.730868
2.323    0.730185
2.324    0.729501
2.325    0.728817
2.326    0.728132
2.327    0.727446
2.328    0.72676
2.329    0.726072
2.33    0.725384
2.331    0.724696
2.332    0.724006
2.333    0.723316
2.334    0.722625
2.335    0.721934
2.336    0.721241
2.337    0.720548
2.338    0.719854
2.339    0.71916
2.34    0.718465
2.341    0.717769
2.342    0.717072
2.343    0.716375
2.344    0.715677
2.345    0.714978
2.346    0.714279
2.347    0.713578
2.348    0.712877
2.349    0.712176
2.35    0.711473
2.351    0.71077
2.352    0.710067
2.353    0.709362
2.354    0.708657
2.355    0.707951
2.356    0.707244
2.357    0.706537
2.358    0.705829
2.359    0.70512
2.36    0.704411
2.361    0.703701
2.362    0.70299
2.363    0.702278
2.364    0.701566
2.365    0.700853
2.366    0.700139
2.367    0.699425
2.368    0.69871
2.369    0.697994
2.37    0.697278
2.371    0.696561
2.372    0.695843
2.373    0.695124
2.374    0.694405
2.375    0.693685
2.376    0.692964
2.377    0.692243
2.378    0.691521
2.379    0.690798
2.38    0.690075
2.381    0.689351
2.382    0.688626
2.383    0.687901
2.384    0.687175
2.385    0.686448
2.386    0.68572
2.387    0.684992
2.388    0.684263
2.389    0.683533
2.39    0.682803
2.391    0.682072
2.392    0.681341
2.393    0.680608
2.394    0.679875
2.395    0.679142
2.396    0.678407
2.397    0.677672
2.398    0.676937
2.399    0.6762
2.4    0.675463
2.401    0.674725
2.402    0.673987
2.403    0.673248
2.404    0.672508
2.405    0.671768
2.406    0.671027
2.407    0.670285
2.408    0.669542
2.409    0.668799
2.41    0.668056
2.411    0.667311
2.412    0.666566
2.413    0.66582
2.414    0.665074
2.415    0.664327
2.416    0.663579
2.417    0.66283
2.418    0.662081
2.419    0.661332
2.42    0.660581
2.421    0.65983
2.422    0.659078
2.423    0.658326
2.424    0.657573
2.425    0.656819
2.426    0.656065
2.427    0.65531
2.428    0.654554
2.429    0.653798
2.43    0.653041
2.431    0.652283
2.432    0.651525
2.433    0.650766
2.434    0.650006
2.435    0.649246
2.436    0.648485
2.437    0.647724
2.438    0.646961
2.439    0.646198
2.44    0.645435
2.441    0.644671
2.442    0.643906
2.443    0.643141
2.444    0.642375
2.445    0.641608
2.446    0.640841
2.447    0.640073
2.448    0.639304
2.449    0.638535
2.45    0.637765
2.451    0.636994
2.452    0.636223
2.453    0.635451
2.454    0.634679
2.455    0.633906
2.456    0.633132
2.457    0.632358
2.458    0.631583
2.459    0.630807
2.46    0.630031
2.461    0.629254
2.462    0.628476
2.463    0.627698
2.464    0.626919
2.465    0.62614
2.466    0.62536
2.467    0.624579
2.468    0.623798
2.469    0.623016
2.47    0.622234
2.471    0.62145
2.472    0.620667
2.473    0.619882
2.474    0.619097
2.475    0.618312
2.476    0.617525
2.477    0.616739
2.478    0.615951
2.479    0.615163
2.48    0.614374
2.481    0.613585
2.482    0.612795
2.483    0.612004
2.484    0.611213
2.485    0.610422
2.486    0.609629
2.487    0.608836
2.488    0.608043
2.489    0.607248
2.49    0.606454
2.491    0.605658
2.492    0.604862
2.493    0.604065
2.494    0.603268
2.495    0.60247
2.496    0.601672
2.497    0.600873
2.498    0.600073
2.499    0.599273
2.5    0.598472
2.501    0.597671
2.502    0.596869
2.503    0.596066
2.504    0.595263
2.505    0.594459
2.506    0.593655
2.507    0.59285
2.508    0.592044
2.509    0.591238
2.51    0.590431
2.511    0.589624
2.512    0.588816
2.513    0.588007
2.514    0.587198
2.515    0.586388
2.516    0.585578
2.517    0.584767
2.518    0.583955
2.519    0.583143
2.52    0.582331
2.521    0.581517
2.522    0.580704
2.523    0.579889
2.524    0.579074
2.525    0.578259
2.526    0.577442
2.527    0.576626
2.528    0.575808
2.529    0.574991
2.53    0.574172
2.531    0.573353
2.532    0.572534
2.533    0.571713
2.534    0.570893
2.535    0.570071
2.536    0.569249
2.537    0.568427
2.538    0.567604
2.539    0.56678
2.54    0.565956
2.541    0.565132
2.542    0.564306
2.543    0.56348
2.544    0.562654
2.545    0.561827
2.546    0.560999
2.547    0.560171
2.548    0.559343
2.549    0.558513
2.55    0.557684
2.551    0.556853
2.552    0.556022
2.553    0.555191
2.554    0.554359
2.555    0.553526
2.556    0.552693
2.557    0.55186
2.558    0.551026
2.559    0.550191
2.56    0.549355
2.561    0.54852
2.562    0.547683
2.563    0.546846
2.564    0.546009
2.565    0.545171
2.566    0.544332
2.567    0.543493
2.568    0.542653
2.569    0.541813
2.57    0.540972
2.571    0.540131
2.572    0.539289
2.573    0.538447
2.574    0.537604
2.575    0.53676
2.576    0.535916
2.577    0.535072
2.578    0.534227
2.579    0.533381
2.58    0.532535
2.581    0.531688
2.582    0.530841
2.583    0.529993
2.584    0.529145
2.585    0.528296
2.586    0.527447
2.587    0.526597
2.588    0.525747
2.589    0.524896
2.59    0.524044
2.591    0.523192
2.592    0.52234
2.593    0.521487
2.594    0.520633
2.595    0.519779
2.596    0.518925
2.597    0.51807
2.598    0.517214
2.599    0.516358
2.6    0.515501
2.601    0.514644
2.602    0.513787
2.603    0.512928
2.604    0.51207
2.605    0.511211
2.606    0.510351
2.607    0.509491
2.608    0.50863
2.609    0.507769
2.61    0.506907
2.611    0.506045
2.612    0.505182
2.613    0.504319
2.614    0.503455
2.615    0.502591
2.616    0.501726
2.617    0.50086
2.618    0.499995
2.619    0.499128
2.62    0.498262
2.621    0.497394
2.622    0.496527
2.623    0.495658
2.624    0.49479
2.625    0.49392
2.626    0.493051
2.627    0.49218
2.628    0.49131
2.629    0.490438
2.63    0.489567
2.631    0.488694
2.632    0.487822
2.633    0.486949
2.634    0.486075
2.635    0.485201
2.636    0.484326
2.637    0.483451
2.638    0.482575
2.639    0.481699
2.64    0.480823
2.641    0.479946
2.642    0.479068
2.643    0.47819
2.644    0.477312
2.645    0.476433
2.646    0.475553
2.647    0.474673
2.648    0.473793
2.649    0.472912
2.65    0.472031
2.651    0.471149
2.652    0.470266
2.653    0.469384
2.654    0.4685
2.655    0.467617
2.656    0.466733
2.657    0.465848
2.658    0.464963
2.659    0.464077
2.66    0.463191
2.661    0.462305
2.662    0.461418
2.663    0.46053
2.664    0.459643
2.665    0.458754
2.666    0.457865
2.667    0.456976
2.668    0.456086
2.669    0.455196
2.67    0.454306
2.671    0.453415
2.672    0.452523
2.673    0.451631
2.674    0.450739
2.675    0.449846
2.676    0.448952
2.677    0.448059
2.678    0.447164
2.679    0.44627
2.68    0.445375
2.681    0.444479
2.682    0.443583
2.683    0.442687
2.684    0.44179
2.685    0.440892
2.686    0.439995
2.687    0.439096
2.688    0.438198
2.689    0.437299
2.69    0.436399
2.691    0.435499
2.692    0.434599
2.693    0.433698
2.694    0.432797
2.695    0.431895
2.696    0.430993
2.697    0.43009
2.698    0.429187
2.699    0.428284
2.7    0.42738
2.701    0.426476
2.702    0.425571
2.703    0.424666
2.704    0.42376
2.705    0.422854
2.706    0.421948
2.707    0.421041
2.708    0.420134
2.709    0.419226
2.71    0.418318
2.711    0.417409
2.712    0.416501
2.713    0.415591
2.714    0.414681
2.715    0.413771
2.716    0.412861
2.717    0.41195
2.718    0.411038
2.719    0.410126
2.72    0.409214
2.721    0.408302
2.722    0.407388
2.723    0.406475
2.724    0.405561
2.725    0.404647
2.726    0.403732
2.727    0.402817
2.728    0.401902
2.729    0.400986
2.73    0.400069
2.731    0.399153
2.732    0.398236
2.733    0.397318
2.734    0.3964
2.735    0.395482
2.736    0.394563
2.737    0.393644
2.738    0.392725
2.739    0.391805
2.74    0.390885
2.741    0.389964
2.742    0.389043
2.743    0.388122
2.744    0.3872
2.745    0.386278
2.746    0.385355
2.747    0.384432
2.748    0.383509
2.749    0.382585
2.75    0.381661
2.751    0.380736
2.752    0.379812
2.753    0.378886
2.754    0.377961
2.755    0.377035
2.756    0.376108
2.757    0.375182
2.758    0.374254
2.759    0.373327
2.76    0.372399
2.761    0.371471
2.762    0.370542
2.763    0.369613
2.764    0.368684
2.765    0.367754
2.766    0.366824
2.767    0.365893
2.768    0.364963
2.769    0.364031
2.77    0.3631
2.771    0.362168
2.772    0.361236
2.773    0.360303
2.774    0.35937
2.775    0.358437
2.776    0.357503
2.777    0.356569
2.778    0.355634
2.779    0.3547
2.78    0.353764
2.781    0.352829
2.782    0.351893
2.783    0.350957
2.784    0.35002
2.785    0.349083
2.786    0.348146
2.787    0.347208
2.788    0.34627
2.789    0.345332
2.79    0.344393
2.791    0.343454
2.792    0.342515
2.793    0.341575
2.794    0.340635
2.795    0.339695
2.796    0.338754
2.797    0.337813
2.798    0.336872
2.799    0.33593
2.8    0.334988
2.801    0.334046
2.802    0.333103
2.803    0.33216
2.804    0.331217
2.805    0.330273
2.806    0.329329
2.807    0.328384
2.808    0.32744
2.809    0.326495
2.81    0.325549
2.811    0.324604
2.812    0.323658
2.813    0.322711
2.814    0.321765
2.815    0.320818
2.816    0.31987
2.817    0.318923
2.818    0.317975
2.819    0.317027
2.82    0.316078
2.821    0.315129
2.822    0.31418
2.823    0.31323
2.824    0.312281
2.825    0.31133
2.826    0.31038
2.827    0.309429
2.828    0.308478
2.829    0.307527
2.83    0.306575
2.831    0.305623
2.832    0.304671
2.833    0.303718
2.834    0.302765
2.835    0.301812
2.836    0.300858
2.837    0.299905
2.838    0.29895
2.839    0.297996
2.84    0.297041
2.841    0.296086
2.842    0.295131
2.843    0.294175
2.844    0.29322
2.845    0.292263
2.846    0.291307
2.847    0.29035
2.848    0.289393
2.849    0.288436
2.85    0.287478
2.851    0.28652
2.852    0.285562
2.853    0.284603
2.854    0.283645
2.855    0.282686
2.856    0.281726
2.857    0.280767
2.858    0.279807
2.859    0.278846
2.86    0.277886
2.861    0.276925
2.862    0.275964
2.863    0.275003
2.864    0.274041
2.865    0.273079
2.866    0.272117
2.867    0.271155
2.868    0.270192
2.869    0.269229
2.87    0.268266
2.871    0.267303
2.872    0.266339
2.873    0.265375
2.874    0.264411
2.875    0.263446
2.876    0.262481
2.877    0.261516
2.878    0.260551
2.879    0.259585
2.88    0.258619
2.881    0.257653
2.882    0.256687
2.883    0.25572
2.884    0.254753
2.885    0.253786
2.886    0.252819
2.887    0.251851
2.888    0.250883
2.889    0.249915
2.89    0.248947
2.891    0.247978
2.892    0.247009
2.893    0.24604
2.894    0.245071
2.895    0.244101
2.896    0.243131
2.897    0.242161
2.898    0.241191
2.899    0.24022
2.9    0.239249
2.901    0.238278
2.902    0.237307
2.903    0.236335
2.904    0.235364
2.905    0.234392
2.906    0.233419
2.907    0.232447
2.908    0.231474
2.909    0.230501
2.91    0.229528
2.911    0.228555
2.912    0.227581
2.913    0.226607
2.914    0.225633
2.915    0.224659
2.916    0.223684
2.917    0.222709
2.918    0.221734
2.919    0.220759
2.92    0.219784
2.921    0.218808
2.922    0.217832
2.923    0.216856
2.924    0.21588
2.925    0.214903
2.926    0.213926
2.927    0.212949
2.928    0.211972
2.929    0.210995
2.93    0.210017
2.931    0.209039
2.932    0.208061
2.933    0.207083
2.934    0.206105
2.935    0.205126
2.936    0.204147
2.937    0.203168
2.938    0.202189
2.939    0.20121
2.94    0.20023
2.941    0.19925
2.942    0.19827
2.943    0.19729
2.944    0.196309
2.945    0.195329
2.946    0.194348
2.947    0.193367
2.948    0.192386
2.949    0.191404
2.95    0.190423
2.951    0.189441
2.952    0.188459
2.953    0.187477
2.954    0.186494
2.955    0.185512
2.956    0.184529
2.957    0.183546
2.958    0.182563
2.959    0.18158
2.96    0.180596
2.961    0.179613
2.962    0.178629
2.963    0.177645
2.964    0.176661
2.965    0.175676
2.966    0.174692
2.967    0.173707
2.968    0.172722
2.969    0.171737
2.97    0.170752
2.971    0.169766
2.972    0.168781
2.973    0.167795
2.974    0.166809
2.975    0.165823
2.976    0.164837
2.977    0.163851
2.978    0.162864
2.979    0.161877
2.98    0.16089
2.981    0.159903
2.982    0.158916
2.983    0.157929
2.984    0.156941
2.985    0.155953
2.986    0.154966
2.987    0.153978
2.988    0.152989
2.989    0.152001
2.99    0.151013
2.991    0.150024
2.992    0.149035
2.993    0.148046
2.994    0.147057
2.995    0.146068
2.996    0.145079
2.997    0.144089
2.998    0.1431
2.999    0.14211
3    0.14112
3.001    0.14013
3.002    0.13914
3.003    0.138149
3.004    0.137159
3.005    0.136168
3.006    0.135178
3.007    0.134187
3.008    0.133196
3.009    0.132204
3.01    0.131213
3.011    0.130222
3.012    0.12923
3.013    0.128239
3.014    0.127247
3.015    0.126255
3.016    0.125263
3.017    0.124271
3.018    0.123278
3.019    0.122286
3.02    0.121293
3.021    0.120301
3.022    0.119308
3.023    0.118315
3.024    0.117322
3.025    0.116329
3.026    0.115335
3.027    0.114342
3.028    0.113349
3.029    0.112355
3.03    0.111361
3.031    0.110367
3.032    0.109373
3.033    0.108379
3.034    0.107385
3.035    0.106391
3.036    0.105397
3.037    0.104402
3.038    0.103407
3.039    0.102413
3.04    0.101418
3.041    0.100423
3.042    0.0994281
3.043    0.098433
3.044    0.0974378
3.045    0.0964425
3.046    0.0954471
3.047    0.0944517
3.048    0.0934561
3.049    0.0924604
3.05    0.0914646
3.051    0.0904688
3.052    0.0894728
3.053    0.0884768
3.054    0.0874807
3.055    0.0864845
3.056    0.0854882
3.057    0.0844918
3.058    0.0834953
3.059    0.0824988
3.06    0.0815022
3.061    0.0805054
3.062    0.0795086
3.063    0.0785118
3.064    0.0775148
3.065    0.0765178
3.066    0.0755207
3.067    0.0745235
3.068    0.0735262
3.069    0.0725289
3.07    0.0715315
3.071    0.070534
3.072    0.0695365
3.073    0.0685389
3.074    0.0675412
3.075    0.0665434
3.076    0.0655456
3.077    0.0645477
3.078    0.0635498
3.079    0.0625518
3.08    0.0615537
3.081    0.0605556
3.082    0.0595574
3.083    0.0585591
3.084    0.0575608
3.085    0.0565624
3.086    0.055564
3.087    0.0545655
3.088    0.053567
3.089    0.0525684
3.09    0.0515698
3.091    0.0505711
3.092    0.0495723
3.093    0.0485735
3.094    0.0475747
3.095    0.0465758
3.096    0.0455769
3.097    0.0445779
3.098    0.0435788
3.099    0.0425798
3.1    0.0415807
3.101    0.0405815
3.102    0.0395823
3.103    0.0385831
3.104    0.0375838
3.105    0.0365845
3.106    0.0355851
3.107    0.0345858
3.108    0.0335863
3.109    0.0325869
3.11    0.0315874
3.111    0.0305879
3.112    0.0295883
3.113    0.0285888
3.114    0.0275892
3.115    0.0265895
3.116    0.0255899
3.117    0.0245902
3.118    0.0235905
3.119    0.0225907
3.12    0.021591
3.121    0.0205912
3.122    0.0195914
3.123    0.0185916
3.124    0.0175917
3.125    0.0165919
3.126    0.015592
3.127    0.0145921
3.128    0.0135922
3.129    0.0125923
3.13    0.0115924
3.131    0.0105925
3.132    0.00959251
3.133    0.00859255
3.134    0.00759258
3.135    0.00659261
3.136    0.00559262
3.137    0.00459264
3.138    0.00359265
3.139    0.00259265
3.14    0.00159265
3.141    0.000592654
3.142    -0.000407346
3.143    -0.00140735
3.144    -0.00240734
3.145    -0.00340734
3.146    -0.00440733
3.147    -0.00540732
3.148    -0.0064073
3.149    -0.00740728
3.15    -0.00840725
3.151    -0.00940721
3.152    -0.0104072
3.153    -0.0114071
3.154    -0.012407
3.155    -0.0134069
3.156    -0.0144068
3.157    -0.0154067
3.158    -0.0164066
3.159    -0.0174065
3.16    -0.0184063
3.161    -0.0194061
3.162    -0.0204059
3.163    -0.0214057
3.164    -0.0224055
3.165    -0.0234052
3.166    -0.0244049
3.167    -0.0254046
3.168    -0.0264043
3.169    -0.0274039
3.17    -0.0284035
3.171    -0.0294031
3.172    -0.0304027
3.173    -0.0314022
3.174    -0.0324017
3.175    -0.0334011
3.176    -0.0344006
3.177    -0.0353999
3.178    -0.0363993
3.179    -0.0373986
3.18    -0.0383979
3.181    -0.0393971
3.182    -0.0403964
3.183    -0.0413955
3.184    -0.0423946
3.185    -0.0433937
3.186    -0.0443928
3.187    -0.0453917
3.188    -0.0463907
3.189    -0.0473896
3.19    -0.0483884
3.191    -0.0493872
3.192    -0.050386
3.193    -0.0513847
3.194    -0.0523834
3.195    -0.053382
3.196    -0.0543805
3.197    -0.055379
3.198    -0.0563774
3.199    -0.0573758
3.2    -0.0583741
3.201    -0.0593724
3.202    -0.0603706
3.203    -0.0613688
3.204    -0.0623668
3.205    -0.0633649
3.206    -0.0643628
3.207    -0.0653607
3.208    -0.0663585
3.209    -0.0673563
3.21    -0.068354
3.211    -0.0693516
3.212    -0.0703492
3.213    -0.0713467
3.214    -0.0723441
3.215    -0.0733414
3.216    -0.0743387
3.217    -0.0753359
3.218    -0.076333
3.219    -0.0773301
3.22    -0.078327
3.221    -0.0793239
3.222    -0.0803207
3.223    -0.0813175
3.224    -0.0823141
3.225    -0.0833107
3.226    -0.0843072
3.227    -0.0853036
3.228    -0.0862999
3.229    -0.0872961
3.23    -0.0882922
3.231    -0.0892883
3.232    -0.0902842
3.233    -0.0912801
3.234    -0.0922759
3.235    -0.0932716
3.236    -0.0942672
3.237    -0.0952627
3.238    -0.0962581
3.239    -0.0972534
3.24    -0.0982486
3.241    -0.0992437
3.242    -0.100239
3.243    -0.101234
3.244    -0.102228
3.245    -0.103223
3.246    -0.104218
3.247    -0.105212
3.248    -0.106207
3.249    -0.107201
3.25    -0.108195
3.251    -0.109189
3.252    -0.110183
3.253    -0.111177
3.254    -0.112171
3.255    -0.113164
3.256    -0.114158
3.257    -0.115151
3.258    -0.116145
3.259    -0.117138
3.26    -0.118131
3.261    -0.119124
3.262    -0.120117
3.263    -0.121109
3.264    -0.122102
3.265    -0.123094
3.266    -0.124087
3.267    -0.125079
3.268    -0.126071
3.269    -0.127063
3.27    -0.128055
3.271    -0.129046
3.272    -0.130038
3.273    -0.131029
3.274    -0.132021
3.275    -0.133012
3.276    -0.134003
3.277    -0.134994
3.278    -0.135985
3.279    -0.136975
3.28    -0.137966
3.281    -0.138956
3.282    -0.139946
3.283    -0.140937
3.284    -0.141927
3.285    -0.142916
3.286    -0.143906
3.287    -0.144895
3.288    -0.145885
3.289    -0.146874
3.29    -0.147863
3.291    -0.148852
3.292    -0.149841
3.293    -0.15083
3.294    -0.151818
3.295    -0.152806
3.296    -0.153795
3.297    -0.154783
3.298    -0.15577
3.299    -0.156758
3.3    -0.157746
3.301    -0.158733
3.302    -0.15972
3.303    -0.160707
3.304    -0.161694
3.305    -0.162681
3.306    -0.163668
3.307    -0.164654
3.308    -0.16564
3.309    -0.166627
3.31    -0.167612
3.311    -0.168598
3.312    -0.169584
3.313    -0.170569
3.314    -0.171555
3.315    -0.17254
3.316    -0.173525
3.317    -0.174509
3.318    -0.175494
3.319    -0.176478
3.32    -0.177462
3.321    -0.178446
3.322    -0.17943
3.323    -0.180414
3.324    -0.181398
3.325    -0.182381
3.326    -0.183364
3.327    -0.184347
3.328    -0.18533
3.329    -0.186312
3.33    -0.187295
3.331    -0.188277
3.332    -0.189259
3.333    -0.190241
3.334    -0.191222
3.335    -0.192204
3.336    -0.193185
3.337    -0.194166
3.338    -0.195147
3.339    -0.196128
3.34    -0.197108
3.341    -0.198088
3.342    -0.199069
3.343    -0.200048
3.344    -0.201028
3.345    -0.202008
3.346    -0.202987
3.347    -0.203966
3.348    -0.204945
3.349    -0.205924
3.35    -0.206902
3.351    -0.20788
3.352    -0.208858
3.353    -0.209836
3.354    -0.210814
3.355    -0.211791
3.356    -0.212768
3.357    -0.213745
3.358    -0.214722
3.359    -0.215699
3.36    -0.216675
3.361    -0.217651
3.362    -0.218627
3.363    -0.219603
3.364    -0.220578
3.365    -0.221554
3.366    -0.222529
3.367    -0.223503
3.368    -0.224478
3.369    -0.225452
3.37    -0.226427
3.371    -0.2274
3.372    -0.228374
3.373    -0.229348
3.374    -0.230321
3.375    -0.231294
3.376    -0.232267
3.377    -0.233239
3.378    -0.234211
3.379    -0.235183
3.38    -0.236155
3.381    -0.237127
3.382    -0.238098
3.383    -0.239069
3.384    -0.24004
3.385    -0.241011
3.386    -0.241981
3.387    -0.242951
3.388    -0.243921
3.389    -0.244891
3.39    -0.245861
3.391    -0.24683
3.392    -0.247799
3.393    -0.248767
3.394    -0.249736
3.395    -0.250704
3.396    -0.251672
3.397    -0.25264
3.398    -0.253607
3.399    -0.254574
3.4    -0.255541
3.401    -0.256508
3.402    -0.257474
3.403    -0.25844
3.404    -0.259406
3.405    -0.260372
3.406    -0.261337
3.407    -0.262302
3.408    -0.263267
3.409    -0.264232
3.41    -0.265196
3.411    -0.26616
3.412    -0.267124
3.413    -0.268088
3.414    -0.269051
3.415    -0.270014
3.416    -0.270977
3.417    -0.271939
3.418    -0.272901
3.419    -0.273863
3.42    -0.274825
3.421    -0.275786
3.422    -0.276747
3.423    -0.277708
3.424    -0.278668
3.425    -0.279629
3.426    -0.280589
3.427    -0.281548
3.428    -0.282508
3.429    -0.283467
3.43    -0.284426
3.431    -0.285384
3.432    -0.286343
3.433    -0.287301
3.434    -0.288258
3.435    -0.289216
3.436    -0.290173
3.437    -0.29113
3.438    -0.292086
3.439    -0.293042
3.44    -0.293998
3.441    -0.294954
3.442    -0.295909
3.443    -0.296864
3.444    -0.297819
3.445    -0.298774
3.446    -0.299728
3.447    -0.300682
3.448    -0.301635
3.449    -0.302589
3.45    -0.303542
3.451    -0.304494
3.452    -0.305447
3.453    -0.306399
3.454    -0.30735
3.455    -0.308302
3.456    -0.309253
3.457    -0.310204
3.458    -0.311154
3.459    -0.312104
3.46    -0.313054
3.461    -0.314004
3.462    -0.314953
3.463    -0.315902
3.464    -0.316851
3.465    -0.317799
3.466    -0.318747
3.467    -0.319695
3.468    -0.320642
3.469    -0.321589
3.47    -0.322536
3.471    -0.323482
3.472    -0.324428
3.473    -0.325374
3.474    -0.32632
3.475    -0.327265
3.476    -0.328209
3.477    -0.329154
3.478    -0.330098
3.479    -0.331042
3.48    -0.331985
3.481    -0.332928
3.482    -0.333871
3.483    -0.334814
3.484    -0.335756
3.485    -0.336697
3.486    -0.337639
3.487    -0.33858
3.488    -0.339521
3.489    -0.340461
3.49    -0.341401
3.491    -0.342341
3.492    -0.34328
3.493    -0.344219
3.494    -0.345158
3.495    -0.346097
3.496    -0.347035
3.497    -0.347972
3.498    -0.34891
3.499    -0.349847
3.5    -0.350783
3.501    -0.35172
3.502    -0.352655
3.503    -0.353591
3.504    -0.354526
3.505    -0.355461
3.506    -0.356396
3.507    -0.35733
3.508    -0.358264
3.509    -0.359197
3.51    -0.36013
3.511    -0.361063
3.512    -0.361995
3.513    -0.362927
3.514    -0.363859
3.515    -0.36479
3.516    -0.365721
3.517    -0.366652
3.518    -0.367582
3.519    -0.368512
3.52    -0.369441
3.521    -0.37037
3.522    -0.371299
3.523    -0.372227
3.524    -0.373155
3.525    -0.374083
3.526    -0.37501
3.527    -0.375937
3.528    -0.376863
3.529    -0.377789
3.53    -0.378715
3.531    -0.37964
3.532    -0.380565
3.533    -0.38149
3.534    -0.382414
3.535    -0.383338
3.536    -0.384261
3.537    -0.385184
3.538    -0.386107
3.539    -0.387029
3.54    -0.387951
3.541    -0.388872
3.542    -0.389794
3.543    -0.390714
3.544    -0.391635
3.545    -0.392554
3.546    -0.393474
3.547    -0.394393
3.548    -0.395312
3.549    -0.39623
3.55    -0.397148
3.551    -0.398066
3.552    -0.398983
3.553    -0.3999
3.554    -0.400816
3.555    -0.401732
3.556    -0.402648
3.557    -0.403563
3.558    -0.404477
3.559    -0.405392
3.56    -0.406306
3.561    -0.407219
3.562    -0.408132
3.563    -0.409045
3.564    -0.409957
3.565    -0.410869
3.566    -0.411781
3.567    -0.412692
3.568    -0.413603
3.569    -0.414513
3.57    -0.415423
3.571    -0.416332
3.572    -0.417241
3.573    -0.41815
3.574    -0.419058
3.575    -0.419966
3.576    -0.420873
3.577    -0.42178
3.578    -0.422686
3.579    -0.423592
3.58    -0.424498
3.581    -0.425403
3.582    -0.426308
3.583    -0.427212
3.584    -0.428116
3.585    -0.42902
3.586    -0.429923
3.587    -0.430826
3.588    -0.431728
3.589    -0.43263
3.59    -0.433531
3.591    -0.434432
3.592    -0.435332
3.593    -0.436232
3.594    -0.437132
3.595    -0.438031
3.596    -0.43893
3.597    -0.439828
3.598    -0.440726
3.599    -0.441623
3.6    -0.44252
3.601    -0.443417
3.602    -0.444313
3.603    -0.445209
3.604    -0.446104
3.605    -0.446999
3.606    -0.447893
3.607    -0.448787
3.608    -0.44968
3.609    -0.450573
3.61    -0.451466
3.611    -0.452358
3.612    -0.453249
3.613    -0.454141
3.614    -0.455031
3.615    -0.455922
3.616    -0.456811
3.617    -0.457701
3.618    -0.45859
3.619    -0.459478
3.62    -0.460366
3.621    -0.461253
3.622    -0.46214
3.623    -0.463027
3.624    -0.463913
3.625    -0.464799
3.626    -0.465684
3.627    -0.466569
3.628    -0.467453
3.629    -0.468337
3.63    -0.46922
3.631    -0.470103
3.632    -0.470985
3.633    -0.471867
3.634    -0.472749
3.635    -0.47363
3.636    -0.47451
3.637    -0.47539
3.638    -0.47627
3.639    -0.477149
3.64    -0.478027
3.641    -0.478905
3.642    -0.479783
3.643    -0.48066
3.644    -0.481537
3.645    -0.482413
3.646    -0.483289
3.647    -0.484164
3.648    -0.485039
3.649    -0.485913
3.65    -0.486787
3.651    -0.48766
3.652    -0.488533
3.653    -0.489405
3.654    -0.490277
3.655    -0.491148
3.656    -0.492019
3.657    -0.492889
3.658    -0.493759
3.659    -0.494629
3.66    -0.495497
3.661    -0.496366
3.662    -0.497234
3.663    -0.498101
3.664    -0.498968
3.665    -0.499834
3.666    -0.5007
3.667    -0.501565
3.668    -0.50243
3.669    -0.503295
3.67    -0.504159
3.671    -0.505022
3.672    -0.505885
3.673    -0.506747
3.674    -0.507609
3.675    -0.50847
3.676    -0.509331
3.677    -0.510191
3.678    -0.511051
3.679    -0.511911
3.68    -0.512769
3.681    -0.513628
3.682    -0.514485
3.683    -0.515343
3.684    -0.516199
3.685    -0.517056
3.686    -0.517911
3.687    -0.518766
3.688    -0.519621
3.689    -0.520475
3.69    -0.521329
3.691    -0.522182
3.692    -0.523034
3.693    -0.523887
3.694    -0.524738
3.695    -0.525589
3.696    -0.52644
3.697    -0.527289
3.698    -0.528139
3.699    -0.528988
3.7    -0.529836
3.701    -0.530684
3.702    -0.531531
3.703    -0.532378
3.704    -0.533224
3.705    -0.53407
3.706    -0.534915
3.707    -0.53576
3.708    -0.536604
3.709    -0.537447
3.71    -0.538291
3.711    -0.539133
3.712    -0.539975
3.713    -0.540816
3.714    -0.541657
3.715    -0.542498
3.716    -0.543337
3.717    -0.544177
3.718    -0.545015
3.719    -0.545853
3.72    -0.546691
3.721    -0.547528
3.722    -0.548365
3.723    -0.549201
3.724    -0.550036
3.725    -0.550871
3.726    -0.551705
3.727    -0.552539
3.728    -0.553372
3.729    -0.554205
3.73    -0.555037
3.731    -0.555868
3.732    -0.556699
3.733    -0.55753
3.734    -0.55836
3.735    -0.559189
3.736    -0.560018
3.737    -0.560846
3.738    -0.561674
3.739    -0.562501
3.74    -0.563327
3.741    -0.564153
3.742    -0.564979
3.743    -0.565803
3.744    -0.566628
3.745    -0.567451
3.746    -0.568275
3.747    -0.569097
3.748    -0.569919
3.749    -0.57074
3.75    -0.571561
3.751    -0.572382
3.752    -0.573201
3.753    -0.57402
3.754    -0.574839
3.755    -0.575657
3.756    -0.576474
3.757    -0.577291
3.758    -0.578107
3.759    -0.578923
3.76    -0.579738
3.761    -0.580553
3.762    -0.581367
3.763    -0.58218
3.764    -0.582993
3.765    -0.583805
3.766    -0.584617
3.767    -0.585428
3.768    -0.586238
3.769    -0.587048
3.77    -0.587857
3.771    -0.588666
3.772    -0.589474
3.773    -0.590281
3.774    -0.591088
3.775    -0.591895
3.776    -0.5927
3.777    -0.593505
3.778    -0.59431
3.779    -0.595114
3.78    -0.595917
3.781    -0.59672
3.782    -0.597522
3.783    -0.598324
3.784    -0.599125
3.785    -0.599925
3.786    -0.600725
3.787    -0.601524
3.788    -0.602322
3.789    -0.60312
3.79    -0.603918
3.791    -0.604714
3.792    -0.605511
3.793    -0.606306
3.794    -0.607101
3.795    -0.607895
3.796    -0.608689
3.797    -0.609482
3.798    -0.610275
3.799    -0.611067
3.8    -0.611858
3.801    -0.612649
3.802    -0.613439
3.803    -0.614228
3.804    -0.615017
3.805    -0.615805
3.806    -0.616593
3.807    -0.61738
3.808    -0.618166
3.809    -0.618952
3.81    -0.619737
3.811    -0.620521
3.812    -0.621305
3.813    -0.622088
3.814    -0.622871
3.815    -0.623653
3.816    -0.624435
3.817    -0.625215
3.818    -0.625995
3.819    -0.626775
3.82    -0.627554
3.821    -0.628332
3.822    -0.62911
3.823    -0.629887
3.824    -0.630663
3.825    -0.631439
3.826    -0.632214
3.827    -0.632988
3.828    -0.633762
3.829    -0.634535
3.83    -0.635308
3.831    -0.63608
3.832    -0.636851
3.833    -0.637622
3.834    -0.638392
3.835    -0.639161
3.836    -0.63993
3.837    -0.640698
3.838    -0.641466
3.839    -0.642233
3.84    -0.642999
3.841    -0.643764
3.842    -0.644529
3.843    -0.645293
3.844    -0.646057
3.845    -0.64682
3.846    -0.647582
3.847    -0.648344
3.848    -0.649105
3.849    -0.649865
3.85    -0.650625
3.851    -0.651384
3.852    -0.652143
3.853    -0.6529
3.854    -0.653658
3.855    -0.654414
3.856    -0.65517
3.857    -0.655925
3.858    -0.656679
3.859    -0.657433
3.86    -0.658186
3.861    -0.658939
3.862    -0.659691
3.863    -0.660442
3.864    -0.661193
3.865    -0.661943
3.866    -0.662692
3.867    -0.66344
3.868    -0.664188
3.869    -0.664935
3.87    -0.665682
3.871    -0.666428
3.872    -0.667173
3.873    -0.667918
3.874    -0.668662
3.875    -0.669405
3.876    -0.670147
3.877    -0.670889
3.878    -0.671631
3.879    -0.672371
3.88    -0.673111
3.881    -0.67385
3.882    -0.674589
3.883    -0.675327
3.884    -0.676064
3.885    -0.6768
3.886    -0.677536
3.887    -0.678271
3.888    -0.679006
3.889    -0.679739
3.89    -0.680473
3.891    -0.681205
3.892    -0.681937
3.893    -0.682668
3.894    -0.683398
3.895    -0.684128
3.896    -0.684857
3.897    -0.685585
3.898    -0.686313
3.899    -0.68704
3.9    -0.687766
3.901    -0.688492
3.902    -0.689217
3.903    -0.689941
3.904    -0.690664
3.905    -0.691387
3.906    -0.692109
3.907    -0.692831
3.908    -0.693552
3.909    -0.694272
3.91    -0.694991
3.911    -0.69571
3.912    -0.696428
3.913    -0.697145
3.914    -0.697861
3.915    -0.698577
3.916    -0.699293
3.917    -0.700007
3.918    -0.700721
3.919    -0.701434
3.92    -0.702146
3.921    -0.702858
3.922    -0.703569
3.923    -0.704279
3.924    -0.704989
3.925    -0.705698
3.926    -0.706406
3.927    -0.707113
3.928    -0.70782
3.929    -0.708526
3.93    -0.709231
3.931    -0.709936
3.932    -0.71064
3.933    -0.711343
3.934    -0.712046
3.935    -0.712747
3.936    -0.713448
3.937    -0.714149
3.938    -0.714848
3.939    -0.715547
3.94    -0.716246
3.941    -0.716943
3.942    -0.71764
3.943    -0.718336
3.944    -0.719031
3.945    -0.719726
3.946    -0.72042
3.947    -0.721113
3.948    -0.721805
3.949    -0.722497
3.95    -0.723188
3.951    -0.723878
3.952    -0.724568
3.953    -0.725257
3.954    -0.725945
3.955    -0.726632
3.956    -0.727319
3.957    -0.728005
3.958    -0.72869
3.959    -0.729375
3.96    -0.730058
3.961    -0.730741
3.962    -0.731424
3.963    -0.732105
3.964    -0.732786
3.965    -0.733466
3.966    -0.734146
3.967    -0.734824
3.968    -0.735502
3.969    -0.736179
3.97    -0.736856
3.971    -0.737531
3.972    -0.738206
3.973    -0.73888
3.974    -0.739554
3.975    -0.740227
3.976    -0.740899
3.977    -0.74157
3.978    -0.74224
3.979    -0.74291
3.98    -0.743579
3.981    -0.744247
3.982    -0.744915
3.983    -0.745582
3.984    -0.746248
3.985    -0.746913
3.986    -0.747578
3.987    -0.748241
3.988    -0.748904
3.989    -0.749567
3.99    -0.750228
3.991    -0.750889
3.992    -0.751549
3.993    -0.752208
3.994    -0.752867
3.995    -0.753525
3.996    -0.754182
3.997    -0.754838
3.998    -0.755494
3.999    -0.756148
